124323.322112 56.989169 199.397260
124520.443689 56.872901 199.397260
124718.746133 56.756817 199.397260
124046.056637 56.947582 199.397260
125118.893621 56.525205 199.397260
124151.049973 56.817301 199.397260
125523.764577 56.294336 199.397260
125431.587405 56.280294 199.397260
124750.087071 56.469224 199.397260
124365.019619 56.557074 199.397260
124272.989238 56.543064 199.397260
123598.427314 56.733592 199.397260
124089.075268 56.515013 199.397260
122549.230017 57.014365 199.397260
124492.465240 56.283206 199.397260
124695.931526 56.167586 199.397260
124308.942714 56.254988 199.397260
124217.254847 56.240863 199.397260
124125.615910 56.226727 199.397260
124034.025904 56.212581 199.397260
124237.736843 56.096805 199.397260
124146.244698 56.082618 199.397260
124054.801483 56.068420 199.397260
123963.407199 56.054212 199.397260
123282.689754 56.243640 199.397260
123780.765423 56.025764 199.397260
122807.157697 56.317483 199.397260
123303.067354 56.099037 199.397260
123507.169737 55.983013 199.397260
123120.817022 56.070546 199.397260
123325.017266 55.954460 199.397260
123234.014426 55.940167 199.397260
122553.688425 56.129841 199.397260
123052.155538 55.911551 199.397260
122078.939256 56.203684 199.397260
122575.240358 55.984820 199.397260
122779.734185 55.868547 199.397260
122393.772914 55.956159 199.397260
122598.364602 55.839824 199.397260
122507.753207 55.825447 199.397260
122417.190741 55.811060 199.397260
122623.061157 55.694857 199.397260
122236.212603 55.782252 199.397260
121850.544915 55.869923 199.397260
121466.058094 55.957872 199.397260
121965.112374 55.738961 199.397260
121579.591477 55.826661 199.397260
122081.007491 55.608122 199.397260
121694.452519 55.695573 199.397260
121604.330429 55.681090 199.397260
121514.257269 55.666595 199.397260
121424.233039 55.652089 199.397260
120744.885648 55.842370 199.397260
119779.390665 56.137015 199.397260
121154.453934 55.608509 199.397260
121064.625427 55.593960 199.397260
120974.845850 55.579401 199.397260
120885.115204 55.564831 199.397260
120500.181474 55.652645 199.397260
121002.184653 55.433493 199.397260
120616.216848 55.521056 199.397260
120823.065874 55.404237 199.397260
120733.579881 55.389593 199.397260
120644.142818 55.374938 199.397260
120554.754685 55.360272 199.397260
120169.031532 55.447880 199.397260
120376.125211 55.330908 199.397260
120286.883870 55.316209 199.397260
120197.691459 55.301500 199.397260
119812.164029 55.389143 199.397260
120316.969317 55.169917 199.397260
120227.923698 55.155155 199.397260
119545.027172 55.344976 199.397260
119752.463364 55.227788 199.397260
118484.820353 55.624392 199.397260
119278.330689 55.300710 199.397260
118600.157631 55.491702 199.397260
119100.777687 55.271144 199.397260
118422.702490 55.462195 199.397260
118628.168393 55.344352 199.397260
118539.563148 55.329550 199.397260
118156.886757 55.417851 199.397260
118362.499451 55.299914 199.397260
118274.040998 55.285079 199.397260
118185.631476 55.270233 199.397260
117803.150806 55.358570 199.397260
118304.211237 55.137552 199.397260
118215.948507 55.122653 199.397260
117832.482692 55.210739 199.397260
117744.317823 55.195837 199.397260
117951.453898 55.077889 199.397260
117863.386889 55.062945 199.397260
117185.996719 55.254400 199.397260
117687.399663 55.033025 199.397260
117304.227432 55.121163 199.397260
117216.356145 55.106194 199.397260
117423.785804 54.988060 199.397260
117040.760364 55.076223 199.397260
117544.671834 54.855093 199.397260
117456.996269 54.840040 199.397260
117072.985685 54.927949 199.397260
116690.155967 55.016147 199.397260
116897.879208 54.897826 199.397260
116810.399366 54.882748 199.397260
116427.716440 54.970971 199.397260
116635.586473 54.852558 199.397260
116253.001408 54.940797 199.397260
116165.717287 54.925693 199.397260
116078.482098 54.910578 199.397260
115991.295838 54.895451 199.397260
115904.158510 54.880313 199.397260
116112.322126 54.761714 199.397260
115730.030644 54.850003 199.397260
115938.292121 54.731342 199.397260
115556.098500 54.819647 199.397260
115764.457838 54.700925 199.397260
115382.362078 54.789245 199.397260
115001.447185 54.877859 199.397260
115504.073393 54.655213 199.397260
115417.376438 54.639952 199.397260
115330.728415 54.624681 199.397260
114948.877308 54.713041 199.397260
115157.579159 54.594103 199.397260
115071.077927 54.578797 199.397260
114689.373612 54.667181 199.397260
114308.850163 54.755859 199.397260
113929.507581 54.844832 199.397260
114136.190212 54.725244 199.397260
113465.089286 54.918817 199.397260
113670.737843 54.798917 199.397260
113292.722919 54.888212 199.397260
111764.311151 55.400160 199.397260
112540.235673 55.067697 199.397260
113034.540347 54.842217 199.397260
112657.853082 54.931835 199.397260
113154.519490 54.706772 199.397260
113068.654355 54.691373 199.397260
113275.826292 54.571471 199.397260
113190.059018 54.556029 199.397260
113104.340674 54.540576 199.397260
113018.671261 54.525111 199.397260
112640.062637 54.614206 199.397260
112847.479226 54.494147 199.397260
112761.956604 54.478647 199.397260
112091.638567 54.672666 199.397260
112591.058153 54.447611 199.397260
112505.682323 54.432076 199.397260
111255.194475 54.836923 199.397260
112042.089313 54.505677 199.397260
112249.848416 54.385399 199.397260
112164.668308 54.369817 199.397260
111786.548989 54.458988 199.397260
112288.574961 54.234105 199.397260
111909.421567 54.322998 199.397260
112118.557259 54.202819 199.397260
111739.501726 54.291726 199.397260
111654.615201 54.276072 199.397260
111276.789465 54.365289 199.397260
111484.988943 54.244729 199.397260
111400.249209 54.229040 199.397260
111315.558407 54.213338 199.397260
111230.916534 54.197625 199.397260
111146.323593 54.181899 199.397260
111061.779581 54.166162 199.397260
73063.490675 87.393744 199.397260
110017.269735 54.450595 199.397260
111102.561209 54.014101 199.397260
110724.092842 54.103093 199.397260
109474.632535 54.509345 199.397260
111144.915147 53.862097 199.397260
111357.097600 53.741942 199.397260
111272.945033 53.726052 199.397260
111486.357284 53.606097 199.397260
72305.236822 87.380104 199.397260
111020.780915 53.678313 199.397260
110936.824070 53.662376 199.397260
110852.916156 53.646426 199.397260
109883.301129 53.944577 199.397260
110685.247118 53.614491 199.397260
110601.485995 53.598506 199.397260
110517.773803 53.582508 199.397260
110434.110541 53.566498 199.397260
109464.740167 53.864864 199.397260
109970.546858 53.638975 199.397260
109887.030388 53.622947 199.397260
109803.562848 53.606906 199.397260
109720.144239 53.590854 199.397260
71055.289966 88.166288 199.397260
70985.369081 88.003511 199.397260
70916.629062 87.840575 199.397260
70805.474513 88.163055 199.397260
70750.232218 87.838036 199.397260
70667.107192 87.836764 199.397260
70599.694832 87.673382 199.397260
70486.472132 87.996455 199.397260
70418.025697 87.832940 199.397260
70350.760128 87.669267 199.397260
70267.879754 87.667892 199.397260
70169.384576 87.829102 199.397260
70102.265799 87.665137 199.397260
69989.336683 87.989349 199.397260
69936.847565 87.662376 199.397260
69854.211844 87.660993 199.397260
69741.429520 87.985778 199.397260
69658.891660 87.984584 199.397260
69590.934529 87.820094 199.397260
69540.953937 87.492126 199.397260
69426.103462 87.817506 199.397260
69329.229525 87.979796 199.397260
69277.131852 87.651266 199.397260
69179.223840 87.813614 199.397260
69097.028494 87.812313 199.397260
69000.350279 87.974985 199.397260
68918.252794 87.973779 199.397260
68850.736038 87.808402 199.397260
68768.736414 87.807095 199.397260
68686.785720 87.805786 199.397260
68738.300767 86.654398 199.397260
68538.694860 87.638640 199.397260
68426.695424 87.966511 199.397260
68319.272663 88.294909 199.397260
68293.429945 87.634401 199.397260
68181.577300 87.962858 199.397260
68114.500919 87.796583 199.397260
67992.742082 88.290818 199.397260
67951.431351 87.793940 199.397260
67829.770375 88.288765 199.397260
67788.557504 87.791290 199.397260
67722.857712 87.624451 199.397260
67611.347581 87.954281 199.397260
67530.081915 87.953050 199.397260
67448.865179 87.951818 199.397260
67367.697374 87.950584 199.397260
67458.114397 86.456502 199.397260
67179.840766 88.280505 199.397260
67296.023439 86.452232 199.397260
67017.847669 88.278428 199.397260
66962.592305 87.944391 199.397260
66896.249881 87.776601 199.397260
66815.424589 87.775256 199.397260
66750.311964 87.607198 199.397260
66653.920798 87.772561 199.397260
66573.242297 87.771211 199.397260
66508.276463 87.602845 199.397260
66384.100427 88.102847 199.397260
66347.164115 87.599935 199.397260
66458.592090 86.094802 199.397260
66352.307080 86.259381 199.397260
66201.160294 86.758627 199.397260
66166.866951 86.422049 199.397260
65929.575795 87.760352 199.397260
65834.805870 87.926852 199.397260
65754.616676 87.925587 199.397260
65689.008210 87.756252 199.397260
65608.916876 87.754883 199.397260
65561.333879 87.417082 199.397260
65481.340407 87.415504 199.397260
65576.510946 86.068584 199.397260
65496.615334 86.066183 199.397260
65416.768652 86.063780 199.397260
65262.813224 86.566366 199.397260
65049.647593 87.745247 199.397260
65126.951803 86.393559 199.397260
65072.020070 86.222709 199.397260
64992.418041 86.220393 199.397260
64888.145717 86.386920 199.397260
64808.641549 86.384702 199.397260
64683.143669 86.720771 199.397260
64649.780005 86.380257 199.397260
64595.141855 86.208771 199.397260
64515.833410 86.206439 199.397260
64436.573895 86.204103 199.397260
64309.056794 86.540967 199.397260
64278.201656 86.199422 199.397260
64174.369707 86.366856 199.397260
63938.301814 87.725726 199.397260
64016.291051 86.362367 199.397260
63795.984754 87.552388 199.397260
63701.404018 87.721498 199.397260
63594.604285 88.061670 199.397260
63515.785145 88.060467 199.397260
63450.414798 87.888240 199.397260
63386.225317 87.715838 199.397260
63293.021169 87.885615 199.397260
63410.652876 86.173474 199.397260
63261.316519 86.684084 199.397260
63205.246315 86.510857 199.397260
63126.769688 86.508686 199.397260
63048.341992 86.506513 199.397260
62993.550516 86.332916 199.397260
62939.939907 86.159170 199.397260
62836.939776 86.328343 199.397260
62783.427028 86.154378 199.397260
62656.937468 86.495605 199.397260
62602.390645 86.321462 199.397260
62524.305462 86.319162 199.397260
62446.269210 86.316860 199.397260
62344.694599 86.486829 199.397260
62266.756208 86.484628 199.397260
62237.173263 86.137513 199.397260
62134.613507 86.307622 199.397260
62010.779265 86.650778 199.397260
61933.036596 86.648674 199.397260
61877.798210 86.473583 199.397260
61823.740692 86.298337 199.397260
61722.557525 86.469145 199.397260
61668.597868 86.293677 199.397260
61567.512562 86.464697 199.397260
61490.063476 86.462468 199.397260
61460.969836 86.113163 199.397260
61409.469774 85.937170 199.397260
61281.597091 86.281976 199.397260
61254.914116 85.932039 199.397260
61151.858520 86.103336 199.397260
61100.554180 85.926895 199.397260
60997.596445 86.098404 199.397260
60946.389966 85.921739 199.397260
60843.530092 86.093460 199.397260
60741.851086 86.265471 199.397260
60689.659462 86.088503 199.397260
60564.491026 86.435505 199.397260
60535.984553 86.083534 199.397260
60459.220494 86.081044 199.397260
60408.356529 85.903586 199.397260
60257.532653 86.426426 199.397260
60229.221902 86.073557 199.397260
60152.653565 86.071055 199.397260
60101.985321 85.893141 199.397260
60052.497945 85.715078 199.397260
59923.242139 86.063530 199.397260
59872.720687 85.885272 199.397260
59823.380101 85.706865 199.397260
59694.271087 86.055975 199.397260
59670.879525 85.701373 199.397260
59622.817668 85.522590 199.397260
59518.574671 85.695866 199.397260
59415.512541 85.869443 199.397260
59339.482440 85.866793 199.397260
59318.599404 85.511100 199.397260
59242.667164 85.508219 199.397260
59138.668820 85.682037 199.397260
59090.949476 85.502444 199.397260
58960.065894 85.853492 199.397260
58939.427510 85.496655 199.397260
58863.739923 85.493754 199.397260
58759.986231 85.668119 199.397260
58606.843018 86.197958 199.397260
58636.970745 85.485031 199.397260
58533.363845 85.659725 199.397260
58457.920910 85.656920 199.397260
58439.888913 85.298524 199.397260
58280.198734 85.829335 199.397260
58260.000725 85.470417 199.397260
58184.753512 85.467483 199.397260
58054.457096 85.821219 199.397260
58034.405879 85.461603 199.397260
57959.305458 85.458658 199.397260
57884.253967 85.455709 199.397260
57809.251407 85.452755 199.397260
57763.544750 85.271017 199.397260
57688.640051 85.267941 199.397260
57644.163190 85.085942 199.397260
57569.356352 85.082742 199.397260
57494.598445 85.079539 199.397260
57389.510561 85.255597 199.397260
57345.229422 85.073119 199.397260
57270.618306 85.069903 199.397260
57136.430242 85.426004 199.397260
57061.916987 85.423012 199.397260
57047.078542 85.060229 199.397260
57004.173993 84.877130 199.397260
56838.670806 85.414013 199.397260
56823.979153 85.050517 199.397260
56634.986538 85.769082 199.397260
56645.111972 85.224452 199.397260
56632.830982 84.860317 199.397260
56558.709172 84.856942 199.397260
56453.125448 85.034246 199.397260
56348.722590 85.211880 199.397260
56336.637323 84.846787 199.397260
56231.200391 85.024432 199.397260
56188.834077 84.839996 199.397260
56115.005850 84.836593 199.397260
55979.336801 85.196072 199.397260
55967.496186 84.829775 199.397260
55831.924999 85.189719 199.397260
55852.825026 84.641294 199.397260
55746.598670 84.819514 199.397260
55705.706807 84.634202 199.397260
55599.578312 84.812650 199.397260
55558.784310 84.627091 199.397260
55485.396457 84.623529 199.397260
55379.414754 84.802321 199.397260
55372.542260 84.434020 199.397260
55265.526482 84.612813 199.397260
55226.109068 84.426622 199.397260
55152.965868 84.422916 199.397260
55013.454101 84.785014 199.397260
54973.051542 84.598458 199.397260
54933.829851 84.411768 199.397260
54860.882373 84.408042 199.397260
54787.983825 84.404311 199.397260
54681.359491 84.584028 199.397260
54642.333522 84.396835 199.397260
54569.581766 84.393089 199.397260
54430.461443 84.757082 199.397260
54424.225045 84.385583 199.397260
54351.620081 84.381822 199.397260
54279.064047 84.378056 199.397260
54277.502186 84.006033 199.397260
54205.044013 84.002014 199.397260
54132.634771 83.997989 199.397260
54097.444985 83.809652 199.397260
53917.017835 84.359151 199.397260
53844.755384 84.355355 199.397260
53807.448517 84.166634 199.397260
53771.322517 83.977783 199.397260
53663.168268 84.158770 199.397260
53556.194886 84.340119 199.397260
53555.122331 83.965595 199.397260
53447.114874 84.146934 199.397260
53411.233526 83.957442 199.397260
53268.417277 84.324801 199.397260
53267.540444 83.949267 199.397260
53195.767298 83.945171 199.397260
53124.043083 83.941070 199.397260
53052.367798 83.936963 199.397260
52944.702855 84.119131 199.397260
52909.164021 83.928732 199.397260
52874.806054 83.738208 199.397260
52803.326491 83.733954 199.397260
52731.895859 83.729694 199.397260
52660.514158 83.725429 199.397260
52589.181387 83.721158 199.397260
52517.897547 83.716881 199.397260
52446.662637 83.712598 199.397260
52338.306132 83.895587 199.397260
52267.169083 83.891419 199.397260
52233.251490 83.699715 199.397260
52125.041777 83.883064 199.397260
52091.222045 83.691097 199.397260
51983.110193 83.874688 199.397260
51949.388322 83.682455 199.397260
51841.374331 83.866288 199.397260
51807.750321 83.673790 199.397260
51699.834191 83.857865 199.397260
51704.610505 83.476695 199.397260
51673.397160 83.283823 199.397260
51487.890960 83.845188 199.397260
51532.248464 83.274589 199.397260
51461.747512 83.269963 199.397260
51276.388104 83.832458 199.397260
51281.458001 83.449719 199.397260
51135.630852 83.823942 199.397260
51140.798610 83.440678 199.397260
51150.543045 83.057470 199.397260
51039.769341 83.242070 199.397260
50969.610902 83.237399 199.397260
50748.555418 83.992773 199.397260
50829.440817 83.228037 199.397260
50759.429170 83.223347 199.397260
50689.466454 83.218650 199.397260
50541.815807 83.594725 199.397260
50549.687812 83.209236 199.397260
50479.871888 83.204520 199.397260
50410.104893 83.199797 199.397260
50380.953165 83.004383 199.397260
50192.980835 83.572413 199.397260
50201.097494 83.185589 199.397260
50131.526221 83.180839 199.397260
50144.268486 82.793828 199.397260
50074.795075 82.788804 199.397260
50005.370594 82.783774 199.397260
49978.825252 82.587457 199.397260
49866.668425 82.773691 199.397260
49840.220943 82.577099 199.397260
49770.992185 82.571909 199.397260
49617.283878 82.950481 199.397260
49589.851251 82.753442 199.397260
49520.769284 82.748362 199.397260
49494.566456 82.551078 199.397260
49425.582350 82.545852 199.397260
49192.117962 83.311439 199.397260
49203.232450 82.920731 199.397260
49262.885759 82.337574 199.397260
49150.135231 82.524875 199.397260
49125.357922 82.326791 199.397260
48969.875047 82.707467 199.397260
48901.233455 82.702323 199.397260
48919.433145 82.310560 199.397260
48764.097062 82.692012 199.397260
48653.903990 82.880673 199.397260
48669.986598 82.487881 199.397260
48601.589659 82.482566 199.397260
48533.241649 82.477244 199.397260
48508.904715 82.277894 199.397260
48485.748647 82.078445 199.397260
48328.491205 82.461233 199.397260
48349.395142 82.067211 199.397260
48281.291786 82.061582 199.397260
48168.143279 82.250460 199.397260
48145.231864 82.050301 199.397260
48032.181219 82.239432 199.397260
47920.311440 82.429007 199.397260
47987.734977 81.838450 199.397260
47919.925204 81.832638 199.397260
47760.844264 82.217283 199.397260
47738.226431 82.016264 199.397260
47716.789466 81.815152 199.397260
47557.855318 82.200588 199.397260
47535.384277 81.999137 199.397260
47467.868087 81.993411 199.397260
47446.626844 81.791723 199.397260
47287.888417 82.178217 199.397260
47311.839116 81.779958 199.397260
47291.876600 81.577892 199.397260
47224.605063 81.571852 199.397260
47110.024502 81.762248 199.397260
47090.208779 81.559746 199.397260
47071.573922 81.357161 199.397260
46908.650264 81.744462 199.397260
46937.471221 81.344729 199.397260
46822.003377 81.535430 199.397260
46707.716400 81.726599 199.397260
46640.836306 81.720628 199.397260
46621.363096 81.517101 199.397260
46507.222910 81.708660 199.397260
46487.847561 81.504838 199.397260
46421.163190 81.498694 199.397260
46307.169796 81.690643 199.397260
46336.431128 81.288341 199.397260
46269.893548 81.282031 199.397260
46203.404898 81.275711 199.397260
46136.965179 81.269383 199.397260
45974.726548 81.660441 199.397260
46004.232533 81.256698 199.397260
45987.561431 81.051680 199.397260
45921.317435 81.045175 199.397260
45855.122368 81.038661 199.397260
45788.976232 81.032137 199.397260
45722.879027 81.025604 199.397260
45656.830752 81.019061 199.397260
45590.831408 81.012509 199.397260
45524.880994 81.005948 199.397260
45509.733273 80.799811 199.397260
45393.126958 80.992796 199.397260
45378.077098 80.786358 199.397260
45261.568645 80.979606 199.397260
45298.502344 80.572962 199.397260
45180.959815 80.766106 199.397260
45115.351915 80.759335 199.397260
45049.792945 80.752555 199.397260
44933.529144 80.946464 199.397260
44918.821798 80.738965 199.397260
44905.295318 80.531401 199.397260
44788.046372 80.725335 199.397260
44774.617754 80.517466 199.397260
44657.466669 80.711665 199.397260
44644.135911 80.503491 199.397260
44578.968386 80.496488 199.397260
44513.849791 80.489475 199.397260
44396.894428 80.684206 199.397260
44436.777027 80.273757 199.397260
44371.805224 80.266570 199.397260
44201.979018 80.663505 199.397260
44242.008409 80.252163 199.397260
44177.183397 80.244944 199.397260
44112.407316 80.237714 199.397260
44047.680165 80.230474 199.397260
43929.984310 80.425891 199.397260
43972.522226 80.013396 199.397260
43552.665532 81.429990 199.397260
43789.260867 80.201406 199.397260
43569.121274 80.804586 199.397260
43660.344802 80.186807 199.397260
43595.960164 80.179492 199.397260
43531.624458 80.172166 199.397260
43521.487253 79.961248 199.397260
43457.249407 79.953754 199.397260
43393.060492 79.946249 199.397260
43328.920508 79.938733 199.397260
43210.679883 80.135372 199.397260
43200.787330 79.923668 199.397260
43136.794137 79.916118 199.397260
43018.700304 80.113164 199.397260
43008.954543 79.900986 199.397260
42945.108142 79.893403 199.397260
42881.310671 79.885808 199.397260
42817.562130 79.878203 199.397260
42753.862521 79.870586 199.397260
42690.211841 79.862957 199.397260
42681.891600 79.649939 199.397260
42618.338782 79.642140 199.397260
42554.834894 79.634329 199.397260
42381.948858 80.038419 199.397260
42427.973910 79.618672 199.397260
42364.616814 79.610826 199.397260
42301.308648 79.602969 199.397260
42238.049413 79.595099 199.397260
42231.252552 79.380922 199.397260
42168.091178 79.372880 199.397260
42048.565291 79.571420 199.397260
41930.220270 79.770523 199.397260
41867.205687 79.762744 199.397260
41804.240035 79.754954 199.397260
41741.323314 79.747153 199.397260
41624.305952 79.947234 199.397260
41615.636662 79.731514 199.397260
41498.717161 79.931876 199.397260
41435.996162 79.924180 199.397260
41320.306458 80.125246 199.397260
41310.700954 79.908751 199.397260
41302.276318 79.692210 199.397260
41132.583834 80.102512 199.397260
41177.274693 79.676405 199.397260
41007.680071 80.087298 199.397260
40998.319220 79.869976 199.397260
40935.989665 79.862185 199.397260
40873.709040 79.854383 199.397260
40655.820250 80.477863 199.397260
40749.294582 79.838742 199.397260
40687.160749 79.830904 199.397260
40520.172513 80.244585 199.397260
40510.022239 80.025977 199.397260
40295.773911 80.652706 199.397260
40233.835800 80.645449 199.397260
40324.207906 80.002788 199.397260
40262.367656 79.995034 199.397260
40148.690638 80.199114 199.397260
39938.082771 80.829112 199.397260
39924.879202 80.608997 199.397260
39632.104590 81.669796 199.397260
39851.260902 80.381318 199.397260
39740.092410 80.586991 199.397260
39830.855960 79.940425 199.397260
39617.145867 80.572263 199.397260
39605.367818 80.351220 199.397260
39594.770635 80.130115 199.397260
39638.371954 79.695801 199.397260
39524.101235 79.901055 199.397260
39310.635795 80.535243 199.397260
39401.741859 79.885222 199.397260
39288.749868 80.091365 199.397260
39332.595840 79.655386 199.397260
39115.930313 80.290462 199.397260
39210.627908 79.639132 199.397260
39044.814004 80.060147 199.397260
39088.855698 79.622828 199.397260
38975.025354 79.829416 199.397260
38811.622114 80.252102 199.397260
38906.564362 79.598276 199.397260
38792.880809 79.805313 199.397260
38732.263822 79.797253 199.397260
38724.713400 79.573609 199.397260
38664.194274 79.565361 199.397260
38550.706444 79.772998 199.397260
38438.399480 79.981244 199.397260
38378.027146 79.973286 199.397260
38369.589441 79.748629 199.397260
38362.332602 79.523926 199.397260
38249.089424 79.732319 199.397260
38241.930447 79.507260 199.397260
38026.145669 80.150946 199.397260
38016.820680 79.925271 199.397260
37906.037097 80.135199 199.397260
37948.695667 79.691318 199.397260
37736.502421 80.338001 199.397260
37828.880678 79.674827 199.397260
37666.407119 80.103554 199.397260
37606.621950 80.095612 199.397260
37497.263887 80.306931 199.397260
37250.408640 81.179726 199.397260
37329.448313 80.511223 199.397260
37222.500914 80.723926 199.397260
37162.960398 80.716433 199.397260
37057.242797 80.929905 199.397260
37044.026159 80.701410 199.397260
36938.406418 80.915203 199.397260
36925.287641 80.686338 199.397260
36865.991778 80.678784 199.397260
36854.102798 80.449657 199.397260
36701.320827 80.885658 199.397260
36642.171755 80.878242 199.397260
36676.655584 80.426365 199.397260
36570.246420 80.640832 199.397260
36511.244140 80.633205 199.397260
36452.290791 80.625565 199.397260
36489.234215 80.172645 199.397260
36381.888837 80.387293 199.397260
36229.498309 80.825992 199.397260
36216.966698 80.594883 199.397260
36112.031985 80.810954 199.397260
36099.598235 80.579468 199.397260
36088.345353 80.347905 199.397260
35982.425494 80.564002 199.397260
36019.760362 80.108169 199.397260
35865.448475 80.548485 199.397260
35902.881204 80.091919 199.397260
35748.667178 80.532918 199.397260
35737.707879 80.300215 199.397260
35679.439556 80.292221 199.397260
35482.542115 80.960871 199.397260
35515.691751 80.501631 199.397260
35457.570220 80.493778 199.397260
35446.855573 80.260115 199.397260
35341.473950 80.478031 199.397260
35237.273195 80.696595 199.397260
35321.421245 80.009869 199.397260
35215.054478 80.227798 199.397260
35157.226530 80.219686 199.397260
35099.447513 80.211560 199.397260
35041.717427 80.203421 199.397260
35032.526161 79.968337 199.397260
34879.046093 80.414526 199.397260
34775.236781 80.634442 199.397260
34763.928433 80.398519 199.397260
34615.122902 80.847355 199.397260
34649.006496 80.382458 199.397260
34545.392907 80.603056 199.397260
34534.280281 80.366344 199.397260
34385.670472 80.816605 199.397260
34515.597631 79.892713 199.397260
34271.237840 80.801153 199.397260
34214.094920 80.793408 199.397260
34295.678981 80.096379 199.397260
34191.275968 80.317680 199.397260
34134.279840 80.309522 199.397260
34031.106625 80.531669 199.397260
33974.208357 80.523671 199.397260
34010.942990 80.054589 199.397260
33860.558613 80.507634 199.397260
33897.391107 80.037776 199.397260
33793.330609 80.260285 199.397260
33784.034947 80.020906 199.397260
33727.430262 80.012449 199.397260
33623.516555 80.235481 199.397260
33614.367685 79.995494 199.397260
33510.551839 80.218875 199.397260
33501.500829 79.978482 199.397260
33351.556828 80.434798 199.397260
33388.829696 79.961413 199.397260
33285.209572 80.185495 199.397260
33228.996332 80.177115 199.397260
33172.832022 80.168721 199.397260
33212.564485 79.694226 199.397260
33108.008147 79.918486 199.397260
32913.312579 80.611628 199.397260
32996.022041 79.901214 199.397260
32892.744431 80.126534 199.397260
32836.873704 80.118054 199.397260
32734.825891 80.344259 199.397260
32772.636995 79.866492 199.397260
32623.329090 80.327614 199.397260
32613.880103 80.083988 199.397260
32654.101871 79.605501 199.397260
32598.524727 79.596546 199.397260
32400.922655 80.294154 199.397260
32345.443373 80.285753 199.397260
32336.239037 80.041077 199.397260
32328.215569 79.796336 199.397260
32225.525125 80.023810 199.397260
32124.015548 80.252005 199.397260
32115.006934 80.006483 199.397260
31968.501138 80.472630 199.397260
32100.532309 79.515253 199.397260
31949.596628 79.980381 199.397260
31941.915673 79.734156 199.397260
31793.341726 80.200946 199.397260
31738.400679 80.192385 199.397260
31729.734579 79.945367 199.397260
31722.249347 79.698287 199.397260
31484.814897 80.645324 199.397260
31519.125797 80.157990 199.397260
31464.429403 80.149354 199.397260
31503.365909 79.662169 199.397260
31401.409422 79.892390 199.397260
31346.859820 79.883507 199.397260
31201.039050 80.355062 199.397260
31102.625165 80.587505 199.397260
30349.507474 86.202222 199.397260
31082.924698 80.088480 199.397260
31028.619747 80.079722 199.397260
31067.947698 79.589176 199.397260
30966.382656 79.820889 199.397260
30820.904400 80.295194 199.397260
29977.126942 86.926900 199.397260
30851.412925 79.552296 199.397260
30658.723508 80.269310 199.397260
30696.081168 79.775690 199.397260
30642.167662 79.766603 199.397260
30588.303087 79.757499 199.397260
30534.487442 79.748380 199.397260
30480.720728 79.739244 199.397260
30474.360897 79.487131 199.397260
30282.013994 80.208380 199.397260
30367.072121 79.468364 199.397260
30266.143176 79.702540 199.397260
30166.395097 79.937494 199.397260
30206.505936 79.440090 199.397260
30201.571624 79.186809 199.397260
30006.122495 79.910376 199.397260
29952.796155 79.901304 199.397260
29899.518746 79.892217 199.397260
29672.705564 80.868520 199.397260
29886.694689 79.383088 199.397260
30253.177405 77.424608 199.397260
30758.753849 75.254070 199.397260
31356.066068 73.122063 199.397260
31704.002779 71.949099 199.397260
32632.703463 69.437376 199.397260
34252.149320 65.929148 199.397260
34428.728617 65.485236 199.397260
36508.787057 61.974258 199.397260
36188.145716 62.352159 199.397260
37520.243767 60.359093 199.397260
39121.608227 58.252709 199.397260
40357.956297 56.769398 199.397260
41492.662400 55.506154 199.397260
43981.061631 53.109665 199.397260
44501.957650 52.593899 199.397260
47469.080445 50.210917 199.397260
47838.578227 49.881828 199.397260
50187.363194 48.237317 199.397260
51271.792491 47.500972 199.397260
53577.845110 46.101698 199.397260
54255.241929 45.674983 199.397260
55945.037219 44.735874 199.397260
57171.154282 44.074818 199.397260
60848.575988 42.346770 199.397260
61347.505959 42.085571 199.397260
62975.423845 41.368309 199.397260
64066.087642 40.891539 199.397260
64014.278148 40.864763 199.397260
64250.977981 40.726765 199.397260
64779.582950 40.479087 199.397260
64437.195979 40.562465 199.397260
64095.989875 40.646287 199.397260
64334.017367 40.508781 199.397260
65158.070072 40.153023 199.397260
64813.614951 40.235294 199.397260
64762.196901 40.208411 199.397260
64128.247308 40.401154 199.397260
64076.927120 40.374193 199.397260
63736.063530 40.457749 199.397260
63974.433535 40.320207 199.397260
63633.667805 40.403685 199.397260
63582.543339 40.376621 199.397260
63243.007407 40.460508 199.397260
63770.033531 40.211975 199.397260
63719.055856 40.184863 199.397260
63668.127112 40.157729 199.397260
63617.247298 40.130573 199.397260
63566.416415 40.103396 199.397260
64098.214936 39.856976 199.397260
63175.309108 40.159322 199.397260
64879.158056 39.477599 199.397260
64828.522895 39.450431 199.397260
64777.936664 39.423242 199.397260
65321.299202 39.181952 199.397260
65270.810832 39.154761 199.397260
66119.710672 38.810199 199.397260
66069.320164 38.783030 199.397260
66018.978586 38.755841 199.397260
66270.729570 38.623876 199.397260
65918.442221 38.701401 199.397260
66170.291067 38.569439 199.397260
65217.410123 38.857699 199.397260
65167.313198 38.830362 199.397260
64521.101493 39.015680 199.397260
63292.358244 39.419447 199.397260
63535.396252 39.283393 199.397260
62900.650702 39.473372 199.397260
62560.074160 39.555270 199.397260
62510.270818 39.527633 199.397260
62751.240675 39.390524 199.397260
62121.218593 39.582234 199.397260
62651.878643 39.335183 199.397260
62021.954422 39.526766 199.397260
62844.568539 39.170895 199.397260
63088.046921 39.034838 199.397260
62453.741746 39.224237 199.397260
62989.174194 38.979365 199.397260
63529.183319 38.736575 199.397260
62890.497190 38.923805 199.397260
62548.243942 39.004212 199.397260
62792.015907 38.868157 199.397260
61577.687714 39.276057 199.397260
61528.569399 39.248090 199.397260
60903.711158 39.440977 199.397260
59716.696229 39.860886 199.397260
24395.667570 87.145839 199.397260
24476.729396 84.941074 199.397260
24449.325942 84.661425 199.397260
24400.648001 84.656087 199.397260
24330.695575 84.925875 199.397260
24164.545794 86.854542 199.397260
24079.490208 85.735533 199.397260
23970.714782 86.841837 199.397260
24019.757576 85.172221 199.397260
24035.441331 84.336194 199.397260
23923.233514 85.162469 199.397260
23916.559777 84.602117 199.397260
23742.926817 86.546501 199.397260
23741.827248 85.705258 199.397260
23794.742808 84.307526 199.397260
23682.779644 85.137914 199.397260
23676.350559 84.574722 199.397260
23628.455507 84.569210 199.397260
23502.107336 85.683369 199.397260
23407.318939 86.521802 199.397260
255338.905514 17.572110 199.397260
254566.950292 17.580969 199.397260
255243.555785 17.538289 199.397260
256647.861908 17.470142 199.397260
255148.401777 17.504454 199.397260
260202.383629 17.309785 199.397260
259422.749506 17.318166 199.397260
257914.380676 17.351851 199.397260
260060.166389 17.259452 199.397260
23103.574107 83.937616 199.397260
23133.868639 83.085927 199.397260
23114.773649 82.797378 199.397260
23096.859526 82.508598 199.397260
23080.126271 82.219602 199.397260
23002.684130 82.493191 199.397260
22898.307820 83.050280 199.397260
23071.918358 81.070905 199.397260
22923.677765 81.905476 199.397260
22785.673531 82.745272 199.397260
22710.739915 83.021498 199.397260
22751.711179 82.163299 199.397260
22704.990460 82.155189 199.397260
22627.939763 82.430924 199.397260
22581.316905 82.423068 199.397260
22534.742977 82.415197 199.397260
22458.971008 82.692411 199.397260
22441.741912 82.399404 199.397260
23612.854947 74.862816 199.397260
24447.003237 71.386218 199.397260
24039.371198 72.685209 199.397260
24354.393617 71.349559 199.397260
24233.637777 71.593501 199.397260
24337.636081 71.051026 199.397260
24291.502528 71.032354 199.397260
24322.206203 70.752296 199.397260
24199.382213 70.994904 199.397260
24153.395451 70.976126 199.397260
24031.801258 71.220148 199.397260
23911.387932 71.465401 199.397260
24092.517047 70.657130 199.397260
24124.646242 70.376166 199.397260
24000.983898 70.618809 199.397260
24112.263125 70.075935 199.397260
24066.618877 70.056249 199.397260
24021.023560 70.036526 199.397260
23975.477173 70.016765 199.397260
23850.927545 70.259234 199.397260
23805.479019 70.239615 199.397260
23760.079424 70.219959 199.397260
23636.808524 70.464057 199.397260
23591.506790 70.444546 199.397260
23624.174220 70.160764 199.397260
23501.050112 70.405411 199.397260
23012.144425 71.991941 199.397260
22828.176989 72.516236 199.397260
22851.984651 72.226457 199.397260
22738.111756 72.480525 199.397260
22493.349921 73.284779 199.397260
22079.396686 74.934626 199.397260
21758.127789 76.329847 199.397260
21989.722897 74.903209 199.397260
22003.636715 74.606918 199.397260
261253.436407 16.230121 199.397260
262687.844835 16.166320 199.397260
262643.228127 16.149525 199.397260
261119.586286 16.179604 199.397260
253021.093532 16.425152 199.397260
252976.623617 16.408061 199.397260
252206.814804 16.415188 199.397260
21260.319671 76.471837 199.397260
21267.882245 76.170094 199.397260
21276.625687 75.868466 199.397260
21398.244946 74.996229 199.397260
21470.291311 74.412101 199.397260
21426.163909 74.395649 199.397260
21382.085437 74.379163 199.397260
21520.879464 73.513763 199.397260
21604.440914 72.934051 199.397260
21560.509234 72.916139 199.397260
21582.095420 72.617756 199.397260
21672.595279 72.040712 199.397260
21628.810391 72.021923 199.397260
21723.935857 71.446807 199.397260
21680.248830 71.427441 199.397260
21927.916817 70.304390 199.397260
21959.984013 70.010152 199.397260
21916.443777 69.989457 199.397260
21872.952472 69.968722 199.397260
21906.298395 69.674369 199.397260
22019.877357 69.108603 199.397260
22138.032994 68.545805 199.397260
22177.185391 68.254404 199.397260
22563.157684 66.899485 199.397260
22609.199560 66.612419 199.397260
22476.811170 66.852579 199.397260
22613.322442 66.302015 199.397260
22754.410389 65.754820 199.397260
22900.075012 65.211062 199.397260
22857.121943 65.186208 199.397260
23407.384147 63.627083 199.397260
23364.528938 63.601039 199.397260
23528.500265 63.071642 199.397260
23697.048268 62.545973 199.397260
23870.172947 62.024079 199.397260
23719.030945 62.243957 199.397260
23894.517358 61.723421 199.397260
23962.702121 61.450769 199.397260
24259.220211 60.693964 199.397260
24332.030581 60.424876 199.397260
24406.021817 60.156598 199.397260
24599.863864 59.651402 199.397260
24798.282587 59.150217 199.397260
24878.080297 58.886464 199.397260
24959.058874 58.623562 199.397260
25293.273377 57.900018 199.397260
25378.877561 57.640916 199.397260
25465.662611 57.382692 199.397260
25817.002951 56.674737 199.397260
26042.930660 56.197863 199.397260
26136.654120 55.945471 199.397260
26369.471308 55.474723 199.397260
26189.730779 55.662777 199.397260
26424.909701 55.193768 199.397260
26950.678448 54.300223 199.397260
27199.538468 53.844017 199.397260
27304.874874 53.601401 199.397260
27560.624372 53.151388 199.397260
27669.454449 52.911715 199.397260
27180.272621 53.504631 199.397260
27586.533072 52.846638 199.397260
28003.029880 52.198384 199.397260
28116.583425 51.962510 199.397260
28706.180983 51.128393 199.397260
29149.991055 50.505769 199.397260
29272.746882 50.278040 199.397260
29730.238052 49.667974 199.397260
29521.801136 49.825455 199.397260
29648.099563 49.600602 199.397260
29607.103714 49.566846 199.397260
29398.813589 49.724299 199.397260
30034.080046 48.931806 199.397260
29822.491973 49.085895 199.397260
30297.304702 48.490751 199.397260
30605.955091 48.087786 199.397260
30565.252825 48.053544 199.397260
31236.985897 47.294053 199.397260
31016.586987 47.439393 199.397260
31336.752461 47.046448 199.397260
31661.494612 46.657526 199.397260
32177.399563 46.098955 199.397260
32136.990881 46.064290 199.397260
32284.349190 45.856929 199.397260
32813.984169 45.310200 199.397260
32773.722278 45.275386 199.397260
33313.642545 44.737452 199.397260
33273.478515 44.702552 199.397260
33625.778583 44.337115 199.397260
33783.617902 44.138346 199.397260
33942.638088 43.940506 199.397260
34102.839140 43.743595 199.397260
34670.219463 43.228628 199.397260
35040.875165 42.878319 199.397260
35208.014627 42.687008 199.397260
35376.334957 42.496606 199.397260
35545.836153 42.307111 199.397260
