97507.548829 58.714883 288.164384
97654.633861 58.593620 288.164384
97355.140666 58.687638 288.164384
71007.317218 -88.965773 288.164384
96980.530473 58.768322 288.164384
96462.571338 58.971429 288.164384
97050.814135 58.633019 288.164384
96974.834544 58.619338 288.164384
96898.895768 58.605646 288.164384
96600.632514 58.700048 288.164384
96970.450187 58.470346 288.164384
96894.633861 58.456595 288.164384
96595.548829 58.550770 288.164384
96743.123656 58.429061 288.164384
70161.108951 -89.256845 288.164384
96591.776718 58.401484 288.164384
96070.489657 58.604013 288.164384
95994.918228 58.590251 288.164384
95919.387616 58.576478 288.164384
95843.897820 58.562694 288.164384
95547.027772 58.657549 288.164384
95915.405972 58.426667 288.164384
96063.348146 58.304624 288.164384
95988.021616 58.290743 288.164384
95912.735901 58.276852 288.164384
95837.491003 58.262949 288.164384
95538.977401 58.357342 288.164384
95687.123656 58.235112 288.164384
95836.254955 58.113072 288.164384
95313.610054 58.315615 288.164384
95461.878759 58.193273 288.164384
95386.878759 58.179305 288.164384
95311.919575 58.165326 288.164384
95461.254955 58.043101 288.164384
95386.377404 58.029074 288.164384
95087.286922 58.123323 288.164384
95461.942724 57.892929 288.164384
94937.735901 58.095266 288.164384
95312.473337 57.864746 288.164384
95012.601894 57.958773 288.164384
94937.969241 57.944680 288.164384
95088.575378 57.822389 288.164384
94564.572636 58.024929 288.164384
94714.316179 57.902333 288.164384
93969.918228 58.214531 288.164384
94565.418220 57.874047 288.164384
93821.101902 58.186380 288.164384
94192.429779 57.954315 288.164384
93672.448841 58.158184 288.164384
94493.310071 57.708948 288.164384
94419.085582 57.694717 288.164384
93672.140666 58.006584 288.164384
93821.307330 57.883421 288.164384
93523.895768 57.978223 288.164384
93897.397812 57.746205 288.164384
93823.377404 57.731944 288.164384
93749.397812 57.717672 288.164384
93675.459037 57.703389 288.164384
94052.901251 57.472109 288.164384
93527.703934 57.674788 288.164384
93453.887608 57.660471 288.164384
93155.858350 57.755104 288.164384
93531.575378 57.523077 288.164384
93232.683526 57.617452 288.164384
93159.030465 57.603089 288.164384
92861.164473 57.697781 288.164384
93237.044765 57.465503 288.164384
92938.316179 57.559934 288.164384
92640.572636 57.654668 288.164384
92343.814135 57.749708 288.164384
92493.715493 57.625870 288.164384
92644.601894 57.502234 288.164384
92571.275363 57.487780 288.164384
92273.735901 57.582587 288.164384
92200.491003 57.568136 288.164384
92576.738643 57.335293 288.164384
92278.377404 57.429851 288.164384
91981.001208 57.524715 288.164384
92357.371296 57.291684 288.164384
91611.569237 57.605403 288.164384
91761.878759 57.481190 288.164384
91913.173322 57.357181 288.164384
91392.691686 57.561887 288.164384
91543.123656 57.437561 288.164384
91470.286922 57.422995 288.164384
91397.491003 57.408417 288.164384
91548.989649 57.284222 288.164384
91476.275363 57.269595 288.164384
91179.348146 57.364614 288.164384
91330.969241 57.240307 288.164384
90588.448841 57.555582 288.164384
91411.024357 57.101508 288.164384
90221.966548 57.636952 288.164384
91266.044765 57.072076 288.164384
90744.164473 57.276694 288.164384
90671.776718 57.262000 288.164384
90376.120258 57.357428 288.164384
90527.123656 57.232576 288.164384
90679.112098 57.107932 288.164384
90606.887608 57.093165 288.164384
90310.450187 57.188352 288.164384
90238.307330 57.173587 288.164384
89720.530473 57.379662 288.164384
89648.469249 57.364925 288.164384
90022.123656 57.129221 288.164384
89283.048180 57.446332 288.164384
89878.205289 57.099585 288.164384
89582.997809 57.195167 288.164384
89511.140666 57.180345 288.164384
89662.633861 57.055041 288.164384
89815.112098 56.929950 288.164384
89295.814135 57.135807 288.164384
89447.429779 57.010391 288.164384
89375.776718 56.995483 288.164384
89080.854952 57.091162 288.164384
89009.283523 57.076257 288.164384
88273.489706 57.394955 288.164384
88866.263115 57.046409 288.164384
89018.123656 56.920767 288.164384
88946.715493 56.905787 288.164384
88875.348146 56.890796 288.164384
88358.346800 57.097628 288.164384
88509.426380 56.971581 288.164384
88215.816188 57.067688 288.164384
88590.286922 56.830710 288.164384
88519.123656 56.815658 288.164384
88897.452929 56.579622 288.164384
88601.173322 56.674867 288.164384
88082.569237 56.881388 288.164384
88011.569237 56.866314 288.164384
88163.919575 56.740218 288.164384
87647.326392 56.947445 288.164384
87355.027772 57.043984 288.164384
87951.286922 56.694808 288.164384
87880.491003 56.679647 288.164384
87364.061086 56.887030 288.164384
87739.021616 56.649289 288.164384
87222.673330 56.856750 288.164384
87821.969241 56.507952 288.164384
87751.377404 56.492704 288.164384
87456.572636 56.588424 288.164384
87610.316179 56.462173 288.164384
87315.593044 56.557918 288.164384
87021.854952 56.653987 288.164384
86507.680833 56.862318 288.164384
87104.429779 56.512067 288.164384
86588.448841 56.719878 288.164384
86518.183535 56.704608 288.164384
86226.537976 56.801367 288.164384
86600.140666 56.562252 288.164384
86529.997809 56.546919 288.164384
86907.459037 56.308775 288.164384
86167.469249 56.628073 288.164384
86543.123656 56.389252 288.164384
59956.908861 -89.678443 288.164384
59889.330651 -89.517389 288.164384
59817.072126 -89.678067 288.164384
59745.326531 90.000000 288.164384
59679.759222 -89.516542 288.164384
59607.623146 -89.677502 288.164384
59537.888453 -89.677313 288.164384
59470.555141 -89.515693 288.164384
59419.786606 88.869407 288.164384
59395.025110 -88.061192 288.164384
59255.923069 -88.058917 288.164384
59186.433274 -88.057777 288.164384
59036.717528 -88.217427 288.164384
58967.350181 -88.216378 288.164384
58908.882253 -88.053206 288.164384
58562.861845 -88.047460 288.164384
58482.921610 -88.209004 288.164384
58413.880793 -88.207946 288.164384
58275.921610 -88.205825 288.164384
58217.861845 -88.041681 288.164384
58128.211315 -88.366907 288.164384
58059.374581 -88.365939 288.164384
57973.582589 -88.691848 288.164384
57931.737936 -88.200501 288.164384
57873.882253 -88.035868 288.164384
57657.125691 -88.196220 288.164384
57588.574671 -88.195146 288.164384
57520.064467 -88.194071 288.164384
57451.595079 -88.192995 288.164384
57373.252132 -88.356194 288.164384
56984.310825 -88.020590 288.164384
56916.167967 -88.019405 288.164384
56644.004702 -88.014651 288.164384
56440.310825 -88.011070 288.164384
56342.751369 -88.507143 288.164384
56283.946009 -88.340359 288.164384
56226.125691 -88.173403 288.164384
55696.576131 -87.997829 288.164384
55618.350181 -88.163446 288.164384
55551.023651 -88.162333 288.164384
55464.853410 -88.495372 288.164384
55427.351641 -87.992971 288.164384
55339.374581 -88.326251 288.164384
55272.211315 -88.325234 288.164384
55159.766004 -89.664751 288.164384
55129.037084 -88.490795 288.164384
55091.739396 -87.986864 288.164384
54890.861845 -87.983183 288.164384
54823.984294 -87.981952 288.164384
54736.374581 -88.317054 288.164384
54626.616365 -89.494675 288.164384
54623.596539 -87.978253 288.164384
54527.139125 -88.482486 288.164384
54452.439732 -88.650207 288.164384
54412.717528 -88.143204 288.164384
54327.241165 -88.479696 288.164384
54224.337432 -89.661872 288.164384
54157.827228 -89.661664 288.164384
54146.595079 -88.138645 288.164384
54080.166508 -88.137502 288.164384
54013.778753 -88.136357 288.164384
53958.290416 -87.965821 288.164384
53862.241165 -88.473146 288.164384
53825.718988 -87.963317 288.164384
53759.494498 -87.962062 288.164384
53672.537846 -88.300453 288.164384
53606.394989 -88.299404 288.164384
53500.635443 -89.319174 288.164384
53427.492521 -89.829681 288.164384
53361.472113 -89.829575 288.164384
53299.269427 -89.488422 288.164384
53233.330651 -89.488105 288.164384
53220.309365 -88.122511 288.164384
53135.567696 -88.462739 288.164384
53099.494498 -87.949431 288.164384
52938.241165 -88.459876 288.164384
52872.547288 -88.458919 288.164384
52815.864376 -88.286721 288.164384
52733.256058 -88.628377 288.164384
52675.710553 -88.456042 288.164384
52602.154017 -88.626668 288.164384
52544.690145 -88.454118 288.164384
52488.211315 -88.281380 288.164384
52413.833002 -88.452189 288.164384
52348.465655 -88.451222 288.164384
52275.113201 -88.622378 288.164384
52209.827487 -88.621517 288.164384
52137.500891 -88.793018 288.164384
52079.378507 -88.619791 288.164384
52014.215242 -88.618927 288.164384
51957.118716 -88.445399 288.164384
51910.921610 -88.098971 288.164384
51826.996267 -88.443448 288.164384
51746.888647 -88.788471 288.164384
51689.011160 -88.614588 288.164384
51617.011095 -88.786947 288.164384
51567.241165 -88.439532 288.164384
51494.378507 -88.611972 288.164384
51422.500891 -88.784655 288.164384
51372.853410 -88.436582 288.164384
51337.882253 -87.914530 288.164384
51243.465655 -88.434608 288.164384
51163.725381 -88.781585 288.164384
51106.215242 -88.606710 288.164384
51034.582524 -88.780044 288.164384
50970.072320 -88.779272 288.164384
50905.602932 -88.778499 288.164384
50848.256058 -88.603179 288.164384
50776.786606 -88.776950 288.164384
50712.439667 -88.776175 288.164384
50648.133544 -88.775398 288.164384
50583.868238 -88.774620 288.164384
50526.725446 -88.598741 288.164384
50489.452222 -88.072386 288.164384
50406.424839 -88.421661 288.164384
50327.215177 -88.771499 288.164384
50278.261574 -88.419651 288.164384
50214.241165 -88.418643 288.164384
50129.016482 -88.944941 288.164384
50078.296874 -88.592480 288.164384
50014.398915 -88.591581 288.164384
49950.541772 -88.590681 288.164384
49873.506278 -88.942241 288.164384
49830.975859 -88.412572 288.164384
49745.996073 -88.940886 288.164384
49688.439667 -88.763626 288.164384
49648.864376 -88.232905 288.164384
49585.252132 -88.231772 288.164384
49486.272217 -89.115107 288.164384
49434.072320 -88.760449 288.164384
49394.660295 -88.228362 288.164384
49295.802829 -89.113399 288.164384
49250.807078 -88.580703 288.164384
49174.220563 -88.934746 288.164384
49124.113201 -88.578873 288.164384
49047.608318 -88.933372 288.164384
48984.363420 -88.932683 288.164384
48921.159339 -88.931994 288.164384
48857.996073 -88.931304 288.164384
48808.092793 -88.574279 288.164384
48726.598747 -89.108236 288.164384
48668.751176 -88.929228 288.164384
48635.966417 -88.214593 288.164384
48542.791992 -88.927839 288.164384
48493.092793 -88.569655 288.164384
48430.215242 -88.568726 288.164384
48367.378507 -88.567797 288.164384
48297.500891 -88.745946 288.164384
48234.745789 -88.745131 288.164384
48172.031504 -88.744314 288.164384
48154.208784 -87.846663 288.164384
48061.833002 -88.383612 288.164384
47991.215242 -88.562194 288.164384
47915.445053 -88.920842 288.164384
47866.154017 -88.560316 288.164384
47811.710553 -88.379388 288.164384
47741.256058 -88.558434 288.164384
47678.868303 -88.557491 288.164384
47616.521364 -88.556547 288.164384
47547.133544 -88.736088 288.164384
47484.868238 -88.735260 288.164384
47422.643749 -88.734430 288.164384
47367.541772 -88.552757 288.164384
47220.635443 -89.275312 288.164384
47162.823237 -89.093571 288.164384
47100.802829 -89.092974 288.164384
47038.823237 -89.092377 288.164384
47022.207324 -88.002555 288.164384
46960.309365 -88.001238 288.164384
46898.452222 -87.999920 288.164384
46783.759222 -89.453958 288.164384
46721.983712 -89.453597 288.164384
46657.888453 -89.635484 288.164384
46594.778236 -89.817620 288.164384
46536.902080 -89.452512 288.164384
46518.252132 -88.174392 288.164384
46466.595079 -87.990644 288.164384
46220.717528 -87.985304 288.164384
46140.465655 -88.350291 288.164384
46071.113201 -88.532531 288.164384
45981.500698 89.632813 288.164384
45918.367347 90.000000 288.164384
45864.717076 89.264677 288.164384
45800.249018 89.448126 288.164384
45739.126569 89.447758 288.164384
45681.349729 89.263202 288.164384
45617.004120 89.447019 288.164384
45552.227215 89.815544 288.164384
45495.044937 89.446278 288.164384
45441.680380 89.076563 288.164384
45416.211315 -88.152368 288.164384
45376.147559 -87.781693 288.164384
45294.578662 -88.149888 288.164384
45164.139125 -88.332551 288.164384
45103.465655 -88.331429 288.164384
45072.576131 -87.774232 288.164384
45011.984294 -87.772733 288.164384
44951.433274 -87.771233 288.164384
44861.179941 -88.326928 288.164384
44779.465461 88.883690 288.164384
44713.843645 89.069077 288.164384
44671.868303 -88.509721 288.164384
44619.547288 88.322403 288.164384
44551.215242 88.507704 288.164384
44498.975859 88.320131 288.164384
44438.751369 -88.318993 288.164384
44408.310825 -87.757638 288.164384
44310.398915 88.503653 288.164384
44258.322798 -88.315569 288.164384
44228.004702 -87.753070 288.164384
44147.211315 88.125992 288.164384
44108.004702 87.750014 288.164384
44027.292948 88.123441 288.164384
43967.394989 88.122162 288.164384
43928.310825 87.745414 288.164384
43880.297327 87.556086 288.164384
43808.718988 87.742337 288.164384
43773.534178 87.364755 288.164384
43701.093245 87.551077 288.164384
43591.868303 -88.491369 288.164384
43581.827939 87.547726 288.164384
43499.595079 87.923218 288.164384
43430.150091 -88.110579 288.164384
43353.664221 -88.487229 288.164384
43356.534178 87.352103 288.164384
43297.126015 87.350286 288.164384
43183.465655 -88.294728 288.164384
43116.113201 -88.483066 288.164384
43163.052946 86.776946 288.164384
43103.808048 86.774729 288.164384
43061.127927 86.583095 288.164384
42969.860967 86.959903 288.164384
42828.118716 -88.287667 288.164384
42778.007234 -88.096226 288.164384
42701.970344 -88.475726 288.164384
42749.195803 86.761366 288.164384
42674.656885 86.949396 288.164384
42683.722812 86.186135 288.164384
42588.964661 86.564183 288.164384
42530.127927 86.561805 288.164384
42488.800195 86.368778 288.164384
42430.045093 86.366261 288.164384
42409.099859 85.982171 288.164384
42370.727256 85.788600 288.164384
42312.094602 85.785677 288.164384
42177.964661 86.547464 288.164384
42136.881828 86.353625 288.164384
42078.371624 86.351088 288.164384
42038.314649 86.156926 288.164384
42019.543582 85.771006 288.164384
41940.854961 85.959768 288.164384
41882.508023 85.956950 288.164384
41844.502766 85.762154 288.164384
41829.671870 85.375270 288.164384
41749.258062 85.564086 288.164384
41713.263706 85.368807 288.164384
41655.120849 85.365569 288.164384
41644.230124 84.977755 288.164384
41586.168899 84.974241 288.164384
41553.170488 84.778339 288.164384
41470.168899 84.967199 288.164384
41388.152353 85.156436 288.164384
41330.254394 85.153036 288.164384
41249.263706 85.342776 288.164384
41263.680692 84.760003 288.164384
41205.905182 84.756320 288.164384
41148.170488 84.752633 288.164384
41116.442834 84.555604 288.164384
41113.554898 84.165209 288.164384
41001.177528 84.547933 288.164384
40998.371225 84.156990 288.164384
40969.639515 83.959385 288.164384
40883.350817 84.148747 288.164384
40825.901837 84.144618 288.164384
40768.493674 84.140482 288.164384
40739.925229 83.942315 288.164384
40682.598699 83.938033 288.164384
40625.312984 83.933744 288.164384
40597.811215 83.735159 288.164384
40602.926069 83.342308 288.164384
40578.338612 83.143481 288.164384
40521.216163 83.138627 288.164384
40497.654564 82.939541 288.164384
40407.093714 83.128898 288.164384
40317.517906 83.318678 288.164384
40293.134530 83.119141 288.164384
40304.200457 82.724885 288.164384
40212.858645 82.914455 288.164384
40190.486171 82.714544 288.164384
40033.130151 83.294880 288.164384
40112.343637 82.509200 288.164384
40020.220865 82.698979 288.164384
39963.547395 82.693775 288.164384
40015.972881 82.102950 288.164384
39959.381044 82.097324 288.164384
39941.071189 81.896577 288.164384
39809.022880 82.281482 288.164384
39752.553493 82.275969 288.164384
39733.421860 82.074741 288.164384
39754.460662 81.677953 288.164384
39779.317185 81.281395 288.164384
39723.011063 81.275169 288.164384
39666.745757 81.268935 288.164384
39652.539338 81.067285 288.164384
39596.355664 81.060898 288.164384
39540.212807 81.054502 288.164384
39527.073063 80.852493 288.164384
39428.049542 81.041682 288.164384
39372.029134 81.035259 288.164384
39316.049542 81.028827 288.164384
39437.625312 80.239116 288.164384
39291.081627 80.623586 288.164384
39325.870209 80.225121 288.164384
39316.793085 80.022451 288.164384
39308.701003 79.819736 288.164384
39112.748703 80.400213 288.164384
39245.900087 79.609536 288.164384
39239.818906 79.406604 288.164384
39038.323697 79.986563 288.164384
39179.151340 79.195897 288.164384
39123.620728 79.188140 288.164384
39068.130932 79.180372 288.164384
39064.142286 78.976953 288.164384
39114.487469 78.578268 288.164384
39059.120122 78.570067 288.164384
39058.086604 78.366609 288.164384
38895.159091 78.749276 288.164384
38787.509633 78.937221 288.164384
38784.710111 78.733059 288.164384
37272.133544 -88.572433 288.164384
37210.873625 -88.775398 288.164384
37150.598747 -88.978694 288.164384
37100.751176 -88.773581 288.164384
37058.970344 -88.363756 288.164384
36981.349729 -89.181103 288.164384
36926.431361 -89.180495 288.164384
36875.802829 -88.974896 288.164384
36813.412284 -89.384437 288.164384
36761.921157 -89.178663 288.164384
36711.415074 -88.972603 288.164384
36652.451770 -89.177437 288.164384
36602.027319 -88.971069 288.164384
36543.145647 -89.176208 288.164384
36488.553810 -89.175592 288.164384
36434.002790 -89.174975 288.164384
36383.741604 -88.967986 288.164384
36325.023198 -89.173738 288.164384
36270.594627 -89.173118 288.164384
36212.902080 -89.379354 288.164384
36158.555141 -89.378888 288.164384
36111.802829 -88.964107 288.164384
36049.983712 -89.377953 288.164384
35999.064015 -89.170005 288.164384
35944.880341 -89.169380 288.164384
35887.432692 -89.376546 288.164384
35836.635443 -89.168126 288.164384
35782.574219 -89.167498 288.164384
41749.412843 67.666712 288.164384
42019.774987 67.118593 288.164384
41965.836211 67.103057 288.164384
41911.938252 67.087502 288.164384
42190.920882 66.542359 288.164384
42137.104555 66.526486 288.164384
42083.329045 66.510593 288.164384
41917.703534 66.671011 288.164384
42202.514787 66.127318 288.164384
42148.861725 66.111183 288.164384
42325.640699 65.745141 288.164384
42156.401548 65.903580 288.164384
42335.150607 65.538011 288.164384
42637.162014 65.000962 288.164384
42583.713035 64.984199 288.164384
42772.026806 64.622464 288.164384
42718.659459 64.605491 288.164384
42665.332928 64.588497 288.164384
42370.325280 64.916939 288.164384
42681.079622 64.382373 288.164384
42627.875541 64.365232 288.164384
42574.712275 64.348070 288.164384
42644.811359 64.159061 288.164384
42591.729726 64.141774 288.164384
42538.688910 64.124465 288.164384
42609.854669 63.935563 288.164384
42808.059683 63.576329 288.164384
42882.139753 63.388490 288.164384
42576.209553 63.711885 288.164384
42649.427030 63.523417 288.164384
42851.572214 63.165322 288.164384
42927.704002 62.977940 288.164384
42874.989716 62.959980 288.164384
42438.488254 63.452561 288.164384
42640.796703 63.093749 288.164384
42846.922874 62.736650 288.164384
42794.371854 62.718525 288.164384
42741.861650 62.700378 288.164384
42559.561145 62.851757 288.164384
43032.122399 62.158251 288.164384
42847.070848 62.307956 288.164384
42663.004340 62.458308 288.164384
42742.417787 62.271159 288.164384
42690.152481 62.252727 288.164384
42770.591787 62.065830 288.164384
42986.568384 61.711821 288.164384
42799.873278 61.860640 288.164384
42882.323486 61.674358 288.164384
42695.710013 61.823276 288.164384
43050.179029 61.302877 288.164384
42591.710013 61.785821 288.164384
42946.260662 61.264946 288.164384
42354.265256 61.916779 288.164384
42706.064859 61.393905 288.164384
42654.248532 61.374930 288.164384
42876.298650 61.022219 288.164384
42962.893110 60.836933 288.164384
42911.199232 60.817678 288.164384
42859.546171 60.798401 288.164384
43087.424912 60.448052 288.164384
42895.635878 60.593914 288.164384
42844.105265 60.574498 288.164384
42515.012936 60.887596 288.164384
43022.545929 60.205090 288.164384
42971.137765 60.185470 288.164384
42638.390980 60.496601 288.164384
42587.064449 60.477068 288.164384
42535.778735 60.457511 288.164384
42765.913276 60.106754 288.164384
42856.815253 59.922182 288.164384
42663.545929 60.067255 288.164384
42754.529539 59.882504 288.164384
42703.447906 59.862629 288.164384
42652.407090 59.842731 288.164384
42601.407090 59.822808 288.164384
42550.447906 59.802862 288.164384
42499.529539 59.782892 288.164384
42448.651988 59.762898 288.164384
42397.815253 59.742880 288.164384
42490.069620 59.557903 288.164384
42154.158174 59.868329 288.164384
42245.549947 59.682682 288.164384
42337.926763 59.497438 288.164384
42287.294110 59.477234 288.164384
42236.702273 59.457007 288.164384
41759.833076 59.934413 288.164384
42279.635560 59.251653 288.164384
42229.166172 59.231289 288.164384
42034.743089 59.375854 288.164384
42273.288583 59.026034 288.164384
41648.852051 59.666995 288.164384
42318.518486 58.820995 288.164384
42415.080370 58.636876 288.164384
42218.028690 58.779748 288.164384
42021.962053 58.923287 288.164384
41971.819196 58.902664 288.164384
42214.427309 58.553940 288.164384
41871.655930 58.861344 288.164384
41821.635522 58.840647 288.164384
41771.655930 58.819925 288.164384
41289.733620 59.296342 288.164384
41239.835661 59.275762 288.164384
41621.962053 58.757611 288.164384
41283.212477 59.068037 288.164384
41522.370216 58.715944 288.164384
41040.651988 59.193192 288.164384
41422.941644 58.674176 288.164384
41519.171547 58.488250 288.164384
41034.743089 58.964189 288.164384
41129.166172 58.777049 288.164384
41224.574298 58.590340 288.164384
40886.151252 58.901578 288.164384
40980.696784 58.714171 288.164384
41222.110323 58.361822 288.164384
41172.742976 58.340663 288.164384
40977.533481 58.484978 288.164384
41220.957921 58.133294 288.164384
40879.002869 58.442655 288.164384
40975.681751 58.255770 288.164384
40491.702273 58.733500 288.164384
40731.513073 58.378979 288.164384
40828.314404 58.191832 288.164384
40488.451886 58.502927 288.164384
40584.390624 58.315072 288.164384
40828.141595 57.962205 288.164384
40486.513073 58.272339 288.164384
40730.345677 57.919175 288.164384
40681.508942 57.897622 288.164384
40632.713023 57.876043 288.164384
41030.104850 57.360753 288.164384
41131.994660 57.175525 288.164384
41083.321191 57.153635 288.164384
40585.708930 57.624126 288.164384
40685.832736 57.437561 288.164384
40637.281716 57.415707 288.164384
40738.431381 57.229520 288.164384
40391.586481 57.536894 288.164384
40641.533422 57.185567 288.164384
40593.145667 57.163551 288.164384
40695.402824 56.977578 288.164384
40496.492606 57.119441 288.164384
40149.851787 57.427264 288.164384
39661.145726 57.904903 288.164384
39612.962053 57.883052 288.164384
39710.702160 57.693891 288.164384
39516.717155 57.839271 288.164384
39761.366085 57.483145 288.164384
39861.117093 57.294835 288.164384
28177.908861 -89.530942 288.164384
28139.884461 -88.826495 288.164384
28082.072126 -89.530143 288.164384
39818.159267 57.040170 288.164384
39621.627297 57.183745 288.164384
39573.851787 57.161446 288.164384
27896.553810 -89.057134 288.164384
27845.555141 -89.292217 288.164384
27801.206872 -89.055518 288.164384
27753.594627 -89.054708 288.164384
27706.023198 -89.053897 288.164384
27655.187794 -89.289785 288.164384
39689.545681 56.507380 288.164384
39491.492606 56.649862 288.164384
39594.688538 56.461982 288.164384
39098.341583 56.936973 288.164384
38756.416445 57.249476 288.164384
38418.309029 57.564734 288.164384
38661.885833 57.204437 288.164384
39057.996002 56.679647 288.164384
39160.492606 56.490690 288.164384
38667.223228 56.968505 288.164384
39216.892619 56.279296 288.164384
39019.247708 56.422061 288.164384
39122.851803 56.233351 288.164384
39075.892619 56.210336 288.164384
39028.974252 56.187294 288.164384
38831.492606 56.330170 288.164384
38634.996002 56.473773 288.164384
38439.484440 56.618106 288.164384
38691.104850 56.260960 288.164384
38494.730695 56.404648 288.164384
38004.742976 56.886054 288.164384
37958.110323 56.863103 288.164384
37911.518486 56.840123 288.164384
37864.967466 56.817115 288.164384
37383.641048 57.305179 288.164384
37481.166172 57.111212 288.164384
37290.743089 57.259388 288.164384
36959.198990 57.580853 288.164384
37198.008395 57.213483 288.164384
37440.635522 56.848483 288.164384
37540.253180 56.655266 288.164384
37494.028690 56.632031 288.164384
37301.962053 56.778956 288.164384
36966.885946 57.098219 288.164384
37064.778417 56.903436 288.164384
37018.717192 56.880207 288.164384
36972.696784 56.856948 288.164384
36926.717192 56.833660 288.164384
36736.783905 56.982233 288.164384
36405.729602 57.304874 288.164384
36789.023315 56.763622 288.164384
36172.894300 57.432577 288.164384
36697.431478 56.716785 288.164384
36364.651988 57.038396 288.164384
36606.002907 56.669831 288.164384
36705.288583 56.474669 288.164384
36659.676338 56.451058 288.164384
36614.104910 56.427418 288.164384
36714.457262 56.232609 288.164384
36668.967466 56.208851 288.164384
35482.893110 57.574330 288.164384
35858.137765 57.024690 288.164384
35954.876477 56.827023 288.164384
36196.594743 56.457079 288.164384
35864.264232 56.779725 288.164384
35962.069620 56.582407 288.164384
35773.815253 56.732307 288.164384
35728.651988 56.708553 288.164384
35826.579824 56.510960 288.164384
35638.447906 56.660955 288.164384
35593.407090 56.637111 288.164384
35691.457375 56.439242 288.164384
35361.341847 56.764090 288.164384
35458.529539 56.565398 288.164384
35413.651988 56.541433 288.164384
35655.860050 56.169655 288.164384
35324.019335 56.493411 288.164384
35422.314518 56.294989 288.164384
34951.282055 56.796245 288.164384
35189.876477 56.421151 288.164384
34861.975933 56.748232 288.164384
24359.133544 -88.234037 288.164384
35199.151252 56.173942 288.164384
34869.484704 56.499821 288.164384
35110.171661 56.125308 288.164384
34922.692804 56.275801 288.164384
34454.819551 56.780525 288.164384
34977.008395 56.052126 288.164384
34647.545929 56.378468 288.164384
34462.118790 56.530647 288.164384
34701.162192 56.153827 288.164384
33818.505560 57.195882 288.164384
34329.567770 56.457558 288.164384
33458.323486 57.509204 288.164384
34241.404504 56.408675 288.164384
34057.166490 56.561837 288.164384
33873.913518 56.715828 288.164384
33554.260662 57.050632 288.164384
23607.317218 -88.206128 288.164384
23578.567696 -87.691941 288.164384
23519.643749 -88.202787 288.164384
23499.946009 -87.431037 288.164384
23422.431814 -87.169266 288.164384
23204.574671 -87.155998 288.164384
23171.984294 -86.895026 288.164384
23074.350181 -87.147977 288.164384
23041.882253 -86.886264 288.164384
24529.598876 74.216664 288.164384
24545.572204 73.960646 288.164384
25650.279277 69.927094 288.164384
25607.320094 69.909539 288.164384
27358.903819 65.193127 288.164384
27411.865237 64.956545 288.164384
28485.576108 62.610763 288.164384
29441.299507 60.755020 288.164384
29748.380251 60.134348 288.164384
31983.139812 56.673282 288.164384
32075.962818 56.464507 288.164384
34941.547183 52.927051 288.164384
35685.023745 52.069510 288.164384
35483.370593 52.207646 288.164384
37926.536136 49.784971 288.164384
39659.212201 48.248674 288.164384
40727.193764 47.348421 288.164384
43407.954672 45.375765 288.164384
45004.784598 44.291972 288.164384
45592.749534 43.878278 288.164384
45129.359296 44.107404 288.164384
45720.238544 43.695477 288.164384
45255.041486 43.923346 288.164384
45848.835045 43.513186 288.164384
46020.600262 43.359162 288.164384
45764.671780 43.457691 288.164384
45722.651371 43.429905 288.164384
45894.539038 43.275825 288.164384
45002.796588 43.756602 288.164384
46025.513787 43.094475 288.164384
45768.845160 43.192259 288.164384
45727.028833 43.164353 288.164384
45900.064808 43.010781 288.164384
45858.330114 42.982832 288.164384
45601.824752 43.080481 288.164384
45560.171691 43.052472 288.164384
45304.692188 43.150637 288.164384
45907.555212 42.745774 288.164384
45866.024600 42.717707 288.164384
46917.476752 42.073441 288.164384
46217.429925 42.413304 288.164384
47056.040677 41.895814 288.164384
46793.252262 41.989180 288.164384
47195.712095 41.718712 288.164384
47601.989649 41.450553 288.164384
47560.744751 41.422421 288.164384
48197.967269 41.038542 288.164384
48156.804004 41.010409 288.164384
48343.712207 40.864826 288.164384
47171.919575 41.429308 288.164384
47130.878759 41.401040 288.164384
47765.472680 41.015569 288.164384
46381.823691 41.706692 288.164384
45900.895865 41.922679 288.164384
46079.550930 41.771776 288.164384
46038.714195 41.743325 288.164384
45125.453171 42.208136 288.164384
44868.942359 42.304375 288.164384
45260.683721 42.026819 288.164384
45220.010251 41.998227 288.164384
44962.677661 42.093767 288.164384
44491.518629 42.315201 288.164384
45098.234741 41.912296 288.164384
45057.724537 41.883600 288.164384
45453.487702 41.608457 288.164384
45413.059130 41.579739 288.164384
45372.671375 41.550995 288.164384
45551.857052 41.399947 288.164384
45292.018314 41.493430 288.164384
44815.520455 41.710886 288.164384
44775.295965 41.682010 288.164384
43873.977902 42.152774 288.164384
19720.655787 -89.719659 288.164384
19684.330651 -89.158174 288.164384
19657.016482 -88.314997 288.164384
19623.133544 -88.032363 288.164384
19349.290416 -86.601799 288.164384
19151.433274 -86.584270 288.164384
19082.241165 -87.434224 288.164384
19042.833002 -87.431569 288.164384
19003.465655 -87.428908 288.164384
18949.031504 -87.997656 288.164384
18924.853410 -87.423570 288.164384
18870.500891 -87.993493 288.164384
18825.159339 -88.278159 288.164384
18799.215242 -87.702359 288.164384
18760.092793 -87.699963 288.164384
18721.011160 -87.697562 288.164384
18681.970344 -87.695156 288.164384
18680.739396 -86.541453 288.164384
197138.792980 17.875377 288.164384
200015.173329 17.722860 288.164384
198807.343613 17.759130 288.164384
198768.506878 17.741645 288.164384
18430.170176 -88.549902 288.164384
18387.166055 -88.838610 288.164384
18352.700788 -88.546844 288.164384
18309.778300 -88.836158 288.164384
18280.587910 -88.252693 288.164384
18226.888453 -89.416787 288.164384
18224.690145 -87.374512 288.164384
18148.410889 -89.707768 288.164384
18109.941501 -89.707457 288.164384
18071.040816 90.000000 288.164384
18032.653061 90.000000 288.164384
17994.778236 -89.706523 288.164384
17960.249018 -89.118692 288.164384
17917.734694 90.000000 288.164384
17883.759222 -89.116809 288.164384
17843.214983 89.410550 288.164384
17803.183673 90.000000 288.164384
17765.553746 89.704636 288.164384
17727.020408 90.000000 288.164384
17689.000000 90.000000 288.164384
17651.492521 -89.703683 288.164384
17932.230124 82.333474 288.164384
17870.254394 82.617171 288.164384
17832.397251 82.609295 288.164384
17818.658695 82.308934 288.164384
17756.805414 82.593492 288.164384
17719.070720 82.585566 288.164384
17705.454613 82.284236 288.164384
17692.823549 81.982683 288.164384
17582.977992 82.856080 288.164384
17617.639876 81.965482 288.164384
17444.140676 83.727973 288.164384
17470.386155 82.832976 288.164384
17432.937176 82.825242 288.164384
17520.638998 81.341896 288.164384
17664.563101 79.575360 288.164384
17842.520168 77.824837 288.164384
17884.549464 77.236403 288.164384
17888.378410 76.935807 288.164384
17810.100484 77.209303 288.164384
17693.622209 77.772926 288.164384
17509.200457 78.922977 288.164384
17507.527310 78.619102 288.164384
17435.078008 78.899158 288.164384
17363.613748 79.180372 288.164384
17326.654564 79.168699 288.164384
17256.216163 79.451342 288.164384
17219.338612 79.439923 288.164384
17001.210426 81.209596 288.164384
16886.515838 82.098190 288.164384
16553.745789 87.857619 288.164384
16493.897959 90.000000 288.164384
16487.439732 -87.546468 288.164384
16421.063950 -89.692782 288.164384
16451.984294 -86.314322 288.164384
16347.921093 89.692095 288.164384
16311.410889 89.691751 288.164384
16282.023198 88.765801 288.164384
16242.289835 89.073251 288.164384
16239.894227 87.218576 288.164384
190688.542487 16.927334 288.164384
190078.618884 16.935665 288.164384
190615.971058 16.891464 288.164384
192883.658752 16.769448 288.164384
192847.475079 16.751602 288.164384
198050.371874 16.504518 288.164384
196843.429215 16.537246 288.164384
197392.316186 16.494363 288.164384
16084.201900 83.467090 288.164384
16089.768266 82.843040 288.164384
16099.152353 82.219279 288.164384
16017.931531 82.826925 288.164384
16129.373692 80.973216 288.164384
16093.557365 80.963093 288.164384
16057.781855 80.952948 288.164384
16049.901837 80.635904 288.164384
16167.644734 79.097798 288.164384
16131.991673 79.085610 288.164384
16164.363722 78.465317 288.164384
16128.792293 78.452430 288.164384
16202.319819 77.530447 288.164384
16205.071189 77.214600 288.164384
16208.807601 76.898816 288.164384
16296.620970 75.983161 288.164384
16261.253623 75.967614 288.164384
16312.795913 75.353991 288.164384
16277.510199 75.337769 288.164384
16332.911026 74.725520 288.164384
16344.446146 74.411593 288.164384
16309.282881 74.394370 288.164384
16420.043396 73.489447 288.164384
16486.938204 72.883398 288.164384
16557.650734 72.279873 288.164384
16469.301948 72.552674 288.164384
16597.221802 71.659018 288.164384
16675.610591 71.060310 288.164384
16757.817102 70.464477 288.164384
16843.841334 69.871627 288.164384
16933.683288 69.281864 288.164384
16898.928186 69.259589 288.164384
17058.252406 68.391691 288.164384
17023.578936 68.368589 288.164384
17055.514238 68.065264 288.164384
17226.291622 67.207225 288.164384
17333.374548 66.631785 288.164384
17157.230398 67.158809 288.164384
17409.805807 66.034781 288.164384
17375.377235 66.009559 288.164384
17566.187454 65.170295 288.164384
17608.794959 64.875142 288.164384
17891.748875 63.783204 288.164384
17939.159144 63.492512 288.164384
18071.118484 62.941190 288.164384
18036.934811 62.913465 288.164384
18172.752688 62.365800 288.164384
18312.388288 61.822270 288.164384
18455.841608 61.282925 288.164384
18421.821200 61.253949 288.164384
18569.133059 60.718459 288.164384
18627.256348 60.437531 288.164384
18686.364680 60.157486 288.164384
18841.352798 59.630255 288.164384
19000.158638 59.107395 288.164384
18966.383128 59.076880 288.164384
19030.375856 58.801574 288.164384
19295.529604 58.043756 288.164384
19261.876543 58.012542 288.164384
19535.609960 57.264806 288.164384
19606.375538 56.996692 288.164384
19784.351618 56.495539 288.164384
19966.145420 55.998921 288.164384
20601.208664 54.602564 288.164384
20798.191719 54.124639 288.164384
20534.433154 54.536391 288.164384
20848.109790 53.837267 288.164384
20698.212127 54.024617 288.164384
20781.579178 53.770259 288.164384
21103.876300 53.081139 288.164384
21191.101889 52.831151 288.164384
21157.979440 52.797154 288.164384
21246.230887 52.548076 288.164384
21335.467377 52.300035 288.164384
21928.017304 51.214411 288.164384
22023.000785 50.973075 288.164384
21862.139753 51.145058 288.164384
22215.922874 50.493536 288.164384
22313.861483 50.255336 288.164384
22412.785134 50.018185 288.164384
22512.693828 49.782084 288.164384
22748.139812 49.348412 288.164384
22987.403519 48.919242 288.164384
22682.833690 49.277603 288.164384
23477.384096 48.074316 288.164384
23444.833076 48.038598 288.164384
23695.590763 47.622696 288.164384
23806.171661 47.398452 288.164384
23488.586745 47.740460 288.164384
23885.349845 47.139251 288.164384
23997.941644 46.917029 288.164384
24258.345677 46.511909 288.164384
24522.567430 46.111147 288.164384
24640.002810 45.894249 288.164384
