97507.548829 58.714883 317.753425
96987.537976 58.917296 317.753425
96690.877461 59.012135 317.753425
96614.734603 58.998577 317.753425
760986.906328 17.773358 317.753425
95806.806169 59.298398 317.753425
761976.866411 17.741732 317.753425
96974.834544 58.619338 317.753425
97346.459037 58.390232 317.753425
96822.997809 58.591943 317.753425
96970.450187 58.470346 317.753425
96227.537976 58.781072 317.753425
96595.548829 58.550770 317.753425
96076.027772 58.753698 317.753425
96667.429779 58.415278 317.753425
95704.203991 58.835047 317.753425
96516.164473 58.387680 317.753425
95994.918228 58.590251 317.753425
95697.966548 58.685074 317.753425
95401.999910 58.780191 317.753425
95768.448841 58.548899 317.753425
95693.040677 58.535093 317.753425
95617.673330 58.521276 317.753425
96212.275363 58.182769 317.753425
95912.735901 58.276852 317.753425
95614.181482 58.371229 317.753425
95095.191037 58.574711 317.753425
95687.123656 58.235112 317.753425
95388.691686 58.329535 317.753425
95091.244759 58.424253 317.753425
94354.773416 58.737867 317.753425
95163.569237 58.287742 317.753425
95311.919575 58.165326 317.753425
94791.326392 58.368570 317.753425
95386.377404 58.029074 317.753425
94863.977401 58.231865 317.753425
94789.181482 58.217868 317.753425
95161.989649 57.986927 317.753425
94863.021616 58.081221 317.753425
95012.601894 57.958773 317.753425
94268.040677 58.270701 317.753425
94415.814135 58.147718 317.753425
94788.826383 57.916460 317.753425
94044.387616 58.228590 317.753425
94639.846792 57.888196 317.753425
94341.164473 57.982594 317.753425
93821.101902 58.186380 317.753425
93969.120258 58.063172 317.753425
93894.814135 58.049042 317.753425
94043.858350 57.925991 317.753425
93746.324339 58.020748 317.753425
93895.450187 57.897622 317.753425
92714.201988 58.430961 317.753425
93523.895768 57.978223 317.753425
92785.571338 58.292710 317.753425
93823.377404 57.731944 317.753425
93301.834544 57.935597 317.753425
93451.205289 57.812247 317.753425
93153.997809 57.907123 317.753425
93080.140666 57.892870 317.753425
93006.324339 57.878604 317.753425
93155.858350 57.755104 317.753425
93082.123656 57.740790 317.753425
92785.120258 57.835741 317.753425
92711.467197 57.821431 317.753425
92194.068588 58.026555 317.753425
92787.593044 57.683421 317.753425
92046.966548 57.997984 317.753425
92640.572636 57.654668 317.753425
92567.123656 57.640275 317.753425
92493.715493 57.625870 317.753425
92420.348146 57.611454 317.753425
92123.712095 57.706537 317.753425
92273.735901 57.582587 317.753425
91977.181482 57.677699 317.753425
92127.286922 57.553674 317.753425
92054.123656 57.539200 317.753425
92205.254955 57.415340 317.753425
91462.244759 57.729819 317.753425
92059.132506 57.386283 317.753425
91761.878759 57.481190 317.753425
91465.610054 57.576403 317.753425
91616.001208 57.452115 317.753425
91319.814135 57.547358 317.753425
91694.540669 57.313440 317.753425
91397.491003 57.408417 317.753425
91101.426380 57.503703 317.753425
91252.021616 57.379227 317.753425
90733.673330 57.584738 317.753425
91330.969241 57.240307 317.753425
90810.814135 57.445333 317.753425
90294.476752 57.651532 317.753425
91113.316179 57.196287 317.753425
91040.846792 57.181591 317.753425
90298.489657 57.497130 317.753425
90448.467197 57.372108 317.753425
90376.120258 57.357428 317.753425
90303.814135 57.342736 317.753425
90679.112098 57.107932 317.753425
90159.324339 57.313316 317.753425
90087.140666 57.298589 317.753425
89792.632514 57.394387 317.753425
89720.530473 57.379662 317.753425
90094.144065 57.144021 317.753425
89576.448841 57.350177 317.753425
89504.469249 57.335417 317.753425
89878.205289 57.099585 317.753425
90030.561077 56.974605 317.753425
89734.450187 57.069901 317.753425
89662.633861 57.055041 317.753425
89815.112098 56.929950 317.753425
89743.377404 56.915041 317.753425
89447.429779 57.010391 317.753425
89375.776718 56.995483 317.753425
89080.854952 57.091162 317.753425
89009.283523 57.076257 317.753425
88715.387616 57.172267 317.753425
88422.476752 57.268595 317.753425
88794.814135 57.031468 317.753425
88723.405972 57.016514 317.753425
88875.348146 56.890796 317.753425
88580.712095 56.986571 317.753425
88065.640017 57.194027 317.753425
88661.491003 56.845750 317.753425
88590.286922 56.830710 317.753425
88295.814135 56.926539 317.753425
88224.691686 56.911501 317.753425
88376.919575 56.785519 317.753425
88082.569237 56.881388 317.753425
87789.203943 56.977578 317.753425
87056.814232 57.298081 317.753425
87869.691686 56.836128 317.753425
87576.448841 56.932359 317.753425
87284.191037 57.028913 317.753425
61366.616365 -89.523233 317.753425
61292.084358 -89.840983 317.753425
61222.786412 -89.681784 317.753425
61154.473508 -89.522407 317.753425
61080.063950 -89.840707 317.753425
61020.802829 -89.203124 317.753425
60940.337432 -89.681048 317.753425
60869.827228 -89.680863 317.753425
60797.469388 90.000000 317.753425
60727.040816 90.000000 317.753425
60657.125174 89.840153 317.753425
60593.859933 -89.360265 317.753425
60523.553810 -89.359893 317.753425
60449.983712 -89.519632 317.753425
60383.064015 -89.359149 317.753425
60309.575549 -89.519073 317.753425
60237.072126 -89.679191 317.753425
60166.970085 -89.679005 317.753425
60102.574219 -89.357655 317.753425
60029.249018 -89.517952 317.753425
59962.574219 -89.356906 317.753425
59889.330651 -89.517389 317.753425
59845.398915 -88.712472 317.753425
59106.125691 -88.218474 317.753425
59036.717528 -88.217427 317.753425
58978.208784 -88.054350 317.753425
58908.882253 -88.053206 317.753425
58828.737936 -88.214278 317.753425
58770.351641 -88.050912 317.753425
58631.984294 -88.048612 317.753425
58562.861845 -88.047460 317.753425
58493.780212 -88.046307 317.753425
58394.996267 -88.533616 317.753425
58355.739396 -88.043997 317.753425
58286.780212 -88.042840 317.753425
58207.003242 -88.204763 317.753425
58104.133544 -88.856677 317.753425
58059.374581 -88.365939 317.753425
58011.351641 -88.038197 317.753425
57921.823560 -88.363999 317.753425
57844.139125 -88.526648 317.753425
57775.465655 -88.525773 317.753425
57736.576131 -88.033533 317.753425
57657.125691 -88.196220 317.753425
57520.064467 -88.194071 317.753425
57441.680703 -88.357174 317.753425
57257.290416 -88.025316 317.753425
57031.721519 -88.351278 317.753425
56954.567696 -88.515184 317.753425
56916.167967 -88.019405 317.753425
56818.322798 -88.513405 317.753425
56769.146100 -88.182163 317.753425
56711.984294 -88.015842 317.753425
56283.946009 -88.340359 317.753425
56236.984294 -88.007476 317.753425
56158.431814 -88.172302 317.753425
55966.453682 -88.002665 317.753425
55898.923069 -88.001458 317.753425
55831.433274 -88.000250 317.753425
55763.984294 -87.999040 317.753425
55541.109274 -88.329294 317.753425
55464.853410 -88.495372 317.753425
55397.608512 -88.494459 317.753425
55339.374581 -88.326251 317.753425
55255.215242 -88.660050 317.753425
55188.092793 -88.659235 317.753425
55138.007234 -88.323197 317.753425
55070.966417 -88.322176 317.753425
55024.739396 -87.985639 317.753425
54946.921610 -88.152255 317.753425
54890.861845 -87.983183 317.753425
54794.241165 -88.486190 317.753425
54727.404431 -88.485266 317.753425
54690.351641 -87.979487 317.753425
54623.596539 -87.978253 317.753425
54519.113201 -88.651033 317.753425
54469.435805 -88.312934 317.753425
54412.717528 -88.143204 317.753425
54356.984294 -87.973298 317.753425
54290.433274 -87.972056 317.753425
54223.923069 -87.970812 317.753425
54127.710553 -88.476896 317.753425
54061.281982 -88.475960 317.753425
53994.894227 -88.475024 317.753425
53937.517438 -88.304634 317.753425
53881.125691 -88.134064 317.753425
53804.946009 -88.302546 317.753425
53729.751369 -88.471265 317.753425
53693.310825 -87.960806 317.753425
53627.167967 -87.959548 317.753425
53550.207324 -88.128305 317.753425
53495.004702 -87.957028 317.753425
53418.125691 -88.125992 317.753425
53352.146100 -88.124833 317.753425
53165.310825 -87.950701 317.753425
53088.635896 -88.120183 317.753425
52825.778753 -88.115511 317.753425
52771.025110 -87.943056 317.753425
52705.453682 -87.941776 317.753425
52629.064467 -88.111991 317.753425
52574.433274 -87.939212 317.753425
52508.984294 -87.937928 317.753425
52413.833002 -88.452189 317.753425
52340.439732 -88.623238 317.753425
52283.139125 -88.450255 317.753425
52217.853410 -88.449286 317.753425
52152.608512 -88.448316 317.753425
52087.404431 -88.447345 317.753425
52014.215242 -88.618927 317.753425
51957.118716 -88.445399 317.753425
51892.037084 -88.444424 317.753425
51856.739396 -87.924994 317.753425
51770.966417 -88.269512 317.753425
51715.921610 -88.095389 317.753425
51632.118716 -88.440513 317.753425
51576.211315 -88.266247 317.753425
51494.378507 -88.611972 317.753425
51429.582589 -88.611098 317.753425
51357.745789 -88.783889 317.753425
51293.031504 -88.783122 317.753425
51228.358034 -88.782354 317.753425
51170.807078 -88.607590 317.753425
51099.133544 -88.780815 317.753425
51034.582524 -88.780044 317.753425
50985.179941 -88.430647 317.753425
50905.602932 -88.778499 317.753425
50841.174361 -88.777725 317.753425
50783.868303 -88.602294 317.753425
50712.439667 -88.776175 317.753425
50672.211315 -88.250845 317.753425
50590.949936 -88.599631 317.753425
50526.725446 -88.598741 317.753425
50470.567696 -88.422665 317.753425
50391.317218 -88.772281 317.753425
50327.215177 -88.771499 317.753425
50270.235650 -88.595170 317.753425
50199.133544 -88.769932 317.753425
50142.235650 -88.593378 317.753425
50078.296874 -88.592480 317.753425
50007.317218 -88.767575 317.753425
49950.541772 -88.590681 317.753425
49879.643749 -88.765999 317.753425
49815.868238 -88.765209 317.753425
49759.215242 -88.587973 317.753425
49703.547288 -88.410538 317.753425
49631.868303 -88.586163 317.753425
49576.281982 -88.408498 317.753425
49491.465461 -88.938166 317.753425
49441.154017 -88.583438 317.753425
49370.582524 -88.759652 317.753425
49300.996073 -88.936117 317.753425
49237.587910 -88.935432 317.753425
49187.439732 -88.579788 317.753425
49117.031504 -88.756454 317.753425
49034.861263 -89.466640 317.753425
48979.170176 -89.110538 317.753425
48911.717076 -89.287950 317.753425
48852.802829 -89.109388 317.753425
48794.873625 -88.930613 317.753425
48722.349729 -89.286568 317.753425
48653.643555 -89.643039 317.753425
48635.966417 -88.214593 317.753425
48573.007234 -88.213436 317.753425
48510.088866 -88.212277 317.753425
48401.888453 -89.642112 317.753425
48339.051718 -89.641879 317.753425
48281.921157 -89.283321 317.753425
48212.084358 -89.820705 317.753425
48149.370072 89.820588 317.753425
48088.112942 -89.640946 317.753425
48024.063950 89.820354 317.753425
47961.472113 89.820237 317.753425
47898.448980 90.000000 317.753425
47837.827228 89.640008 317.753425
47803.684630 -88.559376 317.753425
47715.289835 -89.459315 317.753425
47671.786606 -88.737742 317.753425
47586.778236 89.819531 317.753425
47524.472113 -89.819412 317.753425
47463.623146 89.638592 317.753425
47407.064015 89.276738 317.753425
47349.129359 89.095356 317.753425
47286.986502 89.094762 317.753425
47224.884461 89.094167 317.753425
47162.823237 89.093571 317.753425
47093.249018 89.455755 317.753425
47038.823237 89.092377 317.753425
46972.635443 89.273401 317.753425
46914.986502 89.091180 317.753425
46858.322604 88.908736 317.753425
46791.313033 89.089979 317.753425
46734.730767 88.907294 317.753425
46672.996073 88.906571 317.753425
46632.547288 88.359021 317.753425
46555.786606 88.722700 317.753425
46518.252132 88.174392 317.753425
46447.710553 88.355758 317.753425
46386.179941 88.354668 317.753425
46343.574671 87.987977 317.753425
46292.984294 87.803781 317.753425
46231.576131 87.802322 317.753425
46159.350181 87.983965 317.753425
46120.685082 87.616218 317.753425
46059.399368 87.614632 317.753425
46010.901525 87.429669 317.753425
45949.697443 87.427957 317.753425
45875.787123 87.609861 317.753425
45792.003242 87.975891 317.753425
45766.330096 87.422806 317.753425
45680.739396 87.789105 317.753425
45657.980561 87.235306 317.753425
45643.760580 86.681282 317.753425
45600.310399 86.495014 317.753425
45489.860967 87.045385 317.753425
45429.024232 87.043406 317.753425
45383.808048 86.856873 317.753425
45307.473212 87.039439 317.753425
45278.862621 86.667921 317.753425
45201.665191 86.850540 317.753425
45157.556498 86.663444 317.753425
45132.845261 86.291207 317.753425
45072.294241 86.288713 317.753425
44993.371624 86.471423 317.753425
44970.671288 86.098461 317.753425
44910.242717 86.095833 317.753425
44849.854961 86.093201 317.753425
44789.508023 86.090566 317.753425
44792.937176 85.531183 317.753425
44732.671870 85.528168 317.753425
44650.258062 85.710890 317.753425
44590.074388 85.707991 317.753425
44529.931531 85.705088 317.753425
44492.018808 85.516065 317.753425
44479.168899 85.140837 317.753425
44349.747858 85.696355 317.753425
44410.157120 84.761974 317.753425
44299.230124 85.130955 317.753425
44290.320385 84.754872 317.753425
44257.373692 84.564965 317.753425
44197.557365 84.561277 317.753425
44110.871405 84.744184 317.753425
44078.047161 84.553887 317.753425
43965.476611 84.923998 317.753425
44045.096929 83.986261 317.753425
43985.484684 83.982172 317.753425
43925.913256 83.978078 317.753425
43897.069998 83.787116 317.753425
43869.211784 83.596030 317.753425
43778.131223 83.778648 317.753425
43688.035705 83.961645 317.753425
43628.668358 83.957523 317.753425
43664.236571 83.391328 317.753425
43604.950857 83.386817 317.753425
43513.130151 83.569770 317.753425
43554.486171 83.003015 317.753425
43530.731392 82.810951 317.753425
43436.200457 82.993446 317.753425
43377.118824 82.988652 317.753425
43318.078008 82.983852 317.753425
43294.486494 82.791260 317.753425
43235.527310 82.786320 317.753425
43212.961656 82.593492 317.753425
43154.084105 82.588413 317.753425
43095.247370 82.583327 317.753425
43151.174948 82.014436 317.753425
42977.696350 82.573134 317.753425
43033.705560 82.003473 317.753425
42860.308595 82.562913 317.753425
42916.399438 81.992480 317.753425
42897.937219 81.798752 317.753425
42839.386198 81.793110 317.753425
42863.967909 81.411056 317.753425
42763.480451 81.593385 317.753425
42747.069950 81.399231 317.753425
42646.664124 81.581795 317.753425
42717.204076 81.010712 317.753425
42703.748703 80.816355 317.753425
42691.278373 80.621938 317.753425
42542.408158 80.992110 317.753425
42621.609412 80.420875 317.753425
42426.081627 80.979666 317.753425
42412.830336 80.784639 317.753425
42447.303289 80.401041 317.753425
42389.282881 80.394412 317.753425
42427.614372 80.010884 317.753425
42419.247478 79.815742 317.753425
42263.149983 80.185667 317.753425
42303.492376 79.801669 317.753425
42296.192156 79.606223 317.753425
42187.900539 79.787558 317.753425
42284.546846 79.215241 317.753425
42226.852968 79.207788 317.753425
42276.841706 78.824170 317.753425
42219.229461 78.816449 317.753425
42001.611674 79.374049 317.753425
42215.546124 78.425057 317.753425
41992.344612 78.981674 317.753425
41989.188645 78.785459 317.753425
42043.199185 78.401028 317.753425
41985.831838 78.392997 317.753425
42102.715061 77.821143 317.753425
41986.415203 78.000521 317.753425
41929.170305 77.992210 317.753425
41930.980367 77.795845 317.753425
41814.802958 77.975555 317.753425
41937.555620 77.403152 317.753425
41759.613020 77.770444 317.753425
41885.279994 77.197978 317.753425
41828.279994 77.189110 317.753425
41834.111859 76.992549 317.753425
41531.694653 77.736412 317.753425
41784.051217 76.786873 317.753425
41727.214482 76.777714 317.753425
41800.721794 76.393654 317.753425
41878.046827 76.010286 317.753425
41753.820360 76.187551 317.753425
41697.146891 76.177981 317.753425
41708.026419 75.981220 317.753425
41719.890989 75.784511 317.753425
41594.883562 75.961776 317.753425
41676.230398 75.577882 317.753425
41414.391789 76.129936 317.753425
41493.931805 75.745041 317.753425
41648.578629 75.174257 317.753425
41520.942605 75.350749 317.753425
41535.925568 75.153704 317.753425
41408.371176 75.330404 317.753425
41281.801827 75.507647 317.753425
41367.252099 75.122770 317.753425
41311.109242 75.112430 317.753425
41327.240513 74.914931 317.753425
41493.544583 74.344646 317.753425
41437.524175 74.333796 317.753425
41306.478592 74.509428 317.753425
41176.418052 74.685616 317.753425
41422.672510 73.928722 317.753425
41064.662950 74.664280 317.753425
41547.527730 73.349703 317.753425
41572.483569 73.153213 317.753425
41681.044252 72.772481 317.753425
41542.730573 72.945074 317.753425
41487.077512 72.933288 317.753425
41941.347471 71.818890 317.753425
41294.218263 73.094846 317.753425
41918.530590 71.611257 317.753425
42042.443792 71.234269 317.753425
41986.994812 71.221419 317.753425
42022.704488 71.026742 317.753425
41967.337141 71.013752 317.753425
43932.654902 67.446621 317.753425
44213.041639 66.912955 317.753425
44271.576011 66.725582 317.753425
44446.763148 66.367161 317.753425
44508.211831 66.180651 317.753425
44453.089382 66.164973 317.753425
44753.508953 65.638663 317.753425
44698.468137 65.622693 317.753425
44763.856991 65.437242 317.753425
45075.729726 64.915266 317.753425
45144.977118 64.731124 317.753425
45215.209553 64.547266 317.753425
45670.255022 63.865443 317.753425
45745.290221 63.683339 317.753425
45953.030032 63.337179 317.753425
46164.587564 62.992594 317.753425
46516.403519 62.487471 317.753425
46189.833690 62.794803 317.753425
46407.179029 62.452367 317.753425
46767.615469 61.950645 317.753425
46994.484704 61.612344 317.753425
47082.121375 61.434793 317.753425
47605.559302 60.782962 317.753425
47697.998738 60.607342 317.753425
47643.651799 60.588938 317.753425
48035.492606 60.101171 317.753425
47831.567430 60.238564 317.753425
48535.084550 59.444461 317.753425
48327.464102 59.579746 317.753425
48426.758019 59.406644 317.753425
48682.362206 59.080582 317.753425
48941.784115 58.756240 317.753425
49205.023745 58.433626 317.753425
49151.044154 58.414299 317.753425
49257.151737 58.243877 317.753425
49526.179174 57.923683 317.753425
49149.396635 58.205015 317.753425
49745.208006 57.585575 317.753425
49691.432496 57.565892 317.753425
49968.177008 57.248965 317.753425
50081.139074 57.081227 317.753425
50195.086181 56.913867 317.753425
49807.217825 57.189442 317.753425
50256.446903 56.726869 317.753425
50372.404913 56.560208 317.753425
50318.915117 56.540100 317.753425
50435.898985 56.373760 317.753425
50212.057974 56.499821 317.753425
50500.500549 56.187548 317.753425
50792.760846 55.877065 317.753425
50913.684885 55.712280 317.753425
50860.439987 55.691834 317.753425
50807.235906 55.671366 317.753425
50234.276060 56.085937 317.753425
50876.104171 55.486301 317.753425
50823.022538 55.465729 317.753425
50769.981722 55.445136 317.753425
51070.122360 55.137645 317.753425
50840.120744 55.260159 317.753425
50964.244809 55.096196 317.753425
50911.367258 55.075439 317.753425
50681.488091 55.198003 317.753425
50983.721263 54.890979 317.753425
50752.979503 55.013038 317.753425
50700.265217 54.992195 317.753425
51184.384402 54.543851 317.753425
50951.876638 54.664882 317.753425
50542.367258 54.929534 317.753425
51026.608892 54.480794 317.753425
51154.918025 54.318096 317.753425
50921.629300 54.438647 317.753425
50869.200729 54.417541 317.753425
50997.632311 54.254672 317.753425
50764.466035 54.375264 317.753425
51257.450603 53.930170 317.753425
50840.713944 54.191053 317.753425
50970.253017 54.028426 317.753425
50736.305780 54.148531 317.753425
50865.926487 53.985792 317.753425
50996.532236 53.823468 317.753425
50944.471011 53.802062 317.753425
51260.698862 53.500072 317.753425
51394.259739 53.339002 317.753425
50788.532236 53.737714 317.753425
50736.634277 53.716220 317.753425
51238.565862 53.274231 317.753425
51373.234230 53.113421 317.753425
51134.974025 53.230941 317.753425
51269.724026 53.070026 317.753425
51405.459070 52.909535 317.753425
51166.377087 53.026543 317.753425
51302.193764 52.865948 317.753425
51063.193414 52.982972 317.753425
50825.178107 53.100544 317.753425
51335.975075 52.662001 317.753425
51284.526096 52.640080 317.753425
51044.744784 52.756596 317.753425
50805.948516 52.873659 317.753425
50942.050907 52.712700 317.753425
51079.138340 52.552173 317.753425
51217.210817 52.392077 317.753425
51356.268335 52.232414 317.753425
50925.526096 52.486011 317.753425
51253.982621 52.188128 317.753425
51394.106815 52.028800 317.753425
51151.860172 52.143753 317.753425
51484.216052 51.847633 317.753425
51241.106815 51.962058 317.753425
50998.982621 52.077025 317.753425
50948.105070 52.054738 317.753425
51088.474162 51.895116 317.753425
50656.210817 52.147951 317.753425
50795.717315 51.987743 317.753425
51128.358909 51.691100 317.753425
50885.535387 51.805550 317.753425
51414.185571 51.373868 317.753425
51169.555229 51.487244 317.753425
50925.909929 51.601163 317.753425
50683.249672 51.715626 317.753425
50824.930338 51.556060 317.753425
50774.501766 51.533475 317.753425
50917.208290 51.374308 317.753425
51060.899857 51.215588 317.753425
51205.576467 51.057315 317.753425
51351.238119 50.899490 317.753425
51105.086671 51.011800 317.753425
51250.829956 50.853885 317.753425
51397.558283 50.696420 317.753425
50759.675367 51.079047 317.753425
51495.210428 50.516482 317.753425
51643.949657 50.359876 317.753425
51593.970066 50.336887 317.753425
51544.031290 50.313875 317.753425
51295.373694 50.424563 317.753425
51444.276188 50.267786 317.753425
51394.459862 50.244708 317.753425
51145.924714 50.355389 317.753425
51294.949657 50.198484 317.753425
51046.496143 50.309161 317.753425
51195.602719 50.152170 317.753425
51345.694337 49.995638 317.753425
51096.419045 50.105767 317.753425
51246.592296 49.949151 317.753425
50997.398637 50.059274 317.753425
50947.949657 50.035993 317.753425
50898.541494 50.012690 317.753425
50650.414510 50.123345 317.753425
50403.272569 50.234542 317.753425
50353.986854 50.211210 317.753425
50502.557367 50.053290 317.753425
50453.353286 50.029892 317.753425
50404.190020 50.006472 317.753425
50753.531072 49.715365 317.753425
50504.745576 49.825449 317.753425
50655.408623 49.668336 317.753425
50606.408623 49.644787 317.753425
50357.745576 49.754857 317.753425
50308.827208 49.731281 317.753425
49863.374609 49.976632 317.753425
50012.353286 49.818287 317.753425
50362.020868 49.526701 317.753425
50113.561902 49.636746 317.753425
49668.272569 49.882155 317.753425
50016.174147 49.589341 317.753425
50167.245358 49.431819 317.753425
50118.653521 49.408041 317.753425
50070.102501 49.384240 317.753425
50423.832702 49.094345 317.753425
49973.122909 49.336569 317.753425
49924.694337 49.312699 317.753425
49676.602719 49.422694 317.753425
49231.680732 49.668223 317.753425
49779.653521 49.240949 317.753425
49731.388215 49.216986 317.753425
49483.459862 49.326956 317.753425
49634.980052 49.168990 317.753425
49387.133331 49.278947 317.753425
49339.031290 49.254907 317.753425
49092.210428 49.365410 317.753425
48649.503425 49.612144 317.753425
48405.596875 49.724329 317.753425
47775.542582 50.112369 317.753425
47920.738903 49.950400 317.753425
48066.920265 49.788922 317.753425
48019.103939 49.764807 317.753425
47584.195644 50.016119 317.753425
47729.555229 49.853971 317.753425
47488.767072 49.967848 317.753425
46867.496531 50.361248 317.753425
47010.145886 50.197339 317.753425
46962.574458 50.173160 317.753425
47298.399725 49.871016 317.753425
47250.909929 49.846747 317.753425
27556.000000 90.000000 317.753425
27508.591837 90.000000 317.753425
46916.535387 49.912563 317.753425
46869.208856 49.888217 317.753425
46440.455715 50.143174 317.753425
46583.472417 49.978849 317.753425
46727.474162 49.815029 317.753425
27229.249018 -89.284252 317.753425
27185.431361 -89.044881 317.753425
27142.598747 -88.805128 317.753425
27106.888647 -88.325961 317.753425
45545.479128 50.395940 317.753425
45874.322014 50.088343 317.753425
45827.403647 50.063811 317.753425
45969.843470 49.898515 317.753425
45357.887292 50.297940 317.753425
46066.472417 49.709084 317.753425
45077.851576 50.391347 317.753425
26725.894033 -88.554970 317.753425
45358.377438 50.057520 317.753425
45311.744784 50.032833 317.753425
45453.526096 49.866649 317.753425
45406.975075 49.841890 317.753425
45360.464871 49.817106 317.753425
44938.193414 50.075956 317.753425
45267.566912 49.767461 317.753425
44845.377087 50.026345 317.753425
45174.832218 49.717714 317.753425
45128.526096 49.692803 317.753425
44706.458720 49.951736 317.753425
45036.036300 49.642902 317.753425
44614.050557 49.901868 317.753425
44567.907700 49.876896 317.753425
44709.234580 49.709580 317.753425
25990.153953 -88.290364 317.753425
25944.133544 -88.288848 317.753425
25886.823237 -88.776485 317.753425
25852.215177 -88.285807 317.753425
44479.336621 49.584095 317.753425
44246.050557 49.701361 317.753425
44576.036300 49.391859 317.753425
25649.983712 -89.262545 317.753425
25601.888453 -89.507909 317.753425
25561.859933 -89.015012 317.753425
25510.541514 -89.507029 317.753425
25470.594627 -89.013249 317.753425
25429.272217 -88.765525 317.753425
25379.492586 -89.011479 317.753425
25338.251808 -88.763309 317.753425
25282.888453 -89.504815 317.753425
25236.063950 -89.752180 317.753425
25190.696603 89.751957 317.753425
25145.370072 89.751734 317.753425
25101.500698 -89.503029 317.753425
25054.839460 -89.751285 317.753425
43893.689361 49.010424 317.753425
24964.472113 89.750836 317.753425
24918.877551 90.000000 317.753425
24874.268032 89.750384 317.753425
24828.755102 90.000000 317.753425
24788.004120 -89.249832 317.753425
24739.268032 89.749704 317.753425
24693.877551 90.000000 317.753425
24649.472113 89.749249 317.753425
24604.163265 90.000000 317.753425
24559.839460 -89.748792 317.753425
24514.612245 90.000000 317.753425
24471.786412 -89.496675 317.753425
24442.220563 -88.488957 317.753425
24418.833002 -87.732020 317.753425
24259.595079 -87.218576 317.753425
24188.256058 -87.974539 317.753425
24136.786606 -88.225919 317.753425
24086.302196 -88.477831 317.753425
24032.553810 -88.984153 317.753425
23997.730767 -88.475024 317.753425
23944.064015 -88.982277 317.753425
23894.214983 -89.490628 317.753425
23850.072126 -89.490157 317.753425
23821.077706 -88.469378 317.753425
23760.492521 89.744601 317.753425
23717.888453 -89.488738 317.753425
35161.366085 55.136053 317.753425
35117.427309 55.111085 317.753425
34926.702160 55.258824 317.753425
34304.978518 55.932304 317.753425
33977.894300 56.261271 317.753425
34217.386681 55.882730 317.753425
33750.166490 56.389981 317.753425
33155.044450 57.085367 317.753425
32841.342666 57.425560 317.753425
32531.458603 57.768998 317.753425
23272.710553 -87.676815 317.753425
23221.154017 -87.932774 317.753425
23194.660295 -87.414175 317.753425
23151.211315 -87.411748 317.753425
23128.576131 -86.892111 317.753425
23074.350181 -87.147977 317.753425
23021.109274 -87.404440 317.753425
22728.880793 -87.126366 317.753425
22675.966417 -87.384748 317.753425
22602.791992 -88.428659 317.753425
24790.608270 72.475575 317.753425
25991.748875 68.498528 317.753425
28592.745794 62.404042 317.753425
28658.063787 62.175547 317.753425
30106.714134 59.544065 317.753425
31714.979542 57.042702 317.753425
32075.962818 56.464507 317.753425
32866.137765 55.353441 317.753425
33397.635522 54.619073 317.753425
35167.999007 52.539434 317.753425
35440.860389 52.181002 317.753425
37369.935525 50.224175 317.753425
39074.325618 48.666848 317.753425
40497.377087 47.464745 317.753425
41593.767072 46.584147 317.753425
42133.576467 46.138791 317.753425
44504.753596 44.497058 317.753425
45297.225159 43.951046 317.753425
45890.977902 43.540896 317.753425
46062.702303 43.386890 317.753425
46451.167457 43.108342 317.753425
46193.350522 43.205714 317.753425
46367.085824 43.052839 317.753425
46759.450333 42.776606 317.753425
46283.167457 42.997237 317.753425
46457.969435 42.844903 317.753425
45983.656644 43.066603 317.753425
45088.259738 43.544852 317.753425
45685.253323 43.136421 317.753425
45216.728340 43.361505 317.753425
45601.824752 43.080481 317.753425
45560.171691 43.052472 317.753425
45091.769156 43.277432 317.753425
45691.799501 42.870781 317.753425
45221.590147 43.094475 317.753425
45393.967609 42.940182 317.753425
45567.330114 42.786475 317.753425
46176.021761 42.385182 317.753425
45917.010251 42.480816 317.753425
46311.916273 42.205675 317.753425
46710.640017 41.932882 317.753425
46448.918277 42.026697 317.753425
46188.181579 42.121041 317.753425
46147.018314 42.092779 317.753425
46325.428481 41.941949 317.753425
46064.814232 42.036180 317.753425
45805.185027 42.130945 317.753425
45764.185027 42.102570 317.753425
45505.581680 42.197835 317.753425
45682.307476 42.045743 317.753425
44991.330114 42.389994 317.753425
45166.249090 42.236663 317.753425
44909.697461 42.332941 317.753425
45301.398006 42.055386 317.753425
45260.683721 42.026819 317.753425
45220.010251 41.998227 317.753425
44746.921950 42.218524 317.753425
44706.330114 42.189854 317.753425
44665.779093 42.161159 317.753425
44841.024600 42.007719 317.753425
45453.487702 41.608457 317.753425
45194.470741 41.702638 317.753425
44936.438823 41.797360 317.753425
44896.091884 41.768561 317.753425
45073.429925 41.616285 317.753425
45033.164618 41.587449 317.753425
44342.840318 41.930657 317.753425
44302.656644 41.901727 317.753425
43833.835045 42.123791 317.753425
43580.809972 42.221198 317.753425
19640.020408 90.000000 317.753425
19604.249018 -89.156456 317.753425
19583.153953 -88.030355 317.753425
18943.737936 -86.852077 317.753425
18854.921157 -88.853109 317.753425
18680.739396 -86.541453 317.753425
198302.079788 17.821105 317.753425
198263.161420 17.803604 317.753425
18543.211315 -87.107738 317.753425
18480.296810 -87.972411 317.753425
18441.500891 -87.970279 317.753425
18391.415074 -88.548375 317.753425
18352.700788 -88.546844 317.753425
18332.439732 -87.673276 317.753425
18280.587910 -88.252693 317.753425
18272.211315 -87.086350 317.753425
197914.732849 17.645946 317.753425
18155.492586 -88.831223 317.753425
18117.023198 -88.829982 317.753425
18075.289835 -89.121501 317.753425
18034.541514 -89.413685 317.753425
18001.859933 -88.826245 317.753425
17960.249018 -89.118692 317.753425
17925.288504 -88.823741 317.753425
17881.398657 -89.411180 317.753425
17841.798644 -89.705267 317.753425
17814.986502 -88.525072 317.753425
17766.970085 -89.409287 317.753425
17728.908861 -89.408653 317.753425
17897.201900 83.808184 317.753425
17900.768266 83.216517 317.753425
17932.230124 82.333474 317.753425
17894.332164 82.325311 317.753425
17907.463242 81.734022 317.753425
17818.658695 82.308934 317.753425
17733.671870 82.886656 317.753425
17695.937176 82.879036 317.753425
17681.376843 82.577622 317.753425
17667.801552 82.275969 317.753425
17655.211304 81.974092 317.753425
17643.606099 81.672007 317.753425
17606.075487 81.663073 317.753425
17568.585691 81.654119 317.753425
17531.136711 81.645146 317.753425
17467.762325 81.930857 317.753425
17381.295210 82.513460 317.753425
17368.046450 82.209189 317.753425
17805.234454 77.811900 317.753425
17692.451452 78.377520 317.753425
17655.247370 78.365110 317.753425
17693.622209 77.772926 317.753425
17580.961656 78.340211 317.753425
17543.880023 78.327722 317.753425
17582.377311 77.733707 317.753425
17297.517906 79.768404 317.753425
17547.603519 77.417043 317.753425
17510.685152 77.403567 317.753425
17094.700739 80.624020 317.753425
17087.607133 80.316676 317.753425
17050.811215 80.306132 317.753425
16900.748956 81.489622 317.753425
16702.099859 83.589589 317.753425
16627.657338 84.189300 317.753425
16424.840855 -89.078416 317.753425
16385.888453 -89.384895 317.753425
16312.827228 89.383519 317.753425
16278.718406 89.074288 317.753425
16242.289835 89.073251 317.753425
16248.864376 86.910098 317.753425
192415.060285 16.848941 317.753425
192378.754163 16.831081 317.753425
194077.504692 16.735672 317.753425
194621.507266 16.692207 317.753425
196915.674113 16.572610 317.753425
195712.467543 16.605642 317.753425
196843.429215 16.537246 317.753425
196807.367990 16.519559 317.753425
16064.845261 83.775679 317.753425
16089.768266 82.843040 317.753425
16053.829490 82.834991 317.753425
16063.254394 82.210536 317.753425
16076.497019 81.586521 317.753425
16093.557365 80.963093 317.753425
16114.435433 80.340400 317.753425
16078.700739 80.329569 317.753425
16072.749990 80.012607 317.753425
16131.991673 79.085610 317.753425
16129.899462 78.769035 317.753425
16128.792293 78.452430 317.753425
16202.319819 77.530447 317.753425
16166.830023 77.516547 317.753425
16169.622209 77.200355 317.753425
16254.602900 76.282754 317.753425
16138.032091 76.869606 317.753425
16268.889390 75.652613 317.753425
16277.510199 75.337769 317.753425
16242.265301 75.321513 317.753425
15285.024232 84.898398 317.753425
15249.860967 84.892504 317.753425
16321.843860 74.080344 317.753425
16384.961763 73.471274 317.753425
16349.920947 73.453063 317.753425
16632.180986 71.678990 317.753425
16597.221802 71.659018 317.753425
16562.303434 71.639005 317.753425
16640.733040 71.039715 317.753425
16782.938737 70.156955 317.753425
16809.045416 69.849902 317.753425
16898.928186 69.259589 317.753425
16992.628678 68.672474 317.753425
17090.146891 68.088653 317.753425
17055.514238 68.065264 317.753425
17226.291622 67.207225 317.753425
17262.085462 66.906848 317.753425
17298.864344 66.607102 317.753425
17483.927572 65.762714 317.753425
17600.575209 65.196203 317.753425
17566.187454 65.170295 317.753425
17686.693629 64.607128 317.753425
17891.748875 63.783204 317.753425
17857.483569 63.756145 317.753425
17823.259079 63.729034 317.753425
18121.443065 62.653092 317.753425
18172.752688 62.365800 317.753425
18312.388288 61.822270 317.753425
18455.841608 61.282925 317.753425
18511.994812 61.000260 317.753425
18569.133059 60.718459 317.753425
18444.076445 60.941822 317.753425
18686.364680 60.157486 317.753425
18746.458054 59.878332 317.753425
19000.158638 59.107395 317.753425
18966.383128 59.076880 317.753425
19030.375856 58.801574 317.753425
19397.033932 57.803925 317.753425
19363.380871 57.772584 317.753425
19535.609960 57.264806 317.753425
19606.375538 56.996692 317.753425
19678.126159 56.729551 317.753425
19644.636363 56.697514 317.753425
20487.429394 54.826767 317.753425
20567.800501 54.569504 317.753425
20420.653884 54.760777 317.753425
20848.109790 53.837267 317.753425
20582.544405 54.246687 317.753425
20899.135353 53.550589 317.753425
20748.375096 53.736674 317.753425
20951.268407 53.264618 317.753425
20682.089382 53.669344 317.753425
21246.230887 52.548076 317.753425
21335.467377 52.300035 317.753425
21549.854669 51.841555 317.753425
21895.058121 51.179761 317.753425
21990.082418 50.938319 317.753425
22086.091757 50.697923 317.753425
22183.086139 50.458575 317.753425
22020.459104 50.628047 317.753425
22646.301850 49.582323 317.753425
22748.139812 49.348412 317.753425
22850.962818 49.115552 317.753425
22954.770866 48.883742 317.753425
22922.179029 48.848191 317.753425
23585.994908 47.847983 317.753425
23553.484704 47.812192 317.753425
23806.171661 47.398452 317.753425
23917.737601 47.175252 317.753425
24030.288583 46.953095 317.753425
23997.941644 46.917029 317.753425
24258.345677 46.511909 317.753425
24522.567430 46.111147 317.753425
24790.606905 45.714709 317.753425
