98180.310071 58.392764 204.328767
97431.324339 58.701266 204.328767
97802.703934 58.472540 204.328767
98177.901251 58.244686 204.328767
97875.657010 58.337916 204.328767
98025.737986 58.217168 204.328767
98176.804004 58.096606 204.328767
98100.824412 58.082795 204.328767
97571.657010 58.282898 204.328767
97495.759051 58.269117 204.328767
97873.130534 58.041298 204.328767
97118.887608 58.348934 204.328767
97721.538698 58.013579 204.328767
96967.377404 58.321348 204.328767
97570.110126 57.985818 204.328767
97494.457065 57.971921 204.328767
97191.758394 58.065055 204.328767
96890.044765 58.158479 204.328767
97040.656353 58.037258 204.328767
96289.572636 58.346201 204.328767
96889.717578 58.009418 204.328767
96362.969241 58.210572 204.328767
96512.799867 58.088979 204.328767
96437.473337 58.075047 204.328767
96362.187622 58.061103 204.328767
96513.084924 57.939627 204.328767
95762.286922 58.249036 204.328767
95911.377404 58.127033 204.328767
96061.452929 58.005220 204.328767
96212.513496 57.883598 204.328767
96137.472680 57.869564 204.328767
96062.472680 57.855519 204.328767
95761.371296 57.949163 204.328767
95461.254955 58.043101 204.328767
95837.717578 57.813316 204.328767
95762.880843 57.799227 204.328767
95461.942724 57.892929 204.328767
95387.187622 57.878843 204.328767
94863.021616 58.081221 204.328767
95237.799867 57.850638 204.328767
95163.167214 57.836519 204.328767
95314.717578 57.714459 204.328767
95014.024357 57.808248 204.328767
94490.062432 58.010828 204.328767
94415.593044 57.996717 204.328767
94790.616194 57.765757 204.328767
94716.228439 57.751572 204.328767
94868.023700 57.629292 204.328767
94567.575378 57.723167 204.328767
94493.310071 57.708948 204.328767
94419.085582 57.694717 204.328767
94344.901908 57.680476 204.328767
94270.759051 57.666223 204.328767
94196.657010 57.651959 204.328767
94348.737986 57.529424 204.328767
94274.717578 57.515112 204.328767
94200.737986 57.500789 204.328767
94126.799210 57.486455 204.328767
94052.901251 57.472109 204.328767
93979.044108 57.457752 204.328767
93905.227782 57.443384 204.328767
93831.452271 57.429005 204.328767
93757.717578 57.414614 204.328767
93684.023700 57.400212 204.328767
93384.228439 57.494313 204.328767
93085.418220 57.588716 204.328767
93463.186965 57.356938 204.328767
93616.742779 57.234164 204.328767
92864.826383 57.545526 204.328767
93242.717578 57.313562 204.328767
92943.167214 57.407746 204.328767
92644.601894 57.502234 204.328767
93022.615537 57.270083 204.328767
92723.187622 57.364309 204.328767
92876.084924 57.241040 204.328767
92576.738643 57.335293 204.328767
92278.377404 57.429851 204.328767
92430.452929 57.306232 204.328767
92132.173322 57.400817 204.328767
92284.330480 57.277124 204.328767
91986.132506 57.371738 204.328767
91688.919575 57.466658 204.328767
91840.254955 57.342612 204.328767
91992.575378 57.218771 204.328767
91919.738643 57.204154 204.328767
91621.744751 57.298837 204.328767
91324.735901 57.393828 204.328767
91476.275363 57.269595 204.328767
91179.348146 57.364614 204.328767
91106.715493 57.349990 204.328767
91483.575378 57.116207 204.328767
91637.166557 56.992314 204.328767
91338.514153 57.086798 204.328767
91266.044765 57.072076 204.328767
90968.418220 57.166883 204.328767
91121.228439 57.042597 204.328767
91275.023700 56.918520 204.328767
90976.575378 57.013071 204.328767
90679.112098 57.107932 204.328767
90832.085582 56.983499 204.328767
90759.901908 56.968695 204.328767
90462.561077 57.063596 204.328767
90615.657010 56.939051 204.328767
90543.595786 56.924212 204.328767
90022.123656 57.129221 204.328767
90174.397812 57.004316 204.328767
90102.459037 56.989467 204.328767
90481.901251 56.755142 204.328767
89734.450187 57.069901 204.328767
90112.085582 56.834927 204.328767
90040.310071 56.820005 204.328767
89968.575378 56.805071 204.328767
89896.881500 56.790125 204.328767
89825.228439 56.775167 204.328767
89753.616194 56.760197 204.328767
89232.593044 56.965632 204.328767
89610.514153 56.730221 204.328767
89539.024357 56.715215 204.328767
89467.575378 56.700197 204.328767
89622.309414 56.575275 204.328767
89099.601894 56.780322 204.328767
89253.473337 56.655072 204.328767
88956.989649 56.750252 204.328767
88661.491003 56.845750 204.328767
88814.540669 56.720134 204.328767
88968.575378 56.594736 204.328767
88448.001208 56.800595 204.328767
88376.919575 56.785519 204.328767
87638.782874 57.104147 204.328767
87789.203943 56.977578 204.328767
87496.823691 57.074090 204.328767
87425.905323 57.059043 204.328767
87355.027772 57.043984 204.328767
87063.714195 57.140846 204.328767
87213.395119 57.013829 204.328767
87142.640017 56.998733 204.328767
87071.925731 56.983625 204.328767
86780.775420 57.080544 204.328767
86710.142767 57.065438 204.328767
86860.027772 56.938227 204.328767
86568.999910 57.035188 204.328767
86718.966548 56.907900 204.328767
86869.918228 56.780833 204.328767
86799.489657 56.765613 204.328767
86507.680833 56.862318 204.328767
86658.754963 56.735135 204.328767
86367.027772 56.831867 204.328767
86076.285624 56.928926 204.328767
86226.537976 56.801367 204.328767
86156.354303 56.786099 204.328767
85865.734603 56.883199 204.328767
86237.530473 56.643405 204.328767
85946.048180 56.740218 204.328767
85655.550930 56.837360 204.328767
85806.048180 56.709569 204.328767
85957.530473 56.582003 204.328767
85666.211446 56.678869 204.328767
85596.354303 56.663501 204.328767
85747.959045 56.535819 204.328767
85678.183535 56.520400 204.328767
85608.448841 56.504968 204.328767
85317.333895 56.601901 204.328767
85469.101902 56.474066 204.328767
85621.854952 56.346459 204.328767
85552.283523 56.330951 204.328767
85482.752911 56.315430 204.328767
85190.897820 56.412112 204.328767
85343.814135 56.284352 204.328767
85274.405972 56.268793 204.328767
84761.252262 56.478097 204.328767
85135.712095 56.237638 204.328767
84844.061086 56.334383 204.328767
84997.181482 56.206433 204.328767
84927.977401 56.190811 204.328767
84636.448841 56.287594 204.328767
84567.326392 56.271972 204.328767
84943.919575 56.031696 204.328767
84651.569237 56.128196 204.328767
84582.569237 56.112511 204.328767
84513.610054 56.096812 204.328767
84222.326392 56.193671 204.328767
84375.814135 56.065377 204.328767
84306.977401 56.049640 204.328767
84015.816188 56.146536 204.328767
84169.426380 56.018128 204.328767
83878.346800 56.115048 204.328767
84032.038625 55.986564 204.328767
83519.619609 56.196554 204.328767
57611.802829 -89.179885 204.328767
57543.251808 -89.179397 204.328767
57486.072320 -88.850546 204.328767
57406.272217 -89.178418 204.328767
57337.843645 -89.177928 204.328767
57269.455890 -89.177437 204.328767
57196.859933 -89.341540 204.328767
57132.802829 -89.176454 204.328767
57060.288504 -89.340753 204.328767
57007.643749 -88.845732 204.328767
56923.880341 -89.339963 204.328767
56855.737484 -89.339568 204.328767
56797.077706 -89.008813 204.328767
56742.235650 -88.677727 204.328767
56655.802829 -89.172994 204.328767
56583.574219 -89.337981 204.328767
56515.635443 -89.337584 204.328767
56444.432692 -89.502879 204.328767
56384.129359 -89.171004 204.328767
56316.313033 -89.170505 204.328767
56240.983712 -89.501981 204.328767
56180.802829 -89.169505 204.328767
56108.859933 -89.335187 204.328767
56041.206872 -89.334786 204.328767
55977.843645 -89.168001 204.328767
55928.684630 -88.668143 204.328767
55869.179941 -88.500828 204.328767
55775.251808 -89.166491 204.328767
55707.802829 -89.165987 204.328767
55640.394666 -89.165482 204.328767
55578.220563 -88.998002 204.328767
55517.031504 -88.830337 204.328767
55443.608318 -88.996786 204.328767
55376.363420 -88.996177 204.328767
55309.159339 -88.995568 204.328767
55236.802829 -89.162438 204.328767
55165.431361 -89.329526 204.328767
55121.011160 -88.658419 204.328767
55031.308912 -89.328709 204.328767
54964.308912 -89.328300 204.328767
54897.349729 -89.327891 204.328767
54834.680380 -89.159372 204.328767
54760.249018 -89.495292 204.328767
54696.717076 -89.326659 204.328767
54639.363420 -88.989429 204.328767
54567.415074 -89.157316 204.328767
54496.451770 -89.325423 204.328767
54445.358034 -88.818880 204.328767
54372.587910 -88.986953 204.328767
54300.802829 -89.155250 204.328767
54226.697998 -89.492815 204.328767
54163.492586 -89.323353 204.328767
54093.718406 -89.492192 204.328767
54034.843645 -89.153173 204.328767
53960.902080 -89.491568 204.328767
53897.859933 -89.321687 204.328767
53831.553810 -89.321269 204.328767
53765.288504 -89.320851 204.328767
53703.313033 -89.150563 204.328767
53632.880341 -89.320013 204.328767
53570.986502 -89.149515 204.328767
53497.330651 -89.489370 204.328767
53434.574219 -89.318753 204.328767
53362.888453 -89.659154 204.328767
53302.574219 -89.317910 204.328767
53230.970085 -89.658732 204.328767
53165.072126 -89.658520 204.328767
53104.880341 -89.316641 204.328767
53043.313033 -89.145295 204.328767
52973.288504 -89.315793 204.328767
52901.888453 -89.657672 204.328767
52838.555141 -89.486196 204.328767
52770.541514 -89.657246 204.328767
52714.843645 -89.142636 204.328767
52639.357840 -89.656819 204.328767
52579.492586 -89.313235 204.328767
52514.002790 -89.312807 204.328767
52442.888453 -89.656177 204.328767
52387.394666 -89.139960 204.328767
52312.112942 -89.655747 204.328767
52246.786412 -89.655532 204.328767
52183.861263 -89.482983 204.328767
52118.616365 -89.482660 204.328767
52051.051718 -89.654885 204.328767
51984.472113 -89.827333 204.328767
51920.766004 -89.654452 204.328767
51854.268032 -89.827116 204.328767
51790.643555 -89.654019 204.328767
51728.004120 -89.480710 204.328767
51660.684371 -89.653584 204.328767
51598.126569 -89.480057 204.328767
51533.249018 -89.479730 204.328767
51464.635378 -89.826463 204.328767
51399.839460 -89.826354 204.328767
51336.500698 -89.652492 204.328767
51271.786412 -89.652272 204.328767
51217.027319 -89.130188 204.328767
51144.840855 -89.477758 204.328767
51077.888453 -89.651613 204.328767
51015.697998 -89.477097 204.328767
50948.827228 -89.651172 204.328767
50884.357840 -89.650951 204.328767
50822.289835 -89.476103 204.328767
50757.902080 -89.475771 204.328767
50691.194575 -89.650287 204.328767
50625.472113 -89.825031 204.328767
50561.206807 -89.824920 204.328767
50496.982317 -89.824808 204.328767
50432.798644 -89.824697 204.328767
50372.432692 -89.473769 204.328767
50305.970085 -89.648950 204.328767
50241.908861 -89.648727 204.328767
50177.888453 -89.648503 204.328767
50112.020408 90.000000 204.328767
50048.081633 90.000000 204.328767
49984.655787 -89.823913 204.328767
49922.214983 -89.647604 204.328767
49858.398657 -89.647378 204.328767
49794.623146 -89.647152 204.328767
49729.472113 -89.823461 204.328767
49667.194575 -89.646700 204.328767
49603.541514 -89.646473 204.328767
49539.929269 -89.646246 204.328767
49474.941501 -89.823008 204.328767
49410.938776 90.000000 204.328767
49347.921093 -89.822780 204.328767
49285.888453 -89.645336 204.328767
49221.063950 -89.822552 204.328767
49157.224490 90.000000 204.328767
49093.897959 90.000000 204.328767
49032.500698 -89.644421 204.328767
48967.839460 -89.822094 204.328767
48906.051718 -89.643961 204.328767
48845.249018 -89.465605 204.328767
48779.766004 -89.643501 204.328767
48715.268032 -89.821633 204.328767
48653.643555 -89.643039 204.328767
48589.227215 -89.821402 204.328767
48525.795918 90.000000 204.328767
48463.349664 -89.821170 204.328767
48400.472113 -89.821054 204.328767
48337.635378 -89.820938 204.328767
48278.616365 -89.462478 204.328767
48211.612245 90.000000 204.328767
48149.370072 89.820588 204.328767
48086.224490 90.000000 204.328767
48024.063950 89.820354 204.328767
47962.888453 89.640478 204.328767
47898.921093 89.820120 204.328767
47836.410889 -89.820002 204.328767
47773.469388 90.000000 204.328767
47711.512929 89.819767 204.328767
47650.541514 89.639301 204.328767
47588.194575 89.639065 204.328767
47525.888453 89.638829 204.328767
47463.623146 89.638592 204.328767
47399.982317 89.819175 204.328767
47339.214983 -89.638117 204.328767
47275.655787 -89.818938 204.328767
47217.330651 89.456471 204.328767
47151.492521 89.818700 204.328767
47090.888453 89.637164 204.328767
47027.492521 89.818461 204.328767
46965.553746 89.818341 204.328767
46903.655787 89.818221 204.328767
46843.214983 89.636206 204.328767
46779.982317 89.817981 204.328767
46721.983712 89.453597 204.328767
46656.000000 90.000000 204.328767
46596.194575 89.635243 204.328767
46533.125174 89.817499 204.328767
46475.289835 89.452149 204.328767
46409.469388 90.000000 204.328767
46352.187794 89.451422 204.328767
46290.697998 89.451058 204.328767
46226.888453 89.633789 204.328767
46165.480289 89.633546 204.328767
46104.112942 89.633302 204.328767
46042.786412 89.633058 204.328767
45983.861263 89.449229 204.328767
45922.616365 89.448862 204.328767
45861.412284 89.448494 204.328767
45803.553810 89.264186 204.328767
45739.126569 89.447758 204.328767
45678.044937 89.447389 204.328767
45624.557931 89.078416 204.328767
45553.643555 89.631093 204.328767
45502.598747 89.077181 204.328767
45441.680380 89.076563 204.328767
45373.249018 89.445535 204.328767
45319.966094 89.075324 204.328767
45264.363420 88.889686 204.328767
45198.415074 89.074081 204.328767
45137.700788 89.073458 204.328767
45067.112942 89.629107 204.328767
45021.587910 88.886696 204.328767
44955.802829 89.071586 204.328767
44887.697998 89.442545 204.328767
44834.741604 89.070333 204.328767
44785.602932 88.697697 204.328767
44713.843645 89.069077 204.328767
44658.649135 88.882180 204.328767
44604.439667 88.695055 204.328767
44532.802829 89.067186 204.328767
44477.730767 88.879909 204.328767
44408.064015 89.252714 204.328767
44347.880341 89.252207 204.328767
44297.179747 88.877628 204.328767
44243.215177 88.689738 204.328767
44167.574219 89.250682 204.328767
44111.802829 89.062745 204.328767
44070.235650 88.499581 204.328767
44010.296874 88.498559 204.328767
43950.398915 88.497536 204.328767
43890.541772 88.496512 204.328767
43830.725446 88.495486 204.328767
43770.949936 88.494459 204.328767
43711.215242 88.493430 204.328767
43651.521364 88.492400 204.328767
43591.868303 88.491369 204.328767
43532.256058 88.490336 204.328767
43450.023198 89.244520 204.328767
43406.072320 88.677161 204.328767
43346.582524 88.676253 204.328767
43294.215242 88.486190 204.328767
43234.807078 88.485150 204.328767
43162.220563 88.862966 204.328767
43109.031504 88.672610 204.328767
43056.827487 88.482022 204.328767
42997.582589 88.480976 204.328767
42946.404431 88.290027 204.328767
42887.241165 88.288848 204.328767
42820.092793 88.477831 204.328767
42769.037084 88.286484 204.328767
42701.970344 88.475726 204.328767
42650.996267 88.284114 204.328767
42584.011160 88.473616 204.328767
42518.011095 88.663415 204.328767
42474.241165 88.280546 204.328767
42424.374581 88.088305 204.328767
42356.608512 88.278159 204.328767
42289.827487 88.468315 204.328767
42239.139125 88.275766 204.328767
42199.350181 87.891452 204.328767
42140.717528 87.889985 204.328767
42072.211315 88.080318 204.328767
42013.660295 88.078980 204.328767
41975.923069 87.693550 204.328767
41917.453682 87.691941 204.328767
41838.252132 88.074956 204.328767
41770.894227 88.266126 204.328767
41721.517438 88.072264 204.328767
41673.125691 87.878175 204.328767
41614.860385 87.876689 204.328767
41556.635896 87.875202 204.328767
41509.310825 87.680615 204.328767
41440.309365 87.872220 204.328767
41393.065927 87.677359 204.328767
41335.004702 87.675727 204.328767
41276.984294 87.674094 204.328767
41219.004702 87.672457 204.328767
41140.292948 88.058689 204.328767
41114.970796 87.475185 204.328767
41057.113653 87.473405 204.328767
40976.635896 87.860210 204.328767
40941.521817 87.469839 204.328767
40871.984294 87.662592 204.328767
40826.093245 87.466262 204.328767
40768.440184 87.464470 204.328767
40723.574994 87.267782 204.328767
40641.453682 87.655968 204.328767
40573.064467 87.849589 204.328767
40505.660295 88.043534 204.328767
40468.984294 87.650976 204.328767
40411.576131 87.649307 204.328767
40354.208784 87.647636 204.328767
40308.685082 87.450042 204.328767
40251.399368 87.448226 204.328767
40194.154470 87.446409 204.328767
40114.288957 87.837322 204.328767
40092.534178 87.246347 204.328767
40035.411729 87.244382 204.328767
39965.583041 87.439112 204.328767
39934.980561 87.043670 204.328767
39877.980561 87.041556 204.328767
39807.330096 87.236493 204.328767
39725.861845 87.629095 204.328767
39707.225459 87.035196 204.328767
39601.288957 87.823352 204.328767
39593.592806 87.030941 204.328767
39523.146423 87.226568 204.328767
39466.432137 87.224574 204.328767
39409.758668 87.222578 204.328767
39366.817296 87.022394 204.328767
39310.225459 87.020249 204.328767
39253.674439 87.018102 204.328767
39211.799743 86.817410 204.328767
39140.694847 87.013797 204.328767
39098.901783 86.812814 204.328767
39042.514028 86.810511 204.328767
38986.167089 86.808205 204.328767
38929.860967 86.805895 204.328767
38858.960153 87.002982 204.328767
38817.371171 86.801265 204.328767
38776.767232 86.599335 204.328767
38705.044640 86.796622 204.328767
38648.942600 86.794296 204.328767
38578.245867 86.992087 204.328767
38552.440701 86.589444 204.328767
38466.245867 86.987708 204.328767
38424.942600 86.784956 204.328767
38418.616521 86.180997 204.328767
38362.759379 86.178213 204.328767
38289.474865 86.376168 204.328767
38233.699355 86.373522 204.328767
38195.432848 86.169839 204.328767
38139.738970 86.167039 204.328767
38066.617723 86.365561 204.328767
38028.473664 86.161427 204.328767
37955.434049 86.360235 204.328767
37883.379477 86.559423 204.328767
37844.413641 86.354893 204.328767
37772.440701 86.554368 204.328767
37733.556498 86.349535 204.328767
37661.665191 86.549298 204.328767
37590.758926 86.749441 204.328767
37585.045093 86.138816 204.328767
37529.800195 86.135971 204.328767
37457.127927 86.336072 204.328767
37437.845261 85.927266 204.328767
37330.318252 86.533999 204.328767
37291.760580 86.327946 204.328767
37254.187950 86.121682 204.328767
37217.600363 85.915213 204.328767
37181.997819 85.708543 204.328767
37127.079451 85.705364 204.328767
37052.845261 85.906126 204.328767
37017.365166 85.698993 204.328767
36962.569247 85.695800 204.328767
36870.045093 86.101499 204.328767
36833.743220 85.893947 204.328767
36798.426390 85.686193 204.328767
36724.437098 85.887830 204.328767
36669.845261 85.884765 204.328767
36615.294241 85.881696 204.328767
36560.784036 85.878621 204.328767
36525.671288 85.670085 204.328767
36451.886077 85.872459 204.328767
36416.854961 85.663609 204.328767
36362.508023 85.660363 204.328767
36236.440701 86.482009 204.328767
36253.936594 85.653858 204.328767
36220.012970 85.444335 204.328767
36187.074388 85.234619 204.328767
36111.686439 85.437493 204.328767
36057.584398 85.434064 204.328767
36024.768266 85.223871 204.328767
35970.747858 85.220278 204.328767
35895.523174 85.423747 204.328767
35821.283533 85.627639 204.328767
35787.686439 85.416842 204.328767
35755.074388 85.205851 204.328767
35701.258062 85.202230 204.328767
35647.482551 85.198604 204.328767
35593.747858 85.194973 204.328767
35479.151383 85.816160 204.328767
35486.400919 85.187694 204.328767
35454.977992 84.975706 204.328767
35379.217245 85.180392 204.328767
35347.875951 84.968080 204.328767
35294.386155 84.964259 204.328767
35240.937176 84.960432 204.328767
35144.094602 85.374977 204.328767
35090.727256 85.371453 204.328767
35080.835135 84.948915 204.328767
34963.814145 85.574243 204.328767
34974.304523 84.941208 204.328767
34857.365166 85.567477 204.328767
34867.937176 84.933478 204.328767
34814.814727 84.929604 204.328767
34784.866639 84.715469 204.328767
34708.692278 84.921838 204.328767
34678.825822 84.707373 204.328767
34625.866639 84.703315 204.328767
34572.948271 84.699252 204.328767
34474.747858 85.117427 204.328767
34444.100441 84.902319 204.328767
34438.515838 84.475794 204.328767
34385.760736 84.471544 204.328767
34333.046450 84.467289 204.328767
34233.161666 84.886596 204.328767
34203.662557 84.670631 204.328767
34175.148491 84.454482 204.328767
34098.519700 84.662397 204.328767
34070.087267 84.445912 204.328767
34017.617879 84.441616 204.328767
33965.189307 84.437315 204.328767
33888.723781 84.645852 204.328767
33860.454613 84.428691 204.328767
33833.170488 84.211352 204.328767
33731.805414 84.633377 204.328767
33728.680692 84.202361 204.328767
33604.263706 84.838841 204.328767
33624.354162 84.193343 204.328767
33572.252121 84.188824 204.328767
33471.091128 84.612455 204.328767
33443.148491 84.393929 204.328767
33367.091128 84.604040 204.328767
33390.218344 83.956344 204.328767
33263.254394 84.595600 204.328767
33286.463242 83.946897 204.328767
33208.680692 84.156990 204.328767
33156.905182 84.152413 204.328767
33105.170488 84.147830 204.328767
33028.454613 84.358731 204.328767
33001.823549 84.138642 204.328767
32950.211304 84.134037 204.328767
32873.617879 84.345418 204.328767
32774.875951 84.773767 204.328767
32770.597471 84.336508 204.328767
32719.148491 84.332042 204.328767
32643.662557 84.544398 204.328767
32616.372981 84.323090 204.328767
32565.046450 84.318603 204.328767
32466.549421 84.748940 204.328767
32462.515838 84.309609 204.328767
32387.233986 84.522777 204.328767
32360.148491 84.300586 204.328767
32284.948271 84.514081 204.328767
32257.944409 84.291534 204.328767
32159.692278 84.723877 204.328767
32131.825822 84.500985 204.328767
32057.733094 84.715469 204.328767
32029.948271 84.492219 204.328767
31979.070720 84.487826 204.328767
31905.100441 84.702808 204.328767
31810.870113 85.138146 204.328767
31803.549421 84.694333 204.328767
31752.835135 84.690086 204.328767
31619.069751 85.567647 204.328767
31651.529013 84.681570 204.328767
31600.937176 84.677302 204.328767
31506.951745 85.114697 204.328767
31456.441541 85.110767 204.328767
31405.972154 85.106830 204.328767
31376.788674 84.881448 204.328767
31305.155827 85.098938 204.328767
31276.053980 84.873190 204.328767
31247.937176 84.647235 204.328767
31133.936594 85.309348 204.328767
31125.258062 84.860752 204.328767
31097.263706 84.634245 204.328767
31024.931531 84.852427 204.328767
30953.584398 85.071115 204.328767
30883.222308 85.290304 204.328767
30896.937176 84.616827 204.328767
30846.957584 84.612455 204.328767
30820.152353 84.384819 204.328767
30724.931531 84.827289 204.328767
30697.263706 84.599296 204.328767
30647.447380 84.594895 204.328767
30620.805414 84.366512 204.328767
30504.502766 85.034876 204.328767
30498.243298 84.581650 204.328767
30448.590237 84.577221 204.328767
30398.977992 84.572784 204.328767
30372.540108 84.343460 204.328767
30323.009496 84.338827 204.328767
30250.386155 84.559431 204.328767
30137.201900 85.232235 204.328767
30129.339694 84.776272 204.328767
29966.665191 86.130940 204.328767
30030.645817 84.767672 204.328767
29939.814145 85.216508 204.328767
29954.304523 84.532527 204.328767
29905.100441 84.528018 204.328767
29855.937176 84.523500 204.328767
29806.814727 84.518976 204.328767
29735.543776 84.741700 204.328767
29708.692278 84.509904 204.328767
29616.257868 84.960780 204.328767
29546.997819 85.184741 204.328767
29518.380317 84.952411 204.328767
29449.201900 85.176733 204.328767
29400.365166 85.172720 204.328767
29371.870113 84.939805 204.328767
29323.115011 84.935589 204.328767
29254.099859 85.160638 204.328767
29167.657338 85.615982 204.328767
29119.024685 85.612315 204.328767
29052.964661 85.838932 204.328767
29021.881828 85.604963 204.328767
28939.379477 86.062760 204.328767
28907.434049 85.828453 204.328767
28859.005478 85.824948 204.328767
28778.514028 86.284340 204.328767
28798.151383 85.355177 204.328767
28667.225459 86.510102 204.328767
28683.167542 85.579038 204.328767
28653.355465 85.343430 204.328767
28586.759379 85.571575 204.328767
28538.616521 85.567834 204.328767
28473.046294 85.796696 204.328767
28408.461109 86.026081 204.328767
28394.432848 85.556572 204.328767
28346.453256 85.552806 204.328767
28316.926894 85.315788 204.328767
28288.385574 85.078527 204.328767
28240.528431 85.074349 204.328767
28154.943052 85.537676 204.328767
28125.579955 85.299845 204.328767
28077.845261 85.295843 204.328767
28030.151383 85.291833 204.328767
27982.498322 85.287817 204.328767
27866.901783 86.223967 204.328767
27868.902236 85.514788 204.328767
27839.784036 85.275727 204.328767
27773.881828 85.507106 204.328767
27744.845261 85.267633 204.328767
27679.024685 85.499398 204.328767
27650.069751 85.259511 204.328767
27550.338660 85.964566 204.328767
27537.045093 85.487787 204.328767
27508.212608 85.247275 204.328767
27425.127927 85.716997 204.328767
27377.964661 85.713302 204.328767
27348.310399 85.472211 204.328767
27301.228766 85.468301 204.328767
27272.600363 85.226742 204.328767
27207.187950 85.460459 204.328767
27142.760580 85.694734 204.328767
27113.310399 85.452591 204.328767
27084.845261 85.210188 204.328767
27002.127927 85.683516 204.328767
26972.800195 85.440737 204.328767
26926.045093 85.436771 204.328767
26829.758926 86.151567 204.328767
26832.657338 85.428821 204.328767
26786.024685 85.424835 204.328767
26705.440701 85.901120 204.328767
26711.294241 85.176733 204.328767
26612.379477 85.893947 204.328767
26599.902236 85.408822 204.328767
26536.005478 85.645698 204.328767
26507.085909 85.400774 204.328767
26443.270784 85.638055 204.328767
26414.432848 85.392697 204.328767
26368.167542 85.388648 204.328767
26340.355465 85.142809 204.328767
26275.759379 85.380529 204.328767
26267.385574 84.892223 204.328767
26221.283533 84.887723 204.328767
26137.453256 85.368296 204.328767
26129.201900 84.878698 204.328767
26083.222308 84.874174 204.328767
25999.514481 85.355999 204.328767
25936.148335 85.595534 204.328767
25926.171792 85.104071 204.328767
25880.355465 85.099729 204.328767
25766.595661 86.072852 204.328767
25788.845261 85.091021 204.328767
25675.167089 86.065855 204.328767
25645.093762 85.817092 204.328767
25651.886077 85.077901 204.328767
25606.314649 85.073512 204.328767
25560.784036 85.069116 204.328767
25515.294241 85.064711 204.328767
25433.964661 85.552178 204.328767
25424.437098 85.055879 204.328767
25379.069751 85.051451 204.328767
25315.330807 85.293522 204.328767
25270.045093 85.289298 204.328767
25207.332008 85.532187 204.328767
25179.596113 85.280825 204.328767
25134.432848 85.276578 204.328767
25089.310399 85.272322 204.328767
24966.330096 86.509682 204.328767
24999.187950 85.263789 204.328767
24972.600363 85.011239 204.328767
24859.656885 86.001744 204.328767
24864.310399 85.250931 204.328767
24837.845261 84.997690 204.328767
24740.603966 85.741178 204.328767
24748.212608 84.988617 204.328767
24703.457506 84.984067 204.328767
24658.743220 84.979510 204.328767
24578.189151 85.475248 204.328767
24533.556498 85.471126 204.328767
24488.964661 85.466996 204.328767
24480.294241 84.961198 204.328767
24417.371624 85.207564 204.328767
24372.902236 85.203183 204.328767
24311.005478 85.450400 204.328767
24284.085909 85.194399 204.328767
24258.151383 84.938119 204.328767
24213.845261 84.933478 204.328767
24101.595661 85.939249 204.328767
24106.943052 85.176733 204.328767
24045.291192 85.425278 204.328767
24018.616521 85.167852 204.328767
23940.522334 85.670466 204.328767
23880.881375 85.920495 204.328767
23852.440701 85.662464 204.328767
23824.985070 85.404131 204.328767
23781.046294 85.399878 204.328767
23705.044640 85.905367 204.328767
23693.291192 85.391348 204.328767
23666.943052 85.131997 204.328767
23623.167542 85.127478 204.328767
23561.964661 85.378495 204.328767
23535.738970 85.118414 204.328767
23492.085909 85.113870 204.328767
23431.005478 85.365569 204.328767
23340.694847 86.131790 204.328767
23327.379477 85.613826 204.328767
23283.889681 85.609723 204.328767
23256.964661 85.348223 204.328767
23249.437098 84.829183 204.328767
23500.668358 81.753761 204.328767
23620.220865 80.478482 204.328767
24018.360948 77.712907 204.328767
24882.045416 73.552607 204.328767
25790.621449 70.244810 204.328767
25975.488837 69.537955 204.328767
26413.921803 68.158534 204.328767
27156.908569 66.143930 204.328767
28488.661253 63.136509 204.328767
28981.509681 62.083242 204.328767
29845.007749 60.449934 204.328767
30894.087104 58.673076 204.328767
31361.091757 57.889434 204.328767
31976.852870 56.932678 204.328767
33756.885833 54.573346 204.328767
34157.444981 54.026944 204.328767
35812.921705 52.149272 204.328767
36579.922291 51.310323 204.328767
37881.867896 50.020887 204.328767
38887.367258 49.076310 204.328767
40110.551599 48.009804 204.328767
41189.782245 47.117735 204.328767
42303.045854 46.249092 204.328767
43049.990474 45.673565 204.328767
44838.929637 44.449469 204.328767
45424.021078 44.033992 204.328767
46878.785761 43.122081 204.328767
46404.064808 43.344193 204.328767
47230.528518 42.819450 204.328767
47628.354303 42.546720 204.328767
47807.632514 42.397391 204.328767
47765.530473 42.369734 204.328767
48169.144065 42.100414 204.328767
47460.027772 42.435999 204.328767
48085.144065 42.045023 204.328767
47819.895768 42.137795 204.328767
47777.997809 42.110027 204.328767
47292.354303 42.324887 204.328767
47471.959045 42.175449 204.328767
46768.753008 42.514069 204.328767
46946.550930 42.363439 204.328767
47125.333895 42.213380 204.328767
46643.671375 42.430262 204.328767
46821.591746 42.279590 204.328767
47000.497160 42.129491 204.328767
46958.966548 42.101478 204.328767
46696.999910 42.195517 204.328767
47097.448841 41.923889 204.328767
47501.715493 41.654571 204.328767
47237.038625 41.746823 204.328767
47643.275363 41.478659 204.328767
47827.187622 41.331387 204.328767
48012.084924 41.184682 204.328767
48197.967269 41.038542 204.328767
48613.809535 40.776078 204.328767
48572.687086 40.747954 204.328767
48761.524559 40.603502 204.328767
49183.154632 40.344417 204.328767
48449.564637 40.663438 204.328767
48408.605454 40.635219 204.328767
48138.712207 40.723762 204.328767
47642.717578 40.930685 204.328767
47150.540669 41.139765 204.328767
46885.491003 41.230912 204.328767
46844.735901 41.202470 204.328767
46580.712095 41.294092 204.328767
46540.038625 41.265586 204.328767
46499.405972 41.237055 204.328767
46236.448841 41.329115 204.328767
46195.897820 41.300518 204.328767
46155.387616 41.271896 204.328767
46337.283523 41.122680 204.328767
45853.068588 41.335711 204.328767
46034.101902 41.185879 204.328767
46216.120258 41.036636 204.328767
46623.377404 40.768635 204.328767
45913.183535 41.099635 204.328767
46542.887608 40.711167 204.328767
45611.354303 41.163050 204.328767
46014.997809 40.892728 204.328767
45531.109405 41.105293 204.328767
45270.571338 41.197952 204.328767
44574.785761 41.537239 204.328767
19590.235650 -87.749249 204.328767
19364.983712 -89.151261 204.328767
19322.888453 -89.433569 204.328767
19281.778236 -89.716486 204.328767
19249.206872 -88.864917 204.328767
19209.594627 -88.863747 204.328767
19174.272217 -88.578323 204.328767
19130.492586 -88.861400 204.328767
19085.337432 -89.430055 204.328767
19045.888453 -89.429465 204.328767
19006.480289 -89.428874 204.328767
18965.696603 -89.714134 204.328767
18925.897959 90.000000 204.328767
18886.612245 90.000000 204.328767
18847.839460 89.713241 204.328767
18808.163265 90.000000 204.328767
18769.472113 -89.712643 204.328767
18734.126569 -89.137088 204.328767
18691.268032 -89.712043 204.328767
18652.227215 -89.711741 204.328767
18624.557931 -88.557491 204.328767
200054.091696 17.740292 204.328767
197681.045904 17.830677 204.328767
199976.295778 17.705425 204.328767
199937.459043 17.687987 204.328767
201071.392195 17.617246 204.328767
202209.143069 17.546904 204.328767
202760.098111 17.503214 204.328767
201543.030213 17.538574 204.328767
203273.405542 17.442324 204.328767
201465.805723 17.503798 204.328767
201427.254703 17.486405 204.328767
201388.744499 17.469008 204.328767
18111.357840 89.414930 204.328767
18078.594627 88.828739 204.328767
18040.206872 88.827494 204.328767
18011.302196 88.239676 204.328767
17967.802829 88.531359 204.328767
17929.537523 88.529792 204.328767
17917.751369 87.352103 204.328767
17864.460075 87.937744 204.328767
17841.424839 87.346441 204.328767
17765.553746 89.704636 204.328767
17728.908861 89.408653 204.328767
17696.553810 88.816162 204.328767
17655.269427 89.111112 204.328767
17624.884461 88.517137 204.328767
17575.655787 89.703044 204.328767
17673.767232 84.959305 204.328767
18372.447423 77.409839 204.328767
18375.745757 77.113241 204.328767
18296.937219 77.383459 204.328767
18385.297553 76.520246 204.328767
18436.401764 75.942279 204.328767
18225.051879 77.059153 204.328767
18272.460818 76.477902 204.328767
18149.949839 77.031941 204.328767
18197.440410 76.449527 204.328767
18117.029134 76.719622 204.328767
18037.602900 76.990912 204.328767
18042.253623 76.691626 204.328767
18047.889390 76.392425 204.328767
18054.510199 76.093327 204.328767
18062.116050 75.794345 204.328767
18070.706944 75.495498 204.328767
18033.543679 75.480233 204.328767
18043.160432 75.181233 204.328767
17913.544621 75.734315 204.328767
17969.037983 75.149999 204.328767
17932.037983 75.134333 204.328767
17848.339597 75.403430 204.328767
17811.421230 75.387974 204.328767
17774.543679 75.372486 204.328767
17647.061219 75.930431 204.328767
17655.116050 75.628057 204.328767
17403.549464 77.058205 204.328767
16646.862621 84.499282 204.328767
16593.665191 84.797400 204.328767
16998.930448 79.370892 204.328767
16962.338612 79.359299 204.328767
16801.149719 80.541720 204.328767
201912.310261 16.512365 204.328767
202468.342879 16.470057 204.328767
204215.085684 16.378591 204.328767
203583.363244 16.385790 204.328767
205934.020404 16.270593 204.328767
205299.546917 16.277595 204.328767
206460.560566 16.211734 204.328767
199886.041028 16.464578 204.328767
199849.857355 16.447019 204.328767
196879.531256 16.554930 204.328767
197428.377411 16.512027 204.328767
16207.091128 82.245392 204.328767
16246.136711 81.318561 204.328767
16135.091128 82.228003 204.328767
16201.128794 80.993395 204.328767
16138.320385 81.289385 204.328767
16215.770399 80.057198 204.328767
16242.273008 79.437569 204.328767
16272.593339 78.819023 204.328767
16271.322906 78.503810 204.328767
16307.390227 77.886822 204.328767
16309.034105 77.571964 204.328767
16311.663025 77.257148 204.328767
16315.276989 76.942391 204.328767
16319.875994 76.627714 204.328767
16367.478113 76.014153 204.328767
16332.029134 75.998674 204.328767
16254.602900 76.282754 204.328767
16304.215920 75.668498 204.328767
16403.441638 74.759192 204.328767
16368.155924 74.742374 204.328767
16332.911026 74.725520 204.328767
16440.757229 73.820105 204.328767
16505.681952 73.213758 204.328767
16627.773183 72.318513 204.328767
16592.691550 72.299214 204.328767
16723.362451 71.409888 204.328767
16688.362451 71.389689 204.328767
16768.598876 70.793267 204.328767
16913.555620 69.914944 204.328767
17003.315941 69.326277 204.328767
17032.214482 69.021903 204.328767
16997.418564 68.999427 204.328767
17159.534646 68.135288 204.328767
17330.189582 67.279486 204.328767
17226.115479 67.532075 204.328767
17474.750717 66.407521 204.328767
17440.158881 66.382715 204.328767
17627.973155 65.542952 204.328767
17518.396960 65.788101 204.328767
17789.856895 64.686075 204.328767
17755.428323 64.659811 204.328767
17799.883464 64.366865 204.328767
17926.054998 63.810211 204.328767
17973.424450 63.519761 204.328767
17939.159144 63.492512 204.328767
18241.079219 62.422019 204.328767
18468.918345 61.623798 204.328767
18524.004874 61.340717 204.328767
18671.194283 60.806353 204.328767
18366.612223 61.537686 204.328767
18882.131524 59.997903 204.328767
18754.201415 60.216970 204.328767
18909.107900 59.690442 204.328767
19165.559530 58.924080 204.328767
19430.550012 58.168071 204.328767
19498.238014 57.897622 204.328767
19670.303838 57.391041 204.328767
19740.906151 57.123618 204.328767
19812.493506 56.857155 204.328767
19569.222205 57.296446 204.328767
19958.623345 56.327140 204.328767
19925.051916 56.294989 204.328767
20441.533126 55.117802 204.328767
20865.048862 54.191053 204.328767
20948.211831 53.937378 204.328767
20914.803668 53.904061 204.328767
20998.992496 53.651263 204.328767
21084.166366 53.399482 204.328767
21050.880652 53.365846 204.328767
21137.080382 53.114957 204.328767
21467.875541 52.436684 204.328767
21557.933808 52.190158 204.328767
21774.087104 51.734587 204.328767
21994.058121 51.283556 204.328767
22088.959969 51.042432 204.328767
22055.959969 51.007779 204.328767
22281.718792 50.563303 204.328767
22118.969308 50.732783 204.328767
22611.081583 49.887526 204.328767
22846.405118 49.454246 204.328767
22679.056952 49.617562 204.328767
22780.854098 49.383741 204.328767
23157.461915 48.759581 204.328767
23263.117600 48.530115 204.328767
23651.137765 47.919419 204.328767
23337.166490 48.266051 204.328767
23871.151252 47.470172 204.328767
24127.574298 47.061003 204.328767
23950.166172 47.211204 204.328767
24355.386493 46.620194 204.328767
24322.998738 46.584147 204.328767
24438.423216 46.365235 204.328767
25006.645023 45.608772 204.328767
25126.872265 45.395178 204.328767
25557.790778 44.833241 204.328767
