97285.183535 58.822748 189.534247
97878.887608 58.486221 189.534247
97802.703934 58.472540 189.534247
97502.307330 58.566301 189.534247
97650.459037 58.445147 189.534247
97574.397812 58.431434 189.534247
97498.377404 58.417711 189.534247
97198.144065 58.511533 189.534247
97122.205289 58.497815 189.534247
97270.561077 58.376477 189.534247
97419.901908 58.255325 189.534247
97118.887608 58.348934 189.534247
97268.310071 58.227708 189.534247
96076.027772 58.753698 189.534247
97116.881500 58.200049 189.534247
97041.228439 58.186203 189.534247
97191.758394 58.065055 189.534247
96890.044765 58.158479 189.534247
96814.514153 58.144601 189.534247
96965.166557 58.023343 189.534247
96889.717578 58.009418 189.534247
96588.167214 58.102901 189.534247
96512.799867 58.088979 189.534247
96663.615537 57.967576 189.534247
96588.329822 57.953607 189.534247
96286.942724 58.047149 189.534247
96437.880843 57.925636 189.534247
96136.575378 58.019208 189.534247
96061.452929 58.005220 189.534247
95986.371296 57.991222 189.534247
95461.878759 58.193273 189.534247
96062.472680 57.855519 189.534247
96214.599922 57.734016 189.534247
95912.595129 57.827395 189.534247
95837.717578 57.813316 189.534247
95536.738643 57.907004 189.534247
95461.942724 57.892929 189.534247
95613.329822 57.771015 189.534247
95538.615537 57.756893 189.534247
95463.942067 57.742759 189.534247
94937.969241 57.944680 189.534247
95088.575378 57.822389 189.534247
94788.826383 57.916460 189.534247
94714.316179 57.902333 189.534247
94192.283523 58.105495 189.534247
94565.418220 57.874047 189.534247
94942.370639 57.643514 189.534247
94416.683526 57.845716 189.534247
94567.575378 57.723167 189.534247
94268.112098 57.817340 189.534247
94193.887608 57.803135 189.534247
93895.450187 57.897622 189.534247
94045.561077 57.774692 189.534247
93747.205289 57.869209 189.534247
94122.595786 57.637684 189.534247
93599.123656 57.840750 189.534247
93974.595786 57.609100 189.534247
93900.657010 57.594791 189.534247
93826.759051 57.580471 189.534247
93979.044108 57.457752 189.534247
93905.227782 57.443384 189.534247
93605.310071 57.537443 189.534247
93531.575378 57.523077 189.534247
93457.881500 57.508701 189.534247
93159.030465 57.603089 189.534247
93310.616194 57.479913 189.534247
93011.846792 57.574330 189.534247
92938.316179 57.559934 189.534247
92640.572636 57.654668 189.534247
93016.575378 57.422202 189.534247
92943.167214 57.407746 189.534247
92644.601894 57.502234 189.534247
92796.473337 57.378799 189.534247
92050.426380 57.692123 189.534247
92424.744751 57.458838 189.534247
92127.286922 57.553674 189.534247
92054.123656 57.539200 189.534247
92205.254955 57.415340 189.534247
91240.823691 57.840020 189.534247
92059.132506 57.386283 189.534247
91986.132506 57.371738 189.534247
91688.919575 57.466658 189.534247
91840.254955 57.342612 189.534247
91767.377404 57.328032 189.534247
91694.540669 57.313440 189.534247
91397.491003 57.408417 189.534247
91774.187622 57.174884 189.534247
91701.473337 57.160232 189.534247
91628.799867 57.145569 189.534247
91556.167214 57.130894 189.534247
91483.575378 57.116207 189.534247
91411.024357 57.101508 189.534247
91338.514153 57.086798 189.534247
91266.044765 57.072076 189.534247
91193.616194 57.057342 189.534247
91121.228439 57.042597 189.534247
90599.429779 57.247293 189.534247
90976.575378 57.013071 189.534247
90454.858350 57.217846 189.534247
90832.085582 56.983499 189.534247
90087.140666 57.298589 189.534247
90238.307330 57.173587 189.534247
89942.895768 57.269099 189.534247
90543.595786 56.924212 189.534247
90246.377404 57.019154 189.534247
90174.397812 57.004316 189.534247
90327.657010 56.879623 189.534247
90030.561077 56.974605 189.534247
90183.901908 56.849838 189.534247
90112.085582 56.834927 189.534247
89815.112098 56.929950 189.534247
89743.377404 56.915041 189.534247
89671.683526 56.900120 189.534247
89600.030465 56.885187 189.534247
89304.164473 56.980564 189.534247
89456.846792 56.855285 189.534247
89385.316179 56.840317 189.534247
89539.024357 56.715215 189.534247
89018.123656 56.920767 189.534247
89396.167214 56.685168 189.534247
88875.348146 56.890796 189.534247
88804.021616 56.875792 189.534247
88956.989649 56.750252 189.534247
88661.491003 56.845750 189.534247
88814.540669 56.720134 189.534247
88519.123656 56.815658 189.534247
88672.254955 56.689968 189.534247
88376.919575 56.785519 189.534247
88530.132506 56.659754 189.534247
88011.569237 56.866314 189.534247
87940.610054 56.851227 189.534247
88317.254955 56.614341 189.534247
88246.377404 56.599179 189.534247
88400.738643 56.473484 189.534247
88104.744751 56.568819 189.534247
88033.989649 56.553620 189.534247
87963.275363 56.538410 189.534247
87892.601894 56.523187 189.534247
87821.969241 56.507952 189.534247
87751.377404 56.492704 189.534247
87680.826383 56.477445 189.534247
87610.316179 56.462173 189.534247
87539.846792 56.446888 189.534247
87469.418220 56.431592 189.534247
87399.030465 56.416283 189.534247
87328.683526 56.400962 189.534247
87258.377404 56.385628 189.534247
87188.112098 56.370282 189.534247
86670.324339 56.577572 189.534247
87272.901908 56.228635 189.534247
86529.997809 56.546919 189.534247
86907.459037 56.308775 189.534247
87062.595786 56.182374 189.534247
86543.123656 56.389252 189.534247
86697.397812 56.262514 189.534247
86403.205289 56.358424 189.534247
86333.307330 56.342992 189.534247
86487.703934 56.216141 189.534247
86417.887608 56.200658 189.534247
85678.183535 56.520400 189.534247
86278.377404 56.169655 189.534247
85984.429779 56.265641 189.534247
85691.467197 56.361954 189.534247
86294.616194 56.011793 189.534247
85999.846792 56.107499 189.534247
84818.489706 56.652874 189.534247
85636.572636 56.187975 189.534247
85343.814135 56.284352 189.534247
85721.969241 56.045141 189.534247
85652.601894 56.029521 189.534247
85583.275363 56.013887 189.534247
85289.735901 56.109995 189.534247
84997.181482 56.206433 189.534247
85151.286922 56.078713 189.534247
85082.123656 56.063054 189.534247
85013.001208 56.047381 189.534247
84943.919575 56.031696 189.534247
84874.878759 56.015998 189.534247
84805.878759 56.000288 189.534247
84736.919575 55.984564 189.534247
84668.001208 55.968828 189.534247
84599.123656 55.953079 189.534247
84530.286922 55.937317 189.534247
84461.491003 55.921543 189.534247
84616.989649 55.793680 189.534247
84548.275363 55.777855 189.534247
84479.601894 55.762017 189.534247
84186.715493 55.858315 189.534247
84118.123656 55.842476 189.534247
84049.572636 55.826624 189.534247
83981.062432 55.810759 189.534247
84136.846792 55.682635 189.534247
83844.164473 55.778991 189.534247
84000.030465 55.650791 189.534247
83707.429779 55.747170 189.534247
83639.123656 55.731240 189.534247
84020.310071 55.490860 189.534247
83726.887608 55.586948 189.534247
83883.901908 55.458839 189.534247
83366.307330 55.667391 189.534247
83747.657010 55.426765 189.534247
83006.834544 55.748182 189.534247
83386.377404 55.506852 189.534247
82870.834544 55.716176 189.534247
83250.459037 55.474721 189.534247
82958.307330 55.571225 189.534247
82890.450187 55.555151 189.534247
82822.633861 55.539065 189.534247
82754.858350 55.522965 189.534247
82463.814135 55.619842 189.534247
82619.429779 55.490725 189.534247
82551.776718 55.474586 189.534247
82484.164473 55.458433 189.534247
82193.283523 55.555356 189.534247
82349.062432 55.426088 189.534247
82058.263115 55.523033 189.534247
81990.814135 55.506852 189.534247
82370.969241 55.264591 189.534247
81856.038625 55.474449 189.534247
82012.021616 55.344992 189.534247
82168.989649 55.215782 189.534247
81877.491003 55.312460 189.534247
81810.286922 55.296174 189.534247
81743.123656 55.279875 189.534247
81676.001208 55.263563 189.534247
81608.919575 55.247237 189.534247
81541.878759 55.230897 189.534247
81474.878759 55.214544 189.534247
81407.919575 55.198178 189.534247
81341.001208 55.181798 189.534247
81274.123656 55.165405 189.534247
81207.286922 55.148998 189.534247
81364.744751 55.019339 189.534247
81297.989649 55.002882 189.534247
81231.275363 54.986411 189.534247
80940.348146 55.083236 189.534247
81097.969241 54.953428 189.534247
80807.123656 55.050274 189.534247
80073.476752 55.375806 189.534247
80674.062432 55.017257 189.534247
80161.918228 55.228532 189.534247
80317.854952 55.097954 189.534247
80474.776718 54.967630 189.534247
53907.302196 -88.982590 189.534247
53835.802829 -89.151609 189.534247
53787.949936 -88.641893 189.534247
53703.313033 -89.150563 189.534247
53648.460075 -88.810139 189.534247
53570.986502 -89.149515 189.534247
53500.635443 -89.319174 189.534247
53434.574219 -89.318753 189.534247
53372.802829 -89.147937 189.534247
53302.574219 -89.317910 189.534247
53246.077706 -88.976292 189.534247
53174.986502 -89.146354 189.534247
53109.129359 -89.145824 189.534247
53043.313033 -89.145295 189.534247
52977.537523 -89.144764 189.534247
52907.553810 -89.315368 189.534247
52864.521364 -88.630081 189.534247
52780.455890 -89.143169 189.534247
52720.036890 -88.971197 189.534247
77395.555212 55.556837 189.534247
77330.024600 55.540189 189.534247
77481.234741 55.406937 189.534247
76983.330114 55.623795 189.534247
77350.377598 55.373519 189.534247
77502.654414 55.240448 189.534247
77002.983784 55.456739 189.534247
77154.398006 55.323286 189.534247
76656.697461 55.540335 189.534247
76376.681895 55.641031 189.534247
52000.996073 -88.964107 189.534247
51942.011095 -88.790749 189.534247
51884.011160 -88.617195 189.534247
51835.966417 -88.270598 189.534247
51746.888647 -88.788471 189.534247
51706.007234 -88.268425 189.534247
51661.861845 -87.921083 189.534247
51596.984294 -87.919776 189.534247
51502.404431 -88.438550 189.534247
51437.608512 -88.437566 189.534247
51364.827487 -88.610222 189.534247
51271.786412 89.652272 189.534247
51205.696603 89.826025 189.534247
51140.591837 90.000000 189.534247
51077.888453 89.651613 189.534247
51049.690145 -88.431640 189.534247
50970.072320 -88.779272 189.534247
50905.602932 -88.778499 189.534247
50835.036890 -88.952294 189.534247
50776.786606 -88.776950 189.534247
50706.302196 -88.950964 189.534247
50641.996073 -88.950298 189.534247
50577.730767 -88.949632 189.534247
50513.506278 -88.948964 189.534247
50470.567696 -88.422665 189.534247
50385.179747 -88.947626 189.534247
50321.077706 -88.946956 189.534247
50263.153953 -88.770716 189.534247
50199.133544 -88.769932 189.534247
50142.235650 -88.593378 189.534247
50095.292948 -88.240799 189.534247
49988.432692 89.471751 189.534247
49927.880341 89.295234 189.534247
49860.759222 89.471076 189.534247
49793.206807 89.823575 189.534247
49776.211315 -88.235168 189.534247
49665.306122 90.000000 189.534247
49631.868303 -88.586163 189.534247
49538.512929 -89.823122 189.534247
49474.941501 89.823008 189.534247
49411.410889 89.822894 189.534247
49349.337432 89.645564 189.534247
49288.249018 89.468012 189.534247
49224.840855 89.467670 189.534247
49161.473508 89.467327 189.534247
49095.786412 89.644650 189.534247
49034.861263 89.466640 189.534247
48974.921157 89.288410 189.534247
48911.717076 89.287950 189.534247
48845.249018 89.465605 189.534247
48785.431361 89.287029 189.534247
48719.044937 89.464914 189.534247
48659.308912 89.286106 189.534247
48596.308912 89.285643 189.534247
48537.598747 89.106501 189.534247
48474.680380 89.105921 189.534247
48411.802829 89.105341 189.534247
48344.717076 89.283787 189.534247
48286.170176 89.104177 189.534247
48213.500698 89.641413 189.534247
48160.700788 89.103011 189.534247
48090.473508 89.461428 189.534247
48031.145647 89.281452 189.534247
47968.553810 89.280984 189.534247
47910.251808 89.100670 189.534247
47840.187794 89.460021 189.534247
47785.272217 89.099494 189.534247
47711.512929 89.819767 189.534247
47656.206872 89.278631 189.534247
47593.859933 89.278159 189.534247
47535.802829 89.097134 189.534247
47469.288504 89.277212 189.534247
47411.313033 89.095949 189.534247
47344.880341 89.276263 189.534247
47279.432692 89.456828 189.534247
47220.635443 89.275312 189.534247
47162.823237 89.093571 189.534247
47100.802829 89.092974 189.534247
47034.574219 89.273880 189.534247
46982.077706 88.910174 189.534247
46914.986502 89.091180 189.534247
46848.880341 89.272442 189.534247
46791.313033 89.089979 189.534247
46734.730767 88.907294 189.534247
46672.996073 88.906571 189.534247
46606.108951 89.088173 189.534247
46544.455890 89.087569 189.534247
46482.843645 89.086964 189.534247
46426.465461 88.903672 189.534247
46359.741604 89.085753 189.534247
46309.582524 88.719309 189.534247
46248.133544 88.718458 189.534247
46171.145647 89.267121 189.534247
46119.220563 88.900025 189.534247
46064.031504 88.715899 189.534247
45996.608318 88.898560 189.534247
45935.363420 88.897826 189.534247
45864.717076 89.264677 189.534247
45812.996073 88.896355 189.534247
45739.126569 89.447758 189.534247
45704.011160 88.526648 189.534247
45635.888647 88.709889 189.534247
45574.888647 88.709026 189.534247
45521.011160 88.523689 189.534247
45446.873625 88.891918 189.534247
45392.133544 88.706429 189.534247
45338.378507 88.520718 189.534247
45285.608512 88.334789 189.534247
45224.853410 88.333671 189.534247
45164.139125 88.332551 189.534247
45082.220563 88.887445 189.534247
45034.807078 88.515740 189.534247
44974.215242 88.514740 189.534247
44906.582524 88.699453 189.534247
44853.154017 88.512736 189.534247
44792.684630 88.511733 189.534247
44740.281982 88.324669 189.534247
44671.868303 88.509721 189.534247
44619.547288 88.322403 189.534247
44544.133544 88.694172 189.534247
44472.537523 89.066555 189.534247
44430.725446 88.505681 189.534247
44378.567696 88.317853 189.534247
44310.398915 88.503653 189.534247
44267.292948 88.128536 189.534247
44207.231723 88.127265 189.534247
44147.211315 88.125992 189.534247
44070.235650 88.499581 189.534247
44010.296874 88.498559 189.534247
43967.394989 88.122162 189.534247
43883.460075 88.684377 189.534247
43830.725446 88.495486 189.534247
43787.946009 88.118317 189.534247
43728.211315 88.117032 189.534247
43659.547288 88.304054 189.534247
43584.786606 88.679876 189.534247
43549.252132 88.113165 189.534247
43489.680703 88.111873 189.534247
43430.150091 88.110579 189.534247
43353.664221 88.487229 189.534247
43302.241165 88.297069 189.534247
43212.145647 89.242443 189.534247
43192.435805 88.105385 189.534247
43143.023651 87.914650 189.534247
43083.737936 87.913215 189.534247
43024.493038 87.911778 189.534247
42938.378507 88.479929 189.534247
42906.125691 87.908898 189.534247
42813.011095 88.668028 189.534247
42753.929463 88.667108 189.534247
42701.970344 88.475726 189.534247
42669.880793 87.903115 189.534247
42621.780212 87.711101 189.534247
42562.861845 87.709516 189.534247
42493.125691 87.898756 189.534247
42445.147559 87.706341 189.534247
42386.351641 87.704750 189.534247
42327.596539 87.703156 189.534247
42258.023651 87.892917 189.534247
42210.208784 87.699963 189.534247
42151.576131 87.698363 189.534247
42072.211315 88.080318 189.534247
42046.236102 87.503320 189.534247
41987.725898 87.501580 189.534247
41906.595079 87.884096 189.534247
41870.827939 87.498092 189.534247
41800.637355 87.688716 189.534247
41754.093245 87.494595 189.534247
41695.787123 87.492843 189.534247
41650.268872 87.298371 189.534247
41579.297327 87.489331 189.534247
41533.860708 87.294585 189.534247
41475.717851 87.292688 189.534247
41417.615811 87.290788 189.534247
41346.807531 87.482278 189.534247
41276.984294 87.674094 189.534247
41230.807531 87.478736 189.534247
41185.615811 87.283162 189.534247
41127.717851 87.281249 189.534247
41069.860708 87.279333 189.534247
40999.297327 87.471623 189.534247
40941.521817 87.469839 189.534247
40896.534178 87.273570 189.534247
40803.431814 87.855671 189.534247
40794.878521 87.075021 189.534247
40737.266276 87.072951 189.534247
40679.694847 87.070879 189.534247
40622.164235 87.068804 189.534247
40564.674439 87.066726 189.534247
40493.534178 87.260026 189.534247
40464.452804 86.867109 189.534247
40407.085457 86.864884 189.534247
40335.123418 87.058383 189.534247
40277.837704 87.056291 189.534247
40235.228314 86.858189 189.534247
40163.388725 87.052096 189.534247
40079.787123 87.442766 189.534247
40063.738518 86.851465 189.534247
39992.021378 87.045781 189.534247
39934.980561 87.043670 189.534247
39877.980561 87.041556 189.534247
39851.236619 86.645546 189.534247
39750.411729 87.234513 189.534247
39693.534178 87.232531 189.534247
39665.024232 86.835664 189.534247
39623.808048 86.635922 189.534247
39583.576906 86.435975 189.534247
39526.862621 86.433415 189.534247
39453.665191 86.628668 189.534247
39397.032538 86.626243 189.534247
39340.440701 86.623814 189.534247
39268.309947 86.819704 189.534247
39211.799743 86.817410 189.534247
39155.330355 86.815114 189.534247
39084.266276 87.011640 189.534247
39058.093762 86.611619 189.534247
38986.167089 86.808205 189.534247
38945.440701 86.606716 189.534247
38923.167542 86.205866 189.534247
38866.943052 86.203119 189.534247
38810.759379 86.200368 189.534247
38773.028934 85.998121 189.534247
38698.514481 86.194853 189.534247
38624.985070 86.391962 189.534247
38568.964661 86.389339 189.534247
38530.453256 86.186551 189.534247
38457.046294 86.384082 189.534247
38437.028934 85.980639 189.534247
38362.759379 86.178213 189.534247
38306.943052 86.175426 189.534247
38251.167542 86.172634 189.534247
38177.964661 86.370872 189.534247
38139.738970 86.167039 189.534247
38102.498322 85.963004 189.534247
38046.886077 85.960050 189.534247
37991.314649 85.957091 189.534247
37917.371624 86.155799 189.534247
37827.889681 86.556897 189.534247
37844.201900 85.746325 189.534247
37769.437098 85.945213 189.534247
37733.426390 85.740074 189.534247
37658.743220 85.939249 189.534247
37622.814145 85.733805 189.534247
37548.212608 85.933266 189.534247
37474.596113 86.133121 189.534247
37437.845261 85.927266 189.534247
37346.842212 86.330658 189.534247
37346.997819 85.718051 189.534247
37291.957002 85.714886 189.534247
37236.957002 85.711717 189.534247
37144.228766 86.115937 189.534247
37127.079451 85.705364 189.534247
37072.201900 85.702181 189.534247
37017.365166 85.698993 189.534247
36962.569247 85.695800 189.534247
36928.115011 85.488316 189.534247
36873.400725 85.484963 189.534247
36818.727256 85.481605 189.534247
36785.339694 85.273618 189.534247
36730.747858 85.270099 189.534247
36676.196837 85.266575 189.534247
36580.140676 85.673316 189.534247
36567.217245 85.259511 189.534247
36512.788674 85.255971 189.534247
36480.590237 85.047015 189.534247
36426.243298 85.043312 189.534247
36349.747858 85.245319 189.534247
36274.237460 85.447749 189.534247
36263.447380 85.032171 189.534247
36165.829296 85.440917 189.534247
36111.686439 85.437493 189.534247
36124.152353 84.814629 189.534247
36070.091128 84.810733 189.534247
35970.747858 85.220278 189.534247
35962.091128 84.802926 189.534247
35841.584398 85.420297 189.534247
35808.931531 85.209466 189.534247
35800.397251 84.791170 189.534247
35723.447380 84.994669 189.534247
35647.482551 85.198604 189.534247
35572.502766 85.402971 189.534247
35585.376843 84.775413 189.534247
35465.155827 85.396004 189.534247
35432.788674 85.184046 189.534247
35401.406564 84.971896 189.534247
35304.441541 85.385514 189.534247
35341.597471 84.547047 189.534247
35218.747858 85.169399 189.534247
35165.339694 85.165723 189.534247
35157.295210 84.743613 189.534247
35058.645817 85.158355 189.534247
35050.682965 84.735602 189.534247
34997.438067 84.731588 189.534247
34921.100441 84.937346 189.534247
34891.070720 84.723541 189.534247
34887.048039 84.299749 189.534247
34739.543776 85.136116 189.534247
34731.825822 84.711424 189.534247
34702.903593 84.496942 189.534247
34602.733094 84.914049 189.534247
34572.948271 84.699252 189.534247
34520.070720 84.695182 189.534247
34467.233986 84.691106 189.534247
34463.537835 84.264715 189.534247
34385.760736 84.471544 189.534247
34285.835135 84.890536 189.534247
34233.161666 84.886596 189.534247
34227.740328 84.458758 189.534247
34151.070720 84.666517 189.534247
34147.619468 84.238156 189.534247
34095.109264 84.233706 189.534247
34042.639876 84.229249 189.534247
33965.189307 84.437315 189.534247
33888.723781 84.645852 189.534247
33860.454613 84.428691 189.534247
33808.148491 84.424369 189.534247
33755.883185 84.420041 189.534247
33656.447380 84.842855 189.534247
33676.497019 84.197856 189.534247
33624.354162 84.193343 189.534247
33547.230124 84.402660 189.534247
33471.091128 84.612455 189.534247
33419.070720 84.608251 189.534247
33367.091128 84.604040 189.534247
33339.230124 84.385170 189.534247
33263.254394 84.595600 189.534247
33286.463242 83.946897 189.534247
33183.658695 84.371982 189.534247
33131.883185 84.367572 189.534247
33080.148491 84.363155 189.534247
33028.454613 84.358731 189.534247
32976.801552 84.354300 189.534247
32901.111537 84.565849 189.534247
32898.639876 84.129425 189.534247
32847.109264 84.124806 189.534247
32770.597471 84.336508 189.534247
32719.148491 84.332042 189.534247
32620.529013 84.761383 189.534247
32592.295210 84.540087 189.534247
32517.835135 84.753094 189.534247
32513.760736 84.314110 189.534247
32438.438067 84.527115 189.534247
32387.233986 84.522777 189.534247
32336.070720 84.518432 189.534247
32261.814727 84.732257 189.534247
32233.866639 84.509722 189.534247
32206.903593 84.286997 189.534247
32065.257868 85.157516 189.534247
32104.944409 84.277903 189.534247
32006.814727 84.711255 189.534247
31955.937176 84.707035 189.534247
31928.233986 84.483426 189.534247
31810.870113 85.138146 189.534247
31803.549421 84.694333 189.534247
31752.835135 84.690086 189.534247
31679.972347 84.906065 189.534247
31629.339694 84.901979 189.534247
31624.070720 84.456877 189.534247
31528.196837 84.893786 189.534247
31499.875951 84.668746 189.534247
31449.406564 84.664458 189.534247
31398.977992 84.660162 189.534247
31395.801552 84.213422 189.534247
31370.476611 83.987623 189.534247
31295.148491 84.204092 189.534247
31269.905182 83.977926 189.534247
31194.658695 84.194732 189.534247
31144.475022 84.190041 189.534247
31094.332164 84.185342 189.534247
31044.230124 84.180636 189.534247
30970.091128 84.398472 189.534247
30944.148491 84.171200 189.534247
30919.190896 83.943741 189.534247
30820.152353 84.384819 189.534247
30794.332164 84.156990 189.534247
30697.263706 84.599296 189.534247
30670.580924 84.371100 189.534247
30597.671870 84.590487 189.534247
30525.747858 84.810394 189.534247
30521.376843 84.357314 189.534247
30448.590237 84.577221 189.534247
30376.788674 84.797651 189.534247
30372.540108 84.343460 189.534247
30299.875951 84.563890 189.534247
30250.386155 84.559431 189.534247
30200.937176 84.554966 189.534247
30174.662557 84.324883 189.534247
30125.295210 84.320219 189.534247
30075.968679 84.315548 189.534247
30026.682965 84.310870 189.534247
29954.304523 84.532527 189.534247
29905.100441 84.528018 189.534247
29792.201900 85.204644 189.534247
29655.738518 86.339784 189.534247
29674.641179 85.424436 189.534247
29607.187950 85.648708 189.534247
29558.187950 85.645096 189.534247
29445.021378 86.556560 189.534247
29426.318252 86.095523 189.534247
29264.133544 -88.388861 189.534247
29345.127927 85.859734 189.534247
29332.212608 85.397748 189.534247
29283.457506 85.393910 189.534247
29198.862621 85.849359 189.534247
29205.426390 85.156598 189.534247
29119.024685 85.612315 189.534247
29128.502766 84.918654 189.534247
29040.294241 85.374625 189.534247
28991.784036 85.370748 189.534247
28962.671288 85.136293 189.534247
28859.005478 85.824948 189.534247
28865.854961 85.128124 189.534247
28762.270784 85.817920 189.534247
28749.845261 85.351268 189.534247
28701.579955 85.347352 189.534247
28634.943052 85.575310 189.534247
28586.759379 85.571575 189.534247
28538.616521 85.567834 189.534247
28528.283533 85.099315 189.534247
28460.865669 85.327675 189.534247
28452.502766 84.858484 189.534247
28384.222308 85.086863 189.534247
28281.046294 85.782426 189.534247
28288.385574 85.078527 189.534247
28260.829296 84.841031 189.534247
28173.355465 85.303841 189.534247
28144.936594 85.065970 189.534247
28059.432848 85.530073 189.534247
28069.808888 84.823459 189.534247
27964.085909 85.522443 189.534247
27954.242717 85.049128 189.534247
27887.314649 85.279764 189.534247
27859.140676 85.040664 189.534247
27792.294241 85.271684 189.534247
27784.502766 84.796877 189.534247
27716.793737 85.027913 189.534247
27614.189151 85.731711 189.534247
27566.862621 85.728042 189.534247
27537.045093 85.487787 189.534247
27527.569247 85.010810 189.534247
27480.365166 85.006516 189.534247
27395.432848 85.476115 189.534247
27284.103010 86.422626 189.534247
27319.641179 85.230863 189.534247
27254.187950 85.464383 189.534247
27225.600363 85.222614 189.534247
27160.228766 85.456528 189.534247
27131.722812 85.214337 189.534247
27048.964661 85.687262 189.534247
27057.365166 84.967535 189.534247
27010.569247 84.963166 189.534247
26944.457506 85.197697 189.534247
26897.743220 85.193519 189.534247
26890.727256 84.710872 189.534247
26804.437098 85.185141 189.534247
26757.845261 85.180941 189.534247
26711.294241 85.176733 189.534247
26684.140676 84.932372 189.534247
26657.972154 84.687766 189.534247
26591.242717 84.923504 189.534247
26544.854961 84.919059 189.534247
26498.508023 84.914606 189.534247
26432.845261 85.151335 189.534247
26405.936594 84.905676 189.534247
26321.943052 85.384592 189.534247
26294.171792 85.138535 189.534247
26267.385574 84.892223 189.534247
26166.046294 85.614964 189.534247
26175.222308 84.883214 189.534247
26091.432848 85.364205 189.534247
26083.222308 84.874174 189.534247
26037.283533 84.869642 189.534247
25991.385574 84.865102 189.534247
25945.528431 84.860554 189.534247
25880.355465 85.099729 189.534247
25816.167542 85.339501 189.534247
25808.201900 84.846862 189.534247
25782.808888 84.598096 189.534247
25737.155827 84.593293 189.534247
25616.005478 85.568042 189.534247
25606.314649 85.073512 189.534247
25600.441541 84.578832 189.534247
25534.650880 84.819258 189.534247
25451.432848 85.306152 189.534247
25406.024685 85.301949 189.534247
25360.657338 85.297740 189.534247
25315.330807 85.293522 189.534247
25307.814145 84.796028 189.534247
25243.212608 85.038119 189.534247
25217.365166 84.786678 189.534247
25172.201900 84.781990 189.534247
25089.310399 85.272322 189.534247
25062.641179 85.020231 189.534247
25036.957002 84.767877 189.534247
25012.257868 84.515268 189.534247
24967.298684 84.510317 189.534247
24882.722812 85.002215 189.534247
24857.201900 84.748940 189.534247
24832.666031 84.495410 189.534247
24748.212608 84.988617 189.534247
24722.814145 84.734647 189.534247
24678.099859 84.729866 189.534247
24614.069751 84.974944 189.534247
24588.793737 84.720277 189.534247
24524.845261 84.965788 189.534247
24461.881828 85.211936 189.534247
24455.140676 84.705828 189.534247
24410.671288 84.700994 189.534247
24366.242717 84.696151 189.534247
24321.854961 84.691300 189.534247
24239.738970 85.189995 189.534247
24213.845261 84.933478 189.534247
24188.936594 84.676692 189.534247
24106.943052 85.176733 189.534247
24081.171792 84.919504 189.534247
24018.616521 85.167852 189.534247
23957.046294 85.416842 189.534247
23912.985070 85.412613 189.534247
23904.845261 84.900751 189.534247
23860.865669 84.896042 189.534247
23816.926894 84.891323 189.534247
23754.616521 85.141010 189.534247
23710.759379 85.136508 189.534247
23704.712104 84.622438 189.534247
23623.167542 85.127478 189.534247
23597.845261 84.867600 189.534247
23554.151383 84.862829 189.534247
23510.498322 84.858050 189.534247
23448.473664 85.109317 189.534247
23340.694847 86.131790 189.534247
23343.903437 85.356912 189.534247
23317.881828 85.095608 189.534247
23274.432848 85.091021 189.534247
23332.529013 83.802404 189.534247
23387.361201 82.772878 189.534247
23806.705560 79.220204 189.534247
24804.429347 74.046803 189.534247
24943.892239 73.313540 189.534247
25291.597847 71.875874 189.534247
25975.488837 69.537955 189.534247
26929.469366 66.822333 189.534247
27821.171775 64.632735 189.534247
28807.337630 62.515740 189.534247
29771.354985 60.671816 189.534247
30937.005471 58.697271 189.534247
32744.770661 56.070406 189.534247
33842.518486 54.624928 189.534247
34694.808288 53.565418 189.534247
36219.428036 51.875374 189.534247
38182.209605 49.947244 189.534247
39015.265217 49.157744 189.534247
41360.067959 47.227286 189.534247
43063.781857 45.947081 189.534247
43620.301611 45.513412 189.534247
45216.927455 44.429735 189.534247
46874.024600 43.384349 189.534247
47704.020318 42.861867 189.534247
47442.059130 42.957270 189.534247
47839.680833 42.684570 189.534247
48241.120258 42.414138 189.534247
48198.814135 42.386612 189.534247
48604.112098 42.118430 189.534247
48114.324339 42.331489 189.534247
48295.450187 42.183319 189.534247
47365.734603 42.641328 189.534247
48435.459037 42.008081 189.534247
48169.144065 42.100414 189.534247
47239.550930 42.558221 189.534247
46978.038722 42.653251 189.534247
47376.109405 42.380492 189.534247
46675.613598 42.720989 189.534247
46852.344845 42.569816 189.534247
46374.295965 42.789167 189.534247
46768.753008 42.514069 189.534247
46946.550930 42.363439 189.534247
47346.754963 42.091817 189.534247
47083.680833 42.185441 189.534247
47263.489657 42.035939 189.534247
47891.846792 41.646789 189.534247
47402.752911 41.859019 189.534247
47808.826383 41.590843 189.534247
48218.717578 41.324946 189.534247
48177.309414 41.296942 189.534247
48591.059146 41.033313 189.534247
48778.707495 40.888336 189.534247
48737.421780 40.860307 189.534247
48926.095988 40.715882 189.534247
48654.972801 40.804178 189.534247
49539.151314 40.313996 189.534247
49498.028865 40.285943 189.534247
49456.947232 40.257867 189.534247
48951.347074 40.459609 189.534247
47992.559106 40.897635 189.534247
47724.513496 40.987298 189.534247
47683.595129 40.959004 189.534247
47416.575378 41.049130 189.534247
47601.880843 40.902342 189.534247
47334.942724 40.992386 189.534247
47294.187622 40.963978 189.534247
46580.712095 41.294092 189.534247
46987.601894 41.026015 189.534247
46946.969241 40.997516 189.534247
46906.377404 40.968993 189.534247
46865.826383 40.940445 189.534247
46601.062432 41.031304 189.534247
46784.846792 40.883274 189.534247
46969.616194 40.735826 189.534247
46929.228439 40.707196 189.534247
46216.120258 41.036636 189.534247
46623.377404 40.768635 189.534247
46583.112098 40.739914 189.534247
46318.633861 40.830478 189.534247
46278.450187 40.801689 189.534247
45792.632514 41.013164 189.534247
45091.099947 41.349069 189.534247
43967.539038 41.939955 189.534247
19638.241165 -87.470830 189.534247
19377.730767 -88.302894 189.534247
19328.553810 -88.867249 189.534247
19285.555141 -89.149515 189.534247
19243.541514 -89.432403 189.534247
19240.281982 -87.444791 189.534247
19219.595079 -86.874773 189.534247
19139.934849 -88.292381 189.534247
19121.690145 -87.436874 189.534247
19048.249018 -89.144233 189.534247
19006.480289 -89.428874 189.534247
18967.112942 -89.428281 189.534247
18927.786412 -89.427688 189.534247
18887.084358 -89.713539 189.534247
18849.255800 -89.426497 189.534247
18815.717076 -88.851914 189.534247
18780.802829 -88.563505 189.534247
18746.873625 -88.274567 189.534247
18692.684371 -89.424100 189.534247
18659.308912 -88.847112 189.534247
18629.751176 -88.269150 189.534247
18641.780212 -86.537837 189.534247
198263.161420 17.803604 189.534247
18526.215242 -87.685483 189.534247
200523.351465 17.661276 189.534247
201071.392195 17.617246 189.534247
201032.637093 17.599847 189.534247
198069.181829 17.716051 189.534247
198613.568102 17.671675 189.534247
18267.840855 -89.126143 189.534247
200878.024848 17.530217 189.534247
18188.337432 -89.416170 189.534247
18148.410889 89.707768 189.534247
18109.941501 -89.707457 189.534247
18071.512929 89.707147 189.534247
18034.541514 89.413685 189.534247
17994.778236 89.706523 189.534247
17957.888453 89.412435 189.534247
17918.206807 89.705896 189.534247
17881.398657 89.411180 189.534247
17843.214983 89.410550 189.534247
17807.432692 89.114918 189.534247
17769.330651 89.113969 189.534247
17728.908861 89.408653 189.534247
17693.249018 89.112066 189.534247
17655.269427 89.111112 189.534247
17620.635443 88.813614 189.534247
17586.986502 88.515540 189.534247
17554.322604 88.216903 189.534247
17896.557365 81.434001 189.534247
18143.466086 78.822951 189.534247
18070.322906 79.098456 189.534247
18179.928332 77.940063 189.534247
17894.415865 79.942303 189.534247
18066.421860 78.201046 189.534247
18106.276989 77.615819 189.534247
18149.949839 77.031941 189.534247
18197.440410 76.449527 189.534247
18159.991430 76.435296 189.534247
18166.489790 76.137113 189.534247
18129.122443 76.122547 189.534247
18047.889390 76.392425 189.534247
17967.641378 76.663513 189.534247
17930.396481 76.649413 189.534247
17980.061219 76.063985 189.534247
17942.897954 76.049268 189.534247
17950.626254 75.749369 189.534247
17868.693872 76.019744 189.534247
17702.766165 76.866279 189.534247
17707.784236 76.564195 189.534247
17670.825052 76.549888 189.534247
17765.626254 75.673785 189.534247
17639.991430 76.232934 189.534247
17691.911968 75.643331 189.534247
17610.265301 75.915436 189.534247
17529.603675 76.188798 189.534247
17407.909022 76.753508 189.534247
16504.435805 86.934138 189.534247
16998.930448 79.370892 189.534247
16929.762804 79.656664 189.534247
16893.211784 79.645357 189.534247
16707.985937 81.132179 189.534247
204251.514256 16.395967 189.534247
204215.085684 16.378591 189.534247
205970.367342 16.287906 189.534247
207133.187811 16.222123 189.534247
205299.546917 16.277595 189.534247
206460.560566 16.211734 189.534247
204033.555072 16.291665 189.534247
202214.200022 16.347871 189.534247
16381.230835 81.043453 189.534247
16197.829490 82.867077 189.534247
16282.157120 81.328243 189.534247
16171.070720 82.236707 189.534247
16210.157120 81.308858 189.534247
16174.218344 81.299132 189.534247
16251.627542 80.068284 189.534247
16215.770399 80.057198 189.534247
16210.641427 79.741536 189.534247
16206.497498 79.425783 189.534247
16271.322906 78.503810 189.534247
16167.644734 79.097798 189.534247
16271.737166 77.873357 189.534247
16273.421860 77.558155 189.534247
16315.276989 76.942391 189.534247
16279.746376 76.927898 189.534247
16325.460043 76.313136 189.534247
16332.029134 75.998674 189.534247
16339.583267 75.684348 189.534247
16178.161709 76.568182 189.534247
16357.646662 75.056179 189.534247
16414.895126 74.445929 189.534247
16379.650228 74.428780 189.534247
16490.329110 73.525675 189.534247
16557.142286 72.920842 189.534247
16682.066196 72.028107 189.534247
16592.691550 72.299214 189.534247
16723.362451 71.409888 189.534247
16745.488142 71.101370 189.534247
16710.528958 71.080861 189.534247
17038.193492 69.348415 189.534247
16878.678069 69.893308 189.534247
17096.893984 68.740775 189.534247
17127.721794 68.437755 189.534247
17227.046827 67.856919 189.534247
17260.788948 67.555885 189.534247
17295.516112 67.255447 189.534247
17331.228319 66.955621 189.534247
17367.925568 66.656420 189.534247
17552.907164 65.813438 189.534247
17593.462951 65.517404 189.534247
17711.958224 64.953482 189.534247
17677.529653 64.927419 189.534247
17960.401936 63.837166 189.534247
17926.054998 63.810211 189.534247
18139.608280 62.996481 189.534247
18275.303709 62.450050 189.534247
18327.475926 62.164259 189.534247
18380.633186 61.879288 189.534247
18614.178486 61.087515 189.534247
18671.194283 60.806353 189.534247
18729.195124 60.526055 189.534247
18603.112651 60.747811 189.534247
18848.151932 59.968091 189.534247
18444.076445 60.941822 189.534247
19165.559530 58.924080 189.534247
19329.989911 58.408643 189.534247
19600.686568 57.659420 189.534247
19566.911057 57.628117 189.534247
19740.906151 57.123618 189.534247
19707.212273 57.091968 189.534247
19885.065904 56.591661 189.534247
19958.623345 56.327140 189.534247
19925.051916 56.294989 189.534247
20441.533126 55.117802 189.534247
20749.381140 54.412694 189.534247
20948.211831 53.937378 189.534247
21032.359843 53.684714 189.534247
20649.156650 54.313251 189.534247
20965.665965 53.617758 189.534247
21170.325280 53.148722 189.534247
21257.469236 52.898987 189.534247
21345.598234 52.650279 189.534247
21434.712275 52.402601 189.534247
21279.312520 52.582196 189.534247
21741.005471 51.700209 189.534247
21707.964655 51.665777 189.534247
22055.959969 51.007779 189.534247
22151.887676 50.767591 189.534247
22379.575768 50.325301 189.534247
22346.698217 50.290344 189.534247
22711.852870 49.652750 189.534247
22813.609200 49.419019 189.534247
23052.791274 48.990092 189.534247
23295.791069 48.565628 189.534247
23124.788446 48.724099 189.534247
23651.137765 47.919419 189.534247
23337.166490 48.266051 189.534247
23728.100967 47.658510 189.534247
23982.635560 47.247108 189.534247
24095.104910 47.025083 189.534247
24062.676338 46.989113 189.534247
24619.485797 46.219640 189.534247
24736.798728 46.002911 189.534247
25006.645023 45.608772 189.534247
25126.872265 45.395178 189.534247
25248.084550 45.182608 189.534247
