97955.112098 58.499891 174.739726
98104.085582 58.379068 174.739726
97355.140666 58.687638 174.739726
97502.307330 58.566301 174.739726
97650.459037 58.445147 174.739726
97799.595786 58.324178 174.739726
97274.123656 58.525241 174.739726
97647.595786 58.296669 174.739726
97571.657010 58.282898 174.739726
97270.561077 58.376477 174.739726
96524.775371 58.686361 174.739726
96894.633861 58.456595 174.739726
97043.112098 58.335146 174.739726
97192.575378 58.213884 174.739726
97343.023700 58.092809 174.739726
97267.370639 58.078937 174.739726
96965.616194 58.172346 174.739726
95994.918228 58.590251 174.739726
96589.316179 58.252194 174.739726
95843.897820 58.562694 174.739726
96438.377404 58.224457 174.739726
96362.969241 58.210572 174.739726
96287.601894 58.196676 174.739726
95988.021616 58.290743 174.739726
96136.989649 58.168851 174.739726
96061.744751 58.154923 174.739726
95986.540669 58.140984 174.739726
95911.377404 58.127033 174.739726
95836.254955 58.113072 174.739726
95761.173322 58.099100 174.739726
95686.132506 58.085117 174.739726
95611.132506 58.071123 174.739726
95536.173322 58.057117 174.739726
95461.254955 58.043101 174.739726
95386.377404 58.029074 174.739726
95311.540669 58.015036 174.739726
95236.744751 58.000987 174.739726
95161.989649 57.986927 174.739726
95087.275363 57.972856 174.739726
95012.601894 57.958773 174.739726
94937.969241 57.944680 174.739726
94863.377404 57.930576 174.739726
95014.024357 57.808248 174.739726
94939.514153 57.794095 174.739726
94415.593044 57.996717 174.739726
94790.616194 57.765757 174.739726
94716.228439 57.751572 174.739726
94641.881500 57.737375 174.739726
94342.377404 57.831533 174.739726
94268.112098 57.817340 174.739726
94193.887608 57.803135 174.739726
93672.140666 58.006584 174.739726
94045.561077 57.774692 174.739726
93747.205289 57.869209 174.739726
94122.595786 57.637684 174.739726
93599.123656 57.840750 174.739726
94200.737986 57.500789 174.739726
94126.799210 57.486455 174.739726
94052.901251 57.472109 174.739726
92857.775371 58.002303 174.739726
93679.085582 57.551797 174.739726
93380.112098 57.646143 174.739726
93531.575378 57.523077 174.739726
93684.023700 57.400212 174.739726
93610.370639 57.385799 174.739726
93536.758394 57.371374 174.739726
93463.186965 57.356938 174.739726
93389.656353 57.342491 174.739726
93316.166557 57.328032 174.739726
93242.717578 57.313562 174.739726
93169.309414 57.299080 174.739726
93095.942067 57.284587 174.739726
92571.275363 57.487780 174.739726
92949.329822 57.255567 174.739726
92649.942724 57.349807 174.739726
92127.286922 57.553674 174.739726
92503.575378 57.320768 174.739726
92430.452929 57.306232 174.739726
92132.173322 57.400817 174.739726
91834.878759 57.495710 174.739726
91986.132506 57.371738 174.739726
91913.173322 57.357181 174.739726
91840.254955 57.342612 174.739726
91767.377404 57.328032 174.739726
91694.540669 57.313440 174.739726
91621.744751 57.298837 174.739726
91548.989649 57.284222 174.739726
91476.275363 57.269595 174.739726
91628.799867 57.145569 174.739726
91556.167214 57.130894 174.739726
90810.814135 57.445333 174.739726
91411.024357 57.101508 174.739726
90889.062432 57.306048 174.739726
91040.846792 57.181591 174.739726
90744.164473 57.276694 174.739726
90671.776718 57.262000 174.739726
90376.120258 57.357428 174.739726
90527.123656 57.232576 174.739726
90904.310071 56.998291 174.739726
90606.887608 57.093165 174.739726
90310.450187 57.188352 174.739726
90238.307330 57.173587 174.739726
90615.657010 56.939051 174.739726
90543.595786 56.924212 174.739726
90246.377404 57.019154 174.739726
90174.397812 57.004316 174.739726
90102.459037 56.989467 174.739726
90030.561077 56.974605 174.739726
89958.703934 56.959732 174.739726
89886.887608 56.944847 174.739726
89815.112098 56.929950 174.739726
89743.377404 56.915041 174.739726
89896.881500 56.790125 174.739726
89600.030465 56.885187 174.739726
89528.418220 56.870242 174.739726
89456.846792 56.855285 174.739726
89385.316179 56.840317 174.739726
89313.826383 56.825336 174.739726
89242.377404 56.810343 174.739726
89170.969241 56.795338 174.739726
88875.348146 56.890796 174.739726
89253.473337 56.655072 174.739726
89182.187622 56.640006 174.739726
88215.816188 57.067688 174.739726
88590.286922 56.830710 174.739726
88743.377404 56.705057 174.739726
88672.254955 56.689968 174.739726
88826.371296 56.564496 174.739726
88530.132506 56.659754 174.739726
88234.878759 56.755331 174.739726
88163.919575 56.740218 174.739726
88317.254955 56.614341 174.739726
88246.377404 56.599179 174.739726
87951.286922 56.694808 174.739726
88104.744751 56.568819 174.739726
88259.187622 56.443049 174.739726
87963.275363 56.538410 174.739726
87668.348146 56.634091 174.739726
87821.969241 56.507952 174.739726
87527.123656 56.603659 174.739726
87010.897820 56.811237 174.739726
87162.752911 56.684467 174.739726
87539.846792 56.446888 174.739726
86799.489657 56.765613 174.739726
87399.030465 56.416283 174.739726
87328.683526 56.400962 174.739726
87034.123656 56.496759 174.739726
86296.762466 56.816624 174.739726
86226.537976 56.801367 174.739726
86823.450187 56.450759 174.739726
86977.561077 56.324170 174.739726
86907.459037 56.308775 174.739726
87062.595786 56.182374 174.739726
86992.575378 56.166929 174.739726
86697.397812 56.262514 174.739726
86403.205289 56.358424 174.739726
86333.307330 56.342992 174.739726
85596.354303 56.663501 174.739726
86193.633861 56.312089 174.739726
86348.112098 56.185163 174.739726
86054.123656 56.281136 174.739726
86208.683526 56.154135 174.739726
85914.776718 56.250133 174.739726
86069.418220 56.123057 174.739726
85999.846792 56.107499 174.739726
85706.062432 56.203534 174.739726
85413.263115 56.299897 174.739726
85343.814135 56.284352 174.739726
85497.715493 56.156821 174.739726
85428.348146 56.141225 174.739726
85583.275363 56.013887 174.739726
85513.989649 55.998241 174.739726
85669.942724 55.871096 174.739726
84705.612106 56.303203 174.739726
85984.804004 55.617505 174.739726
85915.681555 55.601735 174.739726
85393.371296 55.808236 174.739726
85324.330480 55.792489 174.739726
85481.472680 55.665393 174.739726
85186.371296 55.760957 174.739726
85570.681555 55.522697 174.739726
85048.575378 55.729373 174.739726
84979.738643 55.713563 174.739726
85364.171351 55.475122 174.739726
85523.446901 55.348349 174.739726
57817.700788 -89.181347 174.739726
85158.028494 55.427431 174.739726
85089.395841 55.411508 174.739726
85020.804004 55.395573 174.739726
84499.024357 55.602527 174.739726
84883.742779 55.363663 174.739726
85043.304044 55.236638 174.739726
84974.875473 55.220627 174.739726
84678.457065 55.315702 174.739726
84610.110126 55.299689 174.739726
84541.804004 55.283664 174.739726
57064.537523 -89.175961 174.739726
84633.344861 55.140383 174.739726
84337.130534 55.235509 174.739726
84497.018330 55.108194 174.739726
84428.916289 55.092080 174.739726
84132.824412 55.187237 174.739726
84064.804004 55.171120 174.739726
56587.823237 -89.172498 174.739726
83928.885636 55.138848 174.739726
83633.901251 55.234370 174.739726
84021.161187 54.995124 174.739726
84182.319739 54.867800 174.739726
84114.544229 54.851560 174.739726
83817.834656 54.946470 174.739726
83750.140779 54.930226 174.739726
83911.462597 54.802759 174.739726
83614.875473 54.897698 174.739726
83776.278923 54.770159 174.739726
83479.773432 54.865117 174.739726
83871.177620 54.626511 174.739726
83803.728641 54.610143 174.739726
83506.401372 54.704802 174.739726
83668.953130 54.577368 174.739726
83371.707495 54.672044 174.739726
83304.421780 54.655645 174.739726
83467.095988 54.528105 174.739726
83399.891906 54.511657 174.739726
80199.785761 56.079734 174.739726
80350.307476 55.948372 174.739726
82968.605454 54.573452 174.739726
82217.472680 54.892542 174.739726
82834.564637 54.540482 174.739726
82767.605454 54.523977 174.739726
82930.606192 54.396154 174.739726
82404.834656 54.602564 174.739726
82566.972801 54.474382 174.739726
82730.095988 54.346452 174.739726
82204.446901 54.552955 174.739726
82137.732616 54.536391 174.739726
81843.028494 54.631874 174.739726
81549.309414 54.727701 174.739726
54336.211315 -88.310867 174.739726
54226.697998 89.492815 174.739726
54160.187794 89.492504 174.739726
54093.718406 89.492192 174.739726
54030.594627 89.322521 174.739726
54013.778753 -88.136357 174.739726
53897.859933 89.321687 174.739726
53847.133544 -88.812336 174.739726
53765.288504 89.320851 174.739726
53695.759222 89.490314 174.739726
53637.129359 89.150039 174.739726
53576.179747 88.979451 174.739726
53504.884461 89.148989 174.739726
53431.269427 89.489054 174.739726
53408.211315 -88.296251 174.739726
53325.235650 -88.636013 174.739726
53267.322798 -88.464642 174.739726
53210.394989 -88.293086 174.739726
53101.575549 89.487470 174.739726
53031.982317 89.829047 174.739726
52977.537523 89.144764 174.739726
52947.211315 -88.288848 174.739726
52841.859933 89.314943 174.739726
52780.455890 89.143169 174.739726
52710.594627 89.314090 174.739726
52649.272217 89.142102 174.739726
52583.741604 89.141567 174.739726
52523.445053 88.969273 174.739726
52457.996073 88.968630 174.739726
52405.807078 -88.624097 174.739726
52348.465655 -88.451222 174.739726
52275.113201 -88.622378 174.739726
52181.500698 89.655317 174.739726
52131.363420 88.965404 174.739726
52060.966094 89.137268 174.739726
52007.133544 88.791506 174.739726
51926.431361 89.308930 174.739726
51865.598747 89.135644 174.739726
51800.557931 89.135102 174.739726
51740.751176 88.961505 174.739726
51675.791992 88.960853 174.739726
51617.011095 -88.786947 174.739726
51552.133544 -88.786184 174.739726
51475.966094 89.132379 174.739726
51416.363420 88.958234 174.739726
51351.608318 88.957577 174.739726
51281.700788 89.130737 174.739726
51222.220563 88.956261 174.739726
51163.725381 88.781585 174.739726
51092.996073 88.954942 174.739726
51028.445053 88.954281 174.739726
50977.154017 88.604947 174.739726
50920.710553 88.429654 174.739726
50825.594627 89.301486 174.739726
50783.868303 88.602294 174.739726
50719.521364 88.601407 174.739726
50648.133544 88.775398 174.739726
50577.730767 88.949632 174.739726
50526.725446 88.598741 174.739726
50455.460075 88.773061 174.739726
50391.317218 88.772281 174.739726
50305.970085 89.648950 174.739726
50257.016482 88.946285 174.739726
50199.133544 88.769932 174.739726
50142.235650 88.593378 174.739726
50086.322798 88.416625 174.739726
50014.398915 88.591581 174.739726
49943.460075 88.766787 174.739726
49868.313033 89.118504 174.739726
49822.949936 88.588877 174.739726
49767.241165 88.411556 174.739726
49695.521364 88.587069 174.739726
49618.649135 88.939528 174.739726
49561.174361 88.762040 174.739726
49491.465461 88.938166 174.739726
49441.154017 88.583438 174.739726
49385.690145 88.405430 174.739726
49314.215242 88.581616 174.739726
49228.145647 89.290242 174.739726
49180.358034 88.757255 174.739726
49098.146978 89.466984 174.739726
49053.745789 88.755652 174.739726
48997.582589 88.577039 174.739726
48942.404431 88.398223 174.739726
48871.215242 88.575200 174.739726
48808.092793 -88.574279 174.739726
48737.929463 88.751626 174.739726
48689.996267 88.394075 174.739726
48600.557931 89.107080 174.739726
48564.037084 88.391993 174.739726
48493.092793 88.569655 174.739726
48447.211315 88.211117 174.739726
48375.404431 88.388861 174.739726
48321.578662 88.208793 174.739726
48268.737936 88.028526 174.739726
48196.109274 88.206462 174.739726
48143.350181 88.025959 174.739726
48070.803152 88.204125 174.739726
48018.125691 88.023386 174.739726
47936.690145 88.381503 174.739726
47874.179941 88.380446 174.739726
47803.684630 88.559376 174.739726
47749.281982 88.378329 174.739726
47678.868303 88.557491 174.739726
47616.521364 88.556547 174.739726
47571.211315 88.194716 174.739726
47491.949936 88.554654 174.739726
47437.751369 88.373011 174.739726
47367.541772 88.552757 174.739726
47313.424839 88.370875 174.739726
47251.322798 88.369804 174.739726
47198.231723 88.187595 174.739726
47136.211315 88.186403 174.739726
47057.235650 88.547992 174.739726
47022.207324 88.002555 174.739726
46950.394989 88.182816 174.739726
46888.537846 88.181617 174.739726
46826.721519 88.180417 174.739726
46755.975859 88.361189 174.739726
46703.211315 88.178012 174.739726
46641.517438 88.176807 174.739726
46589.778753 87.993303 174.739726
46528.166508 87.991974 174.739726
46447.710553 88.355758 174.739726
46378.154017 88.537398 174.739726
46324.690145 88.353576 174.739726
46263.241165 88.352483 174.739726
46180.587910 88.900757 174.739726
46170.208784 87.800861 174.739726
46079.139125 88.349194 174.739726
46009.827487 -88.531554 174.739726
45986.351641 87.796467 174.739726
45904.374581 88.162222 174.739726
45826.215242 88.528615 174.739726
45802.861845 87.792056 174.739726
45741.780212 87.790581 174.739726
45680.739396 87.789105 174.739726
45631.542225 87.603469 174.739726
45558.780212 87.786146 174.739726
45477.088866 88.153605 174.739726
45416.211315 88.152368 174.739726
45365.288957 87.966390 174.739726
45304.493038 87.965025 174.739726
45233.823560 88.148645 174.739726
45164.139125 88.332551 174.739726
45088.358034 88.702078 174.739726
45051.803152 88.144908 174.739726
44982.241165 88.329182 174.739726
44940.574671 87.956799 174.739726
44880.064467 87.955421 174.739726
44830.453682 87.768226 174.739726
44749.252132 88.138645 174.739726
44709.637355 87.765211 174.739726
44649.290416 87.763701 174.739726
44600.787123 87.575918 174.739726
44528.718988 87.760674 174.739726
44480.297327 87.572635 174.739726
44432.860708 87.384393 174.739726
44372.717851 87.382620 174.739726
44288.065927 87.754595 174.739726
44239.807531 87.566042 174.739726
44192.534178 87.377286 174.739726
44132.554586 87.375503 174.739726
44086.307092 87.186418 174.739726
43999.970796 87.559414 174.739726
43952.860708 87.370140 174.739726
43847.721519 88.119600 174.739726
43833.268872 87.366552 174.739726
43760.787123 87.552749 174.739726
43727.531582 87.174889 174.739726
43654.187239 87.361152 174.739726
43581.827939 87.547726 174.739726
43522.256511 87.546048 174.739726
43475.472953 87.355730 174.739726
43429.674439 87.165210 174.739726
43356.534178 87.352103 174.739726
43272.576131 87.728387 174.739726
43225.011613 87.537619 174.739726
43178.432137 87.346644 174.739726
43119.146423 87.344819 174.739726
43035.351641 87.722131 174.739726
43029.024232 86.961995 174.739726
42955.225459 87.149585 174.739726
42910.738518 86.957807 174.739726
42837.021378 87.145652 174.739726
42792.616069 86.953607 174.739726
42733.616069 86.951503 174.739726
42660.021378 87.139731 174.739726
42631.318252 86.756886 174.739726
42556.860967 86.945173 174.739726
42498.024232 86.943057 174.739726
42454.808048 86.750144 174.739726
42380.473212 86.938816 174.739726
42321.758926 86.936692 174.739726
42248.449949 87.125822 174.739726
42204.452804 86.932433 174.739726
42131.225459 87.121823 174.739726
42102.889681 86.736576 174.739726
42014.164235 87.117812 174.739726
41985.910089 86.732028 174.739726
41911.901783 86.921736 174.739726
41885.617723 86.535421 174.739726
41827.270784 86.533003 174.739726
41768.964661 86.530581 174.739726
41710.699355 86.528156 174.739726
41652.474865 86.525727 174.739726
41594.291192 86.523295 174.739726
41536.148335 86.520859 174.739726
41478.046294 86.518420 174.739726
41419.985070 86.515978 174.739726
41361.964661 86.513532 174.739726
41321.453256 86.317774 174.739726
41263.514481 86.315186 174.739726
41205.616521 86.312594 174.739726
41130.291192 86.503715 174.739726
41072.474865 86.501252 174.739726
41032.167542 86.304798 174.739726
40974.432848 86.302192 174.739726
40916.738970 86.299582 174.739726
40841.617723 86.491365 174.739726
40784.005478 86.488885 174.739726
40762.314649 86.097147 174.739726
40686.371624 86.289107 174.739726
40628.881828 86.286478 174.739726
40537.440701 86.674091 174.739726
40514.024685 86.281211 174.739726
40456.657338 86.278571 174.739726
40417.743220 86.080520 174.739726
40360.457506 86.077735 174.739726
40267.332008 86.466402 174.739726
40265.365166 85.876423 174.739726
40208.201900 85.873487 174.739726
40151.079451 85.870548 174.739726
40038.760580 86.456318 174.739726
40057.257868 85.668468 174.739726
40000.257868 85.665377 174.739726
39922.997819 85.858748 174.739726
39886.380317 85.659182 174.739726
39789.845261 86.049667 174.739726
39793.911123 85.456186 174.739726
39695.569247 85.846881 174.739726
39638.814145 85.843904 174.739726
39582.099859 85.840922 174.739726
39566.972347 85.443147 174.739726
39468.793737 85.834946 174.739726
39432.502766 85.634223 174.739726
39397.196837 85.433318 174.739726
39319.441541 85.627939 174.739726
39262.972154 85.624790 174.739726
39227.788674 85.423447 174.739726
39129.854961 85.816914 174.739726
39137.243298 85.218479 174.739726
39058.747858 85.413533 174.739726
38981.237460 85.608976 174.739726
38904.712104 85.804807 174.739726
38890.074388 85.403576 174.739726
38812.686439 85.599434 174.739726
38847.230124 84.799615 174.739726
38721.768266 85.393576 174.739726
38665.747858 85.390233 174.739726
38631.957584 85.187238 174.739726
38599.152353 84.984067 174.739726
38520.120849 85.180240 174.739726
38464.263706 85.176733 174.739726
38306.943052 86.175426 174.739726
38352.671870 85.169705 174.739726
38296.937176 85.166183 174.739726
38264.376843 84.962116 174.739726
38208.723781 84.958439 174.739726
38086.543582 85.557599 174.739726
38097.540108 84.951069 174.739726
38066.087267 84.746380 174.739726
37986.519700 84.943677 174.739726
37931.070720 84.939973 174.739726
37830.339694 85.339501 174.739726
37844.372981 84.730970 174.739726
37814.068447 84.525509 174.739726
37733.760736 84.723231 174.739726
37654.438067 84.921371 174.739726
37623.311756 84.715469 174.739726
37568.148491 84.711580 174.739726
37538.048039 84.505357 174.739726
37457.944409 84.703784 174.739726
37402.903593 84.699877 174.739726
37257.257868 85.508330 174.739726
37292.944409 84.692047 174.739726
37238.026042 84.688123 174.739726
37159.070720 84.887542 174.739726
37179.299977 84.273670 174.739726
37098.537835 84.472804 174.739726
37096.659406 84.061811 174.739726
37041.945120 84.057411 174.739726
36987.271651 84.053004 174.739726
36905.728548 84.252414 174.739726
36878.047161 84.044172 174.739726
36770.619468 84.448136 174.739726
36796.840613 83.831195 174.739726
36687.606099 84.235296 174.739726
36687.942653 83.822011 174.739726
36633.554898 83.817409 174.739726
36551.353284 84.017518 174.739726
36524.901837 83.808184 174.739726
36470.636531 83.803561 174.739726
36335.680692 84.414902 174.739726
36334.373692 83.999617 174.739726
36227.354162 84.406531 174.739726
36226.128794 83.990626 174.739726
36119.190896 84.398136 174.739726
36065.170488 84.393929 174.739726
36091.922245 83.771008 174.739726
35957.252121 84.385495 174.739726
36012.884413 83.555421 174.739726
35959.027270 83.550576 174.739726
35848.557365 83.958945 174.739726
35822.636531 83.747547 174.739726
35797.700739 83.535998 174.739726
35715.207960 83.738113 174.739726
35555.801552 84.563547 174.739726
35607.942653 83.728650 174.739726
35473.639876 84.347230 174.739726
35472.985937 83.926929 174.739726
35476.149719 83.506644 174.739726
35452.443868 83.293984 174.739726
35340.493674 83.704869 174.739726
35315.925229 83.491868 174.739726
35179.034671 84.112563 174.739726
35209.312984 83.481979 174.739726
35127.269184 83.685715 174.739726
34993.333753 84.308441 174.739726
35049.700739 83.467090 174.739726
34913.014262 84.090096 174.739726
34973.239786 83.247985 174.739726
34920.198970 83.242835 174.739726
34837.455841 83.447133 174.739726
34784.496658 83.442125 174.739726
34674.924712 83.857174 174.739726
34649.901837 83.642190 174.739726
34597.065102 83.637317 174.739726
34602.811215 83.211771 174.739726
34491.514082 83.627548 174.739726
34410.945120 83.833566 174.739726
34386.126327 83.617750 174.739726
34362.292576 83.401782 174.739726
34309.700739 83.396704 174.739726
34257.149719 83.391619 174.739726
34234.382644 83.175169 174.739726
34181.913256 83.169908 174.739726
34129.484684 83.164639 174.739726
34077.096929 83.159362 174.739726
33995.006862 83.366074 174.739726
33913.901837 83.573284 174.739726
33920.178562 83.143481 174.739726
33867.954072 83.138172 174.739726
33786.027270 83.345497 174.739726
33763.627542 83.127528 174.739726
33711.525501 83.122193 174.739726
33520.190896 84.184297 174.739726
33577.700739 83.324792 174.739726
33525.721148 83.319596 174.739726
33339.230124 84.385170 174.739726
33393.085511 83.523148 174.739726
33260.497019 84.161559 174.739726
33289.412041 83.513027 174.739726
33266.435433 83.293493 174.739726
33185.901837 83.502874 174.739726
33192.749990 83.068393 174.739726
33082.554898 83.492690 174.739726
33003.087977 83.702893 174.739726
32924.606099 83.913600 174.739726
32956.639515 83.261900 174.739726
32905.149719 83.256606 174.739726
32824.901837 83.467090 174.739726
32802.292576 83.245992 174.739726
32750.925229 83.240673 174.739726
32670.799796 83.451634 174.739726
32619.514082 83.446466 174.739726
32540.414508 83.658101 174.739726
32517.065102 83.436105 174.739726
32438.047161 83.648061 174.739726
32414.779388 83.425711 174.739726
32308.932630 83.855661 174.739726
32284.802263 83.632942 174.739726
32261.656939 83.410059 174.739726
32210.697756 83.404825 174.739726
32105.014262 83.836104 174.739726
32108.901837 83.394332 174.739726
32058.065102 83.389073 174.739726
32036.068086 83.165319 174.739726
32015.056113 82.941415 174.739726
31934.598699 83.154418 174.739726
31855.126327 83.367954 174.739726
31833.292576 83.143481 174.739726
31753.901837 83.357344 174.739726
31761.892848 82.913196 174.739726
31652.840613 83.346701 174.739726
31602.371225 83.341366 174.739726
31551.942653 83.336023 174.739726
31473.700222 83.551078 174.739726
31480.006862 83.104929 174.739726
31320.170488 83.982778 174.739726
31295.871405 83.756617 174.739726
31219.680692 83.973066 174.739726
31195.463242 83.746537 174.739726
31172.230835 83.519836 174.739726
31095.218344 83.736425 174.739726
30994.168899 84.175922 174.739726
30969.170488 83.948649 174.739726
30945.157120 83.721196 174.739726
30869.252121 83.938826 174.739726
30872.230835 83.488291 174.739726
30850.228368 83.260313 174.739726
30772.557365 83.477708 174.739726
30722.781855 83.472403 174.739726
30673.047161 83.467090 174.739726
30521.376843 84.357314 174.739726
30495.801552 84.128360 174.739726
30398.977992 84.572784 174.739726
30396.617879 84.118754 174.739726
30299.875951 84.563890 174.739726
30273.519700 84.334187 174.739726
30178.747858 84.780562 174.739726
30151.529013 84.550493 174.739726
30058.727256 84.998102 174.739726
30009.400725 84.993982 174.739726
30003.549421 84.537030 174.739726
29932.115205 84.759043 174.739726
29841.365166 85.208605 174.739726
29833.747858 84.750385 174.739726
29763.380317 84.973282 174.739726
29638.760580 85.880330 174.739726
29686.502960 84.737346 174.739726
29576.600363 85.416842 174.739726
29567.298684 84.956599 174.739726
29498.079451 85.180740 174.739726
29469.502766 84.948216 174.739726
29441.911123 84.715469 174.739726
29393.115205 84.711072 174.739726
29302.814145 85.164672 174.739726
29295.645817 84.702256 174.739726
29269.161666 84.468708 174.739726
29220.529013 84.464093 174.739726
29171.937176 84.459470 174.739726
29101.196837 84.684535 174.739726
29052.686633 84.680087 174.739726
29004.217245 84.675630 174.739726
28955.788674 84.671167 174.739726
28846.498322 85.359080 174.739726
28837.808888 84.893040 174.739726
28789.502766 84.888746 174.739726
28784.671870 84.422206 174.739726
28672.712104 85.111703 174.739726
28688.263706 84.412812 174.739726
28596.686439 84.871497 174.739726
28508.926894 85.331623 174.739726
28480.222308 85.095171 174.739726
28412.845261 85.323719 174.739726
28384.222308 85.086863 174.739726
28281.046294 85.782426 174.739726
28288.385574 85.078527 174.739726
28260.829296 84.841031 174.739726
28213.012970 84.836649 174.739726
28165.237460 84.832260 174.739726
28138.747858 84.594129 174.739726
28030.151383 85.291833 174.739726
27946.617723 85.757220 174.739726
27954.242717 85.049128 174.739726
27906.671288 85.044900 174.739726
27839.784036 85.275727 174.739726
27792.294241 85.271684 174.739726
27764.201900 85.032171 174.739726
27679.024685 85.499398 174.739726
27669.426390 85.023648 174.739726
27622.099859 85.019376 174.739726
27574.814145 85.015097 174.739726
27527.569247 85.010810 174.739726
27442.596113 85.480012 174.739726
27395.432848 85.476115 174.739726
27386.079451 84.997906 174.739726
27283.760580 85.705894 174.739726
27291.957002 84.989266 174.739726
27189.719763 85.698461 174.739726
27178.641179 85.218479 174.739726
27151.079451 84.976250 174.739726
27104.201900 84.971896 174.739726
27057.365166 84.967535 174.739726
26991.212608 85.201868 174.739726
26944.457506 85.197697 174.739726
26917.099859 84.954406 174.739726
26832.657338 85.428821 174.739726
26823.793737 84.945615 174.739726
26721.964661 85.660905 174.739726
26730.650880 84.936794 174.739726
26684.140676 84.932372 174.739726
26657.972154 84.687766 174.739726
26571.886077 85.164067 174.739726
26383.864376 -87.575590 174.739726
26460.738970 85.396739 174.739726
26452.201900 84.910145 174.739726
26426.237460 84.664458 174.739726
26380.012970 84.659772 174.739726
26333.829296 84.655077 174.739726
26267.385574 84.892223 174.739726
26221.283533 84.887723 174.739726
26155.865669 85.125668 174.739726
26129.201900 84.878698 174.739726
26045.453256 85.360105 174.739726
26037.283533 84.869642 174.739726
26011.686439 84.621985 174.739726
25926.171792 85.104071 174.739726
25941.258062 84.369106 174.739726
25816.167542 85.339501 174.739726
25770.432848 85.335358 174.739726
25724.738970 85.331208 174.739726
25679.085909 85.327051 174.739726
25633.473664 85.322886 174.739726
25587.902236 85.318713 174.739726
25542.371624 85.314534 174.739726
25496.881828 85.310346 174.739726
25489.201900 84.814629 174.739726
25464.094602 84.564295 174.739726
25439.972347 84.313718 174.739726
25373.400725 84.554559 174.739726
25307.814145 84.796028 174.739726
25282.870113 84.544789 174.739726
25198.008526 85.033659 174.739726
25172.201900 84.781990 174.739726
25127.079451 84.777294 174.739726
25062.641179 85.020231 174.739726
24999.187950 85.263789 174.739726
24954.187950 85.259511 174.739726
24946.997819 84.758425 174.739726
24882.722812 85.002215 174.739726
24877.502766 84.500388 174.739726
24832.666031 84.495410 174.739726
24767.569247 84.739420 174.739726
24722.814145 84.734647 174.739726
24698.400725 84.480422 174.739726
24653.727256 84.475408 174.739726
24609.094602 84.470384 174.739726
24544.201900 84.715469 174.739726
24519.951745 84.460311 174.739726
24475.441541 84.455260 174.739726
24430.972154 84.450200 174.739726
24346.886077 84.947376 174.739726
24234.514028 85.950418 174.739726
24258.151383 84.938119 174.739726
24177.964661 85.437874 174.739726
24151.167542 85.181162 174.739726
24144.712104 84.671805 174.739726
24120.829296 84.414522 174.739726
24076.686439 84.409388 174.739726
23992.926894 84.910145 174.739726
23948.865669 84.905452 174.739726
23965.747858 84.140842 174.739726
23921.768266 84.135439 174.739726
23856.584398 84.383575 174.739726
23812.686439 84.378384 174.739726
23790.074388 84.119173 174.739726
23704.712104 84.622438 174.739726
23702.482551 84.108278 174.739726
23658.747858 84.102816 174.739726
23637.243298 83.842637 174.739726
23571.400919 84.091861 174.739726
23506.543582 84.341776 174.739726
23484.217245 84.080865 174.739726
23419.441541 84.331230 174.739726
23419.386155 83.813953 174.739726
23312.201900 84.577221 174.739726
23355.662557 83.546307 174.739726
23312.295210 83.540281 174.739726
23427.598699 82.000639 174.739726
23612.343637 80.217001 174.739726
24761.184449 74.032506 174.739726
25716.499684 70.475855 174.739726
25822.524175 69.997022 174.739726
27573.903819 65.296532 174.739726
27723.444352 64.846379 174.739726
29245.458636 61.698815 174.739726
29427.184496 61.272065 174.739726
31839.213705 57.377558 174.739726
32332.615879 56.615394 174.739726
35043.574346 53.252995 174.739726
35623.926972 52.558501 174.739726
38052.643407 50.128725 174.739726
40508.311107 48.000456 174.739726
41402.741429 47.254604 174.739726
43907.118417 45.434122 174.739726
45721.306792 44.226634 174.739726
47175.785761 43.314623 174.739726
47569.467294 43.039667 174.739726
48410.752911 42.523998 174.739726
49041.044765 42.136285 174.739726
49224.758394 41.989883 174.739726
48731.030465 42.200940 174.739726
50516.705652 41.232645 174.739726
50474.399530 41.205246 174.739726
49969.463334 41.409731 174.739726
49697.319739 41.499001 174.739726
48295.450187 42.183319 174.739726
48928.901251 41.797360 174.739726
48435.459037 42.008081 174.739726
48169.144065 42.100414 174.739726
47681.448841 42.314346 174.739726
47418.048180 42.408258 174.739726
47155.632563 42.502692 174.739726
47334.211446 42.352702 174.739726
47292.354303 42.324887 174.739726
47471.959045 42.175449 174.739726
46768.753008 42.514069 174.739726
47834.123656 41.878270 174.739726
48241.881500 41.611220 174.739726
48200.228439 41.583345 174.739726
49068.850352 41.083876 174.739726
48798.304044 41.173063 174.739726
49215.667416 40.911637 174.739726
49636.848510 40.652429 174.739726
49363.591972 40.739914 174.739726
49091.320477 40.827883 174.739726
49745.375804 40.453911 174.739726
49471.297489 40.540752 174.739726
49662.763559 40.398015 174.739726
49621.518661 40.370032 174.739726
50284.235290 40.001074 174.739726
49772.847324 40.199830 174.739726
49731.724875 40.171795 174.739726
49224.195448 40.372535 174.739726
48033.559106 40.925865 174.739726
48220.589758 40.780259 174.739726
47498.371296 41.105777 174.739726
47457.452929 41.077466 174.739726
47642.717578 40.930685 174.739726
47828.967269 40.784475 174.739726
47334.942724 40.992386 174.739726
47294.187622 40.963978 174.739726
47706.701963 40.699351 174.739726
46987.601894 41.026015 174.739726
47172.167214 40.878605 174.739726
46682.123656 41.088458 174.739726
47091.024357 40.821567 174.739726
47050.514153 40.793011 174.739726
47236.186965 40.646157 174.739726
46520.164473 40.974049 174.739726
47155.370639 40.588958 174.739726
47115.023700 40.560322 174.739726
47074.717578 40.531661 174.739726
47034.452271 40.502976 174.739726
46095.324339 40.950367 174.739726
46055.140666 40.921560 174.739726
45571.211446 41.134184 174.739726
45091.099947 41.349069 174.739726
19508.310825 -86.615694 174.739726
19468.494498 -86.612231 174.739726
19398.975859 -87.455271 174.739726
19337.996073 -88.301151 174.739726
19283.194575 -89.432987 174.739726
19232.256058 -87.728387 174.739726
19192.684630 -87.726045 174.739726
19153.154017 -87.723699 174.739726
19095.251808 -88.575384 174.739726
19051.553810 -88.859043 174.739726
19012.145647 -88.857861 174.739726
18965.224490 90.000000 174.739726
18927.786412 -89.427688 174.739726
18888.500698 -89.427093 174.739726
18849.255800 -89.426497 174.739726
18819.966094 -88.565001 174.739726
18776.553810 -88.850717 174.739726
18753.011095 -87.987214 174.739726
199586.143500 17.819493 174.739726
197216.752164 17.910459 174.739726
198341.038971 17.838601 174.739726
200054.091696 17.740292 174.739726
201187.902399 17.669424 174.739726
201149.024848 17.652035 174.739726
198768.506878 17.741645 174.739726
199313.714929 17.697312 174.739726
199859.908023 17.653100 174.739726
200993.922808 17.582444 174.739726
200368.412690 17.591581 174.739726
199158.939419 17.627420 174.739726
18225.472113 -89.708386 174.739726
18186.921093 -89.708077 174.739726
18149.827228 -89.415551 174.739726
18109.941501 -89.707457 174.739726
18071.512929 89.707147 174.739726
18033.125174 -89.706835 174.739726
17994.306122 90.000000 174.739726
17956.472113 89.706210 174.739726
17925.288504 88.823741 174.739726
17896.506278 88.234037 174.739726
17909.310825 86.467659 174.739726
17850.394989 87.052096 174.739726
17822.207324 86.754438 174.739726
17784.146100 86.750963 174.739726
17700.802829 88.520321 174.739726
17655.269427 89.111112 174.739726
17613.553746 89.703364 174.739726
17575.655787 -89.703044 174.739726
17832.397251 82.609295 174.739726
17896.557365 81.434001 174.739726
17886.636531 81.133806 174.739726
17907.443868 80.543017 174.739726
17811.207960 81.114900 174.739726
17894.415865 79.942303 174.739726
18066.421860 78.201046 174.739726
18187.480451 77.045561 174.739726
18234.930206 76.463729 174.739726
18154.478113 76.733577 174.739726
18159.991430 76.435296 174.739726
18166.489790 76.137113 174.739726
17919.032091 77.550251 174.739726
17962.909022 76.963417 174.739726
17925.623308 76.949626 174.739726
17930.396481 76.649413 174.739726
17730.785474 77.785945 174.739726
17856.029134 76.621125 174.739726
17950.626254 75.749369 174.739726
17781.825052 76.592719 174.739726
17922.298781 75.434247 174.739726
17885.298781 75.418854 174.739726
17757.693872 75.975227 174.739726
17765.626254 75.673785 174.739726
17774.543679 75.372486 174.739726
17647.061219 75.930431 174.739726
17610.265301 75.915436 174.739726
17324.234454 77.641223 174.739726
17211.982064 78.214122 174.739726
17035.563101 79.382459 174.739726
17102.323229 78.483244 174.739726
16929.762804 79.656664 174.739726
16861.580203 79.943598 174.739726
16707.985937 81.132179 174.739726
199515.275111 16.594998 174.739726
200067.571641 16.552323 174.739726
202988.972785 16.410440 174.739726
195311.474475 16.719842 174.739726
195275.168353 16.702102 174.739726
198158.922894 16.557407 174.739726
198122.698404 16.539781 174.739726
16173.291192 84.419078 174.739726
16192.385574 83.489045 174.739726
16220.018808 82.560353 174.739726
16231.168899 81.939208 174.739726
16220.170488 81.624135 174.739726
16237.067569 81.003451 174.739726
16201.128794 80.993395 174.739726
16251.627542 80.068284 174.739726
16246.457754 79.752972 174.739726
16210.641427 79.741536 174.739726
16272.593339 78.819023 174.739726
16306.731392 78.201702 174.739726
16307.390227 77.886822 174.739726
16347.275270 77.271268 174.739726
16273.421860 77.558155 174.739726
16237.850432 77.544316 174.739726
16279.746376 76.927898 174.739726
16284.386198 76.612880 174.739726
16374.991430 75.700164 174.739726
16339.583267 75.684348 174.739726
16348.122443 75.370177 174.739726
15362.432137 85.548763 174.739726
16322.360948 75.039658 174.739726
16427.333656 74.132894 174.739726
16490.329110 73.525675 174.739726
16662.895632 72.337772 174.739726
16682.066196 72.028107 174.739726
16592.691550 72.299214 174.739726
16667.180986 71.698919 174.739726
16803.558060 70.814040 174.739726
16768.598876 70.793267 174.739726
16913.555620 69.914944 174.739726
16757.817102 70.464477 174.739726
17162.517712 68.460717 174.739726
17062.098065 68.718055 174.739726
17295.503234 67.579646 174.739726
17400.534441 67.004199 174.739726
17295.516112 67.255447 174.739726
17331.228319 66.955621 174.739726
17440.158881 66.382715 174.739726
17405.607860 66.357859 174.739726
17746.427612 64.979494 174.739726
17711.958224 64.953482 174.739726
17677.529653 64.927419 174.739726
17879.670587 64.101421 174.739726
17926.054998 63.810211 174.739726
18139.608280 62.996481 174.739726
18189.851228 62.708850 174.739726
18414.816859 61.907717 174.739726
18468.918345 61.623798 174.739726
18524.004874 61.340717 174.739726
18489.902833 61.311847 174.739726
18729.195124 60.526055 174.739726
18788.181007 60.246631 174.739726
18848.151932 59.968091 174.739726
19004.946870 59.443906 174.739726
18971.048911 59.413695 174.739726
19430.550012 58.168071 174.739726
19498.238014 57.897622 174.739726
19162.782199 58.588940 174.739726
19636.569144 57.359564 174.739726
19707.212273 57.091968 174.739726
19992.235590 56.359236 174.739726
19958.623345 56.327140 174.739726
20033.165828 56.063599 174.739726
20898.538658 54.224180 174.739726
20981.660811 53.970642 174.739726
20948.211831 53.937378 174.739726
21032.359843 53.684714 174.739726
20764.824372 54.091352 174.739726
21084.166366 53.399482 174.739726
21050.880652 53.365846 174.739726
21017.635754 53.332157 174.739726
21467.875541 52.436684 174.739726
21682.099567 51.978930 174.739726
21648.977118 51.944665 174.739726
21867.059683 51.491280 174.739726
21707.964655 51.665777 174.739726
21928.017304 51.214411 174.739726
21895.058121 51.179761 174.739726
22379.575768 50.325301 174.739726
22346.698217 50.290344 174.739726
22846.405118 49.454246 174.739726
22545.448930 49.817282 174.739726
22916.350573 49.186333 174.739726
23020.076988 48.954693 174.739726
23124.788446 48.724099 174.739726
23369.758327 48.301693 174.739726
23618.545929 47.883726 174.739726
23871.151252 47.470172 174.739726
24273.457262 46.876017 174.739726
24387.815064 46.656192 174.739726
24355.386493 46.620194 174.739726
24769.145667 46.039036 174.739726
25038.951145 45.644958 174.739726
24855.096701 45.787211 174.739726
25280.309040 45.218893 174.739726
25248.084550 45.182608 174.739726
