71250.975859 -88.672509 145.150685
96547.528518 59.134314 145.150685
97132.775371 58.795557 145.150685
97278.997809 58.673999 145.150685
96980.530473 58.768322 145.150685
96904.469249 58.754689 145.150685
97498.377404 58.417711 145.150685
97198.144065 58.511533 145.150685
96015.099947 59.039452 145.150685
96158.734603 58.917005 145.150685
70499.537846 -88.517137 145.150685
96227.537976 58.781072 145.150685
96818.858350 58.442833 145.150685
96297.448841 58.645236 145.150685
96000.333895 58.739995 145.150685
96368.467197 58.509500 145.150685
95849.068588 58.712556 145.150685
95553.020318 58.807641 145.150685
95477.489706 58.793921 145.150685
95182.467294 58.889317 145.150685
95326.550930 58.766450 145.150685
95031.610151 58.861879 145.150685
95175.775420 58.738936 145.150685
95542.346800 58.507448 145.150685
95912.735901 58.276852 145.150685
95391.816188 58.479760 145.150685
94655.181579 58.793093 145.150685
94143.785761 58.998754 145.150685
94724.428481 58.656130 145.150685
94211.225843 58.861344 145.150685
94354.773416 58.737867 145.150685
94941.203943 58.396434 145.150685
95088.610054 58.273790 145.150685
68730.680380 -89.249151 145.150685
94938.814135 58.245851 145.150685
94863.977401 58.231865 145.150685
94566.816188 58.326692 145.150685
94714.426380 58.203861 145.150685
94417.346800 58.298719 145.150685
94342.673330 58.284715 145.150685
94937.969241 57.944680 145.150685
94639.123656 58.039019 145.150685
94788.826383 57.916460 145.150685
94044.387616 58.228590 145.150685
94415.593044 57.996717 145.150685
94341.164473 57.982594 145.150685
94043.467197 58.077291 145.150685
93969.120258 58.063172 145.150685
94567.575378 57.723167 145.150685
94268.112098 57.817340 145.150685
93969.633861 57.911812 145.150685
93672.140666 58.006584 145.150685
93821.307330 57.883421 145.150685
92859.632563 58.306827 145.150685
93006.048180 58.182888 145.150685
93375.814135 57.949817 145.150685
93301.834544 57.935597 145.150685
93227.895768 57.921366 145.150685
93153.997809 57.907123 145.150685
93303.450187 57.783698 145.150685
93006.324339 57.878604 145.150685
93155.858350 57.755104 145.150685
93082.123656 57.740790 145.150685
93232.683526 57.617452 145.150685
92711.467197 57.821431 145.150685
92861.164473 57.697781 145.150685
92341.918228 57.902394 145.150685
92938.316179 57.559934 145.150685
93090.024357 57.436647 145.150685
92791.377404 57.531107 145.150685
92048.040677 57.845052 145.150685
92197.038625 57.720938 145.150685
92347.021616 57.597026 145.150685
92497.989649 57.473315 145.150685
91977.181482 57.677699 145.150685
92127.286922 57.553674 145.150685
91387.027772 57.868844 145.150685
91757.691686 57.634356 145.150685
91684.610054 57.619885 145.150685
91834.878759 57.495710 145.150685
91761.878759 57.481190 145.150685
91688.919575 57.466658 145.150685
91840.254955 57.342612 145.150685
90655.550930 57.878359 145.150685
91470.286922 57.422995 145.150685
90951.816188 57.628384 145.150685
91101.426380 57.503703 145.150685
91028.712095 57.489128 145.150685
90956.038625 57.474541 145.150685
91106.715493 57.349990 145.150685
91258.377404 57.225646 145.150685
90961.572636 57.320707 145.150685
64371.410889 -89.844833 145.150685
91040.846792 57.181591 145.150685
90744.164473 57.276694 145.150685
90896.030465 57.152163 145.150685
90599.429779 57.247293 145.150685
90303.814135 57.342736 145.150685
90679.112098 57.107932 145.150685
90606.887608 57.093165 145.150685
90087.140666 57.298589 145.150685
90014.997809 57.283850 145.150685
90166.205289 57.158810 145.150685
90318.397812 57.033980 145.150685
90246.377404 57.019154 145.150685
89504.469249 57.335417 145.150685
89878.205289 57.099585 145.150685
89806.307330 57.084749 145.150685
89734.450187 57.069901 145.150685
89439.324339 57.165511 145.150685
89590.858350 57.040170 145.150685
89519.123656 57.025286 145.150685
89447.429779 57.010391 145.150685
89375.776718 56.995483 145.150685
88416.591746 57.424621 145.150685
88786.918228 57.187158 145.150685
89161.062432 56.950689 145.150685
89089.572636 56.935734 145.150685
89018.123656 56.920767 145.150685
88723.405972 57.016514 145.150685
88652.038625 57.001549 145.150685
88358.346800 57.097628 145.150685
88287.061086 57.082664 145.150685
88215.816188 57.067688 145.150685
88590.286922 56.830710 145.150685
88743.377404 56.705057 145.150685
88224.691686 56.911501 145.150685
87709.823691 57.119158 145.150685
88082.569237 56.881388 145.150685
88234.878759 56.755331 145.150685
87940.610054 56.851227 145.150685
87869.691686 56.836128 145.150685
87355.027772 57.043984 145.150685
87505.612106 56.917262 145.150685
87434.816188 56.902152 145.150685
86702.630559 57.222990 145.150685
87515.712095 56.760451 145.150685
86780.775420 57.080544 145.150685
87374.405972 56.730094 145.150685
86860.027772 56.938227 145.150685
87233.263115 56.699688 145.150685
87162.752911 56.684467 145.150685
87092.283523 56.669233 145.150685
87245.164473 56.542647 145.150685
86507.680833 56.862318 145.150685
85778.736047 57.184709 145.150685
86146.550930 56.944144 145.150685
85638.164618 57.154394 145.150685
60398.643749 -88.878607 145.150685
60343.567696 -88.557491 145.150685
60258.317218 -88.877302 145.150685
60182.077706 -89.037094 145.150685
60125.235650 -88.715472 145.150685
60048.133544 -88.875338 145.150685
60002.231723 -88.392619 145.150685
59915.296874 -88.713223 145.150685
59838.317218 -88.873368 145.150685
59775.541772 -88.711719 145.150685
93838.090024 52.888157 145.150685
94022.783503 52.769666 145.150685
59566.215242 -88.709457 145.150685
59489.439667 -88.870069 145.150685
59419.786606 -88.869407 145.150685
59395.025110 -88.061192 145.150685
59295.710553 -88.544798 145.150685
59218.154017 -88.705670 145.150685
84310.878904 56.863898 145.150685
92958.055057 52.845344 145.150685
59017.833002 -88.541376 145.150685
58978.208784 -88.054350 145.150685
58898.023651 -88.215329 145.150685
58794.745789 -88.863412 145.150685
58740.608512 -88.537937 145.150685
92795.743085 52.644971 145.150685
92220.474521 52.834714 145.150685
92657.457371 52.612341 145.150685
92588.375738 52.596007 145.150685
91761.593312 52.889309 145.150685
92704.803911 52.460637 145.150685
92127.850975 52.649898 145.150685
58188.118716 -88.531011 145.150685
58128.211315 -88.366907 145.150685
58050.404431 -88.529269 145.150685
57960.363420 -89.018811 145.150685
57921.823560 -88.363999 145.150685
57836.113201 -88.690294 145.150685
57775.465655 -88.525773 145.150685
57698.807078 -88.688736 145.150685
57623.133544 -88.851914 145.150685
92203.911004 52.177165 145.150685
57493.154017 -88.686392 145.150685
57432.710553 -88.521379 145.150685
57373.252132 -88.356194 145.150685
57274.649135 -89.012954 145.150685
57219.521364 -88.683255 145.150685
57151.215242 -88.682468 145.150685
57075.868238 -88.846422 145.150685
57007.643749 -88.845732 145.150685
56933.322604 -89.010000 145.150685
81822.969435 56.462970 145.150685
81538.167457 56.562051 145.150685
90874.600228 52.183678 145.150685
56682.241165 -88.511621 145.150685
56614.261574 -88.510727 145.150685
56555.292948 -88.344346 145.150685
56478.424839 -88.508937 145.150685
56419.537846 -88.342355 145.150685
56351.721519 -88.341358 145.150685
56274.975859 -88.506244 145.150685
56226.125691 -88.173403 145.150685
56169.290416 -88.006276 145.150685
56034.025110 -88.003870 145.150685
55966.453682 -88.002665 145.150685
55225.861845 -87.989311 145.150685
55147.921610 -88.155627 145.150685
55091.739396 -87.986864 145.150685
55024.739396 -87.985639 145.150685
54757.147559 -87.980721 145.150685
54690.351641 -87.979487 145.150685
54623.596539 -87.978253 145.150685
54423.576131 -87.974539 145.150685
54346.125691 -88.142066 145.150685
54290.433274 -87.972056 145.150685
54223.923069 -87.970812 145.150685
54146.595079 -88.138645 145.150685
53947.431814 -88.135211 145.150685
53881.125691 -88.134064 145.150685
53825.718988 -87.963317 145.150685
53748.635896 -88.131765 145.150685
53672.537846 -88.300453 145.150685
53606.394989 -88.299404 145.150685
53550.207324 -88.128305 145.150685
53495.004702 -87.957028 145.150685
53418.125691 -88.125992 145.150685
53342.231723 -88.295197 145.150685
53276.292948 -88.294142 145.150685
53210.394989 -88.293086 145.150685
53127.541772 -88.633477 145.150685
53061.725446 -88.632629 145.150685
52995.949936 -88.631781 145.150685
52930.215242 -88.630932 145.150685
52881.517438 -88.287785 145.150685
52825.778753 -88.115511 145.150685
52508.984294 -87.937928 145.150685
52422.803152 -88.280308 145.150685
52348.465655 -88.451222 145.150685
52302.023651 -88.106095 145.150685
52247.596539 -87.932774 145.150685
52152.608512 -88.448316 145.150685
52087.404431 -88.447345 145.150685
52022.241165 -88.446373 145.150685
51949.092793 -88.618061 145.150685
51892.037084 -88.444424 145.150685
51835.966417 -88.270598 145.150685
51753.970344 -88.615458 145.150685
51697.037084 -88.441492 145.150685
51617.011095 -88.786947 145.150685
51559.215242 -88.612845 145.150685
51502.404431 -88.438550 145.150685
51446.578662 -88.264063 145.150685
51391.737936 -88.089389 145.150685
51252.435805 -88.260778 145.150685
51197.717528 -88.085771 145.150685
51143.984294 -87.910579 145.150685
51079.433274 -87.909259 145.150685
51014.923069 -87.907937 145.150685
50810.778753 -88.078494 145.150685
51172.749990 84.422206 145.150685
51078.700739 84.592052 145.150685
51074.865917 84.241792 145.150685
51010.641427 84.238156 145.150685
50479.537846 -88.247509 145.150685
50415.394989 -88.246394 145.150685
50351.292948 -88.245278 145.150685
50287.231723 -88.244161 145.150685
50243.984294 -87.891940 145.150685
50150.261574 -88.417635 145.150685
50086.322798 -88.416625 145.150685
50052.167967 -87.887903 145.150685
49988.310825 -87.886554 145.150685
49903.721519 -88.237425 145.150685
49860.718988 -87.883850 145.150685
49796.984294 -87.882496 145.150685
49925.069998 84.175636 145.150685
49861.580203 84.171916 145.150685
49341.125691 -88.050076 145.150685
49734.723060 84.164462 145.150685
49671.355713 84.160728 145.150685
49124.113201 -88.578873 145.150685
49576.375049 83.977355 145.150685
49513.130151 83.973495 145.150685
49418.294488 84.145744 145.150685
48871.215242 -88.575200 145.150685
48816.118716 -88.396152 145.150685
48771.921610 -88.038726 145.150685
48698.966417 -88.215749 145.150685
48656.739396 -87.857817 145.150685
48564.037084 -88.391993 145.150685
48510.088866 -88.212277 145.150685
48447.211315 -88.211117 145.150685
48405.147559 -87.852254 145.150685
48342.351641 -87.850859 145.150685
48249.853410 -88.386765 145.150685
48196.109274 -88.206462 145.150685
48511.126327 84.629901 145.150685
48477.292576 84.448403 145.150685
48444.443868 84.266779 145.150685
48381.892848 84.263062 145.150685
48260.840613 84.615953 145.150685
48287.600611 84.077358 145.150685
47768.166508 -88.018219 145.150685
47695.864376 -88.197078 145.150685
47643.431814 -88.015625 145.150685
47547.133544 -88.736088 145.150685
47491.949936 -88.554654 145.150685
47422.643749 -88.734430 145.150685
47375.567696 -88.371944 145.150685
47298.317218 -88.732768 145.150685
47251.322798 -88.369804 145.150685
47168.016482 -88.912325 145.150685
47603.131223 84.034776 145.150685
47572.783212 83.851358 145.150685
47510.844437 83.847336 145.150685
47481.522285 83.663681 145.150685
47355.457754 84.019141 145.150685
47233.210944 84.375533 145.150685
47231.865917 84.011292 145.150685
47170.131223 84.007360 145.150685
46641.517438 -88.176807 145.150685
46562.868303 -88.540303 145.150685
46509.281982 -88.356847 145.150685
46466.595079 -87.990644 145.150685
46378.154017 -88.537398 145.150685
46324.690145 -88.353576 145.150685
46292.984294 -87.803781 145.150685
46201.833002 -88.351388 145.150685
46132.439732 -88.533507 145.150685
46088.109274 -88.165890 145.150685
46017.853410 -88.348095 145.150685
45965.578662 -88.163446 145.150685
45925.147559 -87.794999 145.150685
45853.125691 -87.977241 145.150685
46313.216163 83.583927 145.150685
46355.527310 83.034556 145.150685
46224.613748 83.393456 145.150685
46233.486494 83.025323 145.150685
46137.118824 83.202622 145.150685
45477.088866 -88.153605 145.150685
45426.125691 -87.967753 145.150685
45365.288957 -87.966390 145.150685
45243.737936 -87.963659 145.150685
45193.882253 -87.777222 145.150685
45122.350181 -87.960920 145.150685
45072.576131 -87.774232 145.150685
44991.211315 -88.143659 145.150685
44921.690145 -88.328056 145.150685
44861.179941 -88.326928 145.150685
44809.680703 -88.139901 145.150685
44759.166508 -87.952661 145.150685
44688.864376 -88.137387 145.150685
44611.521364 -88.508713 145.150685
44559.241165 -88.321268 145.150685
44498.975859 -88.320131 145.150685
44457.635896 -87.945727 145.150685
44387.537846 -88.131074 145.150685
44337.309365 -87.942940 145.150685
44258.322798 -88.315569 145.150685
44198.261574 -88.314424 145.150685
44167.984294 -87.751543 145.150685
44070.235650 -88.499581 145.150685
44027.292948 -88.123441 145.150685
43967.394989 -88.122162 145.150685
43907.537846 -88.120882 145.150685
43857.635896 -87.931716 145.150685
43797.860385 -87.930305 145.150685
43728.211315 -88.117032 145.150685
43644.439667 -88.680779 145.150685
43608.864376 -88.114456 145.150685
43540.281982 -88.301732 145.150685
43489.680703 -88.111873 145.150685
43421.179941 -88.299404 145.150685
43321.125691 -87.918943 145.150685
43272.576131 -87.728387 145.150685
43175.439732 -88.484109 145.150685
43133.109274 -88.104082 145.150685
43073.823560 -88.102777 145.150685
43005.608512 -88.291205 145.150685
42955.374581 -88.100162 145.150685
42896.211315 -88.098852 145.150685
42820.092793 -88.477831 145.150685
42753.929463 -88.667108 145.150685
42739.739396 -87.714263 145.150685
42650.996267 -88.284114 145.150685
42592.037084 -88.282926 145.150685
42542.088866 -88.090953 145.150685
42474.241165 -88.280546 145.150685
42407.378507 -88.470440 145.150685
42356.608512 -88.278159 145.150685
42306.823560 -88.085650 145.150685
42258.023651 -87.892917 145.150685
42180.465655 -88.274567 145.150685
42130.803152 -88.081654 145.150685
42055.215242 -88.464048 145.150685
42004.690145 -88.270959 145.150685
41938.154017 -88.461905 145.150685
41879.684630 -88.460831 145.150685
41829.281982 -88.267337 145.150685
41770.894227 -88.266126 145.150685
41712.547288 -88.264913 145.150685
41654.241165 -88.263699 145.150685
41587.949936 -88.455441 145.150685
42727.476513 80.239665 145.150685
42717.920495 80.045231 145.150685
42563.466554 80.414273 145.150685
42458.625312 80.596047 145.150685
41305.261574 -88.256377 145.150685
41239.215242 -88.448922 145.150685
41181.235650 -88.447831 145.150685
41140.292948 -88.058689 145.150685
41073.424839 -88.251462 145.150685
41034.452222 -87.861719 145.150685
40957.751369 -88.248994 145.150685
40884.868238 -88.636976 145.150685
40851.211315 -88.051830 145.150685
40803.431814 -87.855671 145.150685
40756.637355 -87.659285 145.150685
40699.025110 -87.657628 145.150685
40641.453682 -87.655968 145.150685
40573.064467 -87.849589 145.150685
40496.690145 -88.239051 145.150685
40458.125691 -87.846535 145.150685
40381.833002 -88.236548 145.150685
40316.439732 -88.431268 145.150685
40276.109274 -88.037965 145.150685
40218.823560 -88.036567 145.150685
40152.608512 -88.231520 145.150685
40104.374581 -88.033767 145.150685
41533.895632 78.920266 145.150685
41319.559503 79.482725 145.150685
41473.984563 78.715110 145.150685
41362.650734 78.897064 145.150685
41305.650734 78.889308 145.150685
39745.011160 -88.420028 145.150685
41246.066196 78.683563 145.150685
41134.895632 78.865977 145.150685
39601.288957 -87.823352 145.150685
39510.500891 -88.613468 145.150685
39453.745789 -88.612471 145.150685
39412.139125 -88.214979 145.150685
39340.358034 -88.610473 145.150685
39277.587910 -88.808056 145.150685
39234.215242 -88.409774 145.150685
39170.582524 -88.607464 145.150685
40790.546124 78.221763 145.150685
39064.684630 -88.406326 145.150685
39001.174361 -88.604442 145.150685
38938.649135 -88.802879 145.150685
38882.302196 -88.802012 145.150685
38832.133544 -88.601407 145.150685
38769.730767 -88.800273 145.150685
38704.064015 -89.199537 145.150685
38657.322604 -88.798530 145.150685
38601.179747 -88.797657 145.150685
38545.077706 -88.796782 145.150685
38489.016482 -88.795906 145.150685
40349.775472 77.354481 145.150685
40416.545300 76.963417 145.150685
40237.857105 77.336615 145.150685
40242.861742 77.136198 145.150685
38215.460075 -88.590166 145.150685
38159.643749 -88.589135 145.150685
40075.412763 77.108889 145.150685
40081.524892 76.908083 145.150685
39963.984191 77.090620 145.150685
37943.868303 -88.382953 145.150685
39914.565708 76.880242 145.150685
39736.244860 77.255601 145.150685
37763.934849 -88.784399 145.150685
37721.664221 -88.378196 145.150685
39755.315941 76.650677 145.150685
39575.269906 77.026275 145.150685
37563.465655 -88.171567 145.150685
39403.673431 77.201023 145.150685
39597.663462 76.420195 145.150685
39478.683288 76.603120 145.150685
39487.214482 76.400852 145.150685
39305.524892 76.777158 145.150685
39441.608270 76.188798 145.150685
39195.320810 76.758244 145.150685
39266.806319 76.362004 145.150685
39211.806319 76.352257 145.150685
39156.847135 76.342498 145.150685
36957.118716 -88.156623 145.150685
38983.315941 76.516674 145.150685
38928.479206 76.507002 145.150685
36777.500891 -88.562863 145.150685
38882.663462 76.293492 145.150685
38892.628678 76.089718 145.150685
38837.955208 76.079734 145.150685
38592.116729 76.653262 145.150685
38664.051217 76.254039 145.150685
38609.500196 76.244140 145.150685
38554.989992 76.234228 145.150685
38565.200106 76.029599 145.150685
38446.092033 76.214362 145.150685
38456.383780 76.009446 145.150685
38273.622064 76.389858 145.150685
38347.730719 75.989235 145.150685
38165.050635 76.370139 145.150685
38174.561421 76.164449 145.150685
38120.377747 76.154424 145.150685
38130.914392 75.948643 145.150685
37885.606524 76.527065 145.150685
37894.336349 76.320597 145.150685
37840.315941 76.310647 145.150685
35678.823237 -88.957840 145.150685
35630.077706 -88.748522 145.150685
37872.538120 75.691131 145.150685
37688.377747 76.073707 145.150685
37699.240923 75.866762 145.150685
37517.050635 76.250642 145.150685
37591.730719 75.846145 145.150685
37346.831014 76.428385 145.150685
37419.704278 76.022789 145.150685
37366.092033 76.012561 145.150685
37377.200106 75.804735 145.150685
37258.989992 75.992062 145.150685
37141.764921 76.179982 145.150685
37216.730719 75.773521 145.150685
37163.322555 75.763087 145.150685
37045.275706 75.950887 145.150685
36928.213900 76.139284 145.150685
34767.415074 -88.944267 145.150685
34709.921157 -89.154732 145.150685
34666.159339 -88.731240 145.150685
36590.678069 76.497912 145.150685
36537.555620 76.487914 145.150685
36609.111859 76.077795 145.150685
36493.279994 76.267514 145.150685
36566.806319 75.857370 145.150685
36513.847135 75.846904 145.150685
36211.653023 76.638819 145.150685
36604.922401 75.227407 145.150685
36228.688157 76.216472 145.150685
36499.289748 75.205559 145.150685
36379.966692 75.394161 145.150685
36461.332541 74.984330 145.150685
36341.146891 75.172667 145.150685
36156.322555 75.561945 145.150685
36235.922401 75.150660 145.150685
33820.445053 -88.715472 145.150685
35870.254717 75.932219 145.150685
36078.391789 75.117529 145.150685
35893.771535 75.508086 145.150685
35841.383780 75.497266 145.150685
35854.660569 75.285157 145.150685
35868.922401 75.073129 145.150685
35750.089141 75.263165 145.150685
35697.864651 75.252145 145.150685
35712.248932 75.039658 145.150685
35399.499615 75.837049 145.150685
35541.436079 75.218987 145.150685
35489.374855 75.207903 145.150685
35503.922401 74.994803 145.150685
35319.751127 75.388199 145.150685
35333.436079 75.174550 145.150685
35215.914392 75.366192 145.150685
35296.248932 74.949683 145.150685
35112.240923 75.344121 145.150685
32835.868238 -88.479031 145.150685
32791.215242 -88.260503 145.150685
34765.831014 75.923619 145.150685
34840.704278 75.503792 145.150685
34853.771535 75.288657 145.150685
34737.520604 75.481806 145.150685
34816.293222 75.062307 145.150685
34634.500196 75.459754 145.150685
34647.730719 75.243989 145.150685
34467.907778 75.642876 145.150685
34230.999962 76.250328 145.150685
34119.715061 76.446818 145.150685
32251.737936 -87.587929 145.150685
34138.045416 76.011774 145.150685
31955.739396 -87.356334 145.150685
33536.362451 76.989997 145.150685
31833.007234 -87.792939 145.150685
31782.088866 -87.791171 145.150685
31751.984294 -87.347859 145.150685
31690.288957 -87.566643 145.150685
33065.507877 77.562034 145.150685
33014.793591 77.552332 145.150685
33018.413134 77.331060 145.150685
31417.833002 -88.000653 145.150685
31376.211315 -87.776924 145.150685
31316.690145 -87.997425 145.150685
31258.154017 -88.218343 145.150685
31207.684630 -88.216903 145.150685
31157.256058 -88.215460 145.150685
31114.894227 -87.990939 145.150685
31049.439667 -88.435877 145.150685
31006.215242 -88.211117 145.150685
30963.975859 -87.986047 145.150685
30863.567696 -87.982773 145.150685
30822.394989 -87.757030 145.150685
30763.322798 -87.979487 145.150685
30722.231723 -87.753375 145.150685
30663.241165 -87.976191 145.150685
30613.261574 -87.974539 145.150685
30572.292948 -87.747870 145.150685
30543.167967 -87.295848 145.150685
31853.468817 77.775532 145.150685
30432.635896 -87.516841 145.150685
30382.860385 -87.514806 145.150685
30343.984294 -87.286980 145.150685
30124.680703 -87.731191 145.150685
30066.179941 -87.956187 145.150685
30025.660295 -87.727451 145.150685
29996.984294 -87.271322 145.150685
29936.717528 -87.496345 145.150685
29877.435805 -87.721818 145.150685
29680.374581 -87.714263 145.150685
29651.984294 -87.255482 145.150685
29602.861845 -87.253204 145.150685
28870.923069 -87.218576 145.150685
27898.431814 -87.406437 145.150685
27861.637355 -87.168605 145.150685
27814.025110 -87.166181 145.150685
27766.453682 -87.163753 145.150685
27292.984294 -87.139237 145.150685
27245.861845 -87.136762 145.150685
26127.167967 -87.076054 145.150685
25932.146100 -87.309836 145.150685
25876.292948 -87.551913 145.150685
25851.167967 -87.060473 145.150685
25805.310825 -87.057861 145.150685
25748.635896 -87.300260 145.150685
25692.946009 -87.543189 145.150685
26598.991430 78.825511 145.150685
25601.517438 -87.538803 145.150685
25576.637355 -87.044726 145.150685
25531.025110 -87.042085 145.150685
25429.064467 -87.283336 145.150685
25394.433274 -87.034133 145.150685
25328.211315 -87.525551 145.150685
25282.803152 -87.523329 145.150685
25247.350181 -87.273570 145.150685
25192.109274 -87.518872 145.150685
25167.596539 -87.020785 145.150685
25122.351641 -87.018102 145.150685
25077.147559 -87.015413 145.150685
24795.921610 -87.248845 145.150685
24741.088866 -87.496345 145.150685
24706.125691 -87.243846 145.150685
24627.351641 -86.988256 145.150685
24582.596539 -86.985513 145.150685
24314.923069 -86.968950 145.150685
24249.680703 -87.471088 145.150685
24226.025110 -86.963389 145.150685
23993.635896 -87.203191 145.150685
23930.567696 -87.708988 145.150685
23895.394989 -87.452397 145.150685
23827.215177 -88.214428 145.150685
23807.231723 -87.447681 145.150685
24630.011063 78.893187 145.150685
24671.011839 78.391249 145.150685
24627.073063 78.380754 145.150685
24627.081627 78.124524 145.150685
24628.075234 77.868300 145.150685
24539.408158 78.103019 145.150685
24495.632648 78.092238 145.150685
24407.991430 78.327994 145.150685
24408.204076 78.070618 145.150685
24364.551015 78.059778 145.150685
24192.051879 78.791812 145.150685
24107.406607 79.030284 145.150685
24146.967909 78.522820 145.150685
23980.256580 79.259748 145.150685
24018.011063 78.750748 145.150685
23854.214046 79.490428 145.150685
23810.846699 79.480752 145.150685
22997.031504 -88.182474 145.150685
22942.415074 -88.700329 145.150685
23930.265301 77.950309 145.150685
24170.329110 76.453281 145.150685
24281.546846 75.704113 145.150685
24814.402443 73.268781 145.150685
25889.284755 69.502388 145.150685
27680.403536 64.825468 145.150685
27637.403536 64.804524 145.150685
30937.005471 58.697271 145.150685
32062.567156 56.982561 145.150685
33551.696784 54.975422 145.150685
35623.926972 52.558501 145.150685
39818.346597 48.614378 145.150685
41445.455715 47.281893 145.150685
44971.916861 44.799898 145.150685
46828.554604 43.619268 145.150685
47874.142767 42.971549 145.150685
47831.550930 42.944165 145.150685
48230.897820 42.672627 145.150685
48634.062432 42.403339 145.150685
49267.186965 42.017292 145.150685
49679.875473 41.753556 145.150685
49409.457065 41.844028 145.150685
49367.110126 41.816584 145.150685
49097.717578 41.907515 145.150685
48829.310071 41.998945 145.150685
48337.633861 42.210905 145.150685
48519.703934 42.063303 145.150685
48253.307330 42.155708 145.150685
48211.205289 42.128073 145.150685
47723.469249 42.342052 145.150685
47903.814135 42.193257 145.150685
47418.048180 42.408258 145.150685
47597.530473 42.258861 145.150685
47555.632514 42.231081 145.150685
47292.354303 42.324887 145.150685
47917.633861 41.933951 145.150685
47652.548829 42.026577 145.150685
47167.027772 42.241294 145.150685
48016.683526 41.730527 145.150685
48653.457065 41.346427 145.150685
48158.616194 41.555446 145.150685
48570.273392 41.290663 145.150685
48528.742779 41.262746 145.150685
48260.166557 41.352927 145.150685
48673.834656 41.089284 145.150685
48177.309414 41.296942 145.150685
48591.059146 41.033313 145.150685
49239.489931 40.656069 145.150685
49198.204217 40.628074 145.150685
48696.176882 40.832254 145.150685
48654.972801 40.804178 145.150685
47929.717578 41.128408 145.150685
48343.712207 40.864826 145.150685
47621.371296 41.190563 145.150685
47580.330480 41.162325 145.150685
47314.132506 41.253121 145.150685
46825.610054 41.464609 145.150685
46784.691686 41.436252 145.150685
46521.448841 41.528593 145.150685
46926.286922 41.259328 145.150685
46885.491003 41.230912 145.150685
46399.061086 41.443253 145.150685
46580.712095 41.294092 145.150685
46540.038625 41.265586 145.150685
46499.405972 41.237055 145.150685
46682.123656 41.088458 145.150685
47091.024357 40.821567 145.150685
46601.062432 41.031304 145.150685
46560.593044 41.002689 145.150685
46969.616194 40.735826 145.150685
46479.776718 40.945385 145.150685
46216.120258 41.036636 145.150685
45953.448841 41.128408 145.150685
44598.820518 41.834922 145.150685
44992.940129 41.558588 145.150685
19390.949936 -87.737706 145.150685
19388.984294 -86.605283 145.150685
19270.025110 -86.594809 145.150685
19219.595079 -86.874773 145.150685
19170.150091 -87.155465 145.150685
19106.582524 -88.005932 145.150685
19055.802829 -88.573910 145.150685
19012.145647 -88.857861 145.150685
18977.027319 -88.570953 145.150685
18964.139125 -87.426242 145.150685
18909.745789 -87.995577 145.150685
18870.500891 -87.993493 145.150685
18825.159339 -88.278159 145.150685
18807.241165 -87.415521 145.150685
18753.011095 -87.987214 145.150685
199002.139531 17.846499 145.150685
197797.923455 17.883237 145.150685
200093.050880 17.757720 145.150685
18590.791992 -88.267337 145.150685
18542.431361 -88.843484 145.150685
198807.343613 17.759130 145.150685
18468.966094 -88.551426 145.150685
18425.921157 -88.839832 145.150685
18383.861263 -89.128905 145.150685
18345.146978 -89.127987 145.150685
18306.473508 -89.127066 145.150685
18263.591837 90.000000 145.150685
18229.249018 -89.125219 145.150685
18190.697998 -89.124292 145.150685
18148.410889 -89.707768 145.150685
18109.941501 89.707457 145.150685
18075.289835 -89.121501 145.150685
18040.206872 -88.827494 145.150685
17996.194575 -89.413061 145.150685
17956.472113 89.706210 145.150685
17917.734694 90.000000 145.150685
17879.982317 -89.705582 145.150685
17843.214983 -89.410550 145.150685
17807.432692 -89.114918 145.150685
17766.970085 -89.409287 145.150685
17784.146100 -86.750963 145.150685
17690.888453 -89.408018 145.150685
17922.957584 82.924511 145.150685
17885.018808 82.916972 145.150685
17870.254394 82.617171 145.150685
17765.829296 83.488051 145.150685
17794.580924 82.601402 145.150685
17780.883185 82.300719 145.150685
17719.070720 82.585566 145.150685
17705.454613 82.284236 145.150685
17862.784284 80.232336 145.150685
17856.803620 79.931606 145.150685
17698.371225 81.086392 145.150685
17689.639515 80.784433 145.150685
17776.787591 79.608684 145.150685
17480.148491 82.234365 145.150685
17467.762325 81.930857 145.150685
17698.083135 79.284318 145.150685
17804.279003 78.113244 145.150685
17884.549464 77.236403 145.150685
17586.225992 79.249889 145.150685
17515.501877 79.530598 145.150685
17478.338612 79.519348 145.150685
17509.200457 78.922977 145.150685
17698.733137 77.168440 145.150685
17661.692321 77.154761 145.150685
17545.377311 77.720578 145.150685
17508.418128 77.707422 145.150685
17471.499760 77.694238 145.150685
17434.622209 77.681026 145.150685
17477.100484 77.085938 145.150685
17481.378410 76.781878 145.150685
17486.641378 76.477902 145.150685
16947.598699 80.583049 145.150685
16971.355713 79.976512 145.150685
16437.587910 88.157308 145.150685
16384.472113 89.692439 145.150685
16347.448980 90.000000 145.150685
16327.934849 -88.151129 145.150685
198340.657588 16.645491 145.150685
197718.336594 16.653216 145.150685
190724.889426 16.945264 145.150685
201175.119828 16.467326 145.150685
201730.371485 16.425003 145.150685
193498.221854 16.761443 145.150685
195784.794074 16.641096 145.150685
16156.767232 84.727331 145.150685
16154.616521 84.104542 145.150685
16156.283533 83.481743 145.150685
16161.768266 82.859083 145.150685
16147.937176 82.543673 145.150685
16159.168899 81.921150 145.150685
16148.252121 81.605370 145.150685
16165.230835 80.983317 145.150685
16186.027270 80.361991 145.150685
16179.954072 80.046087 145.150685
16174.865917 79.730074 145.150685
16170.762804 79.413972 145.150685
16201.164768 78.794084 145.150685
16235.384453 78.175432 145.150685
16236.124921 77.859862 145.150685
16276.091597 77.242996 145.150685
16319.875994 76.627714 145.150685
16325.460043 76.313136 145.150685
16332.029134 75.998674 145.150685
16173.399438 76.884227 145.150685
15362.350181 86.503939 145.150685
15337.882253 86.182618 145.150685
16322.360948 75.039658 145.150685
16242.265301 75.321513 145.150685
16392.129575 74.115415 145.150685
16609.546846 72.628843 145.150685
16574.424397 72.609861 145.150685
16592.691550 72.299214 145.150685
16667.180986 71.698919 145.150685
16745.488142 71.101370 145.150685
16653.403267 71.369448 145.150685
16792.694653 70.485598 145.150685
16940.524892 69.609271 145.150685
17096.893984 68.740775 145.150685
17194.289748 68.158534 145.150685
17092.966692 68.414746 145.150685
17260.788948 67.555885 145.150685
17365.860972 66.979934 145.150685
17402.517405 66.681006 145.150685
17367.925568 66.656420 145.150685
17478.785399 66.085075 145.150685
17444.275195 66.059953 145.150685
17483.927572 65.762714 145.150685
17677.529653 64.927419 145.150685
17721.040568 64.633495 145.150685
17845.323648 64.074659 145.150685
17891.748875 63.783204 145.150685
18105.342974 62.968862 145.150685
18414.816859 61.907717 145.150685
18293.292252 62.136001 145.150685
18346.490328 61.850805 145.150685
18312.388288 61.822270 145.150685
18729.195124 60.526055 145.150685
18421.821200 61.253949 145.150685
18478.015221 60.971068 145.150685
18720.262639 60.187255 145.150685
19165.559530 58.924080 145.150685
19131.702387 58.893534 145.150685
19196.557709 58.619729 145.150685
19362.958176 58.106022 145.150685
19430.727809 57.835211 145.150685
19707.212273 57.091968 145.150685
19778.840445 56.825336 145.150685
19745.228200 56.793462 145.150685
20033.165828 56.063599 145.150685
20782.870936 54.445735 145.150685
20865.048862 54.191053 145.150685
20715.932160 54.379600 145.150685
20682.523997 54.346452 145.150685
20764.824372 54.091352 145.150685
20848.109790 53.837267 145.150685
20814.824076 53.803789 145.150685
21137.080382 53.114957 145.150685
21224.265154 52.865096 145.150685
21434.712275 52.402601 145.150685
21648.977118 51.944665 145.150685
21741.005471 51.700209 145.150685
22088.959969 51.042432 145.150685
21928.017304 51.214411 145.150685
22412.494136 50.360206 145.150685
22248.800425 50.528445 145.150685
22611.081583 49.887526 145.150685
22445.581052 50.053290 145.150685
22545.448930 49.817282 145.150685
22780.854098 49.383741 145.150685
23020.076988 48.954693 145.150685
22987.403519 48.919242 145.150685
22954.770866 48.883742 145.150685
23760.651988 47.694276 145.150685
23728.100967 47.658510 145.150685
23838.641048 47.434336 145.150685
23950.166172 47.211204 145.150685
24208.559302 46.804096 145.150685
24030.288583 46.953095 145.150685
24587.138859 46.183523 145.150685
24855.096701 45.787211 145.150685
24974.379717 45.572539 145.150685
25248.084550 45.182608 145.150685
