125195.494918 56.682701 71.178082
125690.132382 56.465618 71.178082
125303.590480 56.553133 71.178082
125800.589677 56.336401 71.178082
125708.265714 56.322390 71.178082
125615.990680 56.308368 71.178082
125523.764577 56.294336 71.178082
124549.227172 56.585064 71.178082
124750.087071 56.469224 71.178082
124365.019619 56.557074 71.178082
124565.977379 56.441172 71.178082
124473.995929 56.427130 71.178082
124382.063409 56.413078 71.178082
124584.299898 56.297300 71.178082
124787.717254 56.181711 71.178082
124400.679511 56.269102 71.178082
124014.822636 56.356766 71.178082
123630.146627 56.444702 71.178082
124125.615910 56.226727 71.178082
123155.061480 56.518829 71.178082
123648.364751 56.300286 71.178082
123850.992684 56.184258 71.178082
123465.429391 56.271984 71.178082
123668.155185 56.155893 71.178082
123576.809832 56.141695 71.178082
123485.513409 56.127486 71.178082
123100.145839 56.215253 71.178082
122715.959135 56.303295 71.178082
122042.229030 56.494373 71.178082
122826.696944 56.172595 71.178082
123029.765252 56.056285 71.178082
122938.762412 56.042013 71.178082
123143.060517 55.925864 71.178082
122756.903524 56.013438 71.178082
122371.927398 56.101286 71.178082
122281.120280 56.086993 71.178082
121314.793478 56.380745 71.178082
120646.031492 56.573140 71.178082
122008.992510 56.044048 71.178082
123101.653044 55.622166 71.178082
122417.190741 55.811060 71.178082
122326.677207 55.796661 71.178082
121646.840511 55.986640 71.178082
121263.436696 56.074847 71.178082
121760.178172 55.855513 71.178082
121082.752140 56.046099 71.178082
121874.843492 55.724509 71.178082
121195.251448 55.914639 71.178082
121399.200505 55.797766 71.178082
121604.330429 55.681090 71.178082
121219.005255 55.768828 71.178082
120834.860947 55.856846 71.178082
121039.005726 55.739847 71.178082
120949.079358 55.725341 71.178082
121154.453934 55.608509 71.178082
121064.625427 55.593960 71.178082
120679.593836 55.681756 71.178082
120885.115204 55.564831 71.178082
120795.433488 55.550250 71.178082
120410.548689 55.638074 71.178082
119442.000409 55.932307 71.178082
120823.065874 55.404237 71.178082
119262.979491 55.903233 71.178082
120347.758867 55.477183 71.178082
119963.118720 55.565053 71.178082
119579.659440 55.653205 71.178082
119197.381027 55.741640 71.178082
118816.283481 55.830359 71.178082
119606.055495 55.506441 71.178082
118929.803795 55.697754 71.178082
119133.697387 55.579959 71.178082
119338.771846 55.462366 71.178082
118955.655080 55.550584 71.178082
118866.707322 55.535880 71.178082
118484.820353 55.624392 71.178082
118983.078675 55.403447 71.178082
117724.589015 55.802272 71.178082
119100.777687 55.271144 71.178082
118422.702490 55.462195 71.178082
118628.168393 55.344352 71.178082
117660.598724 55.639598 71.178082
117863.898615 55.521221 71.178082
118068.379373 55.403047 71.178082
118274.040998 55.285079 71.178082
117891.511398 55.373407 71.178082
117510.162665 55.462022 71.178082
118008.959223 55.240508 71.178082
118215.948507 55.122653 71.178082
117832.482692 55.210739 71.178082
118039.569837 55.092821 71.178082
117656.201883 55.180925 71.178082
117568.134875 55.166001 71.178082
117480.116797 55.151066 71.178082
117098.027571 55.239474 71.178082
116717.119213 55.328171 71.178082
116922.236068 55.209588 71.178082
116541.425570 55.298303 71.178082
116453.652145 55.283352 71.178082
116365.927650 55.268390 71.178082
116278.252085 55.253417 71.178082
117072.985685 54.927949 71.178082
116396.035889 55.119661 71.178082
116602.627194 55.001099 71.178082
115928.039132 55.193410 71.178082
78326.419621 86.711812 71.178082
78239.037640 86.709974 71.178082
78151.704589 86.708135 71.178082
78040.833179 86.860335 71.178082
77953.597989 86.858577 71.178082
77843.956377 87.011077 71.178082
77802.861691 86.700755 71.178082
77715.773293 86.698905 71.178082
77628.733825 86.697053 71.178082
77495.700645 87.004362 71.178082
77408.759038 87.002679 71.178082
77392.628231 86.536800 71.178082
77305.784486 86.534853 71.178082
77218.989670 86.532903 71.178082
77061.481917 86.995927 71.178082
77020.827606 86.684029 71.178082
76910.592292 86.837326 71.178082
76780.214429 87.146187 71.178082
76714.987684 86.989144 71.178082
76650.941805 86.831969 71.178082
76588.076793 86.674663 71.178082
76501.673422 86.672784 71.178082
76369.276339 86.982331 71.178082
76305.426182 86.824797 71.178082
76219.169603 86.822999 71.178082
76156.549244 86.665245 71.178082
76070.390525 86.663355 71.178082
75960.693448 86.817593 71.178082
75791.602795 87.441111 71.178082
75615.004266 88.379276 71.178082
75529.041270 88.378354 71.178082
75369.529995 88.219561 71.178082
75283.713790 88.218546 71.178082
75185.678590 88.374654 71.178082
75112.228172 88.216513 71.178082
75968.304901 83.364034 71.178082
75980.796134 83.049621 71.178082
75845.602756 83.201047 71.178082
75809.701960 83.041744 71.178082
74712.302073 87.896169 71.178082
74586.677725 88.368139 71.178082
74501.301895 88.367204 71.178082
74415.974995 88.366268 71.178082
74356.364815 88.049310 71.178082
74245.467988 88.364392 71.178082
74200.487467 87.888922 71.178082
75282.939582 82.542259 71.178082
75252.006906 82.382218 71.178082
75166.973589 82.377885 71.178082
75193.684155 82.061944 71.178082
73760.789086 88.041448 71.178082
74912.167223 82.364856 71.178082
74939.024581 82.048381 71.178082
74742.540965 82.356145 71.178082
74769.496183 82.039313 71.178082
74684.805381 82.034771 71.178082
74600.163508 82.030224 71.178082
74631.793264 81.713159 71.178082
74547.249252 81.708428 71.178082
74346.531475 82.016553 71.178082
74319.630705 81.855407 71.178082
74177.688105 82.007413 71.178082
74093.339816 82.002835 71.178082
74185.072407 81.528101 71.178082
73924.790029 81.993664 71.178082
73840.588532 81.989070 71.178082
73590.591442 82.456502 71.178082
73672.332328 81.979867 71.178082
73645.823002 81.817979 71.178082
73504.271846 81.970643 71.178082
73536.537698 81.651237 71.178082
73512.439037 81.489144 71.178082
73252.548103 81.956768 71.178082
73226.283430 81.794412 71.178082
73028.563483 82.105423 71.178082
73058.810115 81.784948 71.178082
72917.601473 81.938193 71.178082
72950.209838 81.617513 71.178082
72866.644437 81.612673 71.178082
72783.127967 81.607828 71.178082
72699.660427 81.602977 71.178082
72500.019121 81.914855 71.178082
72474.194823 81.751651 71.178082
72509.360644 81.430038 71.178082
72366.279573 81.583517 71.178082
72224.379369 81.737299 71.178082
72141.205413 81.732504 71.178082
72058.080387 81.727703 71.178082
71861.045467 82.041138 71.178082
71891.977126 81.718085 71.178082
71695.040067 82.031869 71.178082
71784.746904 81.549246 71.178082
71529.230390 82.022579 71.178082
71502.812390 81.858291 71.178082
71254.185355 82.333093 71.178082
71280.882852 82.008604 71.178082
71312.157025 81.684247 71.178082
71060.280972 82.159384 71.178082
71089.389133 81.834490 71.178082
71064.396653 81.669660 71.178082
70981.907724 81.664787 71.178082
70899.467725 81.659908 71.178082
70759.531277 81.815349 71.178082
70734.734519 81.650133 71.178082
70538.482488 81.966384 71.178082
70628.874352 81.479867 71.178082
70488.001689 81.635427 71.178082
70348.309893 81.791298 71.178082
70266.212407 81.786471 71.178082
70072.468901 82.103963 71.178082
70045.750785 81.937990 71.178082
70077.758915 81.610804 71.178082
69772.467249 82.251617 71.178082
69972.681636 81.439711 71.178082
69950.686987 81.273507 71.178082
69809.122762 81.429613 71.178082
69668.739405 81.586035 71.178082
69705.568864 81.258057 71.178082
69391.515290 81.899820 71.178082
69366.369484 81.732998 71.178082
69342.404545 81.566116 71.178082
69203.397777 81.723201 71.178082
69238.208016 81.394085 71.178082
69098.167172 81.551115 71.178082
69075.529891 81.383880 71.178082
68878.041528 81.703538 71.178082
68854.370172 81.536061 71.178082
68773.202367 81.531031 71.178082
68634.538112 81.688730 71.178082
68553.468168 81.683782 71.178082
68360.752202 82.005079 71.178082
68507.697767 81.347973 71.178082
68368.097298 81.505792 71.178082
68345.900392 81.337659 71.178082
68148.852404 81.658956 71.178082
68068.076043 81.653973 71.178082
67987.348612 81.648984 71.178082
68022.892809 81.316959 71.178082
67607.178385 82.295060 71.178082
67803.005283 81.470206 71.178082
67664.928194 81.628969 71.178082
67641.990797 81.459985 71.178082
67561.556949 81.454864 71.178082
67311.931700 81.942623 71.178082
67343.290665 81.608859 71.178082
67320.548990 81.439468 71.178082
67240.310864 81.434323 71.178082
67160.121669 81.429173 71.178082
67022.436024 81.588652 71.178082
66830.649739 81.913469 71.178082
66978.524984 81.248998 71.178082
66898.531511 81.243726 71.178082
66702.364272 81.568349 71.178082
66680.014040 81.398139 71.178082
66430.927027 81.889013 71.178082
66520.369608 81.387745 71.178082
66383.075408 81.547948 71.178082
66419.598215 81.211964 71.178082
66339.947255 81.206649 71.178082
66260.345227 81.201326 71.178082
66122.114812 81.361650 71.178082
65985.065264 81.522308 71.178082
65905.610027 81.517162 71.178082
65883.749100 81.345918 71.178082
65863.069041 81.174619 71.178082
65783.760595 81.169258 71.178082
65764.310333 80.997802 71.178082
65509.067799 81.491337 71.178082
65605.938095 80.986853 71.178082
65408.338801 81.314282 71.178082
65447.761578 80.975877 71.178082
65308.937463 81.136957 71.178082
65057.335390 81.632477 71.178082
65034.831832 81.460139 71.178082
64844.268810 81.789704 71.178082
64934.690001 81.282416 71.178082
64855.919791 81.277083 71.178082
64607.958180 81.774599 71.178082
64817.012733 80.931707 71.178082
64678.580061 81.093523 71.178082
64600.005573 81.088064 71.178082
64462.802700 81.250317 71.178082
64326.780693 81.412915 71.178082
64305.898377 81.239565 71.178082
64169.974231 81.402351 71.178082
64035.230951 81.565479 71.178082
64070.908871 81.223388 71.178082
64051.354213 81.049664 71.178082
63973.171170 81.044151 71.178082
63895.037057 81.038632 71.178082
63700.729177 81.370501 71.178082
63680.238305 81.196295 71.178082
63602.250984 81.190856 71.178082
63582.989909 81.016488 71.178082
63564.909702 80.842068 71.178082
63487.069172 80.836407 71.178082
63349.468319 80.999808 71.178082
63099.089509 81.502683 71.178082
63194.031912 80.988654 71.178082
63116.387104 80.983066 71.178082
63038.791226 80.977472 71.178082
63021.053532 80.802296 71.178082
62825.068946 81.136100 71.178082
62806.297177 80.960648 71.178082
62612.674325 81.295267 71.178082
62535.323100 81.289843 71.178082
62515.566186 81.114008 71.178082
62556.799392 80.767932 71.178082
62303.563009 81.273532 71.178082
62342.630203 80.926813 71.178082
62206.846314 81.091807 71.178082
62072.243292 81.257160 71.178082
62052.779961 81.080665 71.178082
61975.820181 81.075084 71.178082
61957.586647 80.898425 71.178082
61940.533980 80.721716 71.178082
61803.911738 80.887020 71.178082
61847.898122 80.539040 71.178082
61710.241805 80.704266 71.178082
61573.766354 80.869860 71.178082
61556.958340 80.692597 71.178082
61304.358054 81.202143 71.178082
61403.870598 80.680899 71.178082
61327.400122 80.675038 71.178082
61191.169324 80.841116 71.178082
61056.119393 81.007563 71.178082
60979.795709 81.001890 71.178082
60845.975576 81.168802 71.178082
60827.295133 80.990524 71.178082
60809.795557 80.812193 71.178082
60733.667595 80.806387 71.178082
60598.911247 80.973421 71.178082
60465.335766 81.140826 71.178082
60277.659645 81.482149 71.178082
60370.967737 80.956253 71.178082
60181.125603 81.297558 71.178082
60219.250049 80.944772 71.178082
60202.141917 80.765537 71.178082
60126.405399 80.759672 71.178082
60110.527065 80.580273 71.178082
59975.079156 80.747920 71.178082
59840.812113 80.915943 71.178082
59596.030986 81.433212 71.178082
59689.779452 80.904360 71.178082
59614.336518 80.898558 71.178082
59538.942514 80.892748 71.178082
59463.597440 80.886931 71.178082
59388.301297 80.881106 71.178082
59313.054085 80.875275 71.178082
59356.342372 80.520070 71.178082
59221.383768 80.688711 71.178082
59146.283347 80.682749 71.178082
59071.231857 80.676779 71.178082
58880.006600 81.021379 71.178082
58805.052970 81.015612 71.178082
58846.370968 80.658824 71.178082
58831.324453 80.477472 71.178082
58696.708362 80.646816 71.178082
58563.273138 80.816547 71.178082
58431.018781 80.986663 71.178082
57038.594656 87.411367 71.178082
58397.970316 80.622708 71.178082
58150.771990 81.145737 71.178082
58248.894876 80.610607 71.178082
57946.512904 81.311205 71.178082
58100.015159 80.598476 71.178082
58025.648695 80.592399 71.178082
57892.653846 80.763047 71.178082
57818.385244 80.757064 71.178082
57862.652142 80.397346 71.178082
57788.481401 80.391128 71.178082
57654.550338 80.561895 71.178082
57580.477458 80.555770 71.178082
57447.776192 80.727036 71.178082
57492.287742 80.366172 71.178082
57242.329704 80.892771 71.178082
57284.675243 80.531194 71.178082
57152.169699 80.702874 71.178082
57020.845022 80.874950 71.178082
57123.146605 80.334797 71.178082
56930.978600 80.684670 71.178082
56857.346094 80.678586 71.178082
56842.439836 80.494091 71.178082
56828.714445 80.309550 71.178082
56755.228731 80.303218 71.178082
56681.791948 80.296878 71.178082
56548.594842 80.469196 71.178082
56596.006362 80.105585 71.178082
56401.965928 80.456700 71.178082
56388.534120 80.271435 71.178082
56376.283179 80.086128 71.178082
56123.712220 80.617314 71.178082
56230.045709 80.073114 71.178082
56096.059181 80.245859 71.178082
55904.576202 80.598776 71.178082
55950.115294 80.233021 71.178082
55938.157936 80.046986 71.178082
55804.367129 80.220150 71.178082
55854.580758 79.854237 71.178082
55719.755876 80.027300 71.178082
55709.126176 79.840860 71.178082
55574.399156 80.014133 71.178082
55563.867317 79.827448 71.178082
55429.238158 80.000931 71.178082
55356.731054 79.994317 71.178082
55284.272881 79.987695 71.178082
55150.922450 80.161810 71.178082
55139.503327 79.974424 71.178082
54830.218807 80.692860 71.178082
54874.179053 80.323501 71.178082
54861.774785 80.135660 71.178082
54975.829573 79.585746 71.178082
54903.713914 79.578832 71.178082
54768.442123 79.753052 71.178082
54823.966385 79.383931 71.178082
54687.660519 79.558037 71.178082
54490.462394 79.914273 71.178082
54418.591388 79.907545 71.178082
54408.842437 79.718879 71.178082
54274.996166 79.894063 71.178082
52648.534732 87.305525 71.178082
54193.669792 79.698267 71.178082
54059.970312 79.873773 71.178082
54178.008075 79.320092 71.178082
53978.937521 79.677572 71.178082
54035.000019 79.305803 71.178082
53773.954201 79.846594 71.178082
53702.572500 79.839777 71.178082
53756.517917 79.466966 71.178082
53622.029014 79.642898 71.178082
53613.999166 79.452816 71.178082
53607.150185 79.262707 71.178082
53471.676138 79.438628 71.178082
53275.309832 79.798682 71.178082
53329.548832 79.424402 71.178082
53195.353513 79.600984 71.178082
53251.954247 79.226530 71.178082
53313.131656 78.852490 71.178082
53242.288190 78.844981 71.178082
53039.423849 79.204708 71.178082
51224.325840 87.268296 71.178082
52897.981571 79.190112 71.178082
52762.996829 79.367117 71.178082
52822.203949 78.991266 71.178082
52686.185131 79.168144 71.178082
52615.684179 79.160802 71.178082
52610.701092 78.968883 71.178082
52606.898872 78.776948 71.178082
52536.544712 78.769338 71.178082
52466.239482 78.761718 71.178082
52329.382311 78.938899 71.178082
52325.775813 78.746448 71.178082
52189.016504 78.923846 71.178082
52053.438061 79.101708 71.178082
52115.447290 78.723465 71.178082
51723.750651 79.645145 71.178082
51975.472926 78.708091 71.178082
51645.947274 79.444387 71.178082
51769.093414 78.878444 71.178082
51699.277489 78.870842 71.178082
51763.844174 78.491452 71.178082
51694.126110 78.483588 71.178082
51556.724169 78.661721 71.178082
51554.836774 78.467828 71.178082
51485.265502 78.459932 71.178082
51484.607904 78.265902 71.178082
51346.269749 78.444108 71.178082
51345.710012 78.249816 71.178082
51207.469718 78.428241 71.178082
51070.410291 78.607146 71.178082
50934.531731 78.786530 71.178082
50865.302972 78.778802 71.178082
50796.123144 78.771064 71.178082
50661.523312 78.951150 71.178082
50724.511151 78.567845 71.178082
50588.877243 78.747788 71.178082
50519.893137 78.740008 71.178082
50385.489027 78.920544 71.178082
50655.266820 77.973114 71.178082
50516.432825 78.152376 71.178082
50311.046890 78.520329 71.178082
50310.040244 78.324049 71.178082
50241.349721 78.315957 71.178082
50172.708129 78.307855 71.178082
50172.980211 78.111304 71.178082
50035.571736 78.291616 71.178082
49899.344127 78.472422 71.178082
49898.631065 78.275334 71.178082
49969.095549 77.889576 71.178082
49830.750860 78.069951 71.178082
49762.451781 78.061646 71.178082
49764.198313 77.864292 71.178082
49626.000415 78.045003 71.178082
49488.983384 78.226216 71.178082
49420.880027 78.217990 71.178082
49421.690345 78.019952 71.178082
49217.087298 78.391695 71.178082
49285.728285 78.003193 71.178082
49217.820650 77.994797 71.178082
49149.961946 77.986388 71.178082
49082.152173 77.977969 71.178082
49155.516626 77.589242 71.178082
46950.455327 86.947379 71.178082
48949.013115 77.762104 71.178082
48674.804833 78.326305 71.178082
48540.638841 78.509672 71.178082
48676.321072 77.927205 71.178082
48608.853813 77.918703 71.178082
48472.570740 78.101629 71.178082
48544.062765 77.710372 71.178082
48476.742296 77.701708 71.178082
48339.474078 77.884578 71.178082
48272.251471 77.876017 71.178082
48136.213051 78.059520 71.178082
48069.088304 78.051063 71.178082
48212.002529 77.466435 71.178082
48144.975644 77.457572 71.178082
48006.869073 77.640723 71.178082
47869.943369 77.824400 71.178082
47873.059955 77.623189 71.178082
47877.357408 77.421994 71.178082
47739.446559 77.605606 71.178082
47602.716577 77.789747 71.178082
47677.157502 77.395180 71.178082
47469.396765 77.772348 71.178082
47472.806934 77.570292 71.178082
47406.269354 77.561433 71.178082
47483.169874 77.166237 71.178082
47344.469602 77.350240 71.178082
47206.950197 77.534780 71.178082
47140.608340 77.525870 71.178082
47004.318732 77.711064 71.178082
46938.074735 77.702260 71.178082
46871.879669 77.693443 71.178082
46805.733533 77.684614 71.178082
46670.771584 77.870699 71.178082
46743.584733 77.472150 71.178082
46538.723965 77.853242 71.178082
46541.638295 77.649173 71.178082
46616.862108 77.250252 71.178082
46551.009556 77.241085 71.178082
46414.077317 77.427034 71.178082
46491.711795 77.027754 71.178082
46426.006033 77.018418 71.178082
46288.088650 77.204288 71.178082
46081.355453 77.586664 71.178082
46156.921780 77.185811 71.178082
46091.411741 77.176552 71.178082
45954.822016 77.363332 71.178082
45750.548414 77.747448 71.178082
45685.185167 77.738550 71.178082
45829.860890 77.139388 71.178082
45764.595504 77.130063 71.178082
45699.379048 77.120726 71.178082
45634.211522 77.111375 71.178082
45569.092927 77.102010 71.178082
45294.033223 77.684893 71.178082
45367.873913 77.280490 71.178082
45302.902109 77.271219 71.178082
45309.107853 77.064419 71.178082
44834.441257 78.245448 71.178082
45108.280282 77.243328 71.178082
44904.642777 77.630771 71.178082
44839.915626 77.621705 71.178082
44914.098830 77.215315 71.178082
44849.469540 77.205951 71.178082
44646.027757 77.594429 71.178082
44650.361072 77.386092 71.178082
44655.875254 77.177777 71.178082
44521.445007 77.367541 71.178082
44388.195626 77.557877 71.178082
44392.724663 77.348937 71.178082
44191.840336 77.739736 71.178082
43995.532684 78.132294 71.178082
44063.413575 77.721603 71.178082
44205.867822 77.111561 71.178082
44002.915344 77.502648 71.178082
44077.734644 77.092518 71.178082
43943.744771 77.283395 71.178082
43949.797189 77.073420 71.178082
43747.040433 77.465561 71.178082
43683.194032 77.456255 71.178082
43619.396561 77.446936 71.178082
43624.512764 77.236170 71.178082
43491.948411 77.428256 71.178082
43497.162475 77.217182 71.178082
43433.560726 77.207668 71.178082
43301.143164 77.400133 71.178082
43169.906469 77.593186 71.178082
43174.184319 77.381316 71.178082
42910.975679 77.981044 71.178082
43047.421196 77.362444 71.178082
42849.779352 77.759347 71.178082
42786.520117 77.750161 71.178082
42789.910683 77.537337 71.178082
42726.749309 77.527980 71.178082
42467.230061 78.131290 71.178082
42600.573353 77.509226 71.178082
42605.291577 77.295951 71.178082
42214.981252 78.309683 71.178082
42345.075525 77.685478 71.178082
42348.808605 77.471551 71.178082
42153.919939 77.871971 71.178082
42156.618944 77.657551 71.178082
42028.429010 77.853603 71.178082
41965.756941 77.844398 71.178082
41775.591742 78.247493 71.178082
41713.017534 78.238556 71.178082
41713.697319 78.022995 71.178082
41588.015910 78.220640 71.178082
41588.793556 78.004756 71.178082
41401.136882 78.410039 71.178082
41277.866137 78.609010 71.178082
41215.585513 78.600291 71.178082
41403.910194 77.760932 71.178082
41341.727430 77.751588 71.178082
41279.593597 77.742230 71.178082
41217.508694 77.732858 71.178082
41220.941657 77.516022 71.178082
41093.485680 77.714072 71.178082
40904.005509 78.121136 71.178082
40842.116328 78.112008 71.178082
40843.481140 77.894163 71.178082
40718.484759 78.093710 71.178082
40533.728054 78.503512 71.178082
40412.225343 78.704743 71.178082
40533.404383 78.066159 71.178082
38824.802907 87.299964 71.178082
38737.588452 87.735345 71.178082
38701.758504 87.295672 71.178082
38670.505232 86.855618 71.178082
38609.105357 86.853116 71.178082
38547.754412 86.850610 71.178082
38456.256863 87.287047 71.178082
38409.535578 87.065192 71.178082
38348.331425 87.062849 71.178082
38272.644403 87.280543 71.178082
38241.733645 86.838022 71.178082
38180.676283 86.835492 71.178082
38104.004117 87.053439 71.178082
38043.044616 87.051077 71.178082
37967.602247 87.269632 71.178082
37953.731813 86.604417 71.178082
37876.123432 86.822782 71.178082
37815.359653 86.820227 71.178082
37456.411395 87.696920 71.178082
37154.549723 87.687578 71.178082
37094.324180 87.685701 71.178082
37059.815356 87.236368 71.178082
37014.219473 87.010338 71.178082
36913.941134 87.680050 71.178082
35545.634675 87.635794 71.178082
35498.998183 87.405250 71.178082
35453.542557 87.174407 71.178082
35394.735999 87.172059 71.178082
35310.310583 87.627925 71.178082
35205.210046 87.394439 71.178082
35134.331284 87.621988 71.178082
35075.769379 87.620003 71.178082
35017.256404 87.618014 71.178082
34900.377246 87.614026 71.178082
34867.678851 87.150748 71.178082
34783.693810 87.610026 71.178082
34725.425488 87.608020 71.178082
34667.206096 87.606011 71.178082
34634.703424 87.141173 71.178082
34492.841504 87.599964 71.178082
34376.843096 87.595916 71.178082
32886.674493 87.542020 71.178082
32870.220466 86.827293 71.178082
32799.083982 87.062196 71.178082
32716.860440 87.535645 71.178082
31374.201500 87.483433 71.178082
30440.203704 87.445092 71.178082
30385.703032 87.442800 71.178082
30331.251291 87.440504 71.178082
30289.116406 87.190780 71.178082
30222.494599 87.435900 71.178082
29801.692979 87.167881 71.178082
29735.511547 87.414975 71.178082
29305.964998 87.396086 71.178082
29252.491867 87.393705 71.178082
29211.335593 87.139382 71.178082
29171.360185 86.884706 71.178082
30046.380125 79.411665 71.178082
30041.592605 79.157708 71.178082
30037.985953 78.903716 71.178082
29886.694689 79.383088 71.178082
29882.053961 79.128452 71.178082
29929.347862 78.629308 71.178082
29876.315105 78.619086 71.178082
29982.384184 77.876732 71.178082
30340.190505 76.172070 71.178082
30683.513957 74.726034 71.178082
31628.924800 71.671815 71.178082
31746.692338 71.196700 71.178082
32517.484402 69.143748 71.178082
32961.929286 68.016797 71.178082
33327.370929 67.122603 71.178082
34050.003269 65.597013 71.178082
33997.459817 65.576932 71.178082
34898.852588 63.876143 71.178082
35479.374486 62.827825 71.178082
35556.967133 62.602759 71.178082
36035.895995 61.774617 71.178082
39069.932590 57.714822 71.178082
39177.102374 57.506532 71.178082
39609.952010 56.934310 71.178082
41074.076288 55.305815 71.178082
41903.966697 54.415216 71.178082
42577.882194 53.710387 71.178082
43082.239543 53.182662 71.178082
45357.607786 51.212757 71.178082
45507.001729 51.028939 71.178082
46271.667856 50.379560 71.178082
49220.318273 48.258112 71.178082
50293.917512 47.514421 71.178082
51865.250929 46.510758 71.178082
53006.864210 45.804807 71.178082
54923.352702 44.723139 71.178082
55628.503159 44.310333 71.178082
57644.699911 43.280286 71.178082
59191.558754 42.524678 71.178082
60503.207141 41.905589 71.178082
61283.261120 41.529757 71.178082
62356.352170 41.045104 71.178082
62874.078150 40.792387 71.178082
63974.433535 40.320207 71.178082
62771.682426 40.738226 71.178082
63872.135672 40.266134 71.178082
64403.640610 40.019627 71.178082
64939.722224 39.775155 71.178082
64594.624471 39.856559 71.178082
64837.815805 39.721055 71.178082
64492.815913 39.802379 71.178082
65327.741073 39.451572 71.178082
64685.323155 39.639747 71.178082
63755.625709 39.939134 71.178082
64583.906042 39.585435 71.178082
64533.270881 39.558247 71.178082
64482.684650 39.531038 71.178082
64432.147350 39.503807 71.178082
63794.550761 39.693551 71.178082
64626.471556 39.341546 71.178082
63693.720814 39.638904 71.178082
64230.487455 39.394670 71.178082
64475.446822 39.259659 71.178082
65019.102942 39.018492 71.178082
65567.335739 38.779341 71.178082
66423.320780 38.437980 71.178082
66070.048286 38.514920 71.178082
65117.265203 38.803003 71.178082
64768.618315 38.881696 71.178082
64718.668182 38.854273 71.178082
64371.251091 38.933346 71.178082
64917.562529 38.693359 71.178082
64569.111363 38.771878 71.178082
64221.841065 38.850820 71.178082
64172.135583 38.823269 71.178082
62943.734848 39.226282 71.178082
62894.127228 39.198600 71.178082
62552.712333 39.279754 71.178082
63088.046921 39.034838 71.178082
62745.597951 39.115422 71.178082
62404.329848 39.196446 71.178082
62939.811227 38.951596 71.178082
62890.497190 38.923805 71.178082
63135.352161 38.788276 71.178082
63086.135985 38.760465 71.178082
63628.604704 38.518795 71.178082
63579.486389 38.490987 71.178082
63234.033054 38.569779 71.178082
63481.396551 38.435307 71.178082
62840.789063 38.621080 71.178082
62497.746392 38.700691 71.178082
61573.304114 38.998343 71.178082
61234.887050 39.079813 71.178082
24594.665844 83.572039 71.178082
434438.049115 13.662423 71.178082
436318.955908 13.618413 71.178082
431454.854588 13.682408 71.178082
24208.141191 86.024653 71.178082
24143.946307 86.297394 71.178082
24067.532427 86.848202 71.178082
24047.030801 86.289930 71.178082
24031.105851 85.731234 71.178082
24000.698032 85.449467 71.178082
23952.411536 85.444873 71.178082
23904.173970 85.440269 71.178082
23821.262055 85.992449 71.178082
23742.926817 86.546501 71.178082
23709.367842 86.263567 71.178082
23646.794199 86.539480 71.178082
23645.792492 85.696529 71.178082
23550.857304 86.532430 71.178082
23477.294463 87.090504 71.178082
23407.318939 86.521802 71.178082
23374.102478 86.236827 71.178082
23286.203560 87.078580 71.178082
23311.212155 85.665697 71.178082
23190.951692 87.072581 71.178082
22946.570007 86.201881 71.178082
22931.770459 85.629916 71.178082
22852.101027 86.194027 71.178082
22894.577973 84.768721 71.178082
22847.465809 84.763316 71.178082
22844.181346 84.189899 71.178082
22845.473559 83.616458 71.178082
22824.359350 83.326319 71.178082
22832.541042 82.752762 71.178082
22680.005008 83.881054 71.178082
22710.739915 83.021498 71.178082
22692.085300 82.730247 71.178082
22645.364581 82.722711 71.178082
22570.577757 82.999756 71.178082
22709.624154 81.288859 71.178082
22629.275509 81.563070 71.178082
22403.872874 83.263695 71.178082
22412.494941 82.684797 71.178082
22366.067804 82.677167 71.178082
22379.315478 82.097952 71.178082
22430.914544 81.234483 71.178082
22492.749968 80.373194 71.178082
22484.821016 80.079788 71.178082
22478.072931 79.786287 71.178082
23785.678658 72.882853 71.178082
23671.861228 73.133458 71.178082
23693.558343 72.848581 71.178082
23929.822174 71.766425 71.178082
24107.457620 70.957311 71.178082
24061.568719 70.938461 71.178082
23865.547961 71.446961 71.178082
23819.756922 71.428485 71.178082
23848.539238 71.145418 71.178082
23728.321634 71.391427 71.178082
23682.677386 71.372844 71.178082
23711.606494 71.088994 71.178082
23741.716469 70.805497 71.178082
23929.979716 69.996966 71.178082
23575.114124 71.032243 71.178082
23455.190103 71.279391 71.178082
23793.780930 69.937345 71.178082
23364.537704 71.241756 71.178082
23319.284900 71.222883 71.178082
23200.688537 71.471872 71.178082
23155.533594 71.453158 71.178082
22693.843310 73.062068 71.178082
22583.317294 73.319083 71.178082
262261.428839 16.307409 71.178082
22242.793546 74.392069 71.178082
257022.532541 16.440592 71.178082
259913.180584 16.328016 71.178082
262821.988539 16.216690 71.178082
258353.586082 16.341858 71.178082
263473.745409 16.159709 71.178082
258998.649195 16.284231 71.178082
255293.135257 16.386811 71.178082
21884.881278 74.261676 71.178082
21293.207038 77.089340 71.178082
21677.405947 74.792236 71.178082
21632.984962 74.776253 71.178082
21588.612907 74.760237 71.178082
21662.776353 74.179097 71.178082
21618.502159 74.162479 71.178082
21697.291211 73.582826 71.178082
21591.041753 73.846977 71.178082
21672.192539 73.267554 71.178082
21564.909005 73.531082 71.178082
21648.421525 72.951926 71.178082
21804.243528 72.096853 71.178082
21692.579040 72.356638 71.178082
21582.095420 72.617756 71.178082
21882.585320 71.209117 71.178082
21838.800432 71.189583 71.178082
22015.241941 70.345103 71.178082
21823.637999 70.874264 71.178082
21927.916817 70.304390 71.178082
22114.692546 69.465363 71.178082
22150.204481 69.173021 71.178082
22268.213327 68.611703 71.178082
21906.298395 69.674369 71.178082
22432.117257 67.764105 71.178082
22388.772743 67.741439 71.178082
22431.320949 67.452418 71.178082
22652.397282 66.636055 71.178082
22791.074565 66.088288 71.178082
22934.328524 65.543899 71.178082
22986.127943 65.260629 71.178082
23136.271381 64.721218 71.178082
23191.564470 64.440147 71.178082
23248.038426 64.159753 71.178082
23407.384147 63.627083 71.178082
23676.393250 62.848261 71.178082
23739.805616 62.572789 71.178082
23912.881364 62.051266 71.178082
24202.412114 61.289981 71.178082
23937.127913 61.750861 71.178082
24117.142072 61.234538 71.178082
24074.580446 61.206743 71.178082
24145.078013 60.935861 71.178082
24684.644601 59.709042 71.178082
24642.229768 59.680247 71.178082
24719.665744 59.414814 71.178082
24920.348340 58.915799 71.178082
25125.607611 58.420832 71.178082
25592.026363 57.473281 71.178082
25420.998811 57.671000 71.178082
25637.724238 57.186115 71.178082
25992.411456 56.481879 71.178082
26084.905119 56.228733 71.178082
26315.360573 55.756262 71.178082
26411.347906 55.505977 71.178082
26231.558447 55.693988 71.178082
26890.614449 54.577468 71.178082
26848.835712 54.545767 71.178082
27241.219344 53.876052 71.178082
27494.607108 53.424234 71.178082
27452.975163 53.392003 71.178082
27710.988534 52.944181 71.178082
27519.090288 53.118990 71.178082
27932.093427 52.467902 71.178082
28044.417173 52.231185 71.178082
28003.029880 52.198384 71.178082
29396.468386 50.378251 71.178082
29520.258288 50.151744 71.178082
29645.229056 49.926191 71.178082
29604.037486 49.892659 71.178082
29396.683575 50.051268 71.178082
29689.144342 49.634311 71.178082
29816.574706 49.410500 71.178082
30287.795903 48.812735 71.178082
30593.986698 48.408078 71.178082
30728.355471 48.190238 71.178082
31041.435745 47.791617 71.178082
31179.298188 47.576705 71.178082
30430.688330 48.271666 71.178082
31097.844726 47.508138 71.178082
31236.985897 47.294053 71.178082
31742.556630 46.726575 71.178082
31886.323408 46.516419 71.178082
32031.271052 46.307213 71.178082
32365.117624 45.926316 71.178082
32513.558939 45.720001 71.178082
32473.199187 45.685280 71.178082
33199.607717 44.973837 71.178082
33353.855505 44.772309 71.178082
33509.284160 44.571713 71.178082
33665.893682 44.372050 71.178082
33625.778583 44.337115 71.178082
34384.125984 43.652699 71.178082
34954.804254 43.140574 71.178082
34710.138840 43.263677 71.178082
35287.706590 42.757144 71.178082
34426.783847 43.352548 71.178082
35625.332394 42.377339 71.178082
35795.916596 42.188791 71.178082
35756.192941 42.153675 71.178082
