124323.322112 56.989169 100.767123
122799.868740 57.490979 100.767123
125892.962572 56.350402 100.767123
125211.217585 56.539174 100.767123
125708.265714 56.322390 100.767123
125026.618588 56.511225 100.767123
125523.764577 56.294336 100.767123
125136.335391 56.381645 100.767123
125044.207149 56.367614 100.767123
123492.846812 56.864128 100.767123
124860.097457 56.339519 100.767123
124768.116007 56.325457 100.767123
124676.183487 56.311384 100.767123
125175.935863 56.094590 100.767123
123905.357020 56.486919 100.767123
124695.931526 56.167586 100.767123
124308.942714 56.254988 100.767123
123630.146627 56.444702 100.767123
123246.651486 56.532911 100.767123
123446.917685 56.416504 100.767123
123648.364751 56.300286 100.767123
123850.992684 56.184258 100.767123
124054.801483 56.068420 100.767123
123668.155185 56.155893 100.767123
123872.061846 56.039993 100.767123
123485.513409 56.127486 100.767123
123100.145839 56.215253 100.767123
123598.319369 55.997274 100.767123
122917.797645 56.186825 100.767123
122533.708803 56.274888 100.767123
122442.657033 56.260668 100.767123
122938.762412 56.042013 100.767123
122553.688425 56.129841 100.767123
122169.795305 56.217946 100.767123
122961.299490 55.897227 100.767123
121696.275934 56.292075 100.767123
121897.373952 56.175128 100.767123
122689.024928 55.854191 100.767123
121716.004369 56.146530 100.767123
122212.501192 55.927457 100.767123
122121.938727 55.913089 100.767123
122326.677207 55.796661 100.767123
122236.212603 55.782252 100.767123
122145.796929 55.767832 100.767123
122055.430186 55.753402 100.767123
121669.860359 55.841093 100.767123
121579.591477 55.826661 100.767123
121489.371526 55.812219 100.767123
121694.452519 55.695573 100.767123
121309.078415 55.783303 100.767123
121514.257269 55.666595 100.767123
121128.981025 55.754343 100.767123
121334.257740 55.637573 100.767123
120949.079358 55.725341 100.767123
120859.201920 55.710823 100.767123
121064.625427 55.593960 100.767123
121271.229801 55.477296 100.767123
121181.499154 55.462706 100.767123
120795.433488 55.550250 100.767123
120705.800703 55.535658 100.767123
119733.856614 55.829117 100.767123
120526.681924 55.506442 100.767123
118972.255223 56.006718 100.767123
120052.506853 55.579679 100.767123
119668.998642 55.667822 100.767123
119579.659440 55.653205 100.767123
119784.489246 55.535769 100.767123
119990.499919 55.418533 100.767123
119606.055495 55.506441 100.767123
119812.164029 55.389143 100.767123
119133.697387 55.579959 100.767123
119338.771846 55.462366 100.767123
119545.027172 55.344976 100.767123
118866.707322 55.535880 100.767123
119071.928572 55.418193 100.767123
118983.078675 55.403447 100.767123
118894.277709 55.388690 100.767123
119100.777687 55.271144 100.767123
119012.074582 55.256345 100.767123
118628.168393 55.344352 100.767123
118245.443070 55.432643 100.767123
118451.006834 55.314737 100.767123
118657.751465 55.197037 100.767123
118274.040998 55.285079 100.767123
118480.883490 55.167316 100.767123
118392.522899 55.152440 100.767123
118304.211237 55.137552 100.767123
118215.948507 55.122653 100.767123
118127.734706 55.107743 100.767123
117450.197745 55.299112 100.767123
117656.201883 55.180925 100.767123
117863.386889 55.062945 100.767123
117775.368811 55.047990 100.767123
116805.039430 55.343088 100.767123
116134.538739 55.536220 100.767123
116629.247926 55.313243 100.767123
115958.845096 55.506434 100.767123
115005.690482 55.805743 100.767123
114917.965987 55.790886 100.767123
114830.290423 55.776017 100.767123
78535.096487 87.794116 100.767123
78464.314456 87.639119 100.767123
113712.363551 56.048250 100.767123
115055.866326 55.506433 100.767123
115258.027747 55.386840 100.767123
115170.645765 55.371840 100.767123
115083.312714 55.356828 100.767123
114417.975866 55.551443 100.767123
114330.740676 55.536450 100.767123
113670.029433 55.732228 100.767123
113869.088628 55.611710 100.767123
113495.803706 55.702271 100.767123
113694.960762 55.581688 100.767123
113607.970225 55.566659 100.767123
113521.028618 55.551619 100.767123
114009.924798 55.326062 100.767123
113347.292196 55.521504 100.767123
114125.878570 55.190945 100.767123
134204.528993 49.176295 100.767123
134478.736361 49.071372 100.767123
134754.124597 48.966663 100.767123
134305.489245 49.039331 100.767123
133139.621923 49.290855 100.767123
133771.533528 49.096203 100.767123
134045.985549 48.991193 100.767123
133238.905469 49.153302 100.767123
133512.323415 49.048024 100.767123
133066.245519 49.121166 100.767123
132979.988939 49.105082 100.767123
112798.565036 55.113535 100.767123
132448.982122 49.162369 100.767123
112626.296530 55.082988 100.767123
132276.811477 49.130143 100.767123
132549.440000 49.024506 100.767123
132823.249390 48.919088 100.767123
132377.562938 48.992203 100.767123
132291.697803 48.976035 100.767123
132205.881598 48.959857 100.767123
132479.886710 48.854369 100.767123
131318.247017 49.106815 100.767123
131948.726567 48.911261 100.767123
131504.465634 48.984605 100.767123
131777.534532 48.878810 100.767123
131692.011911 48.862569 100.767123
131606.538219 48.846317 100.767123
130804.964495 49.009485 100.767123
131435.737629 48.813782 100.767123
131710.183116 48.708138 100.767123
131624.905147 48.691837 100.767123
131179.903722 48.764901 100.767123
131454.496000 48.659204 100.767123
131369.364823 48.642872 100.767123
131284.282576 48.626529 100.767123
130839.476873 48.699577 100.767123
130754.492487 48.683219 100.767123
130669.557032 48.666851 100.767123
130584.670507 48.650472 100.767123
130499.832913 48.634083 100.767123
130415.044249 48.617682 100.767123
130330.304516 48.601272 100.767123
130245.613713 48.584850 100.767123
130160.971841 48.568418 100.767123
129717.738449 48.641682 100.767123
128919.309347 48.805406 100.767123
129907.339807 48.519058 100.767123
129106.744693 48.682283 100.767123
128310.726255 48.846520 100.767123
128581.622607 48.739564 100.767123
128497.323249 48.723076 100.767123
129126.957911 48.526327 100.767123
129042.756414 48.509805 100.767123
128601.095333 48.583285 100.767123
128874.500210 48.476728 100.767123
128432.936991 48.550200 100.767123
129065.080179 48.353825 100.767123
128622.482884 48.427032 100.767123
128181.066456 48.500490 100.767123
109007.732514 54.261217 100.767123
128013.397418 48.467296 100.767123
128645.785259 48.270805 100.767123
128562.073066 48.254169 100.767123
128119.769355 48.327347 100.767123
128036.155023 48.310694 100.767123
127952.589623 48.294031 100.767123
127869.073152 48.277357 100.767123
126716.475881 48.531735 100.767123
127702.187003 48.243977 100.767123
127618.817324 48.227270 100.767123
127894.137026 48.120686 100.767123
126028.982322 48.555849 100.767123
127011.493358 48.267216 100.767123
127285.827915 48.160335 100.767123
126845.194375 48.233717 100.767123
73695.674323 77.949128 100.767123
73612.647158 77.942231 100.767123
73615.512713 77.779969 100.767123
73532.583408 77.772974 100.767123
73363.859246 77.921496 100.767123
73196.315950 78.070359 100.767123
73113.533438 78.063508 100.767123
73201.355497 77.744913 100.767123
72864.535288 78.206006 100.767123
73123.010850 77.575075 100.767123
72867.604545 77.879814 100.767123
72870.910475 77.716726 100.767123
72702.577756 77.865857 100.767123
72620.137757 77.858866 100.767123
69426.103462 87.817506 100.767123
69315.829663 88.143415 100.767123
72288.399491 77.994568 100.767123
72122.575298 78.144619 100.767123
71957.931972 78.295015 100.767123
72041.813452 77.973733 100.767123
71876.136051 78.124017 100.767123
72048.223054 77.645695 100.767123
71880.379641 77.795594 100.767123
71713.717095 77.945841 100.767123
71631.815331 77.938848 100.767123
71549.962499 77.931848 100.767123
71468.158597 77.924839 100.767123
71471.115478 77.760161 100.767123
71304.697584 77.910797 100.767123
71057.012577 78.219989 100.767123
71141.432293 77.896723 100.767123
71144.584897 77.731668 100.767123
70978.362725 77.882617 100.767123
70981.613189 77.717373 100.767123
70900.200731 77.710213 100.767123
70650.545435 78.019938 100.767123
70737.522607 77.695868 100.767123
70656.256940 77.688684 100.767123
70660.883994 77.523069 100.767123
70493.872399 77.674289 100.767123
70585.573039 77.350084 100.767123
70331.683580 77.659862 100.767123
70511.589743 77.176916 100.767123
70169.690483 77.645401 100.767123
70349.694506 77.161918 100.767123
70180.712622 77.313043 100.767123
70099.887331 77.305609 100.767123
70107.218631 77.139356 100.767123
70206.102333 76.814630 100.767123
69857.705039 77.283255 100.767123
69865.183131 77.116716 100.767123
69438.963463 77.746975 100.767123
69704.070783 77.101580 100.767123
69623.588005 77.093998 100.767123
69543.154157 77.086408 100.767123
69374.661579 77.238316 100.767123
69471.672852 76.911810 100.767123
69214.038536 77.223266 100.767123
69401.519205 76.737034 100.767123
68966.635490 77.368243 100.767123
69150.818211 76.880940 100.767123
69070.726877 76.873200 100.767123
69081.056008 76.705743 100.767123
69092.566006 76.538313 100.767123
68741.506860 77.010019 100.767123
68750.850847 76.842151 100.767123
68671.004165 76.834366 100.767123
68413.859155 77.147493 100.767123
68601.829129 76.658535 100.767123
68431.757705 76.810957 100.767123
68352.106745 76.803136 100.767123
68183.265118 76.956016 100.767123
68283.323153 76.626880 100.767123
68203.818985 76.618943 100.767123
68033.992214 76.771760 100.767123
67954.585907 76.763894 100.767123
68149.738943 76.273841 100.767123
67977.795090 76.426288 100.767123
67991.170983 76.257531 100.767123
67819.324991 76.410135 100.767123
67740.163337 76.402044 100.767123
67569.547142 76.555113 100.767123
67400.111815 76.708567 100.767123
67411.468487 76.539062 100.767123
67064.783761 77.016630 100.767123
67253.585553 76.522973 100.767123
67358.856361 76.191907 100.767123
67280.037220 76.183661 100.767123
67201.267010 76.175405 100.767123
66938.406853 76.490682 100.767123
66859.734504 76.482586 100.767123
66426.416566 77.124913 100.767123
66702.536598 76.466364 100.767123
66715.514511 76.295998 100.767123
66637.037885 76.287773 100.767123
66651.245596 76.117342 100.767123
66572.866830 76.109008 100.767123
66310.398117 76.425643 100.767123
66323.620683 76.254778 100.767123
66338.024116 76.083948 100.767123
66259.841072 76.075575 100.767123
66089.071552 76.229929 100.767123
65919.482898 76.384680 100.767123
65751.075112 76.539829 100.767123
65763.459325 76.368227 100.767123
65595.149399 76.523539 100.767123
65607.631473 76.351735 100.767123
65439.419409 76.507211 100.767123
65451.999343 76.335204 100.767123
65465.760145 76.163232 100.767123
65388.066407 76.154850 100.767123
65218.918128 76.310333 100.767123
65050.950716 76.466219 100.767123
65063.775304 76.293703 100.767123
65077.780758 76.121224 100.767123
64908.828202 76.277034 100.767123
64922.931517 76.104350 100.767123
64845.580292 76.095899 100.767123
64676.774527 76.251955 100.767123
64783.660041 75.914588 100.767123
64706.455608 75.906014 100.767123
64723.067449 75.733107 100.767123
64552.193533 75.888835 100.767123
64382.500484 76.044976 100.767123
64034.377170 76.532373 100.767123
64414.934743 75.698299 100.767123
64244.256549 75.854354 100.767123
64167.394630 75.845708 100.767123
64184.348984 75.672084 100.767123
64107.584926 75.663325 100.767123
63752.963576 76.150734 100.767123
63860.436256 75.811020 100.767123
63691.183582 75.967902 100.767123
63432.740240 76.291350 100.767123
63446.592369 76.116668 100.767123
63554.260771 75.776165 100.767123
63385.203819 75.933378 100.767123
63401.466612 75.758675 100.767123
63232.507521 75.916054 100.767123
63248.868175 75.741142 100.767123
63080.006945 75.898688 100.767123
62912.326582 76.056655 100.767123
63020.337498 75.714764 100.767123
62944.258466 75.705949 100.767123
62868.228366 75.697125 100.767123
62792.247195 75.688289 100.767123
62716.314956 75.679443 100.767123
62640.431646 75.670587 100.767123
62564.597268 75.661719 100.767123
62677.478443 75.319234 100.767123
62601.741925 75.310156 100.767123
62526.054338 75.301068 100.767123
62261.749058 75.626141 100.767123
62374.825955 75.282858 100.767123
62299.285160 75.273736 100.767123
62223.793295 75.264604 100.767123
62053.451080 75.422798 100.767123
62072.956356 75.246305 100.767123
61997.611283 75.237139 100.767123
62018.346356 75.060598 100.767123
62040.262296 74.884117 100.767123
61771.869645 75.209574 100.767123
61889.914662 74.865329 100.767123
61913.109331 74.688702 100.767123
61739.762751 74.846496 100.767123
61376.666543 75.340858 100.767123
61589.806562 74.827616 100.767123
61613.196952 74.650567 100.767123
61538.341184 74.641004 100.767123
61463.534346 74.631430 100.767123
61388.776439 74.621844 100.767123
61314.067462 74.612246 100.767123
61239.407416 74.602636 100.767123
61164.796300 74.593015 100.767123
61090.234115 74.583382 100.767123
61015.720860 74.573737 100.767123
60842.961447 74.732526 100.767123
60671.382901 74.891765 100.767123
60694.179590 74.713368 100.767123
60718.157146 74.535040 100.767123
60545.593455 74.694163 100.767123
60669.095898 74.346974 100.767123
60594.925157 74.337151 100.767123
60621.362308 74.158757 100.767123
60446.730467 74.317469 100.767123
60372.706517 74.307610 100.767123
60298.731498 74.297739 100.767123
60125.378384 74.457076 100.767123
60251.487213 74.108926 100.767123
60077.100024 74.268053 100.767123
60205.570587 73.919966 100.767123
60030.149323 74.078880 100.767123
59956.467887 74.068840 100.767123
59984.526280 73.889561 100.767123
59910.942705 73.879401 100.767123
59340.272934 74.719164 100.767123
59763.922347 73.859044 100.767123
59388.808678 74.358535 100.767123
59719.920545 73.669223 100.767123
59750.536394 73.489689 100.767123
59677.246402 73.479264 100.767123
59709.092048 73.299717 100.767123
59530.813210 73.458374 100.767123
59562.756717 73.278612 100.767123
59384.575740 73.437433 100.767123
59630.186331 72.919386 100.767123
59449.839343 73.077577 100.767123
59376.891865 73.066872 100.767123
59303.993317 73.056153 100.767123
59338.494280 72.876163 100.767123
59052.124371 73.204337 100.767123
59085.591258 73.023919 100.767123
58906.669789 73.182997 100.767123
58834.015894 73.172308 100.767123
59083.462669 72.652413 100.767123
59010.906635 72.641413 100.767123
59048.013984 72.461104 100.767123
58757.458843 72.789076 100.767123
58793.532117 72.608332 100.767123
58612.689289 72.767170 100.767123
58869.221265 72.247185 100.767123
58796.958814 72.235915 100.767123
58836.623619 72.055412 100.767123
58652.580704 72.213335 100.767123
58692.343370 72.032618 100.767123
58508.398316 72.190700 100.767123
58548.258843 72.009768 100.767123
58589.300237 71.828961 100.767123
58517.380300 71.817408 100.767123
58445.509293 71.805840 100.767123
58148.798630 72.133866 100.767123
58416.056269 71.613260 100.767123
58344.332054 71.601557 100.767123
58045.504310 71.929348 100.767123
58201.030416 71.578107 100.767123
58129.452992 71.566361 100.767123
58173.198633 71.385068 100.767123
57986.444937 71.542825 100.767123
58030.288439 71.361317 100.767123
58075.312808 71.179949 100.767123
57772.299832 71.507412 100.767123
57701.015992 71.495578 100.767123
57861.461287 71.143892 100.767123
57790.275308 71.131844 100.767123
58196.081905 70.443505 100.767123
58124.993786 70.431062 100.767123
58176.020351 70.250230 100.767123
57982.964341 70.406131 100.767123
58157.286456 70.056891 100.767123
57841.130618 70.381139 100.767123
58015.550594 70.031509 100.767123
57944.756058 70.018795 100.767123
57874.010454 70.006066 100.767123
57927.643405 69.825036 100.767123
57609.468347 70.149294 100.767123
57538.869534 70.136608 100.767123
57346.253899 70.293181 100.767123
57154.819131 70.450279 100.767123
57450.564367 69.929360 100.767123
57134.897835 70.255252 100.767123
57309.807115 69.903666 100.767123
56994.238444 70.229889 100.767123
57293.575211 69.708820 100.767123
57223.367842 69.695828 100.767123
57153.209403 69.682820 100.767123
57083.099895 69.669796 100.767123
57013.039318 69.656756 100.767123
56943.027671 69.643700 100.767123
56873.064955 69.630628 100.767123
56803.151169 69.617540 100.767123
56733.286314 69.604436 100.767123
56663.470389 69.591315 100.767123
56593.703395 69.578179 100.767123
56776.040390 69.225994 100.767123
56706.371257 69.212646 100.767123
56384.695995 69.538671 100.767123
56315.124723 69.525470 100.767123
56497.657440 69.172503 100.767123
56428.184029 69.159089 100.767123
56232.166051 69.315522 100.767123
55912.999314 69.643215 100.767123
56093.463881 69.288791 100.767123
56278.505124 68.935519 100.767123
56081.550931 69.091771 100.767123
56012.371103 69.078257 100.767123
56070.965640 68.894711 100.767123
56001.883673 68.881075 100.767123
55805.125202 69.037616 100.767123
55736.141096 69.024036 100.767123
55540.612423 69.181203 100.767123
55598.319676 68.996825 100.767123
55657.207795 68.812640 100.767123
55460.693977 68.969546 100.767123
55391.954524 68.955881 100.767123
55323.264001 68.942199 100.767123
55382.347843 68.757586 100.767123
55313.755181 68.743781 100.767123
54865.430957 69.244424 100.767123
54796.936156 69.230856 100.767123
55237.128149 68.531383 100.767123
55168.731209 68.517419 100.767123
55230.372507 68.332782 100.767123
55293.194672 68.148354 100.767123
55224.944523 68.134160 100.767123
55156.743306 68.119948 100.767123
54957.469775 68.276325 100.767123
54889.366419 68.262166 100.767123
54821.311993 68.247991 100.767123
54753.306497 68.233797 100.767123
54685.349932 68.219586 100.767123
54617.442298 68.205357 100.767123
54549.583594 68.191111 100.767123
54351.784513 68.348487 100.767123
54414.012977 68.162565 100.767123
54216.311758 68.320085 100.767123
54278.638083 68.133948 100.767123
54081.034725 68.291612 100.767123
54013.469604 68.277349 100.767123
53945.953413 68.263069 100.767123
53749.628783 68.421455 100.767123
53682.210454 68.407229 100.767123
54004.808975 67.875633 100.767123
54069.741686 67.689396 100.767123
54002.470149 67.674755 100.767123
53541.883812 68.177007 100.767123
53868.073865 67.645420 100.767123
53800.949118 67.630725 100.767123
53470.498880 67.960737 100.767123
53666.846418 67.601280 100.767123
53467.615283 67.758860 100.767123
53400.686259 67.744181 100.767123
53333.806166 67.729483 100.767123
53399.228182 67.542168 100.767123
53069.071527 67.873150 100.767123
53133.459468 67.685280 100.767123
53199.028276 67.497640 100.767123
53132.392835 67.482760 100.767123
52933.553145 67.640910 100.767123
52999.268744 67.452945 100.767123
52669.405672 67.784899 100.767123
52602.965953 67.770126 100.767123
52536.575165 67.755334 100.767123
52733.607730 67.393088 100.767123
52667.314802 67.378076 100.767123
52078.849706 68.060383 100.767123
52668.260855 67.174664 100.767123
52336.476424 67.506791 100.767123
52670.534566 66.971258 100.767123
52604.486291 66.955973 100.767123
52270.584779 67.287611 100.767123
52472.536533 66.925344 100.767123
52272.117998 67.083430 100.767123
52206.265445 67.068157 100.767123
52274.978875 66.879257 100.767123
52209.224183 66.863856 100.767123
51875.616254 67.196457 100.767123
52077.861592 66.832996 100.767123
51877.736639 66.991502 100.767123
51678.792554 67.150620 100.767123
51613.282515 67.135302 100.767123
51951.372563 66.597258 100.767123
51750.311396 66.755503 100.767123
51957.378062 66.392480 100.767123
52029.976607 66.203591 100.767123
51964.711220 66.187729 100.767123
52178.716296 65.826613 100.767123
52113.548770 65.810537 100.767123
51769.208644 66.140021 100.767123
51704.138979 66.124079 100.767123
51778.163043 65.934919 100.767123
51436.233581 66.265884 100.767123
51509.223569 66.076131 100.767123
51169.655841 66.408427 100.767123
51658.746147 65.697441 100.767123
51593.970066 65.681203 100.767123
51389.066181 65.838195 100.767123
51047.430302 66.170093 100.767123
51120.713873 65.979689 100.767123
51195.178312 65.789559 100.767123
50991.602085 65.947379 100.767123
50516.776813 66.456515 100.767123
51001.730817 65.740738 100.767123
50660.388521 66.073573 100.767123
50596.052815 66.057414 100.767123
50394.985114 66.216702 100.767123
50605.441054 65.849956 100.767123
50541.252139 65.833647 100.767123
50477.112155 65.817317 100.767123
50413.021101 65.800967 100.767123
50211.066116 65.960031 100.767123
50010.291998 66.119735 100.767123
50360.086320 65.576658 100.767123
50296.190988 65.560136 100.767123
50232.344586 65.543592 100.767123
50168.547115 65.527027 100.767123
50104.798575 65.510442 100.767123
50041.098965 65.493835 100.767123
49977.448286 65.477207 100.767123
49913.846537 65.460558 100.767123
49436.555135 65.972881 100.767123
49647.745033 65.603126 100.767123
49309.596290 65.940016 100.767123
49382.971188 65.746458 100.767123
49182.833167 65.907066 100.767123
49256.305926 65.713284 100.767123
49056.265766 65.874031 100.767123
48993.055461 65.857482 100.767123
48526.342931 66.376521 100.767123
48463.230487 66.360208 100.767123
48267.913795 66.523583 100.767123
48073.777969 66.687619 100.767123
48010.812317 66.671433 100.767123
47561.323484 67.199637 100.767123
47885.027804 66.638997 100.767123
47692.219637 66.803921 100.767123
47500.592337 66.969512 100.767123
47310.145903 67.135770 100.767123
47504.056639 66.755335 100.767123
40158.781398 86.914491 100.767123
47378.859292 66.722837 100.767123
47059.751210 67.071563 100.767123
47253.857668 66.690253 100.767123
47191.430252 66.673929 100.767123
47259.041073 66.475532 100.767123
46937.864840 66.823865 100.767123
46747.858781 66.990824 100.767123
46813.352521 66.791262 100.767123
46880.027128 66.591982 100.767123
46689.035924 66.758573 100.767123
46755.808392 66.559052 100.767123
46693.772420 66.542553 100.767123
46123.147514 67.262435 100.767123
46313.264462 66.876882 100.767123
46251.375282 66.860517 100.767123
46062.941534 67.028788 100.767123
46384.326517 66.459733 100.767123
46193.726757 66.626941 100.767123
45877.714367 66.979801 100.767123
45816.069839 66.963428 100.767123
38871.794113 86.644801 100.767123
38847.234598 86.205495 100.767123
38766.677317 86.420926 100.767123
38705.228512 86.418082 100.767123
38625.901028 86.634126 100.767123
38564.550083 86.631446 100.767123
38470.788662 87.067531 100.767123
38441.994985 86.626075 100.767123
38398.718440 86.403796 100.767123
38337.563217 86.400925 100.767123
38258.529317 86.617986 100.767123
38150.480749 87.276189 100.767123
38089.472318 87.274007 100.767123
38075.504023 86.609857 100.767123
38032.521061 86.386501 100.767123
37971.659421 86.383603 100.767123
37860.459697 87.043968 100.767123
37815.359653 86.820227 100.767123
37738.981070 87.039210 100.767123
37693.978888 86.815107 100.767123
37633.361901 86.812540 100.767123
37589.589516 86.587990 100.767123
37496.610983 87.029648 100.767123
37436.140787 87.027248 100.767123
37375.719522 87.024844 100.767123
37331.010923 86.799645 100.767123
37270.687519 86.797053 100.767123
37210.413045 86.794457 100.767123
37134.523767 87.015189 100.767123
37046.415493 87.460055 100.767123
36999.687674 87.234122 100.767123
36969.804457 86.784032 100.767123
36926.570307 86.557458 100.767123
36849.793746 86.778794 100.767123
36759.666252 87.225099 100.767123
36674.115434 87.672473 100.767123
36654.480922 86.995689 100.767123
36580.163955 87.218294 100.767123
36567.418923 86.540573 100.767123
36525.659224 86.312616 100.767123
36448.093239 86.534908 100.767123
36371.708121 86.757670 100.767123
36256.304283 87.659093 100.767123
36237.012285 86.978417 100.767123
36163.037832 87.202285 100.767123
36133.839642 86.747004 100.767123
36091.290520 86.517801 100.767123
36031.994657 86.514934 100.767123
35955.952053 86.738959 100.767123
35866.558517 87.190736 100.767123
35807.409445 87.188415 100.767123
35795.300510 86.503416 100.767123
35675.858231 87.411694 100.767123
35644.787612 86.953396 100.767123
35601.497998 86.722747 100.767123
35542.593579 86.720030 100.767123
35440.142694 87.403095 100.767123
35409.267798 86.943271 100.767123
35382.969577 86.483076 100.767123
35342.188488 86.251300 100.767123
35218.609908 87.164990 100.767123
35190.194607 86.703630 100.767123
35148.428373 86.471347 100.767123
35042.924193 87.157887 100.767123
35014.655683 86.695368 100.767123
34956.240569 86.692605 100.767123
34914.670057 86.459539 100.767123
34839.557133 86.687065 100.767123
34781.288811 86.684288 100.767123
34692.873885 87.143573 100.767123
34649.235223 86.909896 100.767123
34591.113692 86.907299 100.767123
34533.041092 86.904697 100.767123
34507.476829 86.438684 100.767123
34432.706419 86.667528 100.767123
34359.116875 86.896865 100.767123
34261.040409 87.591854 100.767123
34259.075785 86.659084 100.767123
34171.101234 87.121829 100.767123
34143.566681 86.653431 100.767123
34055.689991 87.116952 100.767123
34028.253300 86.647759 100.767123
33955.006270 86.878435 100.767123
33913.135641 86.642068 100.767123
33825.454673 87.107149 100.767123
33768.018169 87.104687 100.767123
33684.962808 87.571337 100.767123
33596.002243 87.097278 100.767123
33513.093673 87.565114 100.767123
33455.901822 87.563032 100.767123
33438.958489 86.854417 100.767123
33367.332701 87.087340 100.767123
33310.287642 87.084845 100.767123
33239.891650 87.318463 100.767123
33170.676526 87.552571 100.767123
33126.046185 87.313855 100.767123
33112.792244 86.601682 100.767123
33040.328102 86.835479 100.767123
32969.044827 87.069785 100.767123
32898.942419 87.304593 100.767123
32870.220466 86.827293 100.767123
32785.684120 87.299938 100.767123
32729.128366 87.297605 100.767123
32660.353616 87.533513 100.767123
32629.563512 87.054567 100.767123
32573.154550 87.052016 100.767123
32447.083554 87.285876 100.767123
32390.821383 87.283518 100.767123
32334.608143 87.281156 100.767123
32278.443833 87.278790 100.767123
32250.260115 86.796911 100.767123
32153.994079 87.514155 100.767123
32110.244487 87.271667 100.767123
32054.275899 87.269284 100.767123
31986.088315 87.507635 100.767123
31930.217589 87.505454 100.767123
31886.663719 87.262111 100.767123
31818.622927 87.501081 100.767123
31762.898992 87.498889 100.767123
31747.423575 86.771618 100.767123
31651.597913 87.494492 100.767123
31621.688558 87.007954 100.767123
31580.692144 86.763098 100.767123
31557.672268 86.275733 100.767123
31485.446245 86.514861 100.767123
31386.469426 87.240364 100.767123
31359.068597 86.751668 100.767123
31303.785036 86.748798 100.767123
31208.350819 87.476751 100.767123
31165.433046 87.230588 100.767123
31138.227938 86.740157 100.767123
31083.140100 86.737266 100.767123
31028.101192 86.734370 100.767123
30973.111215 86.731470 100.767123
30933.833903 86.483886 100.767123
30848.746253 86.970667 100.767123
30808.434866 86.722736 100.767123
30739.108812 86.965264 100.767123
30684.363487 86.962556 100.767123
30629.667093 86.959843 100.767123
30549.351840 87.449663 100.767123
30550.616630 86.461874 100.767123
30496.067027 86.458707 100.767123
30441.566355 86.455534 100.767123
30371.450878 86.699218 100.767123
30332.711802 86.449172 100.767123
30262.694186 86.693286 100.767123
30240.848643 86.195395 100.767123
30186.592624 86.191972 100.767123
30132.385535 86.188543 100.767123
30061.431705 86.433166 100.767123
29991.658741 86.678361 100.767123
29953.262179 86.426723 100.767123
29916.046484 86.174767 100.767123
29862.084047 86.171307 100.767123
29791.374870 86.417015 100.767123
29721.846559 86.663301 100.767123
29683.694650 86.410513 100.767123
29629.927935 86.407254 100.767123
29520.346829 87.405565 100.767123
29492.345764 86.901722 100.767123
35164.718697 66.011659 100.767123
29399.686648 86.645049 100.767123
34830.473184 66.394642 100.767123
34777.000052 66.375399 100.767123
34950.728311 65.933704 100.767123
34670.200582 66.336823 100.767123
34616.874242 66.317490 100.767123
29094.951970 86.374330 100.767123
29058.519163 86.118650 100.767123
28944.948547 87.126238 100.767123
28952.208997 86.111519 100.767123
28866.667904 86.614180 100.767123
28829.298882 86.357641 100.767123
28732.719660 87.115635 100.767123
28601.993426 86.598532 100.767123
28549.205322 86.595385 100.767123
32912.928630 68.255608 100.767123
33816.206178 66.277674 100.767123
34102.595650 65.617063 100.767123
35003.890560 63.918326 100.767123
35201.138295 63.484627 100.767123
38195.178022 59.118127 100.767123
37992.368271 59.284318 100.767123
39333.998770 57.579356 100.767123
41282.977900 55.406239 100.767123
42112.672587 54.516865 100.767123
43156.168802 53.478030 100.767123
43857.103980 52.790917 100.767123
46790.513337 50.384587 100.767123
49754.717280 48.274418 100.767123
50605.214848 47.675863 100.767123
52888.824462 46.263730 100.767123
53317.574380 45.967142 100.767123
55484.875785 44.756565 100.767123
56963.427003 43.966912 100.767123
60367.299207 42.357114 100.767123
61974.989031 41.630554 100.767123
62485.483018 41.374648 100.767123
63571.814791 40.895975 100.767123
64095.989875 40.646287 100.767123
64334.017367 40.508781 100.767123
64573.225725 40.371784 100.767123
65106.603092 40.126178 100.767123
65055.185043 40.099312 100.767123
64710.827782 40.181506 100.767123
64952.495735 40.045516 100.767123
64025.655862 40.347211 100.767123
65144.122228 39.883099 100.767123
64505.840612 40.073672 100.767123
64454.716146 40.046660 100.767123
63821.060136 40.239065 100.767123
64060.757799 40.102024 100.767123
63719.055856 40.184863 100.767123
63668.127112 40.157729 100.767123
64492.815913 39.802379 100.767123
63276.824082 40.213778 100.767123
64391.203078 39.748114 100.767123
64929.842148 39.504746 100.767123
65175.542006 39.370255 100.767123
64533.270881 39.558247 100.767123
65970.264085 38.996945 100.767123
65619.947025 39.075643 100.767123
66472.193743 38.732502 100.767123
67334.676819 38.393759 100.767123
66978.846870 38.470058 100.767123
67848.219425 38.134278 100.767123
67490.223463 38.209600 100.767123
67747.683060 38.080113 100.767123
67389.784960 38.155348 100.767123
67339.639104 38.128192 100.767123
66070.048286 38.514920 100.767123
65117.265203 38.803003 100.767123
64471.102428 38.988257 100.767123
65017.316005 38.748223 100.767123
63779.615127 39.147860 100.767123
64025.014868 39.012846 100.767123
63679.959512 39.092777 100.767123
62751.240675 39.390524 100.767123
63286.379541 39.145524 100.767123
63236.722990 39.117885 100.767123
63187.115370 39.090225 100.767123
62844.568539 39.170895 100.767123
62795.058780 39.143170 100.767123
63627.958184 38.792001 100.767123
63874.930237 38.657514 100.767123
62939.811227 38.951596 100.767123
63776.253232 38.602091 100.767123
64323.151836 38.362402 100.767123
64573.715420 38.229474 100.767123
63926.120591 38.412624 100.767123
63877.002276 38.384840 100.767123
63530.417005 38.463158 100.767123
62889.760586 38.649001 100.767123
61093.047641 39.274187 100.767123
59618.802113 39.804539 100.767123
24456.760228 86.873408 100.767123
23861.824933 87.114062 100.767123
23621.126410 87.099383 100.767123
23573.133497 87.096429 100.767123
23537.457441 86.812873 100.767123
23238.553161 87.075584 100.767123
23190.951692 87.072581 100.767123
23183.598741 86.221375 100.767123
23186.482148 85.370087 100.767123
23088.640456 86.213601 100.767123
23110.681268 85.077955 100.767123
23083.515933 84.790234 100.767123
23057.531464 84.502181 100.767123
23032.727862 84.213811 100.767123
23009.105127 83.925137 100.767123
22938.356743 84.201880 100.767123
22965.402257 83.346937 100.767123
22918.339024 83.340078 100.767123
22845.473559 83.616458 100.767123
22824.359350 83.326319 100.767123
22703.285230 84.171836 100.767123
22730.575397 83.312503 100.767123
22657.905654 83.589980 100.767123
22586.416778 83.868341 100.767123
22590.266447 83.291672 100.767123
22517.743495 83.569978 100.767123
22496.971799 83.277713 100.767123
22450.397871 83.270711 100.767123
22403.872874 83.263695 100.767123
22331.545645 83.543113 100.767123
22285.118508 83.536362 100.767123
22264.591465 83.242560 100.767123
22218.262189 83.235486 100.767123
22014.794371 85.248200 100.767123
22152.733529 82.933711 100.767123
23205.421272 75.605449 100.767123
23275.510416 75.043510 100.767123
23739.594035 72.865734 100.767123
23559.224664 73.385265 100.767123
23647.571581 72.831395 100.767123
23740.495174 72.279644 100.767123
23765.734890 71.995612 100.767123
23648.766303 72.244169 100.767123
23819.756922 71.428485 100.767123
23557.233154 72.208556 100.767123
23582.668592 71.923460 100.767123
23832.858173 70.843669 100.767123
23711.606494 71.088994 100.767123
23818.504767 70.541729 100.767123
23620.562650 71.051197 100.767123
23650.770486 70.767179 100.767123
23455.190103 71.279391 100.767123
23336.446949 71.527798 100.767123
23291.145215 71.509193 100.767123
23173.631858 71.759058 100.767123
23057.299368 72.010187 100.767123
23012.144425 71.991941 100.767123
22693.843310 73.062068 100.767123
22648.786228 73.044719 100.767123
22473.972144 73.577352 100.767123
22242.793546 74.392069 100.767123
22021.851306 75.215108 100.767123
22034.535326 74.918934 100.767123
260605.075346 16.287431 100.767123
260560.311848 16.270579 100.767123
259043.314833 16.301132 100.767123
258264.205876 16.308014 100.767123
258219.589169 16.291087 100.767123
21241.878042 77.679633 100.767123
21197.359196 77.666498 100.767123
21298.358948 76.787729 100.767123
21253.937963 76.773679 100.767123
21159.944083 77.048044 100.767123
21430.330959 75.312335 100.767123
21386.056765 75.296797 100.767123
21514.467643 74.428519 100.767123
21530.100564 74.129143 100.767123
21485.973162 74.112423 100.767123
21564.909005 73.531082 100.767123
21648.421525 72.951926 100.767123
21736.510720 72.375061 100.767123
21692.579040 72.356638 100.767123
21855.290522 71.504673 100.767123
21672.595279 72.040712 100.767123
21911.060984 70.913937 100.767123
21940.717516 70.619149 100.767123
22047.211276 70.051418 100.767123
22003.573179 70.030805 100.767123
22036.772311 69.737279 100.767123
21916.443777 69.989457 100.767123
22027.661005 69.423001 100.767123
21984.218630 69.401758 100.767123
22019.877357 69.108603 100.767123
22220.480974 68.276678 100.767123
22431.320949 67.452418 100.767123
22563.157684 66.899485 100.767123
22791.074565 66.088288 100.767123
22840.561181 65.803521 100.767123
22797.461320 65.779193 100.767123
22943.077012 65.235868 100.767123
23093.269381 64.696035 100.767123
23450.288286 63.653079 100.767123
23407.384147 63.627083 100.767123
23571.306543 63.098077 100.767123
23739.805616 62.572789 100.767123
23697.048268 62.545973 100.767123
23761.690431 62.271032 100.767123
24047.874302 61.506007 100.767123
24230.152333 60.991798 100.767123
24074.580446 61.206743 100.767123
24259.220211 60.693964 100.767123
24448.436651 60.185120 100.767123
24642.229768 59.680247 100.767123
24481.193921 59.889139 100.767123
24677.348771 59.385786 100.767123
25125.607611 58.420832 100.767123
25208.850061 58.159992 100.767123
25549.856182 57.443135 100.767123
25637.724238 57.186115 100.767123
25859.026341 56.705354 100.767123
25950.388067 56.451159 100.767123
25908.413608 56.420389 100.767123
26411.347906 55.505977 100.767123
26369.471308 55.474723 100.767123
26466.688438 55.225212 100.767123
26285.864903 55.412065 100.767123
26664.665299 54.728956 100.767123
27199.538468 53.844017 100.767123
27157.906522 53.811933 100.767123
27263.291859 53.569193 100.767123
27669.454449 52.911715 100.767123
27328.372909 53.295018 100.767123
27890.657203 52.435211 100.767123
27696.641876 52.607684 100.767123
28429.763047 51.559816 100.767123
29355.178954 50.344894 100.767123
29313.938453 50.311490 100.767123
29272.746882 50.278040 100.767123
29396.683575 50.051268 100.767123
29521.801136 49.825455 100.767123
29314.545086 49.984050 100.767123
29607.103714 49.566846 100.767123
29904.239018 49.153777 100.767123
30378.953886 48.558904 100.767123
30512.239653 48.339964 100.767123
30297.304702 48.490751 100.767123
31138.546992 47.542444 100.767123
31277.639233 47.328421 100.767123
30700.998188 47.836385 100.767123
31559.366315 46.903236 100.767123
31155.826019 47.225181 100.767123
31845.816864 46.481861 100.767123
31990.813439 46.272601 100.767123
32324.708942 45.891644 100.767123
32096.631129 46.029582 100.767123
32622.870299 45.479861 100.767123
32965.968084 45.106712 100.767123
32542.395448 45.410195 100.767123
33469.120130 44.536817 100.767123
33823.684070 44.173317 100.767123
33783.617902 44.138346 100.767123
34344.108745 43.617710 100.767123
34914.835946 43.105578 100.767123
34874.916569 43.070541 100.767123
35040.875165 42.878319 100.767123
35416.107542 42.531717 100.767123
35585.559808 42.342245 100.767123
35967.681665 42.001142 100.767123
