125488.483060 56.581021 31.726027
125396.012304 56.567082 31.726027
125303.590480 56.553133 31.726027
125505.337663 56.437668 31.726027
125118.893621 56.525205 31.726027
125615.990680 56.308368 31.726027
124641.404344 56.599043 31.726027
124257.370966 56.687132 31.726027
125339.459163 56.266242 31.726027
125247.379852 56.252179 31.726027
124860.097457 56.339519 31.726027
125063.368021 56.224023 31.726027
125267.819452 56.108715 31.726027
124879.551912 56.195825 31.726027
124492.465240 56.283206 31.726027
124400.679511 56.269102 31.726027
124014.822636 56.356766 31.726027
124217.254847 56.240863 31.726027
124420.867924 56.125149 31.726027
124625.661869 56.009625 31.726027
123942.484829 56.198425 31.726027
123556.872606 56.286140 31.726027
123759.549469 56.170081 31.726027
123374.035107 56.257817 31.726027
123872.061846 56.039993 31.726027
123780.765423 56.025764 31.726027
123689.517931 56.011524 31.726027
123894.703319 55.895753 31.726027
123507.169737 55.983013 31.726027
123416.069036 55.968742 31.726027
123325.017266 55.954460 31.726027
123234.014426 55.940167 31.726027
123143.060517 55.925864 31.726027
123052.155538 55.911551 31.726027
122961.299490 55.897227 31.726027
123166.876323 55.781210 31.726027
122779.734185 55.868547 31.726027
122985.408879 55.752468 31.726027
122894.748553 55.738081 31.726027
122804.137157 55.723684 31.726027
123011.090579 55.607739 31.726027
122623.061157 55.694857 31.726027
122830.112440 55.578851 31.726027
122442.180880 55.665988 31.726027
121466.058094 55.957872 31.726027
122261.496324 55.637077 31.726027
121579.591477 55.826661 31.726027
121489.371526 55.812219 31.726027
121399.200505 55.797766 31.726027
121900.714379 55.579125 31.726027
120631.897035 55.974042 31.726027
120834.860947 55.856846 31.726027
121334.257740 55.637573 31.726027
120949.079358 55.725341 31.726027
121154.453934 55.608509 31.726027
121064.625427 55.593960 31.726027
121271.229801 55.477296 31.726027
121181.499154 55.462706 31.726027
121091.817439 55.448105 31.726027
121002.184653 55.433493 31.726027
120912.600799 55.418871 31.726027
120823.065874 55.404237 31.726027
120733.579881 55.389593 31.726027
120644.142818 55.374938 31.726027
120852.270572 55.258259 31.726027
120169.031532 55.447880 31.726027
120673.641098 55.228855 31.726027
119990.499919 55.418533 31.726027
119901.307509 55.403844 31.726027
120108.547979 55.286779 31.726027
120019.453430 55.272048 31.726027
119634.023860 55.359709 31.726027
119545.027172 55.344976 31.726027
119456.079414 55.330231 31.726027
119367.180586 55.315476 31.726027
118983.078675 55.403447 31.726027
119189.529723 55.285932 31.726027
119100.777687 55.271144 31.726027
118716.822567 55.359142 31.726027
118923.420407 55.241534 31.726027
118834.815162 55.226713 31.726027
118746.258849 55.211880 31.726027
118362.499451 55.299914 31.726027
117979.920920 55.388233 31.726027
123988.980862 53.358387 31.726027
118097.270884 55.255376 31.726027
118304.211237 55.137552 31.726027
124358.695425 53.116734 31.726027
124270.481625 53.101476 31.726027
124182.316755 53.086207 31.726027
123459.551270 53.267056 31.726027
117568.134875 55.166001 31.726027
116893.008577 55.357994 31.726027
116513.183225 55.446962 31.726027
115844.946406 55.640635 31.726027
115468.614724 55.730466 31.726027
123248.641981 53.077050 31.726027
124117.936588 52.768333 31.726027
123710.057479 52.850491 31.726027
123622.381915 52.835099 31.726027
123215.732603 52.917532 31.726027
123128.154900 52.902132 31.726027
123359.648804 52.788855 31.726027
122953.146284 52.871300 31.726027
123184.738050 52.757972 31.726027
122778.333391 52.840424 31.726027
121740.723926 53.120273 31.726027
122285.825479 52.907698 31.726027
122198.590289 52.892237 31.726027
121794.645225 52.975244 31.726027
122342.157442 52.763041 31.726027
121620.419498 52.944296 31.726027
121850.138835 52.830280 31.726027
121446.389493 52.913303 31.726027
121043.821018 52.996603 31.726027
120956.928341 52.981094 31.726027
120870.084596 52.965574 31.726027
121733.566195 52.654242 31.726027
121328.929570 52.737012 31.726027
121560.123357 52.623056 31.726027
121473.475333 52.607447 31.726027
121386.876240 52.591826 31.726027
120982.435336 52.674611 31.726027
121213.824846 52.560552 31.726027
120177.096129 52.841012 31.726027
120406.319627 52.726412 31.726027
113057.334774 55.159268 31.726027
120550.418482 52.596358 31.726027
120147.403097 52.679438 31.726027
120377.954253 52.564979 31.726027
119975.036730 52.648065 31.726027
119258.805141 52.830760 31.726027
120119.624890 52.517825 31.726027
120033.612963 52.502084 31.726027
119630.891162 52.585184 31.726027
119861.735901 52.470570 31.726027
119459.111961 52.553676 31.726027
119057.668887 52.637063 31.726027
119287.528482 52.522123 31.726027
118886.183270 52.605517 31.726027
119432.899530 52.391585 31.726027
118714.893374 52.573924 31.726027
118944.948690 52.458880 31.726027
117915.941272 52.741572 31.726027
117830.467581 52.725766 31.726027
74612.345513 88.052660 31.726027
74501.301895 88.367204 31.726027
117262.109031 52.778381 31.726027
74976.976086 84.428382 31.726027
74932.313383 84.268482 31.726027
74806.566940 84.422020 31.726027
74803.700369 84.105125 31.726027
74718.618122 84.101758 31.726027
73930.708928 88.043700 31.726027
74548.600420 84.095012 31.726027
74303.663497 84.720805 31.726027
74337.080168 84.245504 31.726027
74252.242574 84.242206 31.726027
74167.453910 84.238905 31.726027
74124.412448 84.078080 31.726027
73998.023374 84.232291 31.726027
73955.079773 84.071280 31.726027
73828.788560 84.225662 31.726027
73744.244549 84.222342 31.726027
73619.183133 84.377073 31.726027
73617.001589 84.057633 31.726027
73450.339763 84.370593 31.726027
73448.256080 84.050786 31.726027
73322.258450 84.205683 31.726027
73279.706294 84.043923 31.726027
73238.335004 83.882071 31.726027
73069.653958 84.195641 31.726027
72985.550321 84.192287 31.726027
72901.495615 84.188928 31.726027
72859.188111 84.026697 31.726027
72775.231266 84.023240 31.726027
72691.323352 84.019779 31.726027
72607.464368 84.016314 31.726027
72481.956043 84.172076 31.726027
72439.893191 84.009372 31.726027
72399.011207 83.846574 31.726027
72315.347945 83.843002 31.726027
72231.733613 83.839426 31.726027
72105.338005 83.995439 31.726027
72021.821535 83.991946 31.726027
71981.184203 83.828672 31.726027
71813.237114 84.144910 31.726027
71483.274136 84.455410 31.726027
71521.750254 83.970901 31.726027
71481.406505 83.807051 31.726027
71442.243623 83.643109 31.726027
71230.676904 84.120932 31.726027
71189.348010 83.956790 31.726027
71064.671504 84.114045 31.726027
70941.175865 84.271576 31.726027
70940.560098 83.946163 31.726027
70944.521007 83.620757 31.726027
70861.738494 83.617017 31.726027
70650.514289 84.096757 31.726027
70741.414341 83.448467 31.726027
70569.722396 83.767019 31.726027
70402.607126 84.086336 31.726027
70361.767538 83.921221 31.726027
70366.070960 83.594481 31.726027
70328.725042 83.429188 31.726027
69398.171801 88.144517 31.726027
70074.935611 83.744965 31.726027
69949.812196 83.903280 31.726027
69954.360271 83.575580 31.726027
69872.164925 83.571786 31.726027
69835.112589 83.405904 31.726027
69753.015104 83.402008 31.726027
69625.872469 83.560379 31.726027
69543.872845 83.556567 31.726027
69507.016232 83.390290 31.726027
69471.340485 83.223926 31.726027
69254.205411 83.707861 31.726027
69129.571302 83.867079 31.726027
69179.702762 83.374602 31.726027
69008.940497 83.696644 31.726027
68181.577300 87.962858 31.726027
68802.844998 83.852478 31.726027
68721.285749 83.848817 31.726027
68771.661862 83.354888 31.726027
68645.106393 83.514343 31.726027
68519.731791 83.674091 31.726027
68438.368264 83.670316 31.726027
68446.109891 83.339032 31.726027
68319.750144 83.498852 31.726027
68283.627489 83.331076 31.726027
68248.685700 83.163213 31.726027
68167.566825 83.159127 31.726027
68040.270864 83.319106 31.726027
68005.475867 83.150940 31.726027
67878.277767 83.311103 31.726027
67843.580631 83.142734 31.726027
67762.706409 83.138623 31.726027
67635.655101 83.299061 31.726027
67465.822515 83.624669 31.726027
67474.151309 83.291010 31.726027
67304.416584 83.616997 31.726027
67267.749158 83.447992 31.726027
67278.488617 83.113857 31.726027
67151.730891 83.274848 31.726027
67117.474130 83.105562 31.726027
67084.398235 82.936191 31.726027
66956.655365 83.097247 31.726027
66830.093362 83.258610 31.726027
66796.032323 83.088912 31.726027
66811.642040 82.753641 31.726027
66635.605002 83.080557 31.726027
66555.464738 83.076372 31.726027
66522.731357 82.906280 31.726027
66491.178843 82.736106 31.726027
66411.185370 82.731709 31.726027
66282.750938 82.893384 31.726027
66202.855327 82.889075 31.726027
66221.120360 82.552334 31.726027
66141.322610 82.547818 31.726027
66011.951964 82.709644 31.726027
65883.762184 82.871787 31.726027
65852.601115 82.700781 31.726027
65822.620912 82.529696 31.726027
65597.598145 83.025756 31.726027
65663.563646 82.520602 31.726027
65534.486583 82.682990 31.726027
65555.455864 82.344571 31.726027
65375.722900 82.674062 31.726027
65296.414454 82.669590 31.726027
65217.154939 82.665112 31.726027
65137.944355 82.660629 31.726027
65108.404526 82.488599 31.726027
64931.180088 82.819416 31.726027
64950.228010 82.479405 31.726027
64821.591322 82.642643 31.726027
64742.625390 82.638132 31.726027
64815.969675 82.129878 31.726027
64634.462143 82.460951 31.726027
64606.396765 82.288208 31.726027
64427.250967 82.620036 31.726027
64448.905276 82.278734 31.726027
64370.232927 82.273988 31.726027
64240.855746 82.437755 31.726027
64112.659433 82.601851 31.726027
64134.509463 82.259716 31.726027
64107.918535 82.086259 31.726027
64082.508474 81.912732 31.726027
63951.112073 82.076501 31.726027
63820.896539 82.240605 31.726027
63642.240047 82.574406 31.726027
63564.008072 82.569812 31.726027
63535.446855 82.395644 31.726027
63559.952202 82.052000 31.726027
63379.227559 82.386222 31.726027
63403.830767 82.042157 31.726027
63378.861081 81.867660 31.726027
63300.922690 81.862621 31.726027
63223.033229 81.857576 31.726027
63145.192699 81.852525 31.726027
63014.383465 82.017444 31.726027
62989.658431 81.842404 31.726027
62911.964692 81.837334 31.726027
62729.416551 82.172970 31.726027
62756.724007 81.827176 31.726027
62626.159425 81.992578 31.726027
62548.661409 81.987587 31.726027
62524.229958 81.811890 31.726027
62500.979373 81.636127 31.726027
62423.628149 81.630910 31.726027
62292.176283 81.796548 31.726027
62269.072491 81.620455 31.726027
62137.718486 81.786288 31.726027
62060.562983 81.781149 31.726027
61983.456411 81.776003 31.726027
61906.398769 81.770851 31.726027
61938.821137 81.422870 31.726027
61806.579849 81.588936 31.726027
61675.519427 81.755356 31.726027
61598.657508 81.750178 31.726027
61468.826884 81.917049 31.726027
61554.511539 81.395934 31.726027
61477.796411 81.390526 31.726027
61345.848706 81.557180 31.726027
61269.231439 81.551864 31.726027
61247.944610 81.374264 31.726027
61116.143696 81.541212 31.726027
61094.954728 81.363388 31.726027
60856.084470 81.876185 31.726027
60942.160569 81.352485 31.726027
60810.555377 81.519829 31.726027
60789.562132 81.341555 31.726027
60658.054801 81.509097 31.726027
60637.159416 81.330597 31.726027
60561.031455 81.325108 31.726027
60484.952423 81.319612 31.726027
60299.491244 81.661153 31.726027
60277.659645 81.482149 31.726027
60257.008912 81.303082 31.726027
60125.844096 81.471322 31.726027
59890.956812 81.988451 31.726027
59815.171364 81.983344 31.726027
59844.338180 81.629275 31.726027
59822.800164 81.449586 31.726027
59588.108603 81.967984 31.726027
59726.853289 81.264268 31.726027
59596.030986 81.433212 31.726027
59575.820628 81.253115 31.726027
59556.791137 81.072960 31.726027
59369.702182 81.416775 31.726027
59294.357108 81.411283 31.726027
59274.342473 81.230725 31.726027
59199.095260 81.225109 31.726027
59123.896978 81.219487 31.726027
59048.747627 81.213857 31.726027
58973.647206 81.208220 31.726027
58898.595716 81.202576 31.726027
58823.593156 81.196925 31.726027
58748.639526 81.191266 31.726027
58673.734828 81.185601 31.726027
58543.597552 81.355968 31.726027
58524.072222 81.174247 31.726027
58449.314314 81.168560 31.726027
58431.018781 80.986663 31.726027
58299.945291 81.157163 31.726027
58281.747619 80.975032 31.726027
58095.490483 81.322439 31.726027
58076.258736 81.140013 31.726027
57946.512904 81.311205 31.726027
57927.379018 81.128543 31.726027
57638.678143 81.832373 31.726027
57778.695022 81.117044 31.726027
57649.144912 81.288651 31.726027
57630.206748 81.105515 31.726027
57556.036007 81.099739 31.726027
57481.914197 81.093956 31.726027
57298.410238 81.443965 31.726027
57333.817367 81.082367 31.726027
57316.255792 80.898696 31.726027
57130.634752 81.248900 31.726027
57225.997926 80.708926 31.726027
56982.929367 81.237476 31.726027
57078.390402 80.696814 31.726027
56947.114655 80.868994 31.726027
56873.433219 80.863031 31.726027
56743.387270 81.035712 31.726027
56726.217139 80.851080 31.726027
56596.269051 81.023972 31.726027
56467.501830 81.197259 31.726027
56394.065046 81.191484 31.726027
56432.372145 80.827087 31.726027
56359.033223 80.821069 31.726027
56343.288612 80.635779 31.726027
56156.088726 80.988570 31.726027
56082.896596 80.982642 31.726027
56009.753395 80.976707 31.726027
55993.072570 80.790862 31.726027
55977.572611 80.604963 31.726027
55963.253519 80.419015 31.726027
55831.628724 80.592580 31.726027
55817.407493 80.406388 31.726027
55685.880560 80.580165 31.726027
55555.534493 80.754352 31.726027
55540.328117 80.567718 31.726027
55526.302608 80.381034 31.726027
55394.971397 80.555238 31.726027
55264.821052 80.729852 31.726027
55249.810399 80.542724 31.726027
55177.303295 80.536456 31.726027
55104.845122 80.530179 31.726027
55032.435880 80.523893 31.726027
54846.116744 80.880681 31.726027
54887.764187 80.511298 31.726027
54815.501736 80.504988 31.726027
54685.742836 80.680465 31.726027
54671.123626 80.492342 31.726027
54541.462587 80.668036 31.726027
54585.618555 80.297711 31.726027
54397.378060 80.655575 31.726027
54382.954572 80.466951 31.726027
54197.075811 80.825770 31.726027
54239.163629 80.454205 31.726027
54167.341552 80.447819 31.726027
54095.568407 80.441425 31.726027
54023.844192 80.435023 31.726027
53952.168907 80.428611 31.726027
53939.219870 80.239184 31.726027
53808.965130 80.415764 31.726027
53796.113953 80.226082 31.726027
53551.998250 80.770200 31.726027
53594.526442 80.396428 31.726027
53581.822058 80.206365 31.726027
53510.489287 80.199775 31.726027
53439.205446 80.193176 31.726027
53367.970536 80.186569 31.726027
53296.784557 80.179952 31.726027
53225.647508 80.173327 31.726027
53154.559390 80.166693 31.726027
53083.520202 80.160050 31.726027
53072.339198 79.969050 31.726027
53001.397871 79.962269 31.726027
52812.018905 80.324863 31.726027
52799.852756 80.133389 31.726027
52612.835524 80.496978 31.726027
52658.312616 80.120005 31.726027
52471.393245 80.484059 31.726027
52516.968199 80.106585 31.726027
52387.692069 80.285381 31.726027
52435.628756 79.907698 31.726027
52365.127804 79.900835 31.726027
52234.866529 80.079636 31.726027
52224.272691 79.887082 31.726027
52035.431961 80.252234 31.726027
52083.613301 79.873292 31.726027
52013.357001 79.866383 31.726027
51943.149632 79.859464 31.726027
51872.991194 79.852536 31.726027
51863.822875 79.659292 31.726027
51793.762298 79.652223 31.726027
51723.750651 79.645145 31.726027
51653.787935 79.638057 31.726027
51522.932959 79.817756 31.726027
51453.068104 79.810772 31.726027
51444.193369 79.616737 31.726027
51194.998615 80.171761 31.726027
51366.781436 79.415412 31.726027
51174.097988 79.782740 31.726027
51044.668532 79.963463 31.726027
51034.906513 79.768666 31.726027
50905.574918 79.949619 31.726027
50895.910760 79.754554 31.726027
50887.427469 79.559455 31.726027
50818.051919 79.552251 31.726027
50748.725299 79.545037 31.726027
50618.506421 79.726215 31.726027
50373.245712 80.286020 31.726027
50480.097834 79.711987 31.726027
50410.966937 79.704858 31.726027
50282.075717 79.886847 31.726027
50272.851933 79.690571 31.726027
50203.867827 79.683413 31.726027
50075.123399 79.865750 31.726027
49890.014457 80.238631 31.726027
50058.150282 79.472352 31.726027
49989.361898 79.465028 31.726027
49982.695570 79.268148 31.726027
49851.931922 79.450351 31.726027
49722.349140 79.633030 31.726027
49653.756478 79.625793 31.726027
49352.767353 80.381973 31.726027
49516.717946 79.611288 31.726027
49388.462823 79.794795 31.726027
49320.065883 79.787645 31.726027
49311.527127 79.589456 31.726027
49183.418795 79.773316 31.726027
49174.977900 79.574851 31.726027
49167.717872 79.376354 31.726027
49099.565585 79.368897 31.726027
47446.529476 87.557735 31.726027
48902.466613 79.545518 31.726027
48715.974548 79.922252 31.726027
48706.695299 79.722849 31.726027
48698.596918 79.523411 31.726027
48630.738214 79.516021 31.726027
48562.928440 79.508622 31.726027
48495.167597 79.501211 31.726027
48427.455685 79.493791 31.726027
48359.792703 79.486360 31.726027
48292.178651 79.478919 31.726027
48285.554720 79.278609 31.726027
48218.038529 79.271017 31.726027
48150.571269 79.263414 31.726027
48145.226066 79.062798 31.726027
47954.842352 79.441555 31.726027
48010.536199 79.047277 31.726027
47820.250346 79.426536 31.726027
47753.027739 79.419011 31.726027
47746.795251 79.217570 31.726027
47618.729316 79.403929 31.726027
47551.653500 79.396371 31.726027
47424.817362 79.583351 31.726027
47417.648660 79.381225 31.726027
47411.660825 79.179071 31.726027
47283.839542 79.366036 31.726027
47277.949569 79.163595 31.726027
47150.226147 79.350804 31.726027
47144.434034 79.148075 31.726027
47016.808473 79.335528 31.726027
46950.173032 79.327874 31.726027
46944.527711 79.124713 31.726027
46877.990131 79.116904 31.726027
49166.087565 73.372685 31.726027
49795.637023 72.065479 31.726027
49626.423400 72.237181 31.726027
49357.831683 72.594414 31.726027
46546.036189 79.077690 31.726027
47299.377499 76.733982 31.726027
47385.627093 76.339072 31.726027
47242.692659 76.522037 31.726027
47100.939092 76.705555 31.726027
46094.555067 79.432408 31.726027
46088.364976 79.227376 31.726027
46022.414562 79.219568 31.726027
45896.703826 79.409393 31.726027
45830.851274 79.401699 31.726027
45824.856904 79.196076 31.726027
45759.102213 79.188223 31.726027
45517.364502 79.775704 31.726027
45567.930368 79.370813 31.726027
45562.131721 79.164596 31.726027
45496.572751 79.156697 31.726027
45492.003901 78.950308 31.726027
45426.542793 78.942249 31.726027
45361.130615 78.934178 31.726027
45234.826178 79.124990 31.726027
45109.702608 79.316332 31.726027
45044.437222 79.308504 31.726027
45039.030019 79.101088 31.726027
44973.862493 79.093098 31.726027
44908.743898 79.085097 31.726027
44783.864981 79.277078 31.726027
44546.208106 79.871171 31.726027
44713.681697 79.061022 31.726027
44588.949571 79.253388 31.726027
44465.398312 79.446291 31.726027
44459.250617 79.237538 31.726027
44278.251839 79.632069 31.726027
44389.556638 79.020663 31.726027
44265.069165 79.213675 31.726027
44260.249128 79.004437 31.726027
44256.609958 78.795178 31.726027
44192.078529 78.786894 31.726027
44066.654842 78.980008 31.726027
43942.412021 79.173670 31.726027
43937.836637 78.963663 31.726027
43873.500930 78.955473 31.726027
43749.404901 79.149527 31.726027
43626.489739 79.344129 31.726027
43680.787394 78.930829 31.726027
43556.838156 79.125276 31.726027
43434.069786 79.320275 31.726027
43428.704979 79.109050 31.726027
43364.711786 79.100919 31.726027
43360.576776 78.889514 31.726027
43236.872191 79.084620 31.726027
43114.348473 79.280283 31.726027
43109.228319 79.068274 31.726027
43105.289032 78.856242 31.726027
42923.102852 79.256145 31.726027
42745.493349 79.657727 31.726027
42795.850424 79.239993 31.726027
42732.297606 79.231900 31.726027
42499.553386 79.840004 31.726027
42547.793381 79.420954 31.726027
42541.932734 79.207546 31.726027
42364.616814 79.610826 31.726027
42301.308648 79.602969 31.726027
42238.049413 79.595099 31.726027
42347.475249 78.969169 31.726027
42225.636558 79.166713 31.726027
42162.524115 79.158510 31.726027
41985.501778 79.563503 31.726027
41922.487195 79.555574 31.726027
41973.480367 79.133827 31.726027
41910.563646 79.125574 31.726027
41733.737030 79.531717 31.726027
41784.876994 79.109032 31.726027
41664.561684 79.308105 31.726027
41545.427240 79.507751 31.726027
41596.713996 79.084126 31.726027
41420.132033 79.491713 31.726027
41471.516649 79.067459 31.726027
41295.032548 79.475627 31.726027
41288.969645 79.259010 31.726027
41170.128785 79.459492 31.726027
41164.163743 79.242546 31.726027
40935.989665 79.862185 31.726027
40983.140119 79.435198 31.726027
40865.626917 79.636682 31.726027
40858.725661 79.418941 31.726027
40741.310320 79.620708 31.726027
40679.225417 79.612702 31.726027
40617.189445 79.604685 31.726027
40555.202404 79.596655 31.726027
40493.264292 79.588613 31.726027
40324.207906 80.002788 31.726027
40262.367656 79.995034 31.726027
40307.743542 79.564413 31.726027
40246.001153 79.556321 31.726027
40184.307695 79.548217 31.726027
40015.495960 79.963901 31.726027
40006.917998 79.743888 31.726027
39892.353696 79.948262 31.726027
39778.970261 80.153221 31.726027
39568.655978 80.786029 31.726027
39555.745992 80.564882 31.726027
39544.016873 80.343667 31.726027
39533.468620 80.122389 31.726027
39421.461774 80.328524 31.726027
39310.635795 80.535243 31.726027
39299.102398 80.313335 31.726027
39139.884391 80.735256 31.726027
39176.938744 80.298098 31.726027
38835.178403 81.584146 31.726027
39054.970812 80.282814 31.726027
38994.060242 80.275154 31.726027
38883.576776 80.482929 31.726027
38872.385893 80.259798 31.726027
38862.375877 80.036606 31.726027
38801.661028 80.028734 31.726027
38640.619523 80.452777 31.726027
38732.263822 79.797253 31.726027
38619.810067 80.005045 31.726027
38611.176640 79.781096 31.726027
38550.706444 79.772998 31.726027
38543.302814 79.548826 31.726027
38327.273384 80.190097 31.726027
38266.949980 80.182291 31.726027
38108.563791 80.609609 31.726027
38197.203726 79.949335 31.726027
38036.651525 80.376562 31.726027
38076.899431 79.933305 31.726027
37916.445092 80.361174 31.726027
37906.037097 80.135199 31.726027
37948.695667 79.691318 31.726027
37736.502421 80.338001 31.726027
37676.619392 80.330252 31.726027
37666.407119 80.103554 31.726027
37557.000125 80.314717 31.726027
37649.525173 79.649992 31.726027
37437.576580 80.299132 31.726027
37377.938203 80.291321 31.726027
37367.970582 80.063715 31.726027
37308.430067 80.055709 31.726027
37150.826766 80.488228 31.726027
36227.956646 86.297476 31.726027
36168.562921 86.294433 31.726027
37021.135483 80.244193 31.726027
37011.461446 80.015486 31.726027
36806.744845 80.671218 31.726027
36656.226746 81.107952 31.726027
36597.077675 81.100711 31.726027
35734.909441 87.413835 31.726027
36392.133971 81.532642 31.726027
36375.961899 81.302185 31.726027
36317.008550 81.295073 31.726027
36302.066275 81.064328 31.726027
36381.888837 80.387293 31.726027
36140.442085 81.273669 31.726027
36170.740682 80.818479 31.726027
35980.145553 81.483945 31.726027
36053.372218 80.803417 31.726027
35994.761383 80.795868 31.726027
35847.143253 81.237763 31.726027
35832.592422 81.005500 31.726027
35774.128378 80.998092 31.726027
35760.807345 80.765546 31.726027
35748.667178 80.532918 31.726027
35644.123909 80.750312 31.726027
35540.761506 80.968340 31.726027
35527.636195 80.735027 31.726027
35380.409509 81.179700 31.726027
35366.250123 80.945897 31.726027
35264.215379 81.165064 31.726027
35206.191709 81.157728 31.726027
35192.179114 80.923344 31.726027
35134.253306 80.915802 31.726027
34989.584076 81.363332 31.726027
35018.548480 80.900679 31.726027
34916.807319 81.120867 31.726027
34903.039377 80.885507 31.726027
34890.452301 80.650057 31.726027
34743.763851 81.098604 31.726027
34686.180557 81.091159 31.726027
34672.608336 80.855011 31.726027
34571.160758 81.076230 31.726027
34470.894047 81.298095 31.726027
34456.336682 81.061252 31.726027
34442.960184 80.824312 31.726027
34430.764553 80.587284 31.726027
34241.637339 81.268786 31.726027
34316.331921 80.571460 31.726027
34214.094920 80.793408 31.726027
34157.000930 80.785650 31.726027
34055.993727 81.008433 31.726027
33998.997598 81.000837 31.726027
33986.012544 80.762297 31.726027
33929.114277 80.754487 31.726027
33872.264940 80.746663 31.726027
33686.973910 81.434205 31.726027
33758.713057 80.730977 31.726027
33702.010512 80.723114 31.726027
33516.866273 81.412332 31.726027
33588.752212 80.707348 31.726027
33445.404106 81.164644 31.726027
33475.689635 80.691530 31.726027
33419.231742 80.683600 31.726027
33318.860635 80.908680 31.726027
33351.556828 80.434798 31.726027
33295.245726 80.426637 31.726027
33193.889475 80.651748 31.726027
33093.714091 80.877544 31.726027
33081.511925 80.635741 31.726027
32981.434402 80.861896 31.726027
32969.330097 80.619679 31.726027
32826.520227 81.081073 31.726027
32770.551639 81.073398 31.726027
32801.424334 80.595484 31.726027
32658.761255 81.058008 31.726027
32602.939459 81.050293 31.726027
32633.958945 80.571165 31.726027
32534.272866 80.798770 31.726027
32435.767654 81.027070 31.726027
32380.141580 81.019302 31.726027
32164.562969 81.961127 31.726027
32269.036223 81.003727 31.726027
32131.292334 81.470931 31.726027
32200.956796 80.750856 31.726027
32145.575375 80.742822 31.726027
32047.412676 80.972414 31.726027
32034.959323 80.726712 31.726027
32023.686837 80.480919 31.726027
31881.708786 80.948788 31.726027
31869.402225 80.702444 31.726027
31729.785907 81.171929 31.726027
31759.275479 80.686194 31.726027
31704.285501 80.678049 31.726027
31649.344454 80.669889 31.726027
31469.357524 81.381020 31.726027
31539.609152 80.653527 31.726027
31400.286418 81.125359 31.726027
31474.031716 80.397379 31.726027
31332.542970 80.869140 31.726027
31320.725714 80.620631 31.726027
31310.089325 80.372033 31.726027
31168.747371 80.844973 31.726027
31157.076906 80.595808 31.726027
31102.625165 80.587505 31.726027
31005.392146 80.820680 31.726027
30909.339994 81.054583 31.726027
30939.563523 80.562508 31.726027
30842.477296 80.796258 31.726027
30831.100414 80.545770 31.726027
30776.942256 80.537379 31.726027
30680.002820 80.771708 31.726027
30625.942523 80.763495 31.726027
30530.232885 80.998756 31.726027
30357.967252 81.723758 31.726027
30464.055214 80.738771 31.726027
30410.190638 80.730500 31.726027
30314.676722 80.966544 31.726027
30302.608279 80.713915 31.726027
30207.192224 80.950352 31.726027
30195.221642 80.697271 31.726027
30099.903448 80.934102 31.726027
30088.030727 80.680567 31.726027
29874.507198 81.656586 31.726027
29264.759793 87.141997 31.726027
29885.913062 80.901428 31.726027
29832.537791 80.893223 31.726027
29738.645117 81.131801 31.726027
29767.632314 80.630098 31.726027
29757.234043 80.375098 31.726027
29619.526016 80.860256 31.726027
29650.923877 80.357694 31.726027
29641.804334 80.102151 31.726027
29588.771578 80.093195 31.726027
29448.995400 80.579084 31.726027
29719.642622 78.843687 31.726027
30045.803655 77.125616 31.726027
30297.672567 75.906999 31.726027
30791.274668 73.988206 31.726027
31038.897070 73.033451 31.726027
31304.679383 72.086559 31.726027
31763.704996 70.690178 31.726027
32263.529249 69.314708 31.726027
32502.475255 68.626103 31.726027
32449.980734 68.607971 31.726027
32802.034863 67.703489 31.726027
32853.592974 67.464702 31.726027
33448.744532 66.139680 31.726027
34203.364673 64.627857 31.726027
34391.850501 64.187125 31.726027
35347.869799 62.515022 31.726027
35559.092215 62.087518 31.726027
36047.321220 61.262923 31.726027
36696.150743 60.253880 31.726027
37225.227318 59.454925 31.726027
37772.463805 58.667437 31.726027
37873.184484 58.454302 31.726027
38443.157559 57.680950 31.726027
39689.344008 56.193978 31.726027
39973.401794 55.810753 31.726027
40606.910096 55.077989 31.726027
41437.240880 54.184648 31.726027
42295.919004 53.309326 31.726027
42060.031911 53.451752 31.726027
43131.428556 52.425583 31.726027
43656.698995 51.908912 31.726027
44589.148703 51.079422 31.726027
45141.683476 50.579394 31.726027
46328.733351 49.624701 31.726027
46699.307605 49.293925 31.726027
47940.788286 48.371778 31.726027
48109.027168 48.197743 31.726027
49171.943140 47.446266 31.726027
49120.867604 47.418920 31.726027
51858.995559 45.719586 31.726027
52773.958034 45.155012 31.726027
53707.080421 44.600236 31.726027
54658.362721 44.055108 31.726027
55371.038754 43.645612 31.726027
55320.256802 43.618040 31.726027
57090.657691 42.719711 31.726027
58645.091041 41.967986 31.726027
59687.172901 41.468773 31.726027
59912.595766 41.324723 31.726027
61825.816358 40.496336 31.726027
61491.395338 40.581735 31.726027
61724.888549 40.441475 31.726027
63111.140340 39.857822 31.726027
63936.367377 39.502860 31.726027
62432.453386 40.023874 31.726027
63250.986666 39.665918 31.726027
63200.791880 39.638477 31.726027
63735.490370 39.393299 31.726027
63100.549098 39.583529 31.726027
63342.357309 39.446955 31.726027
62420.185438 39.748108 31.726027
63242.408110 39.391917 31.726027
62320.334101 39.692905 31.726027
62850.798429 39.445778 31.726027
63092.851292 39.309197 31.726027
63336.085022 39.173141 31.726027
62993.391399 39.253942 31.726027
62071.562042 39.554511 31.726027
62894.127228 39.198600 31.726027
63431.676758 38.954692 31.726027
63677.419013 38.819682 31.726027
64221.858022 38.578880 31.726027
64770.873707 38.340120 31.726027
65022.422435 38.207694 31.726027
64672.196702 38.284839 31.726027
65833.369998 37.841079 31.726027
66089.593263 37.710689 31.726027
65734.986576 37.785871 31.726027
65991.307702 37.655491 31.726027
435744.391150 13.739345 31.726027
442476.649702 13.618525 31.726027
441455.528226 13.620692 31.726027
444326.451301 13.561941 31.726027
445253.123400 13.533737 31.726027
445204.298668 13.520679 31.726027
444179.977105 13.522725 31.726027
442183.554520 13.539936 31.726027
439221.822530 13.572471 31.726027
439173.193520 13.559326 31.726027
437188.237090 13.576718 31.726027
438107.328149 13.548269 31.726027
439997.486154 13.504689 31.726027
438979.166786 13.506729 31.726027
436994.406078 13.524006 31.726027
439852.333083 13.465271 31.726027
438834.160506 13.467266 31.726027
437817.168797 13.469266 31.726027
432942.188489 13.532314 31.726027
438689.594601 13.427790 31.726027
435738.637205 13.460076 31.726027
437624.707840 13.416568 31.726027
439515.355150 13.373247 31.726027
438497.525088 13.375136 31.726027
439419.516116 13.346941 31.726027
439371.669994 13.333786 31.726027
433521.535368 13.411130 31.726027
438306.238463 13.322458 31.726027
434390.314176 13.369508 31.726027
432415.342917 13.386562 31.726027
23190.951692 87.072581 31.726027
23108.163472 86.783374 31.726027
23060.708794 86.780063 31.726027
23013.303048 86.776745 31.726027
22029.085315 86.705449 31.726027
21996.155902 86.411822 31.726027
21980.071091 85.827690 31.726027
21950.635349 85.533124 31.726027
22163.913052 82.351632 31.726027
22212.312031 81.483668 31.726027
22234.908778 80.902995 31.726027
22087.548935 81.752642 31.726027
22376.096907 79.176604 31.726027
22288.460804 79.448918 31.726027
22327.100383 78.870738 31.726027
22325.222557 78.576101 31.726027
22370.751614 77.999263 31.726027
22278.783488 78.269253 31.726027
22326.674280 77.692151 31.726027
22142.351981 78.528386 31.726027
22188.076761 77.949225 31.726027
22238.378216 77.371316 31.726027
22005.712820 78.492341 31.726027
21960.264294 78.480276 31.726027
21959.958779 78.183184 31.726027
21782.721682 79.028373 31.726027
21577.418480 80.169141 31.726027
21824.053576 78.145915 31.726027
21778.849702 78.133441 31.726027
21644.638535 78.694368 31.726027
21323.491732 80.708929 31.726027
263787.774928 16.277026 31.726027
263001.531839 16.283809 31.726027
264440.174429 16.220074 31.726027
262911.662328 16.250255 31.726027
265838.532334 16.139991 31.726027
265049.089159 16.146544 31.726027
265748.956406 16.106592 31.726027
262732.510472 16.183113 31.726027
261947.741834 16.189769 31.726027
250937.412480 16.532465 31.726027
21387.347710 76.815741 31.726027
21393.582626 76.514835 31.726027
21454.016044 75.928219 31.726027
21409.595059 75.913327 31.726027
21419.372575 75.612758 31.726027
21486.744403 75.027884 31.726027
21618.502159 74.162479 31.726027
21635.218086 73.863927 31.726027
21591.041753 73.846977 31.726027
21546.914351 73.829991 31.726027
21382.085437 74.379163 31.726027
21584.084526 73.232430 31.726027
21804.243528 72.096853 31.726027
21899.173272 71.523884 31.726027
21926.419139 71.228612 31.726027
21954.845873 70.933714 31.726027
21767.671815 71.466134 31.726027
22015.241941 70.345103 31.726027
21823.637999 70.874264 31.726027
22003.573179 70.030805 31.726027
22036.772311 69.737279 31.726027
22071.152310 69.444203 31.726027
20182.446280 77.976351 31.726027
22224.770952 68.589780 31.726027
22432.117257 67.764105 31.726027
22474.616532 67.475341 31.726027
22606.404336 66.922871 31.726027
22834.272287 66.112327 31.726027
22883.709972 65.827802 31.726027
22840.561181 65.803521 31.726027
23179.322312 64.746354 31.726027
23234.566470 64.465514 31.726027
23191.564470 64.440147 31.726027
23450.288286 63.653079 31.726027
23510.206981 63.375221 31.726027
23676.393250 62.848261 31.726027
23633.586972 62.821658 31.726027
23912.881364 62.051266 31.726027
23870.172947 62.024079 31.726027
24159.752627 61.262284 31.726027
24230.152333 60.991798 31.726027
24301.732906 60.722103 31.726027
24490.900416 60.213593 31.726027
24684.644601 59.709042 31.726027
24762.031647 59.443792 31.726027
24719.665744 59.414814 31.726027
24920.348340 58.915799 31.726027
25251.069172 58.189744 31.726027
25463.168993 57.701034 31.726027
25420.998811 57.671000 31.726027
25637.724238 57.186115 31.726027
25992.411456 56.481879 31.726027
26220.554108 56.007455 31.726027
26315.360573 55.756262 31.726027
26550.392704 55.287951 31.726027
26648.692840 55.039635 31.726027
26748.173842 54.792239 31.726027
26992.408255 54.332054 31.726027
27241.219344 53.876052 31.726027
27199.538468 53.844017 31.726027
27452.975163 53.392003 31.726027
27116.323507 53.779799 31.726027
27820.950547 52.705568 31.726027
27627.969295 52.879201 31.726027
28199.309080 52.028278 31.726027
29111.043890 50.800942 31.726027
29396.468386 50.378251 31.726027
29355.178954 50.344894 31.726027
29645.229056 49.926191 31.726027
29437.826216 50.084807 31.726027
29730.238052 49.667974 31.726027
29521.801136 49.825455 31.726027
29480.756356 49.791784 31.726027
30287.795903 48.812735 31.726027
30419.851873 48.592911 31.726027
30904.754168 48.007481 31.726027
30863.905111 47.973352 31.726027
30471.439526 48.305838 31.726027
31681.326320 47.006438 31.726027
31640.624054 46.972081 31.726027
31417.912340 47.115352 31.726027
31742.556630 46.726575 31.726027
31702.001156 46.692073 31.726027
32031.271052 46.307213 31.726027
32553.967621 45.754679 31.726027
32513.558939 45.720001 31.726027
32854.294990 45.344972 31.726027
33394.117396 44.807124 31.726027
33159.345827 44.939021 31.726027
33706.057712 44.406943 31.726027
33863.799170 44.208246 31.726027
34424.192152 43.687647 31.726027
34586.559217 43.492708 31.726027
34750.107148 43.298686 31.726027
34914.835946 43.105578 31.726027
35080.745612 42.913382 31.726027
35247.836144 42.722096 31.726027
36047.177906 42.071297 31.726027
35795.916596 42.188791 31.726027
36394.054922 41.698760 31.726027
