125195.494918 56.682701 327.616438
125103.024163 56.668784 327.616438
125303.590480 56.553133 327.616438
125505.337663 56.437668 327.616438
125708.265714 56.322390 327.616438
125320.738666 56.409677 327.616438
125523.764577 56.294336 327.616438
125431.587405 56.280294 327.616438
124750.087071 56.469224 327.616438
125247.379852 56.252179 327.616438
123981.133033 56.645197 327.616438
124181.007788 56.529044 327.616438
124089.075268 56.515013 327.616438
124879.551912 56.195825 327.616438
124492.465240 56.283206 327.616438
124695.931526 56.167586 327.616438
124604.194728 56.153451 327.616438
124512.506861 56.139305 327.616438
123831.495832 56.328547 327.616438
123155.061480 56.518829 327.616438
123648.364751 56.300286 327.616438
123263.884464 56.388265 327.616438
123759.549469 56.170081 327.616438
123668.155185 56.155893 327.616438
123576.809832 56.141695 327.616438
124077.149374 55.924284 327.616438
123394.265916 56.113267 327.616438
123303.067354 56.099037 327.616438
123211.917723 56.084797 327.616438
123712.452987 55.867181 327.616438
123325.017266 55.954460 327.616438
122644.642334 56.144103 327.616438
123143.060517 55.925864 327.616438
123052.155538 55.911551 327.616438
122666.047476 55.999134 327.616438
122281.120280 56.086993 327.616438
122779.734185 55.868547 327.616438
122985.408879 55.752468 327.616438
122894.748553 55.738081 327.616438
122212.501192 55.927457 327.616438
122713.574692 55.709276 327.616438
122623.061157 55.694857 327.616438
122236.212603 55.782252 327.616438
122145.796929 55.767832 327.616438
121760.178172 55.855513 327.616438
121965.112374 55.738961 327.616438
121579.591477 55.826661 327.616438
121784.623540 55.710047 327.616438
121399.200505 55.797766 327.616438
121309.078415 55.783303 327.616438
121514.257269 55.666595 327.616438
121128.981025 55.754343 327.616438
121039.005726 55.739847 327.616438
121244.331372 55.623046 327.616438
121154.453934 55.608509 327.616438
121064.625427 55.593960 327.616438
120974.845850 55.579401 327.616438
120589.863190 55.667206 327.616438
121091.817439 55.448105 327.616438
120410.548689 55.638074 327.616438
120912.600799 55.418871 327.616438
120526.681924 55.506442 327.616438
120141.943916 55.594294 327.616438
120347.758867 55.477183 327.616438
120554.754685 55.360272 327.616438
119873.779518 55.550416 327.616438
120376.125211 55.330908 327.616438
120286.883870 55.316209 327.616438
120197.691459 55.301500 327.616438
119812.164029 55.389143 327.616438
120019.453430 55.272048 327.616438
119634.023860 55.359709 327.616438
119545.027172 55.344976 327.616438
119456.079414 55.330231 327.616438
119367.180586 55.315476 327.616438
119278.330689 55.300710 327.616438
119189.529723 55.285932 327.616438
119100.777687 55.271144 327.616438
119012.074582 55.256345 327.616438
118923.420407 55.241534 327.616438
118834.815162 55.226713 327.616438
119042.642799 55.109279 327.616438
118657.751465 55.197037 327.616438
118569.293013 55.182182 327.616438
118777.267441 55.064656 327.616438
117803.150806 55.358570 327.616438
118600.595188 55.034852 327.616438
118512.332457 55.019934 327.616438
118127.734706 55.107743 327.616438
118335.953787 54.990063 327.616438
117362.081806 55.284219 327.616438
118159.770840 54.960148 327.616438
118071.752761 54.945173 327.616438
117392.147649 55.136120 327.616438
117599.479446 55.018047 327.616438
117511.608160 55.003059 327.616438
116834.413712 55.194629 327.616438
116453.652145 55.283352 327.616438
116953.035869 55.061221 327.616438
116865.360304 55.046207 327.616438
116777.733671 55.031183 327.616438
116690.155967 55.016147 327.616438
116602.627194 55.001099 327.616438
116810.399366 54.882748 327.616438
116133.596362 55.074544 327.616438
116635.586473 54.852558 327.616438
115665.893188 55.148287 327.616438
116165.717287 54.925693 327.616438
116373.734112 54.807187 327.616438
115991.295838 54.895451 327.616438
116199.410524 54.776883 327.616438
116112.322126 54.761714 327.616438
116025.282658 54.746534 327.616438
115643.040106 54.834830 327.616438
115556.098500 54.819647 327.616438
114590.241399 55.116622 327.616438
115382.362078 54.789245 327.616438
115001.447185 54.877859 327.616438
115208.821378 54.758798 327.616438
115122.124424 54.743557 327.616438
115035.476401 54.728305 327.616438
114654.757230 54.816951 327.616438
114862.327145 54.697766 327.616438
113896.861489 54.995127 327.616438
114689.373612 54.667181 327.616438
114015.862021 54.860114 327.616438
114222.495722 54.740557 327.616438
114136.190212 54.725244 327.616438
114049.933633 54.709919 327.616438
113670.737843 54.798917 327.616438
113584.579124 54.783588 327.616438
113498.469336 54.768248 327.616438
113705.396621 54.648503 327.616438
114208.756786 54.425100 327.616438
113827.541775 54.513561 327.616438
113741.627710 54.498135 327.616438
113361.642497 54.586900 327.616438
112982.838150 54.675963 327.616438
113484.179096 54.451788 327.616438
112811.352532 54.645108 327.616438
113608.043353 54.316822 327.616438
112640.062637 54.614206 327.616438
113141.599304 54.389828 327.616438
113056.076682 54.374309 327.616438
112970.602991 54.358777 327.616438
112591.058153 54.447611 327.616438
112799.802401 54.327680 327.616438
112420.355423 54.416529 327.616438
112335.077454 54.400970 327.616438
112543.968494 54.280946 327.616438
112164.668308 54.369817 327.616438
111786.548989 54.458988 327.616438
111409.610537 54.548461 327.616438
73960.904462 87.726892 327.616438
110083.487377 54.940448 327.616438
109143.358161 55.245264 327.616438
109342.404287 55.122715 327.616438
109542.631279 55.000390 327.616438
109744.039139 54.878289 327.616438
109659.299406 54.862719 327.616438
109288.412079 54.953744 327.616438
109489.966731 54.831544 327.616438
109405.373789 54.815938 327.616438
109034.633254 54.906989 327.616438
109236.334697 54.784690 327.616438
109151.888547 54.769048 327.616438
109067.491327 54.753394 327.616438
109270.471498 54.631256 327.616438
109186.172139 54.615557 327.616438
108814.593251 54.706358 327.616438
108444.195230 54.797470 327.616438
108646.239187 54.674941 327.616438
108562.135550 54.659214 327.616438
108765.409304 54.536880 327.616438
108394.075069 54.627723 327.616438
108310.118224 54.611959 327.616438
108513.538769 54.489528 327.616438
108429.679785 54.473720 327.616438
108345.869732 54.457899 327.616438
108262.108609 54.442066 327.616438
108178.396416 54.426221 327.616438
108094.733154 54.410364 327.616438
108011.118823 54.394494 327.616438
107927.553422 54.378612 327.616438
107556.708492 54.469535 327.616438
107473.240953 54.453649 327.616438
107389.822343 54.437750 327.616438
106451.258903 54.744190 327.616438
107798.920772 54.192405 327.616438
107139.860099 54.389980 327.616438
70833.406175 87.839306 327.616438
70782.691625 87.514235 327.616438
70699.566599 87.512773 327.616438
70616.490503 87.511310 327.616438
70501.003931 87.834216 327.616438
70450.485103 87.508377 327.616438
70350.760128 87.669267 327.616438
70267.879754 87.667892 327.616438
70169.384576 87.829102 327.616438
70086.602064 87.827820 327.616438
70003.868482 87.826536 327.616438
69921.183830 87.825250 327.616438
69838.548109 87.823964 327.616438
69755.961319 87.822675 327.616438
69673.423459 87.821385 327.616438
69550.734942 88.310076 327.616438
69508.494531 87.818801 327.616438
69441.767197 87.654053 327.616438
69359.425060 87.652660 327.616438
69277.131852 87.651266 327.616438
69194.887576 87.649869 327.616438
69112.692229 87.648472 327.616438
69030.545813 87.647072 327.616438
68948.448328 87.645671 327.616438
68866.399774 87.644268 327.616438
68784.400149 87.642863 327.616438
68719.245127 87.477167 327.616438
68620.547693 87.640049 327.616438
68538.694860 87.638640 327.616438
68456.890958 87.637228 327.616438
68391.931658 87.471133 327.616438
68293.429945 87.634401 327.616438
68228.568506 87.468106 327.616438
68130.164655 87.631567 327.616438
68065.401077 87.465071 327.616438
67983.890758 87.463550 327.616438
67902.429369 87.462028 327.616438
67821.016911 87.460505 327.616438
67757.580992 87.293549 327.616438
67658.338787 87.457451 327.616438
67560.277449 87.621593 327.616438
67479.060713 87.620161 327.616438
67414.688579 87.452858 327.616438
67301.110298 87.783302 327.616438
67252.499760 87.449786 327.616438
67124.487541 87.946873 327.616438
67073.710991 87.612977 327.616438
67009.583510 87.445165 327.616438
66896.249881 87.776601 327.616438
66847.883996 87.442075 327.616438
66767.107635 87.440527 327.616438
66653.920798 87.772561 327.616438
66558.710499 87.938161 327.616438
66508.276463 87.602845 327.616438
66427.695824 87.601391 327.616438
66363.959787 87.432760 327.616438
66251.017602 87.765794 327.616438
66203.043161 87.429639 327.616438
66122.658244 87.428076 327.616438
66025.526586 87.594093 327.616438
65929.575795 87.760352 327.616438
65865.001405 87.591161 327.616438
65754.616676 87.925587 327.616438
65689.008210 87.756252 327.616438
65641.376283 87.418659 327.616438
65514.342674 87.921785 327.616438
65448.881000 87.752138 327.616438
65354.404659 87.919243 327.616438
65304.704581 87.580843 327.616438
65241.653571 87.410758 327.616438
65161.855820 87.409172 327.616438
65100.034608 87.238818 327.616438
64985.611439 87.574908 327.616438
64905.960479 87.573419 327.616438
64810.694715 87.741092 327.616438
64746.805352 87.570437 327.616438
64667.301185 87.568943 327.616438
64604.641619 87.398015 327.616438
64525.235313 87.396413 327.616438
64429.082265 87.564450 327.616438
64366.569491 87.393204 327.616438
64287.309976 87.391597 327.616438
64226.026999 87.220079 327.616438
64096.478330 87.728535 327.616438
64086.812166 87.046577 327.616438
63970.761221 87.385146 327.616438
63909.673966 87.213202 327.616438
63830.708034 87.211477 327.616438
63717.067753 87.550871 327.616438
63638.199682 87.549353 327.616438
63529.185008 87.889550 327.616438
63497.406003 87.375411 327.616438
63371.693518 87.886928 327.616438
63376.999527 87.030069 327.616438
63298.376109 87.028224 327.616438
63219.801621 87.026376 327.616438
63122.216520 87.195859 327.616438
63082.990918 86.851287 327.616438
62965.312197 87.192365 327.616438
62905.992975 87.018962 327.616438
62847.854621 86.845396 327.616438
62679.935676 87.702998 327.616438
62671.150261 87.013376 327.616438
62523.520658 87.700125 327.616438
62477.845952 87.354068 327.616438
62417.688377 87.180065 327.616438
62358.711670 87.005897 327.616438
62300.915829 86.831565 327.616438
62202.785957 87.002143 327.616438
62145.087977 86.827591 327.616438
62047.055966 86.998380 327.616438
62010.779265 86.650778 327.616438
61891.521698 86.994607 327.616438
61877.798210 86.473583 327.616438
61800.153403 86.471365 327.616438
61746.144815 86.296009 327.616438
61622.555225 86.640232 327.616438
61567.512562 86.464697 327.616438
61513.650766 86.289006 327.616438
61390.207967 86.633873 327.616438
61312.856742 86.631748 327.616438
61258.009801 86.455766 327.616438
61229.062953 86.105797 327.616438
61127.139294 86.277275 327.616438
61100.554180 85.926895 327.616438
61023.447608 85.924319 327.616438
60920.538804 86.095934 327.616438
60843.530092 86.093460 327.616438
60819.404573 85.742230 327.616438
60742.493723 85.739530 327.616438
60638.648704 85.911385 327.616438
60535.984553 86.083534 327.616438
60512.054755 85.731410 327.616438
60463.454662 85.553888 327.616438
60358.673430 85.725980 327.616438
60282.056163 85.723260 327.616438
60262.849833 85.370338 327.616438
60157.083455 85.542557 327.616438
60080.612980 85.539716 327.616438
59976.076400 85.712344 327.616438
59899.703785 85.709606 327.616438
59770.545840 86.058497 327.616438
59775.220383 85.528313 327.616438
59728.241532 85.349619 327.616438
59622.817668 85.522590 327.616438
59606.315585 85.167696 327.616438
59499.857646 85.340683 327.616438
59454.206453 85.161504 327.616438
59378.225283 85.158402 327.616438
59271.914135 85.331713 327.616438
59257.920578 84.975749 327.616438
59150.575355 85.149072 327.616438
59074.789907 85.145954 327.616438
58968.674482 85.319698 327.616438
58923.365802 85.139706 327.616438
58847.727146 85.136576 327.616438
58772.137420 85.133441 327.616438
58794.524966 84.598921 327.616438
58685.258384 84.772581 327.616438
58545.661824 85.124015 327.616438
58470.267820 85.120865 327.616438
58492.851088 84.584969 327.616438
58417.554945 84.581470 327.616438
58377.214386 84.400364 327.616438
58338.054694 84.219134 327.616438
58191.960100 84.570946 327.616438
58151.766332 84.389485 327.616438
58008.033471 84.742070 327.616438
58074.921397 84.026196 327.616438
57999.967768 84.022323 327.616438
58002.799930 83.662440 327.616438
57813.036775 84.192854 327.616438
57853.137324 83.654214 327.616438
57778.379416 83.650093 327.616438
57744.236775 83.467693 327.616438
57669.576728 83.463447 327.616438
57636.663884 83.280821 327.616438
57520.403427 83.454940 327.616438
57530.418652 83.093603 327.616438
57499.916472 82.910656 327.616438
57381.538934 83.084606 327.616438
56608.457591 87.220177 327.616438
57321.911163 82.718138 327.616438
57115.756128 83.250109 327.616438
57084.366665 83.066541 327.616438
57099.252148 82.703877 327.616438
56893.243905 83.236861 327.616438
56862.001233 83.052930 327.616438
56831.939428 82.868900 327.616438
56896.642459 82.326300 327.616438
56775.358417 82.500558 327.616438
56701.481259 82.495646 327.616438
56675.010985 82.311220 327.616438
56507.647718 82.665574 327.616438
56344.861128 83.020965 327.616438
56453.819886 82.296081 327.616438
56428.677270 82.111206 327.616438
56306.603806 82.285955 327.616438
56281.559051 82.100837 327.616438
56159.583448 82.275803 327.616438
56184.258380 81.910320 327.616438
56061.248701 82.085231 327.616438
56140.171065 81.539452 327.616438
56014.995375 81.714023 327.616438
55993.640013 81.528308 327.616438
55973.465517 81.342524 327.616438
55900.322317 81.336818 327.616438
55827.228047 81.331105 327.616438
55808.332279 81.145011 327.616438
55681.186299 81.319656 327.616438
55662.388393 81.133316 327.616438
55589.489845 81.127457 327.616438
55685.880560 80.580165 327.616438
55499.121049 80.934943 327.616438
55540.328117 80.567718 327.616438
55353.666468 80.922940 327.616438
55394.971397 80.555238 327.616438
55322.366432 80.548985 327.616438
55135.851574 80.904877 327.616438
55295.789865 80.174834 327.616438
55104.845122 80.530179 327.616438
55032.435880 80.523893 327.616438
55139.503327 79.974424 327.616438
55129.265071 79.787002 327.616438
54994.929495 79.961119 327.616438
54861.774785 80.135660 327.616438
54912.624511 79.766659 327.616438
54840.508851 79.759860 327.616438
54768.442123 79.753052 327.616438
54823.966385 79.383931 327.616438
54624.455457 79.739410 327.616438
54552.535520 79.732575 327.616438
54543.869575 79.544127 327.616438
54536.384497 79.355652 327.616438
54664.413965 78.805001 327.616438
54458.356072 79.159934 327.616438
54521.014466 78.790097 327.616438
54315.054433 79.145470 327.616438
54377.810688 78.775155 327.616438
53978.937521 79.677572 327.616438
54035.000019 79.305803 327.616438
54232.236744 78.571129 327.616438
54230.851723 78.382078 327.616438
54159.518952 78.374323 327.616438
53949.373688 78.730091 327.616438
54160.389371 77.995968 327.616438
53945.814223 78.350996 327.616438
54018.066343 77.979929 327.616438
53874.717672 78.153523 327.616438
53875.939037 77.963847 327.616438
53804.948780 77.955791 327.616438
53807.399942 77.765997 327.616438
53886.688333 77.394876 327.616438
53740.188506 77.567897 327.616438
53745.050333 77.378004 327.616438
53598.648366 77.551230 327.616438
53680.396352 77.179553 327.616438
53532.960310 77.352612 327.616438
53462.361497 77.344126 327.616438
53391.811614 77.335628 327.616438
53398.098961 77.145130 327.616438
53405.567174 76.954657 327.616438
53414.216254 76.764213 327.616438
53343.862093 76.755328 327.616438
53353.740970 76.564792 327.616438
53203.300564 76.737525 327.616438
53133.093195 76.728606 327.616438
53143.118864 76.537695 327.616438
53320.353296 75.984031 327.616438
53002.948778 76.519570 327.616438
53180.281071 75.965207 327.616438
52782.790308 76.683832 327.616438
53040.404569 75.946333 327.616438
53055.251567 75.755351 327.616438
52900.723789 75.927410 327.616438
53001.512437 75.554721 327.616438
52677.658815 76.090589 327.616438
52862.125240 75.535274 327.616438
52879.480762 75.344035 327.616438
52898.017152 75.152861 327.616438
52740.387148 75.324288 327.616438
52759.021399 75.132866 327.616438
52689.596918 75.122849 327.616438
52620.221368 75.112818 327.616438
52550.894749 75.102774 327.616438
52481.617060 75.092717 327.616438
52501.627899 74.900868 327.616438
52614.323076 74.527828 327.616438
52637.827586 74.336341 327.616438
52662.512963 74.144941 327.616438
52593.479926 74.134265 327.616438
52338.093069 74.486027 327.616438
52361.793301 74.294045 327.616438
52292.907056 74.283436 327.616438
52317.837085 74.091419 327.616438
52062.645951 74.444005 327.616438
52371.239744 73.707670 327.616438
52399.712374 73.515946 327.616438
51949.209789 74.230182 327.616438
52262.478120 73.493700 327.616438
52193.934389 73.482554 327.616438
52223.734677 73.290570 327.616438
52254.715832 73.098697 327.616438
51891.433625 73.630413 327.616438
52117.970883 73.075871 327.616438
52251.921664 72.703654 327.616438
52081.980618 72.872313 327.616438
51913.220438 73.041521 327.616438
52047.318011 72.668616 327.616438
51776.964795 73.018546 327.616438
51911.160228 72.645181 327.616438
51741.463835 72.814298 327.616438
51981.975773 72.260828 327.616438
52019.154845 72.068853 327.616438
51742.254663 72.417305 327.616438
51369.372196 72.949256 327.616438
51921.944168 71.852548 327.616438
51642.926905 72.200751 327.616438
52002.402370 71.468830 327.616438
51507.649872 72.176609 327.616438
51758.740681 71.623432 327.616438
51799.707007 71.431286 327.616438
51841.854200 71.239295 327.616438
51885.182259 71.047462 327.616438
51817.812860 71.034675 327.616438
51639.746003 71.201244 327.616438
51683.220854 71.009052 327.616438
51727.876572 70.817024 327.616438
51660.702895 70.804069 327.616438
51706.588411 70.612090 327.616438
51753.654793 70.420283 327.616438
51686.627908 70.407073 327.616438
51392.497494 70.752076 327.616438
51552.720929 70.380601 327.616438
51485.840835 70.367340 327.616438
51650.689877 69.996816 327.616438
51583.907644 69.983318 327.616438
51753.382293 69.613775 327.616438
51686.697921 69.600043 327.616438
51620.062480 69.586294 327.616438
51553.475970 69.572527 327.616438
51368.268446 69.736949 327.616438
51420.449740 69.544939 327.616438
51235.340078 69.709525 327.616438
51168.949289 69.695786 327.616438
51341.079254 69.325234 327.616438
51395.720143 69.133389 327.616438
51329.476146 69.119300 327.616438
51142.347264 69.283260 327.616438
51197.134944 69.091066 327.616438
51253.103491 68.899079 327.616438
51064.989464 69.062759 327.616438
51368.583186 68.515746 327.616438
51302.632772 68.501255 327.616438
51112.401664 68.664121 327.616438
51296.340297 68.295177 327.616438
51484.855607 67.927570 327.616438
51291.375481 68.089076 327.616438
51482.252525 67.721836 327.616438
51416.595694 67.706853 327.616438
51744.351524 67.165919 327.616438
51415.418131 67.500979 327.616438
51746.667631 66.960705 327.616438
51154.457677 67.646728 327.616438
51750.311396 66.755503 327.616438
51684.948149 66.739946 327.616438
51892.063745 66.376725 327.616438
51554.368445 66.708772 327.616438
51899.494764 66.171846 327.616438
51834.327239 66.155944 327.616438
51631.295783 66.313507 327.616438
51566.226118 66.297652 327.616438
51918.339777 65.762189 327.616438
51853.367974 65.746032 327.616438
51648.268367 65.902759 327.616438
51864.879829 65.541138 327.616438
51800.054817 65.524835 327.616438
51877.719343 65.336292 327.616438
51812.992192 65.319863 327.616438
51891.886515 65.131499 327.616438
51971.961704 64.943424 327.616438
51907.381345 64.926765 327.616438
52135.654684 64.568152 327.616438
51778.367418 64.893385 327.616438
52304.071132 64.194074 327.616438
52239.686495 64.177005 327.616438
51878.018275 64.500565 327.616438
52111.064012 64.142804 327.616438
52197.190328 63.955918 327.616438
52133.001413 63.938684 327.616438
52220.357525 63.752008 327.616438
52156.266471 63.734654 327.616438
52092.224348 63.717277 327.616438
52334.619159 63.362049 327.616438
52270.674897 63.344474 327.616438
52206.779565 63.326878 327.616438
51534.684901 63.987848 327.616438
52390.051442 62.955166 327.616438
52015.387152 63.273960 327.616438
52106.579449 63.087646 327.616438
51734.276893 63.407784 327.616438
52450.794358 62.548734 327.616438
52546.661192 62.363845 327.616438
52483.157304 62.345700 327.616438
52260.282695 62.494518 327.616438
52516.847909 62.142793 327.616438
52453.490813 62.124509 327.616438
52551.866172 61.940019 327.616438
52651.422397 61.755877 327.616438
52425.396632 61.903196 327.616438
52525.050719 61.718867 327.616438
52790.965006 61.369966 327.616438
52727.901493 61.351266 327.616438
52011.361194 61.995899 327.616438
52601.921258 61.313798 327.616438
52373.925203 61.460232 327.616438
52642.348016 61.111491 327.616438
52579.529155 61.092609 327.616438
52350.547955 61.238593 327.616438
52287.826956 61.219735 327.616438
52225.154887 61.200855 327.616438
52664.561368 60.688247 327.616438
52601.987160 60.669118 327.616438
52539.461883 60.649965 327.616438
52308.510393 60.795034 327.616438
52414.558119 60.611593 327.616438
52521.786713 60.428524 327.616438
52630.196173 60.245830 327.616438
52059.094311 60.718374 327.616438
52334.944838 60.370525 327.616438
52103.154996 60.515259 327.616438
52381.367257 60.168099 327.616438
52319.282354 60.148608 327.616438
52257.246382 60.129095 327.616438
52367.130292 59.946253 327.616438
52478.195069 59.763797 327.616438
52590.440713 59.581729 327.616438
52528.600463 59.561931 327.616438
52466.809144 59.542110 327.616438
52230.931930 59.684811 327.616438
52518.640057 59.340331 327.616438
51934.591055 59.808392 327.616438
52395.399931 59.300401 327.616438
52333.853264 59.280401 327.616438
52448.754225 59.098608 327.616438
52387.305419 59.078499 327.616438
52149.506847 59.220259 327.616438
52264.554599 59.038212 327.616438
51851.587126 59.342609 327.616438
52141.999501 58.997829 327.616438
51904.396650 59.139739 327.616438
52019.640125 58.957352 327.616438
52314.727036 58.614215 327.616438
52075.007104 58.755013 327.616438
52192.661243 58.573356 327.616438
51599.109841 59.038554 327.616438
51892.128602 58.693794 327.616438
51653.736329 58.835348 327.616438
51592.923619 58.814930 327.616438
51709.690474 58.632360 327.616438
51119.779534 59.100075 327.616438
51410.779075 58.753531 327.616438
51527.692721 58.570708 327.616438
51289.594031 58.712478 327.616438
51765.062615 58.206313 327.616438
51524.797913 58.346913 327.616438
51644.171154 58.164759 327.616438
51583.798820 58.143946 327.616438
51343.680910 58.284647 327.616438
51463.200943 58.102245 327.616438
51583.901842 57.920269 327.616438
51342.798787 58.060448 327.616438
51645.655927 57.717671 327.616438
51585.577176 57.696597 327.616438
51162.562533 57.997567 327.616438
51465.566464 57.654375 327.616438
51042.649683 57.955523 327.616438
50982.766654 57.934464 327.616438
50922.932555 57.913381 327.616438
51226.132208 57.569635 327.616438
50623.616642 58.033377 327.616438
51106.708663 57.527117 327.616438
51047.070286 57.505820 327.616438
50805.422461 57.645756 327.616438
50927.940325 57.463153 327.616438
50868.448739 57.441782 327.616438
50809.006085 57.420386 327.616438
50386.627539 57.722509 327.616438
50690.267567 57.377518 327.616438
50814.162019 57.195035 327.616438
50571.724771 57.334550 327.616438
50149.541948 57.637025 327.616438
50636.568013 57.130304 327.616438
50577.467872 57.108677 327.616438
50518.416662 57.087024 327.616438
50643.736634 56.904589 327.616438
50770.237472 56.722608 327.616438
50897.919178 56.541081 327.616438
51215.631747 56.201442 327.616438
50593.671007 56.657023 327.616438
51479.163365 55.841753 327.616438
50850.508868 56.293963 327.616438
51361.794902 55.797347 327.616438
51112.070196 55.932749 327.616438
51436.867967 55.595735 327.616438
50805.013383 56.046620 327.616438
50936.531272 55.866019 327.616438
50878.116158 55.843725 327.616438
50629.768042 55.979885 327.616438
50008.296607 56.436749 327.616438
50513.182467 55.935267 327.616438
50644.945009 55.754291 327.616438
50586.774548 55.731868 327.616438
50528.653017 55.709420 327.616438
50091.748486 56.005095 327.616438
50412.556747 55.664445 327.616438
49601.445893 56.281023 327.616438
50106.674266 55.778289 327.616438
49859.947391 55.915335 327.616438
49802.119444 55.892829 327.616438
49933.190424 55.710624 327.616438
50256.556141 55.370385 327.616438
50007.761115 55.506216 327.616438
49760.146956 55.642723 327.616438
49702.563661 55.620037 327.616438
49645.029297 55.597325 327.616438
49210.975805 55.895141 327.616438
33832.936983 86.168477 327.616438
49472.719787 55.529030 327.616438
49415.381145 55.506212 327.616438
33660.921056 86.158685 327.616438
48184.729714 56.431060 327.616438
49054.808804 55.597868 327.616438
48997.665884 55.574993 327.616438
48940.571894 55.552092 327.616438
48883.526835 55.529163 327.616438
49015.380703 55.345744 327.616438
33321.837570 85.428839 327.616438
33287.394656 85.189421 327.616438
48655.835903 55.437183 327.616438
48787.885494 55.253460 327.616438
48731.134018 55.230322 327.616438
48111.277290 55.691308 327.616438
48428.927860 55.344771 327.616438
48184.605115 55.483084 327.616438
48315.767422 55.298403 327.616438
48259.260598 55.275179 327.616438
47458.722080 55.902244 327.616438
47037.064424 56.208237 327.616438
46263.790239 56.851258 327.616438
46563.672341 56.494057 327.616438
46687.204677 56.304821 327.616438
32431.986363 85.846528 327.616438
32356.762509 86.081918 327.616438
32282.719522 86.317851 327.616438
32226.653073 86.314645 327.616438
32153.839883 86.551319 327.616438
32132.594575 86.068253 327.616438
32026.287903 86.785719 327.616438
31986.080912 86.542276 327.616438
31914.595380 86.780093 327.616438
31858.822514 86.777273 327.616438
31835.557986 86.292046 327.616438
31707.223987 87.496692 327.616438
31663.865839 87.252488 327.616438
31621.688558 87.007954 327.616438
31566.160345 87.005321 327.616438
31525.212861 86.760248 327.616438
31502.241916 86.272454 327.616438
31504.039128 85.542147 327.616438
31428.515156 85.780623 327.616438
31354.172051 86.019669 327.616438
31281.009813 86.259277 327.616438
31262.811266 85.769436 327.616438
31207.674497 85.765693 327.616438
31133.527115 86.005566 327.616438
31028.101192 86.734370 327.616438
31023.498229 85.998478 327.616438
30987.616727 85.750657 327.616438
30913.665066 85.991364 327.616438
30808.434866 86.722736 327.616438
30786.100017 86.229286 327.616438
30684.363487 86.962556 327.616438
30616.267230 87.205841 327.616438
30549.351840 87.449663 327.616438
30520.421096 86.954401 327.616438
30465.871493 86.951673 327.616438
30385.703032 87.442800 327.616438
30331.251291 87.440504 327.616438
30289.116406 87.190780 327.616438
30234.762525 87.188254 327.616438
30168.189649 87.433592 327.616438
30126.201555 87.183188 327.616438
30099.926128 86.684347 327.616438
30045.767969 86.681357 327.616438
29991.658741 86.678361 327.616438
29987.985459 85.929861 327.616438
29899.250812 86.423493 327.616438
29880.011655 85.922502 327.616438
29845.157694 85.669937 327.616438
29791.293118 85.666017 327.616438
29718.417929 85.911412 327.616438
29703.902240 85.408773 327.616438
29650.184456 85.404607 327.616438
29617.839020 85.150777 327.616438
29522.704199 85.646309 327.616438
43309.681204 55.335460 327.616438
43256.159142 55.310952 327.616438
42673.489919 55.800982 327.616438
42971.731177 55.432718 327.616438
42566.690448 55.752152 327.616438
42513.364109 55.727691 327.616438
42112.948987 56.050250 327.616438
41547.503462 56.551960 327.616438
41494.323913 56.527711 327.616438
28905.217792 86.870383 327.616438
28826.468316 87.374503 327.616438
28670.494196 86.347554 327.616438
28634.452833 86.089970 327.616438
28581.664729 86.086355 327.616438
28586.104188 85.319673 327.616438
28533.413945 85.315344 327.616438
28502.096050 85.056543 327.616438
33490.611643 66.669544 327.616438
34465.347972 64.731281 327.616438
35925.183806 62.242456 327.616438
36413.070297 61.420984 327.616438
37790.739386 59.451396 327.616438
38650.764051 58.295242 327.616438
41230.679101 55.381180 327.616438
42421.143668 54.150778 327.616438
43478.272049 53.120197 327.616438
44968.614237 51.793985 327.616438
48218.831329 49.299997 327.616438
48599.942059 48.977019 327.616438
51011.277107 47.366940 327.616438
51190.052464 47.199950 327.616438
53995.215851 45.540243 327.616438
54931.936304 44.988394 327.616438
58748.598529 43.076035 327.616438
60589.283868 42.212227 327.616438
61365.599524 41.834703 327.616438
62716.621030 41.234028 327.616438
63234.004496 40.981257 327.616438
63182.439655 40.954342 327.616438
62845.859158 41.040043 327.616438
64521.758745 40.344904 327.616438
64470.340696 40.318004 327.616438
63838.654976 40.511725 327.616438
63787.334787 40.484748 327.616438
63736.063530 40.457749 327.616438
63396.380806 40.541751 327.616438
63057.878950 40.626205 327.616438
62151.560722 40.936658 327.616438
61536.015694 41.137072 327.616438
62049.458581 40.882301 327.616438
61715.680192 40.968589 327.616438
61947.552162 40.827854 327.616438
62180.604999 40.687647 327.616438
61845.841465 40.773318 327.616438
62364.056750 40.520696 327.616438
62028.259141 40.605791 327.616438
63124.625016 40.132061 327.616438
63363.582187 39.994470 327.616438
63895.576431 39.748113 327.616438
63553.182925 39.830108 327.616438
63794.550761 39.693551 327.616438
63744.111322 39.666238 327.616438
63693.720814 39.638904 327.616438
63643.379236 39.611547 327.616438
62432.453386 40.023874 327.616438
62094.881209 40.107577 327.616438
62044.686423 40.080059 327.616438
69202.838034 37.521178 327.616438
68216.047930 37.795510 327.616438
69102.693114 37.467099 327.616438
69052.694049 37.440031 327.616438
69002.743915 37.412943 327.616438
68952.842712 37.385835 327.616438
70167.761786 36.963740 327.616438
70117.958444 36.936698 327.616438
69117.927618 37.205029 327.616438
69700.607810 36.980546 327.616438
68390.707658 37.349769 327.616438
69919.234380 36.828338 327.616438
69869.675690 36.801200 327.616438
70139.188609 36.676607 327.616438
69770.705103 36.746866 327.616438
70040.315882 36.622290 327.616438
69037.280691 36.888502 327.616438
68357.844853 37.059009 327.616438
68623.074679 36.932548 327.616438
60764.869580 39.636294 327.616438
60430.637747 39.720072 327.616438
59252.580448 40.144396 327.616438
57817.805900 40.693779 327.616438
24721.097707 84.966204 327.616438
24598.151880 86.056345 327.616438
24298.164897 87.140114 327.616438
24200.857947 87.134365 327.616438
24208.141191 86.024653 327.616438
24176.405714 85.744105 327.616438
24185.102128 84.910584 327.616438
24006.831213 87.122798 327.616438
24031.105851 85.731234 327.616438
23982.770424 85.726926 327.616438
23917.688256 86.000549 327.616438
23886.246362 85.718285 327.616438
23838.057727 85.713952 327.616438
23868.420072 84.596660 327.616438
23799.005881 84.869357 327.616438
23750.964038 84.864157 327.616438
23702.971125 84.858946 327.616438
23597.848509 85.692152 327.616438
23567.881065 85.407784 327.616438
23502.107336 85.683369 327.616438
257566.213068 17.512020 327.616438
257518.464807 17.495178 327.616438
258199.549114 17.452856 327.616438
257423.115078 17.461486 327.616438
255921.342144 17.495721 327.616438
258056.744708 17.402367 327.616438
255826.285998 17.461923 327.616438
258691.701996 17.343394 327.616438
255006.037745 17.453679 327.616438
257867.023859 17.335006 327.616438
259280.679057 17.267760 327.616438
259965.599548 17.225881 327.616438
23114.773649 82.797378 327.616438
23096.859526 82.508598 327.616438
22965.402257 83.346937 327.616438
22918.339024 83.340078 327.616438
22926.422856 82.767695 327.616438
22824.359350 83.326319 327.616438
256714.230749 17.208395 327.616438
258126.062449 17.141345 327.616438
22657.905654 83.589980 327.616438
22663.970265 83.014266 327.616438
22736.501304 81.872001 327.616438
22689.829515 81.863589 327.616438
22552.069933 82.707592 327.616438
22450.397871 83.270711 327.616438
23473.312756 75.979749 327.616438
23371.555182 76.239101 327.616438
23380.409553 75.951351 327.616438
23278.749839 76.211157 327.616438
23287.702072 75.922840 327.616438
23473.867120 74.816993 327.616438
23550.650021 74.259543 327.616438
23632.009598 73.703961 327.616438
23521.539046 73.957325 327.616438
23475.454423 73.941161 327.616438
23625.825535 73.116541 327.616438
23579.838774 73.099592 327.616438
23740.495174 72.279644 327.616438
23624.609593 72.529030 327.616438
23578.769623 72.511508 327.616438
23894.281347 71.164154 327.616438
23628.361771 71.941550 327.616438
23511.539975 72.190697 327.616438
23682.677386 71.372844 327.616438
23563.689579 71.620288 327.616438
23741.716469 70.805497 327.616438
23546.038225 71.316880 327.616438
23354.936657 71.832481 327.616438
23455.190103 71.279391 327.616438
23409.839438 71.260591 327.616438
23218.884662 71.777467 327.616438
23319.284900 71.222883 327.616438
23128.427984 71.740612 327.616438
22483.865202 74.179527 327.616438
22145.372606 75.556644 327.616438
22045.034017 75.822726 327.616438
22055.307373 75.526541 327.616438
21695.638152 77.211689 327.616438
21508.654003 78.058047 327.616438
20906.234754 82.424362 327.616438
20985.201829 81.236304 327.616438
20940.438330 81.226868 327.616438
244569.516363 16.790430 327.616438
246667.056119 16.697942 327.616438
261164.154063 16.196446 327.616438
261119.586286 16.179604 327.616438
261814.038504 16.139309 327.616438
252251.235789 16.432304 327.616438
252932.202632 16.390967 327.616438
251438.186857 16.422336 327.616438
21215.996547 76.457444 327.616438
21071.346765 77.020369 327.616438
21179.382789 76.140653 327.616438
21242.373662 75.551645 327.616438
21309.941212 74.964443 327.616438
21323.408121 74.663444 327.616438
21279.378580 74.647195 327.616438
21414.825728 73.778827 327.616438
21496.172236 73.197162 327.616438
21582.095420 72.617756 327.616438
21604.862472 72.319678 327.616438
21628.810391 72.021923 327.616438
21723.935857 71.446807 327.616438
21610.252150 71.705388 327.616438
21707.739350 71.130745 327.616438
21809.803225 70.558736 327.616438
21916.443777 69.989457 327.616438
21722.771684 70.518259 327.616438
22063.270801 69.130118 327.616438
21940.825186 69.380472 327.616438
21897.480672 69.359145 327.616438
21933.237260 69.065445 327.616438
22133.938738 68.232087 327.616438
22259.032785 67.673180 327.616438
22388.703508 67.117463 327.616438
22704.825912 66.040074 327.616438
22661.774982 66.015898 327.616438
22805.175733 65.470194 327.616438
22762.222663 65.445533 327.616438
22910.249020 64.902874 327.616438
23162.279079 64.108421 327.616438
23321.722660 63.574947 327.616438
23381.788147 63.296426 327.616438
23548.121208 62.768307 327.616438
23611.680365 62.492195 327.616438
23784.902905 61.969561 327.616438
23962.702121 61.450769 327.616438
24032.067751 61.178899 327.616438
24102.614249 60.907819 327.616438
24060.199415 60.879727 327.616438
23904.823250 61.095070 327.616438
24438.876948 59.860380 327.616438
24515.278849 59.593562 327.616438
24592.861617 59.327581 327.616438
24671.625252 59.062444 327.616438
24999.097068 58.331785 327.616438
25209.079806 57.840029 327.616438
25423.639221 57.352396 327.616438
25642.775312 56.868904 327.616438
25866.488079 56.389569 327.616438
26094.777522 55.914404 327.616438
26052.949854 55.883288 327.616438
26147.952042 55.631515 327.616438
26244.135097 55.380662 327.616438
26622.984423 54.697240 327.616438
26867.365627 54.236414 327.616438
26825.782612 54.204435 327.616438
27074.789423 53.747617 327.616438
27180.272621 53.504631 327.616438
27586.533072 52.846638 327.616438
27545.145779 52.814026 327.616438
27655.303514 52.574958 327.616438
27920.402086 52.132637 327.616438
28034.053492 51.896549 327.616438
28784.300499 50.864290 327.616438
29067.656844 50.438907 327.616438
29355.589865 50.017682 327.616438
29480.756356 49.791784 327.616438
29607.103714 49.566846 327.616438
29734.631939 49.342871 327.616438
29357.915602 49.690486 327.616438
29993.230988 48.897810 327.616438
29443.609624 49.431354 327.616438
30256.553506 48.456605 327.616438
30741.651523 47.870695 327.616438
30700.998188 47.836385 327.616438
31196.381493 47.259639 327.616438
31336.752461 47.046448 327.616438
31661.494612 46.657526 327.616438
31437.846684 46.799636 327.616438
31397.438001 46.765013 327.616438
31540.268565 46.553621 327.616438
32056.320308 45.994830 327.616438
32203.776477 45.787368 327.616438
32733.509317 45.240529 327.616438
32885.591094 45.036953 327.616438
33429.005031 44.501878 327.616438
33783.617902 44.138346 327.616438
33545.695175 44.267121 327.616438
33902.669780 43.905459 327.616438
34062.919763 43.708515 327.616438
34023.049316 43.673394 327.616438
34795.224606 43.000348 327.616438
34961.281063 42.808073 327.616438
34921.557408 42.772890 327.616438
