97730.858350 58.607264 298.027397
97431.324339 58.701266 298.027397
97802.703934 58.472540 298.027397
97278.997809 58.673999 298.027397
97426.205289 58.552625 298.027397
96904.469249 58.754689 298.027397
97050.814135 58.633019 298.027397
96531.048180 58.835690 298.027397
96898.895768 58.605646 298.027397
96600.632514 58.700048 298.027397
70509.452222 -88.368927 298.027397
96007.061134 58.889729 298.027397
95275.520455 59.203625 298.027397
95855.550930 58.862409 298.027397
96000.333895 58.739995 298.027397
96591.776718 58.401484 298.027397
96516.164473 58.387680 298.027397
96217.283523 58.481932 298.027397
96365.062432 58.360038 298.027397
96066.263115 58.454322 298.027397
95547.027772 58.657549 298.027397
95693.040677 58.535093 298.027397
95840.038625 58.412824 298.027397
95764.712095 58.398970 298.027397
95912.735901 58.276852 298.027397
96286.942724 58.047149 298.027397
95986.540669 58.140984 298.027397
95463.814135 58.343444 298.027397
95166.326392 58.438146 298.027397
95313.610054 58.315615 298.027397
95238.569237 58.301684 298.027397
94499.306032 58.614579 298.027397
95311.919575 58.165326 298.027397
68723.126569 -89.549474 298.027397
95386.377404 58.029074 298.027397
94641.612106 58.340663 298.027397
95236.744751 58.000987 298.027397
94937.735901 58.095266 298.027397
95538.615537 57.756893 298.027397
95237.799867 57.850638 298.027397
94713.715493 58.053097 298.027397
94863.377404 57.930576 298.027397
94118.897820 58.242638 298.027397
94266.752911 58.119581 298.027397
93969.918228 58.214531 298.027397
94341.164473 57.982594 298.027397
94266.776718 57.968460 298.027397
93746.754963 58.172287 298.027397
94567.575378 57.723167 298.027397
94043.858350 57.925991 298.027397
94193.887608 57.803135 298.027397
93895.450187 57.897622 298.027397
94045.561077 57.774692 298.027397
93971.459037 57.760454 298.027397
93897.397812 57.746205 298.027397
93599.123656 57.840750 298.027397
93749.397812 57.717672 298.027397
93900.657010 57.594791 298.027397
93601.561077 57.689094 298.027397
93303.450187 57.783698 298.027397
93453.887608 57.660471 298.027397
93380.112098 57.646143 298.027397
93082.123656 57.740790 298.027397
93457.881500 57.508701 298.027397
93384.228439 57.494313 298.027397
93085.418220 57.588716 298.027397
93237.044765 57.465503 298.027397
93163.514153 57.451081 298.027397
93090.024357 57.436647 298.027397
92791.377404 57.531107 298.027397
92493.715493 57.625870 298.027397
92644.601894 57.502234 298.027397
92571.275363 57.487780 298.027397
92497.989649 57.473315 298.027397
92200.491003 57.568136 298.027397
92576.738643 57.335293 298.027397
92054.123656 57.539200 298.027397
91981.001208 57.524715 298.027397
91907.919575 57.510218 298.027397
91834.878759 57.495710 298.027397
91761.878759 57.481190 298.027397
91465.610054 57.576403 298.027397
91392.691686 57.561887 298.027397
91319.814135 57.547358 298.027397
91246.977401 57.532818 298.027397
91621.744751 57.298837 298.027397
91101.426380 57.503703 298.027397
91028.712095 57.489128 298.027397
91403.601894 57.254957 298.027397
90883.405972 57.459943 298.027397
91034.123656 57.335354 298.027397
91411.024357 57.101508 298.027397
91338.514153 57.086798 298.027397
91040.846792 57.181591 298.027397
91193.616194 57.057342 298.027397
90671.776718 57.262000 298.027397
90823.683526 57.137431 298.027397
90751.377404 57.122688 298.027397
90679.112098 57.107932 298.027397
90382.633861 57.203105 298.027397
89643.354303 57.519884 298.027397
90238.307330 57.173587 298.027397
90166.205289 57.158810 298.027397
89870.834544 57.254336 298.027397
89798.814135 57.239562 298.027397
89950.144065 57.114409 298.027397
88990.632563 57.542804 298.027397
89582.997809 57.195167 298.027397
89511.140666 57.180345 298.027397
88775.061134 57.498575 298.027397
89145.183535 57.261437 298.027397
89295.814135 57.135807 298.027397
89447.429779 57.010391 298.027397
89375.776718 56.995483 298.027397
89304.164473 56.980564 298.027397
89232.593044 56.965632 298.027397
88493.966548 57.283472 298.027397
89089.572636 56.935734 298.027397
88351.027772 57.253705 298.027397
88723.405972 57.016514 298.027397
88875.348146 56.890796 298.027397
88580.712095 56.986571 298.027397
88732.735901 56.860777 298.027397
88885.744751 56.735199 298.027397
87923.191037 57.164116 298.027397
88519.123656 56.815658 298.027397
88002.326392 57.022688 298.027397
88376.919575 56.785519 298.027397
88082.569237 56.881388 298.027397
88234.878759 56.755331 298.027397
88163.919575 56.740218 298.027397
87647.326392 56.947445 298.027397
88022.123656 56.709957 298.027397
87727.977401 56.805894 298.027397
87213.395119 57.013829 298.027397
87809.735901 56.664474 298.027397
87293.346800 56.871896 298.027397
87222.673330 56.856750 298.027397
87597.715493 56.618881 298.027397
85983.785761 57.388306 298.027397
86789.476752 56.923070 298.027397
60869.827228 -89.680863 298.027397
60797.941501 -89.840338 298.027397
60728.929269 -89.680493 298.027397
60657.125174 -89.840153 298.027397
60590.555141 -89.520190 298.027397
60516.472113 -89.839967 298.027397
60447.623146 -89.679751 298.027397
60375.982317 -89.839781 298.027397
60307.214983 -89.679378 298.027397
60235.655787 -89.839594 298.027397
60165.553746 -89.839501 298.027397
60095.492521 -89.839407 298.027397
60025.472113 -89.839314 298.027397
59955.492521 -89.839220 298.027397
59885.553746 -89.839126 298.027397
59815.655787 -89.839032 298.027397
59745.798644 -89.838938 298.027397
59677.398657 89.677691 298.027397
59613.288504 89.355024 298.027397
59537.888453 -89.677313 298.027397
59470.555141 -89.515693 298.027397
59400.902080 89.515409 298.027397
59395.025110 -88.061192 298.027397
59314.595079 -88.221609 298.027397
59235.150091 -88.382242 298.027397
59175.574671 -88.219520 298.027397
59087.241165 -88.542233 298.027397
59026.803152 -88.379388 298.027397
58898.023651 -88.215329 298.027397
58828.737936 -88.214278 298.027397
58473.007234 -88.371730 298.027397
58413.880793 -88.207946 298.027397
58355.739396 -88.043997 298.027397
58275.921610 -88.205825 298.027397
58138.125691 -88.203699 298.027397
58050.404431 -88.529269 298.027397
57990.578662 -88.364969 298.027397
57784.435805 -88.362055 298.027397
57736.576131 -88.033533 298.027397
57441.680703 -88.357174 298.027397
57383.166508 -88.191918 298.027397
57314.778753 -88.190839 298.027397
57257.290416 -88.025316 298.027397
57178.125691 -88.188678 298.027397
57109.860385 -88.187595 298.027397
56973.452222 -88.185426 298.027397
56916.167967 -88.019405 298.027397
56848.065927 -88.018219 298.027397
56769.146100 -88.182163 298.027397
56508.167967 -88.012265 298.027397
56429.452222 -88.176697 298.027397
56372.494498 -88.009874 298.027397
56293.860385 -88.174502 298.027397
56236.984294 -88.007476 298.027397
56148.517438 -88.338358 298.027397
56101.637355 -88.005073 298.027397
55618.350181 -88.163446 298.027397
55541.109274 -88.329294 298.027397
55406.578662 -88.327267 298.027397
55292.984294 -87.990533 298.027397
55205.088866 -88.324216 298.027397
55147.921610 -88.155627 298.027397
55070.966417 -88.322176 298.027397
55013.880793 -88.153381 298.027397
54928.037084 -88.488036 298.027397
54890.861845 -87.983183 298.027397
54803.211315 -88.318081 298.027397
54736.374581 -88.317054 298.027397
54690.351641 -87.979487 298.027397
54546.023651 -88.145475 298.027397
54460.465655 -88.481557 298.027397
54393.833002 -88.480628 298.027397
54336.211315 -88.310867 298.027397
54260.690145 -88.478764 298.027397
54213.064467 -88.139787 298.027397
54127.710553 -88.476896 298.027397
54070.252132 -88.306716 298.027397
54003.864376 -88.305676 298.027397
53937.517438 -88.304634 298.027397
53835.802829 -89.151609 298.027397
53769.537523 -89.151087 298.027397
53738.721519 -88.301500 298.027397
53632.880341 -89.320013 298.027397
53627.167967 -87.959548 298.027397
53561.065927 -87.958289 298.027397
53495.004702 -87.957028 298.027397
53408.211315 -88.296251 298.027397
53342.231723 -88.295197 298.027397
53259.296874 -88.635169 298.027397
53201.424839 -88.463691 298.027397
53154.452222 -88.121348 298.027397
53078.721519 -88.290969 298.027397
53022.860385 -88.119017 298.027397
52957.125691 -88.117850 298.027397
52872.547288 -88.458919 298.027397
52825.778753 -88.115511 298.027397
52760.166508 -88.114339 298.027397
52675.710553 -88.456042 298.027397
52639.923069 -87.940495 298.027397
52574.433274 -87.939212 298.027397
52471.215242 -88.624955 298.027397
52443.576131 -87.936642 298.027397
52348.465655 -88.451222 298.027397
52292.109274 -88.278159 298.027397
52202.745789 -88.793773 298.027397
52152.608512 -88.448316 298.027397
52096.374581 -88.274927 298.027397
52041.125691 -88.101352 298.027397
51957.118716 -88.445399 298.027397
51921.780212 -87.926295 298.027397
51835.966417 -88.270598 298.027397
51761.996267 -88.442471 298.027397
51706.007234 -88.268425 298.027397
51610.873625 -88.960199 298.027397
51559.215242 -88.612845 298.027397
51511.374581 -88.265156 298.027397
51429.582589 -88.611098 298.027397
51364.827487 -88.610222 298.027397
51286.894033 -88.956920 298.027397
51243.465655 -88.434608 298.027397
51178.833002 -88.433620 298.027397
51106.215242 -88.606710 298.027397
51041.664221 -88.605829 298.027397
50994.150091 -88.256377 298.027397
50912.684630 -88.604064 298.027397
50865.252132 -88.254169 298.027397
50783.868303 -88.602294 298.027397
50736.517438 -88.251955 298.027397
50655.215242 -88.600520 298.027397
50607.946009 -88.249735 298.027397
50519.643749 -88.773841 298.027397
50455.460075 -88.773061 298.027397
50398.398915 -88.596958 298.027397
50342.322798 -88.420657 298.027397
50257.016482 -88.946285 298.027397
50223.211315 -88.243041 298.027397
50129.016482 -88.944941 298.027397
50071.215177 -88.768362 298.027397
50001.179747 -88.943593 298.027397
49943.460075 -88.766787 298.027397
49879.643749 -88.765999 298.027397
49849.860385 -88.060055 298.027397
49759.215242 -88.587973 298.027397
49703.547288 -88.410538 298.027397
49624.786606 -88.762834 298.027397
49555.036890 -88.938847 298.027397
49491.465461 -88.938166 298.027397
49427.934849 -88.937484 298.027397
49359.251808 -89.113969 298.027397
49300.996073 -88.936117 298.027397
49250.807078 -88.580703 298.027397
49174.220563 -88.934746 298.027397
49117.031504 -88.756454 298.027397
49060.827487 -88.577957 298.027397
48990.500891 -88.754849 298.027397
48921.159339 -88.931994 298.027397
48871.215242 -88.575200 298.027397
48794.873625 -88.930613 298.027397
48737.929463 -88.751626 298.027397
48689.996267 -88.394075 298.027397
48618.970344 -88.571508 298.027397
48564.037084 -88.391993 298.027397
48501.118716 -88.390951 298.027397
48430.215242 -88.568726 298.027397
48360.296810 -88.746761 298.027397
48312.608512 -88.387814 298.027397
48241.827487 -88.565934 298.027397
48187.139125 -88.385715 298.027397
48133.435805 -88.205294 298.027397
48091.576131 -87.845260 298.027397
48028.984294 -87.843856 298.027397
47936.690145 -88.381503 298.027397
47859.072320 -88.740215 298.027397
47796.602932 -88.739391 298.027397
47741.256058 -88.558434 298.027397
47716.637355 -87.836807 298.027397
47654.290416 -87.835392 298.027397
47591.984294 -87.833975 298.027397
47529.718988 -87.832556 298.027397
47446.721519 -88.192349 298.027397
47405.310825 -87.829712 298.027397
47155.269427 -89.456113 298.027397
47096.553810 -89.274357 298.027397
47012.292948 -88.184013 298.027397
46950.394989 -88.182816 298.027397
46841.798644 89.818101 298.027397
46779.982317 -89.817981 298.027397
46719.623146 89.635725 298.027397
46656.472113 89.817740 298.027397
46632.547288 -88.359021 298.027397
46532.653061 90.000000 298.027397
46539.025110 -87.809597 298.027397
46466.595079 -87.990644 298.027397
46386.179941 -88.354668 298.027397
46288.337432 89.634032 298.027397
46232.553810 89.267608 298.027397
46171.145647 89.267121 298.027397
46106.473508 89.449962 298.027397
46071.113201 -88.532531 298.027397
46017.853410 -88.348095 298.027397
45965.578662 -88.163446 298.027397
45887.378507 -88.529596 298.027397
45800.249018 89.448126 298.027397
45746.680380 89.079647 298.027397
45696.929463 88.710751 298.027397
45629.751176 88.894141 298.027397
45581.970344 88.524677 298.027397
45521.011160 88.523689 298.027397
45453.011095 88.707296 298.027397
45376.553810 89.260732 298.027397
45365.288957 -87.966390 298.027397
45304.493038 -87.965025 298.027397
45254.596539 -87.778715 298.027397
45193.882253 -87.777222 298.027397
45103.465655 -88.331429 298.027397
45072.576131 -87.774232 298.027397
44974.215242 -88.514740 298.027397
44951.433274 87.771233 298.027397
44902.725898 87.584087 298.027397
44819.595079 -87.954042 298.027397
44749.252132 -88.138645 298.027397
44698.778753 -87.951278 298.027397
44661.093245 87.577556 298.027397
44613.534178 87.389699 298.027397
44528.718988 87.760674 298.027397
44480.297327 87.572635 298.027397
44408.310825 87.757638 298.027397
44386.409133 87.195953 298.027397
44277.207324 -87.941544 298.027397
44266.245867 87.192147 298.027397
44236.440701 86.816330 298.027397
44146.245867 87.188330 298.027397
44116.522334 86.812002 298.027397
44056.624375 86.809833 298.027397
44013.291192 86.620300 298.027397
43936.950905 86.805487 298.027397
43929.579955 86.240684 298.027397
43851.432848 86.425716 298.027397
43829.508023 86.047916 298.027397
43732.085909 86.420835 298.027397
43672.473664 86.418390 298.027397
43612.902236 86.415942 298.027397
43591.140676 86.037108 298.027397
43370.660295 -88.109283 298.027397
43302.241165 -88.297069 298.027397
43393.437098 86.217498 298.027397
43417.161666 85.460786 298.027397
43357.835135 85.457676 298.027397
43255.115011 85.831952 298.027397
43217.115205 85.640218 298.027397
43180.100441 85.448317 298.027397
43120.937176 85.445189 298.027397
43084.948271 85.252993 298.027397
43025.866639 85.249727 298.027397
43041.891814 84.679132 298.027397
42982.891814 84.675471 298.027397
42897.966406 84.861060 298.027397
42839.048039 84.857518 298.027397
42707.937176 85.423172 298.027397
42721.333753 84.850419 298.027397
42688.504058 84.657090 298.027397
42656.659406 84.463615 298.027397
42625.799796 84.269997 298.027397
42512.361201 84.646001 298.027397
42508.493674 84.262070 298.027397
42395.136711 84.638582 298.027397
42391.350817 84.254121 298.027397
42391.382644 83.869642 298.027397
42332.913256 83.865394 298.027397
42161.177528 84.623683 298.027397
42216.096929 83.856880 298.027397
42099.207960 84.234151 298.027397
42099.443868 83.848342 298.027397
42071.865917 83.653237 298.027397
42045.273008 83.458007 298.027397
42053.185176 83.072005 298.027397
41995.042319 83.067188 298.027397
41808.525501 83.826893 298.027397
41878.879054 83.057532 298.027397
41890.731392 82.670821 298.027397
41797.343314 82.856703 298.027397
41671.420244 83.234432 298.027397
41647.042319 83.038140 298.027397
41659.057923 82.650357 298.027397
41601.241596 82.645224 298.027397
41617.115738 82.257302 298.027397
41485.731392 82.634935 298.027397
41539.928332 82.055084 298.027397
41482.275270 82.049529 298.027397
41349.124921 82.427449 298.027397
41367.091597 82.038396 298.027397
41388.875994 81.649531 298.027397
41372.460043 81.452189 298.027397
41194.622209 82.021639 298.027397
41176.399438 81.823909 298.027397
41242.253623 81.242516 298.027397
41227.889390 81.044751 298.027397
41170.603675 81.038472 298.027397
41070.396481 81.224069 298.027397
41100.061219 80.834075 298.027397
41042.897954 80.827639 298.027397
41076.421230 80.437676 298.027397
41019.339597 80.430963 298.027397
40962.298781 80.424240 298.027397
40814.653056 80.801806 298.027397
40848.339597 80.410766 298.027397
40791.421230 80.404015 298.027397
40734.543679 80.397254 298.027397
40820.757229 79.814120 298.027397
40715.333656 79.998976 298.027397
40707.206209 79.799772 298.027397
40750.579912 79.408713 298.027397
40693.906442 79.401256 298.027397
40537.185801 79.778174 298.027397
40530.165845 79.578513 298.027397
40524.130932 79.378820 298.027397
40519.081061 79.179099 298.027397
40411.151340 79.363811 298.027397
40458.587662 78.971577 298.027397
40455.548693 78.771677 298.027397
40345.852968 78.955987 298.027397
40342.895632 78.755807 298.027397
40233.281540 78.940353 298.027397
40177.057050 78.932519 298.027397
38652.129359 -88.998730 298.027397
40458.000775 77.572183 298.027397
40461.857105 77.372297 298.027397
40528.545300 76.981759 298.027397
40349.775472 77.354481 298.027397
38364.269427 -89.397008 298.027397
38308.330651 -89.396568 298.027397
38278.398915 -88.390037 298.027397
38196.575549 -89.395686 298.027397
38140.759222 -89.395244 298.027397
38082.623146 -89.596526 298.027397
38026.888453 -89.596230 298.027397
37971.194575 -89.595934 298.027397
37917.902080 -89.393469 298.027397
37862.289835 -89.393024 298.027397
44600.898782 67.019340 298.027397
44545.368170 67.004199 298.027397
44718.381140 66.646330 298.027397
44548.208664 66.802199 298.027397
44839.803668 66.274314 298.027397
44552.156650 66.600214 298.027397
44965.166366 65.903321 298.027397
44909.880652 65.887552 298.027397
44974.080382 65.702345 298.027397
45282.875541 65.180664 298.027397
45350.933808 64.996741 298.027397
45419.977118 64.813096 298.027397
45490.005471 64.629731 298.027397
45815.959969 64.114783 298.027397
45889.846859 63.932765 298.027397
45578.058121 64.247210 298.027397
45651.082418 64.064610 298.027397
45596.204867 64.047845 298.027397
46598.901593 62.719281 298.027397
46680.546376 62.539972 298.027397
47180.996341 61.879288 298.027397
47126.282055 61.861516 298.027397
47212.770419 61.683982 298.027397
47587.288621 61.189556 298.027397
47532.696784 61.171464 298.027397
47191.100967 61.470825 298.027397
36373.827228 -89.587157 298.027397
36321.718406 -89.380285 298.027397
36264.929269 -89.586538 298.027397
36216.206872 -89.172498 298.027397
36154.778236 -89.792955 298.027397
49109.550027 59.023071 298.027397
48899.015268 59.156659 298.027397
48381.647775 59.598588 298.027397
48174.971554 59.734418 298.027397
49367.207419 58.491480 298.027397
49313.105378 58.472216 298.027397
49099.942021 58.604341 298.027397
49687.995500 57.982183 298.027397
49960.718210 57.664093 298.027397
49742.956170 57.793604 298.027397
50350.016625 57.180345 298.027397
50129.503539 57.308297 298.027397
50242.343155 57.140761 298.027397
50694.200831 56.680406 298.027397
50982.276060 56.369101 298.027397
50928.582182 56.349014 298.027397
50533.119199 56.620402 298.027397
50821.316876 56.308775 298.027397
50767.745447 56.288624 298.027397
51059.801663 55.978665 298.027397
51531.773805 55.527271 298.027397
51302.226620 55.650106 298.027397
51248.818457 55.629705 298.027397
51548.591748 55.323108 298.027397
51673.251876 55.160198 298.027397
51088.838865 55.568374 298.027397
51211.692173 55.404437 298.027397
51335.530523 55.240894 298.027397
51460.353916 55.077746 298.027397
51766.037463 54.773404 298.027397
51893.775168 54.611508 298.027397
51840.734352 54.590689 298.027397
51606.915014 54.711056 298.027397
51916.538732 54.408239 298.027397
52046.328154 54.247031 298.027397
51993.450603 54.226057 298.027397
52308.862127 53.925825 298.027397
51342.527259 54.606714 298.027397
52018.714864 54.023075 298.027397
51599.640772 54.282410 298.027397
51913.327109 53.980867 298.027397
52230.831168 53.681151 298.027397
52364.724026 53.521348 298.027397
51940.147842 53.777791 298.027397
52073.178107 53.617418 298.027397
52207.193414 53.457456 298.027397
52154.764843 53.436115 298.027397
52289.806009 53.276512 298.027397
52237.459070 53.255098 298.027397
52373.526096 53.095857 298.027397
52132.887642 53.212205 298.027397
52458.353674 52.915491 298.027397
52216.852626 53.031330 298.027397
52544.288744 52.735420 298.027397
52301.925102 52.850748 298.027397
52060.546504 52.966610 298.027397
51446.239331 53.360548 298.027397
52145.863878 52.785810 298.027397
52284.186703 52.627047 298.027397
52042.027143 52.742410 298.027397
52180.431601 52.583546 298.027397
51749.036300 52.836586 298.027397
51697.260789 52.814839 298.027397
51834.843470 52.655351 298.027397
51405.459070 52.909535 298.027397
51731.496531 52.611691 298.027397
51679.884286 52.589828 298.027397
52009.780285 52.293788 298.027397
51576.782245 52.546037 298.027397
51715.554050 52.386722 298.027397
52047.460950 52.091434 298.027397
51996.052787 52.069380 298.027397
51561.329560 52.320722 298.027397
51701.208856 52.161688 298.027397
52035.167474 51.867083 298.027397
51983.922576 51.844916 298.027397
51547.474162 52.095343 298.027397
51688.460950 51.936595 298.027397
52024.471286 51.642683 298.027397
51973.389653 51.620402 298.027397
51535.216052 51.869907 298.027397
51677.310331 51.711450 298.027397
51626.351147 51.689129 298.027397
51575.432780 51.666786 298.027397
51524.555229 51.644421 298.027397
51667.757000 51.486260 298.027397
51616.961082 51.463826 298.027397
51566.205980 51.441370 298.027397
51128.358909 51.691100 298.027397
51464.818225 51.396391 298.027397
51027.052787 51.646176 298.027397
50976.460950 51.623680 298.027397
51313.042714 51.328757 298.027397
51262.532510 51.306167 298.027397
50824.930338 51.556060 298.027397
51356.617283 51.125421 298.027397
50917.208290 51.374308 298.027397
51060.899857 51.215588 298.027397
51010.593735 51.192887 298.027397
51155.311161 51.034569 298.027397
51497.884814 50.742114 298.027397
51645.516551 50.585187 298.027397
51595.373694 50.562308 298.027397
51744.031290 50.405787 298.027397
51297.395018 50.650637 298.027397
51445.190020 50.493536 298.027397
51000.523833 50.739481 298.027397
50950.585058 50.716532 298.027397
51494.133331 50.290842 298.027397
51245.516551 50.401528 298.027397
50801.013629 50.647553 298.027397
51344.684351 50.221607 298.027397
51294.949657 50.198484 298.027397
51046.496143 50.309161 298.027397
51195.602719 50.152170 298.027397
50552.544241 50.532135 298.027397
50502.972813 50.508983 298.027397
50650.313385 50.350859 298.027397
49625.909929 51.007779 298.027397
50551.374609 50.304400 298.027397
50501.966446 50.281137 298.027397
50452.599099 50.257851 298.027397
50206.401384 50.369595 298.027397
49961.188712 50.481888 298.027397
50107.870772 50.322950 298.027397
50255.537875 50.164478 298.027397
50206.374609 50.141077 298.027397
49764.454018 50.388498 298.027397
49520.389653 50.501336 298.027397
49862.258527 50.205935 298.027397
49228.310331 50.591322 298.027397
50158.985939 49.889029 298.027397
49912.252160 50.000193 298.027397
50061.190020 49.841890 298.027397
50211.112923 49.684060 298.027397
50362.020868 49.526701 298.027397
49716.986854 49.905809 298.027397
50064.847617 49.613055 298.027397
49817.414510 49.723642 298.027397
50367.893447 49.298568 298.027397
49720.190020 49.676181 298.027397
50270.750590 49.250955 298.027397
50021.592296 49.360416 298.027397
49973.122909 49.336569 298.027397
49924.694337 49.312699 298.027397
49280.027671 49.692087 298.027397
50028.607733 49.131520 298.027397
50384.430469 48.842399 298.027397
50133.628621 48.950719 298.027397
49883.811815 49.059582 298.027397
49435.276188 49.302963 298.027397
49787.485284 49.011507 298.027397
49538.735154 49.120901 298.027397
49290.970066 49.230844 298.027397
48846.374609 49.476469 298.027397
49194.970066 49.182648 298.027397
49147.031290 49.158514 298.027397
49099.133331 49.134357 298.027397
48261.902997 49.652070 298.027397
48804.700224 49.220639 298.027397
47777.289923 49.878115 298.027397
48314.503425 49.443243 298.027397
47875.899857 49.692319 298.027397
48219.156486 49.394771 298.027397
47780.634551 49.643872 298.027397
47539.024617 49.757156 298.027397
47298.399725 49.871016 298.027397
47833.025446 49.434001 298.027397
47011.310897 49.961183 298.027397
47738.168303 49.385276 298.027397
46725.329560 50.051900 298.027397
47448.491694 49.473548 298.027397
47014.073195 49.725036 298.027397
46966.828297 49.700621 298.027397
46919.624215 49.676181 298.027397
46872.460950 49.651716 298.027397
46825.338501 49.627226 298.027397
46971.351147 49.464375 298.027397
46924.310331 49.439817 298.027397
47071.348837 49.277431 298.027397
47415.299343 48.978865 298.027397
47172.454018 49.090885 298.027397
46543.460950 49.479771 298.027397
46883.757000 49.178783 298.027397
46449.828297 49.430421 298.027397
46403.073195 49.405709 298.027397
45973.003029 49.659712 298.027397
45736.067959 49.775248 298.027397
46263.052787 49.331423 298.027397
46216.460950 49.306611 298.027397
46363.004209 49.143198 298.027397
46510.532510 48.980302 298.027397
46270.024617 49.093413 298.027397
46417.634551 48.930434 298.027397
46177.208290 49.043528 298.027397
46324.899857 48.880465 298.027397
46473.576467 48.717923 298.027397
46232.328429 48.830397 298.027397
46186.103939 48.805325 298.027397
46334.902997 48.642660 298.027397
45706.644623 49.032021 298.027397
45660.542582 49.006907 298.027397
45614.481358 48.981768 298.027397
45761.555229 48.817803 298.027397
45522.481358 48.931412 298.027397
45669.636862 48.767364 298.027397
45817.777408 48.603844 298.027397
45771.920265 48.578546 298.027397
45726.103939 48.553221 298.027397
45875.311161 48.390151 298.027397
45055.310897 48.919242 298.027397
45588.899857 48.477097 298.027397
45543.246796 48.451671 298.027397
45303.596045 48.564590 298.027397
45258.024617 48.539128 298.027397
45797.442200 48.100215 298.027397
45361.042714 48.349713 298.027397
45510.576467 48.186324 298.027397
44499.696907 48.855939 298.027397
44837.685440 48.550489 298.027397
44409.003029 48.804828 298.027397
44747.073195 48.499261 298.027397
44128.210817 48.894521 298.027397
44273.268335 48.727966 298.027397
44228.105070 48.702292 298.027397
43803.403647 48.959120 298.027397
43569.948866 49.075627 298.027397
43524.908050 49.049926 298.027397
43292.479128 49.167049 298.027397
42875.494781 49.428909 298.027397
42645.980171 49.547938 298.027397
42052.979250 49.960297 298.027397
41468.517182 50.378470 298.027397
41245.734605 50.502082 298.027397
40847.838865 50.776939 298.027397
40979.222785 50.600713 298.027397
38069.294594 53.225587 298.027397
38347.587337 52.878501 298.027397
38141.060689 53.013939 298.027397
38585.146781 52.508594 298.027397
38540.636577 52.483218 298.027397
38660.934680 52.299056 298.027397
38616.506108 52.273584 298.027397
38407.350863 52.406913 298.027397
38036.301623 52.701202 298.027397
35810.832736 54.992459 298.027397
35766.567430 54.967630 298.027397
35722.342940 54.942770 298.027397
35529.443624 55.088794 298.027397
35485.300767 55.063927 298.027397
35441.198726 55.039029 298.027397
35545.853144 54.843023 298.027397
34338.545929 56.207266 298.027397
34436.672396 56.006428 298.027397
34250.627561 56.158068 298.027397
34206.729602 56.133422 298.027397
32926.408113 57.729819 298.027397
32749.927991 57.889610 298.027397
32574.432911 58.050262 298.027397
32270.091757 58.398059 298.027397
31716.515675 59.127098 298.027397
23329.206872 -88.968951 298.027397
23295.036890 -88.452189 298.027397
23291.595079 -87.161320 298.027397
22771.921610 -87.129085 298.027397
22718.966417 -87.387226 298.027397
25214.046725 71.324437 298.027397
25607.320094 69.909539 298.027397
25874.107954 68.972609 298.027397
27221.131524 65.388908 298.027397
27369.028503 64.935601 298.027397
29556.967229 60.555217 298.027397
29866.880652 59.936802 298.027397
31061.102826 57.979893 298.027397
32488.117600 55.918322 298.027397
32445.484947 55.892858 298.027397
33838.117093 54.095595 298.027397
36125.444480 51.552910 298.027397
36740.115784 50.882917 298.027397
38759.836646 48.994608 298.027397
40353.280147 47.636700 298.027397
43812.083530 45.108036 298.027397
45213.930725 44.162683 298.027397
45381.714955 44.006370 298.027397
45550.484228 43.850634 298.027397
45508.259738 43.822965 298.027397
45678.054870 43.667787 298.027397
46493.269498 43.136055 298.027397
46235.411746 43.233460 298.027397
46625.806169 42.956074 298.027397
46583.785761 42.928319 298.027397
46325.106233 43.025051 298.027397
46283.167457 42.997237 298.027397
45810.702303 43.220140 298.027397
44499.805006 43.958688 298.027397
45727.028833 43.164353 298.027397
45471.386065 43.262652 298.027397
45643.518629 43.108464 298.027397
45816.636236 42.954857 298.027397
45774.983175 42.926857 298.027397
45733.370930 42.898832 298.027397
45476.988017 42.996378 298.027397
45650.268889 42.842705 298.027397
45824.534804 42.689615 298.027397
45999.785761 42.537107 298.027397
45958.377598 42.508974 298.027397
46353.242804 42.233836 298.027397
46751.925731 41.961043 298.027397
46710.640017 41.932882 298.027397
46669.395119 41.904695 298.027397
47071.977401 41.634233 298.027397
46808.448841 41.726849 298.027397
47213.001208 41.457552 298.027397
46726.244759 41.670329 298.027397
45805.185027 42.130945 298.027397
46202.306032 41.856976 298.027397
44858.314548 42.572393 298.027397
45464.663312 42.169396 298.027397
44776.518629 42.515421 298.027397
45382.949027 42.112442 298.027397
45125.453171 42.208136 298.027397
44654.130874 42.429769 298.027397
45043.983784 42.151003 298.027397
45003.310314 42.122398 298.027397
44746.921950 42.218524 298.027397
44706.330114 42.189854 298.027397
44881.534804 42.036428 298.027397
44841.024600 42.007719 298.027397
44800.555212 41.978985 298.027397
44976.826578 41.826132 298.027397
44289.171691 42.171401 298.027397
44248.824752 42.142563 298.027397
44855.785761 41.739736 298.027397
44815.520455 41.710886 298.027397
44558.596028 41.806032 298.027397
43449.076065 42.406276 298.027397
43197.898629 42.504935 298.027397
42738.560108 42.733077 298.027397
19319.547288 -87.450042 298.027397
19298.778753 -86.881197 298.027397
19259.166508 -86.877988 298.027397
19209.680703 -87.158395 298.027397
19034.807078 -87.716629 298.027397
18995.439732 -87.714263 298.027397
18949.031504 -87.997656 298.027397
18924.853410 -87.423570 298.027397
18877.582589 -87.707135 298.027397
18819.966094 -88.565001 298.027397
18799.215242 -87.702359 298.027397
18753.011095 -87.987214 298.027397
18738.007234 -87.122823 298.027397
18681.970344 -87.695156 298.027397
18650.996267 -87.404711 298.027397
197719.964271 17.848201 298.027397
198846.221164 17.776611 298.027397
199976.295778 17.705425 298.027397
198768.506878 17.741645 298.027397
18422.616365 -89.129822 298.027397
18396.608318 -88.258213 298.027397
18341.370072 -89.709309 298.027397
18304.112942 -89.418019 298.027397
18265.480289 -89.417404 298.027397
18225.000000 90.000000 298.027397
18209.582524 -87.957389 298.027397
18147.938776 90.000000 298.027397
18109.469388 90.000000 298.027397
18071.040816 90.000000 298.027397
18033.125174 89.706835 298.027397
17994.778236 -89.706523 298.027397
17967.802829 -88.531359 298.027397
17918.206807 -89.705896 298.027397
17879.510204 90.000000 298.027397
17841.798644 -89.705267 298.027397
17805.072126 -89.409919 298.027397
17769.330651 89.113969 298.027397
17727.020408 90.000000 298.027397
17689.472113 -89.704001 298.027397
17651.492521 -89.703683 298.027397
17613.553746 89.703364 298.027397
17803.686439 83.495008 298.027397
17809.263706 82.901846 298.027397
17843.680692 82.016868 298.027397
17733.671870 82.886656 298.027397
17768.170488 81.999812 298.027397
17705.454613 82.284236 298.027397
17667.801552 82.275969 298.027397
17606.111537 82.561685 298.027397
17545.406564 82.848395 298.027397
17507.875951 82.840694 298.027397
17595.496141 81.360474 298.027397
17558.047161 81.351195 298.027397
17418.662557 82.521541 298.027397
17358.161666 82.809724 298.027397
17594.660763 79.856091 298.027397
17589.950857 79.553027 298.027397
17552.705959 79.541824 298.027397
17583.486171 78.946696 298.027397
17297.047161 81.285683 298.027397
17735.814770 77.182089 298.027397
17698.733137 77.168440 298.027397
17544.136146 78.024144 298.027397
17176.656939 80.950916 298.027397
17326.654564 79.168699 298.027397
17074.924712 81.228741 298.027397
17038.047161 81.219179 298.027397
17001.210426 81.209596 298.027397
16937.504058 81.498930 298.027397
16874.782733 81.789345 298.027397
16498.146978 -89.080466 298.027397
16469.027319 -88.465971 298.027397
16421.063950 -89.692782 298.027397
16441.125691 -86.620718 298.027397
16347.921093 89.692095 298.027397
16310.938776 90.000000 298.027397
16286.272217 88.457386 298.027397
16245.594627 88.764418 298.027397
16248.864376 86.910098 298.027397
16233.290416 86.289544 298.027397
192378.754163 16.831081 298.027397
192342.488857 16.813217 298.027397
195784.794074 16.641096 298.027397
196331.670143 16.597953 298.027397
197464.479451 16.529687 298.027397
194513.078695 16.638877 298.027397
16120.222308 83.474425 298.027397
16046.432848 84.084631 298.027397
16089.768266 82.843040 298.027397
16076.018808 82.526918 298.027397
16087.332164 81.903011 298.027397
16102.463242 81.279617 298.027397
16121.412041 80.656882 298.027397
16085.636531 80.646405 298.027397
16022.047161 80.942780 298.027397
16103.437345 79.707075 298.027397
16099.415865 79.390269 298.027397
16164.363722 78.465317 298.027397
15996.600611 79.672385 298.027397
16202.319819 77.530447 298.027397
16129.533084 77.819201 298.027397
16208.807601 76.898816 298.027397
16213.529056 76.583114 298.027397
16219.235553 76.267514 298.027397
16225.927093 75.952034 298.027397
16277.510199 75.337769 298.027397
16198.358777 75.620740 298.027397
16297.706944 74.708629 298.027397
16356.966309 74.097898 298.027397
16420.043396 73.489447 298.027397
16486.938204 72.883398 298.027397
16504.301948 72.571777 298.027397
16576.943747 71.969261 298.027397
16597.221802 71.659018 298.027397
16618.484900 71.349164 298.027397
16698.802958 70.751592 298.027397
16782.938737 70.156955 298.027397
16870.892239 69.565358 298.027397
16962.663462 68.976904 298.027397
16927.949176 68.954336 298.027397
16893.275706 68.931721 298.027397
17123.026419 67.786188 298.027397
17226.291622 67.207225 298.027397
17191.740602 67.183041 298.027397
17371.097656 66.332955 298.027397
17483.927572 65.762714 298.027397
17600.575209 65.196203 298.027397
17643.141898 64.901306 298.027397
17765.536526 64.340299 298.027397
17731.230403 64.313682 298.027397
17776.752220 64.020980 298.027397
17987.554456 63.202595 298.027397
18036.934811 62.913465 298.027397
18172.752688 62.365800 298.027397
18312.388288 61.822270 298.027397
18366.612223 61.537686 298.027397
18332.591815 61.508876 298.027397
18478.015221 60.971068 298.027397
18627.256348 60.437531 298.027397
18780.315197 59.908306 298.027397
18841.352798 59.630255 298.027397
18903.375442 59.353110 298.027397
18869.599931 59.322736 298.027397
19329.223482 58.074916 298.027397
19194.969503 58.284847 298.027397
19261.876543 58.012542 298.027397
19535.609960 57.264806 298.027397
19296.197197 57.709738 298.027397
19784.351618 56.495539 298.027397
19750.861822 56.463389 298.027397
20601.208664 54.602564 298.027397
20682.523997 54.346452 298.027397
20534.433154 54.536391 298.027397
20848.109790 53.837267 298.027397
20698.212127 54.024617 298.027397
21017.635754 53.332157 298.027397
20865.931271 53.516924 298.027397
21070.713035 53.047268 298.027397
21037.590586 53.013344 298.027397
21368.508194 52.334277 298.027397
21707.964655 51.665777 298.027397
21425.688910 52.053036 298.027397
22023.000785 50.973075 298.027397
22118.969308 50.732783 298.027397
22215.922874 50.493536 298.027397
22313.861483 50.255336 298.027397
22412.785134 50.018185 298.027397
22380.030032 49.983029 298.027397
22613.587564 49.547033 298.027397
22850.962818 49.115552 298.027397
22818.330165 49.080086 298.027397
23059.563956 48.652983 298.027397
23728.100967 47.658510 298.027397
23838.641048 47.434336 298.027397
23806.171661 47.398452 298.027397
24062.676338 46.989113 298.027397
23885.349845 47.139251 298.027397
24143.824609 46.731981 298.027397
23820.696784 47.067103 298.027397
24373.851787 46.292878 298.027397
24490.342940 46.074887 298.027397
