124903.638713 56.784619 41.589041
124230.851357 56.975317 41.589041
124718.746133 56.756817 41.589041
124046.056637 56.947582 41.589041
123953.732673 56.933699 41.589041
123572.997244 57.022548 41.589041
124058.823870 56.803376 41.589041
123677.054365 56.891987 41.589041
123874.518456 56.775493 41.589041
123782.439145 56.761536 41.589041
123690.408764 56.747569 41.589041
123889.151582 56.631197 41.589041
123216.902462 56.822260 41.589041
124290.179820 56.399015 41.589041
124198.345162 56.384943 41.589041
122652.938089 56.883263 41.589041
124014.822636 56.356766 41.589041
123630.146627 56.444702 41.589041
123538.507691 56.430608 41.589041
123155.061480 56.518829 41.589041
123648.364751 56.300286 41.589041
123263.884464 56.388265 41.589041
123465.429391 56.271984 41.589041
121920.413763 56.771083 41.589041
122407.121138 56.550933 41.589041
120030.780274 57.367173 41.589041
122807.157697 56.317483 41.589041
123303.067354 56.099037 41.589041
122917.797645 56.186825 41.589041
122826.696944 56.172595 41.589041
123029.765252 56.056285 41.589041
122644.642334 56.144103 41.589041
122553.688425 56.129841 41.589041
122462.783446 56.115569 41.589041
122371.927398 56.101286 41.589041
122281.120280 56.086993 41.589041
122190.362093 56.072688 41.589041
122099.652836 56.058374 41.589041
122008.992510 56.044048 41.589041
121918.381115 56.029712 41.589041
121534.830508 56.117889 41.589041
121737.305115 56.001008 41.589041
121646.840511 55.986640 41.589041
83592.243997 88.011097 41.589041
120590.489479 56.266435 41.589041
120210.579334 56.355471 41.589041
118406.527120 56.966746 41.589041
120902.263307 56.017308 41.589041
121399.200505 55.797766 41.589041
121014.958337 55.885764 41.589041
118897.738850 56.595673 41.589041
120834.860947 55.856846 41.589041
121039.005726 55.739847 41.589041
120949.079358 55.725341 41.589041
120859.201920 55.710823 41.589041
120475.253335 55.798880 41.589041
120385.473758 55.784361 41.589041
119420.174496 56.079214 41.589041
119330.492780 56.064736 41.589041
118951.267663 56.153921 41.589041
119733.856614 55.829117 41.589041
119061.741216 56.021239 41.589041
118682.662890 56.110455 41.589041
117446.175861 56.513512 41.589041
81737.277209 87.686895 41.589041
119286.671299 55.756247 41.589041
117178.158254 56.470178 41.589041
118235.966879 56.037792 41.589041
119311.935417 55.609291 41.589041
118929.803795 55.697754 41.589041
118840.709246 55.683104 41.589041
118751.663627 55.668442 41.589041
118955.655080 55.550584 41.589041
118866.707322 55.535880 41.589041
118484.820353 55.624392 41.589041
118688.958597 55.506439 41.589041
117724.589015 55.802272 41.589041
118218.417453 55.580242 41.589041
118422.702490 55.462195 41.589041
118628.168393 55.344352 41.589041
117952.454929 55.535992 41.589041
117863.898615 55.521221 41.589041
117775.391232 55.506437 41.589041
117104.352305 55.699237 41.589041
117306.667052 55.580526 41.589041
117218.306460 55.565731 41.589041
117714.839145 55.343722 41.589041
116751.007799 55.640114 41.589041
117538.362614 55.313993 41.589041
117157.209603 55.402644 41.589041
117362.081806 55.284219 41.589041
116981.026655 55.372889 41.589041
117185.996719 55.254400 41.589041
117098.027571 55.239474 41.589041
117304.227432 55.121163 41.589041
117216.356145 55.106194 41.589041
117128.533789 55.091214 41.589041
116453.652145 55.283352 41.589041
116658.915791 55.164675 41.589041
116278.252085 55.253417 41.589041
116483.613593 55.134677 41.589041
116396.035889 55.119661 41.589041
116308.507116 55.104633 41.589041
116221.027274 55.089595 41.589041
116427.716440 54.970971 41.589041
116340.334459 54.955889 41.589041
115958.881330 55.044410 41.589041
116165.717287 54.925693 41.589041
116078.482098 54.910578 41.589041
115991.295838 54.895451 41.589041
115317.050290 55.087962 41.589041
115522.950034 54.968876 41.589041
115142.922424 55.057732 41.589041
115055.931887 55.042599 41.589041
114968.990280 55.027455 41.589041
115175.085746 54.908244 41.589041
114503.397653 55.101475 41.589041
115001.447185 54.877859 41.589041
114914.701300 54.862649 41.589041
114828.004346 54.847428 41.589041
114741.356323 54.832195 41.589041
114654.757230 54.816951 41.589041
114568.207067 54.801695 41.589041
114481.705835 54.786428 41.589041
114395.253534 54.771149 41.589041
114308.850163 54.755859 41.589041
114516.615800 54.636549 41.589041
114430.310290 54.621216 41.589041
114344.053711 54.605872 41.589041
114257.846062 54.590516 41.589041
114171.687344 54.575148 41.589041
114085.577556 54.559769 41.589041
113999.516699 54.544378 41.589041
113913.504772 54.528975 41.589041
120265.540708 52.387742 41.589041
120179.626642 52.371965 41.589041
120093.761507 52.356176 41.589041
120007.945302 52.340376 41.589041
119287.528482 52.522123 41.589041
120155.482362 52.210342 41.589041
120069.812949 52.194494 41.589041
120304.347080 52.080467 41.589041
119579.598236 52.261206 41.589041
75809.701960 83.041744 41.589041
75724.228269 83.037798 41.589041
75638.803509 83.033849 41.589041
75604.181441 82.874289 41.589041
75468.100779 83.025935 41.589041
75284.711095 83.333839 41.589041
74257.735914 88.206278 41.589041
74200.487467 87.888922 41.589041
74100.824491 88.045948 41.589041
74805.410474 83.788228 41.589041
74765.471238 83.627966 41.589041
73860.256341 87.884063 41.589041
73747.389224 88.200080 41.589041
73650.234773 88.357794 41.589041
73605.596766 87.880404 41.589041
73520.808102 87.879182 41.589041
73408.136708 88.195924 41.589041
73069.667080 88.191749 41.589041
72985.171999 88.190703 41.589041
72888.457923 88.349233 41.589041
72844.260291 87.869352 41.589041
72731.980340 88.187555 41.589041
72691.276378 87.707116 41.589041
72623.821622 87.545966 41.589041
72466.961130 88.344438 41.589041
72423.008150 87.863161 41.589041
73114.040944 83.716503 41.589041
73029.986238 83.712873 41.589041
72991.074543 83.550655 41.589041
72818.061474 83.864374 41.589041
72823.209784 83.543194 41.589041
72694.256719 83.698313 41.589041
72701.766763 83.376871 41.589041
72665.363593 83.214201 41.589041
72534.293448 83.369195 41.589041
72404.404169 83.524468 41.589041
72320.789838 83.520709 41.589041
72237.224437 83.516947 41.589041
72153.707967 83.513180 41.589041
72116.466444 83.349927 41.589041
71854.935386 83.984947 41.589041
71949.678156 83.342189 41.589041
71775.037310 83.657924 41.589041
71783.085590 83.334433 41.589041
70805.474513 88.163055 41.589041
71570.462729 83.486688 41.589041
71442.243623 83.643109 41.589041
71450.487624 83.318866 41.589041
70501.003931 87.834216 41.589041
71238.256208 83.471453 41.589041
71201.552920 83.307144 41.589041
71118.672547 83.303227 41.589041
71035.841104 83.299306 41.589041
70058.670402 88.153287 41.589041
70870.325009 83.291450 41.589041
70741.414341 83.448467 41.589041
70613.684540 83.605769 41.589041
70622.417847 83.279632 41.589041
70587.237940 83.114560 41.589041
70411.165041 83.433053 41.589041
70422.309011 83.106463 41.589041
70388.407833 82.941114 41.589041
70257.575805 83.098346 41.589041
70273.394313 82.771437 41.589041
70191.150036 82.767180 41.589041
70059.332864 82.924471 41.589041
69977.186449 82.920298 41.589041
69799.241121 83.239936 41.589041
69764.550519 83.073883 41.589041
69635.192942 83.231941 41.589041
69698.711917 82.741537 41.589041
69567.188328 82.899359 41.589041
69534.957321 82.732950 41.589041
69355.041704 83.053365 41.589041
69371.398447 82.724342 41.589041
69191.580691 83.045124 41.589041
69158.413470 82.878297 41.589041
69229.066576 82.386391 41.589041
69095.621628 82.544410 41.589041
68963.357547 82.702732 41.589041
68832.274333 82.861357 41.589041
68655.014032 83.183571 41.589041
68719.120173 82.689705 41.589041
68539.693861 83.011964 41.589041
68556.539910 82.680995 41.589041
68577.962635 82.350118 41.589041
68496.794829 82.345560 41.589041
68415.675954 82.340996 41.589041
68282.720312 82.499908 41.589041
68052.833820 82.986887 41.589041
68120.727215 82.490944 41.589041
67989.050300 82.650345 41.589041
67958.929840 82.481959 41.589041
67777.728960 82.805746 41.589041
67696.952599 82.801432 41.589041
67716.600756 82.468441 41.589041
67439.698825 83.122132 41.589041
67504.538924 82.623870 41.589041
67374.336459 82.784126 41.589041
67245.314861 82.944691 41.589041
67418.600894 82.116668 41.589041
67182.509951 82.606115 41.589041
67152.878796 82.436711 41.589041
66025.526586 87.594093 41.589041
66941.501991 82.592742 41.589041
66715.794197 83.084737 41.589041
66883.714131 82.253246 41.589041
66651.312580 82.744884 41.589041
66671.596834 82.409301 41.589041
66442.688954 82.901987 41.589041
66511.560958 82.400121 41.589041
66331.240828 82.727307 41.589041
66403.606502 82.225119 41.589041
66323.759821 82.220412 41.589041
66243.962070 82.215698 41.589041
66217.230885 82.045017 41.589041
66137.530995 82.040195 41.589041
65952.976702 82.367815 41.589041
65978.278007 82.030532 41.589041
65898.724909 82.025692 41.589041
65819.220741 82.020846 41.589041
65739.765504 82.015994 41.589041
65607.341563 82.177787 41.589041
65527.984186 82.173022 41.589041
65448.675741 82.168251 41.589041
65422.433861 81.996527 41.589041
65238.319943 82.325874 41.589041
65211.043987 82.153905 41.589041
65131.931264 82.149111 41.589041
65052.867471 82.144312 41.589041
64973.852608 82.139506 41.589041
64843.000978 82.302376 41.589041
64868.987310 81.962233 41.589041
64737.101604 82.125055 41.589041
64606.396765 82.288208 41.589041
64632.529888 81.947446 41.589041
64348.529688 82.615498 41.589041
64319.479165 82.442406 41.589041
64396.512842 81.932605 41.589041
64372.087925 81.759438 41.589041
64134.509463 82.259716 41.589041
64056.032836 82.254947 41.589041
64029.490839 82.081383 41.589041
63899.226374 82.245391 41.589041
63820.896539 82.240605 41.589041
63742.615635 82.235812 41.589041
63716.269359 82.061818 41.589041
63691.103950 81.887754 41.589041
63667.119408 81.713622 41.589041
63589.034226 81.708500 41.589041
63351.945069 82.211761 41.589041
63325.843446 82.037226 41.589041
63247.905055 82.032290 41.589041
62105.836952 87.172989 41.589041
63145.192699 81.852525 41.589041
63067.401100 81.847468 41.589041
62989.658431 81.842404 41.589041
62858.947057 82.007516 41.589041
62781.302249 82.002543 41.589041
62703.706372 81.997564 41.589041
62679.177060 81.822087 41.589041
62655.828615 81.646543 41.589041
62524.229958 81.811890 41.589041
62393.812167 81.977585 41.589041
62316.460943 81.972574 41.589041
61157.052398 87.325628 41.589041
62110.019586 82.133793 41.589041
62137.718486 81.786288 41.589041
61955.659650 82.123938 41.589041
61930.438776 81.947430 41.589041
61801.495436 82.114058 41.589041
61776.372423 81.937328 41.589041
61752.430278 81.760527 41.589041
61729.668999 81.583659 41.589041
61545.639873 81.922128 41.589041
61521.844519 81.744993 41.589041
61392.062825 81.911963 41.589041
61315.347697 81.906871 41.589041
61345.848706 81.557180 41.589041
61110.178534 82.069293 41.589041
61192.663102 81.546542 41.589041
61061.994125 81.713750 41.589041
60985.523649 81.708520 41.589041
60909.102105 81.703283 41.589041
60886.879061 81.525185 41.589041
60703.388171 81.865904 41.589041
60789.562132 81.341555 41.589041
60550.887595 81.855598 41.589041
60474.710703 81.850435 41.589041
60451.600376 81.671725 41.589041
60219.864249 82.187836 41.589041
60299.491244 81.661153 41.589041
60223.510073 81.655857 41.589041
60201.727405 81.476739 41.589041
60071.694524 81.645244 41.589041
60050.009717 81.465898 41.589041
58821.937965 86.917113 41.589041
59791.320545 81.803676 41.589041
59822.800164 81.449586 41.589041
59747.161507 81.444135 41.589041
59617.422210 81.613246 41.589041
59596.030986 81.433212 41.589041
59466.389549 81.602525 41.589041
59390.946615 81.597155 41.589041
59315.552611 81.591778 41.589041
59294.357108 81.411283 41.589041
59274.342473 81.230725 41.589041
59255.508704 81.050108 41.589041
59014.465900 81.570200 41.589041
58993.466119 81.389241 41.589041
58759.312794 81.911160 41.589041
58843.314208 81.378179 41.589041
58714.162077 81.548512 41.589041
58639.208448 81.543073 41.589041
58618.453320 81.361532 41.589041
58489.447981 81.532174 41.589041
58468.790714 81.350398 41.589041
57204.759351 87.234715 41.589041
58319.323830 81.339236 41.589041
58190.514212 81.510291 41.589041
58225.334176 81.151454 41.589041
58095.490483 81.322439 41.589041
58076.258736 81.140013 41.589041
57946.512904 81.311205 41.589041
57927.379018 81.128543 41.589041
57797.731047 81.299943 41.589041
57564.360610 81.827067 41.589041
57490.092008 81.821753 41.589041
57520.775670 81.460643 41.589041
57446.604929 81.455090 41.589041
57481.914197 81.093956 41.589041
57464.254761 80.910523 41.589041
57333.817367 81.082367 41.589041
57316.255792 80.898696 41.589041
57242.329704 80.892771 41.589041
57056.757594 81.243192 41.589041
56928.779796 81.416024 41.589041
56964.431578 81.053264 41.589041
56947.114655 80.868994 41.589041
56817.019776 81.041570 41.589041
56743.387270 81.035712 41.589041
56560.372617 81.387902 41.589041
56433.820337 81.561654 41.589041
56413.352259 81.376602 41.589041
56286.897840 81.550567 41.589041
56320.677194 81.185701 41.589041
56302.619779 81.000401 41.589041
56285.743231 80.815043 41.589041
56156.088726 80.988570 41.589041
56027.615088 81.162495 41.589041
55795.418983 81.697620 41.589041
54710.031770 86.987798 41.589041
55701.165073 81.505931 41.589041
55735.335871 81.139167 41.589041
55717.669900 80.952889 41.589041
55482.322639 81.489072 41.589041
55462.490657 81.302427 41.589041
54254.566085 87.160466 41.589041
54199.741937 86.973638 41.589041
54127.039112 86.971604 41.589041
54003.998202 87.525249 41.589041
53981.780253 86.967529 41.589041
53928.283763 86.780133 41.589041
53855.776660 86.777964 41.589041
53783.318487 86.775792 41.589041
53710.909244 86.773617 41.589041
53638.548933 86.771439 41.589041
53566.237551 86.769258 41.589041
53493.975101 86.767075 41.589041
53421.761580 86.764888 41.589041
53330.537446 86.949052 41.589041
53277.481331 86.760506 41.589041
53186.355058 86.944915 41.589041
53133.396804 86.756112 41.589041
53042.368392 86.940768 41.589041
52970.448455 86.938690 41.589041
52863.854169 87.311022 41.589041
52845.814917 86.747288 41.589041
52774.041771 86.745074 41.589041
52648.534732 87.305525 41.589041
52630.642272 86.740638 41.589041
52489.569359 87.489780 41.589041
52450.451342 87.112003 41.589041
52362.127177 87.298161 41.589041
52325.370894 86.919859 41.589041
52253.940262 86.917753 41.589041
52201.618105 86.727257 41.589041
52130.285334 86.725017 41.589041
52059.001494 86.722773 41.589041
51933.983760 87.287038 41.589041
51916.580605 86.718276 41.589041
51826.384012 86.905052 41.589041
51755.295893 86.902926 41.589041
51703.316250 86.711507 41.589041
51632.325993 86.709245 41.589041
51561.384666 86.706979 41.589041
51490.492270 86.704711 41.589041
51419.648804 86.702439 41.589041
51348.854269 86.700164 41.589041
51278.108664 86.697886 41.589041
51207.411990 86.695605 41.589041
51136.764246 86.693320 41.589041
51066.165433 86.691033 41.589041
50995.615551 86.688742 41.589041
50925.114599 86.686448 41.589041
50854.662577 86.684151 41.589041
50784.259486 86.681851 41.589041
50676.918173 87.061859 41.589041
50643.600095 86.677241 41.589041
50573.343796 86.674931 41.589041
50503.136427 86.672618 41.589041
50395.990836 87.053674 41.589041
50293.421922 87.435523 41.589041
50255.820751 87.049564 41.589041
50185.809104 87.047505 41.589041
50115.846388 87.045443 41.589041
50045.932602 87.043378 41.589041
50013.054899 86.656337 41.589041
49924.179430 86.846583 41.589041
49836.484828 87.037167 41.589041
51125.280552 80.164995 41.589041
50998.066038 80.346284 41.589041
50872.032392 80.528023 41.589041
51034.906513 79.768666 41.589041
50905.574918 79.949619 41.589041
50836.101507 79.942682 41.589041
50826.486280 79.747484 41.589041
50697.301477 79.928781 41.589041
50687.784110 79.733314 41.589041
50618.506421 79.726215 41.589041
50610.218852 79.530580 41.589041
50480.097834 79.711987 41.589041
50351.157684 79.893860 41.589041
50109.439576 80.455551 41.589041
50213.042680 79.879824 41.589041
49916.140926 80.632508 41.589041
49793.056179 80.816563 41.589041
49947.559837 80.048554 41.589041
49937.399840 79.851637 41.589041
49868.611456 79.844566 41.589041
49799.872002 79.837485 41.589041
49790.990732 79.640258 41.589041
49783.290329 79.442997 41.589041
49714.697668 79.435633 41.589041
49525.403494 79.809064 41.589041
49577.659136 79.420875 41.589041
49448.272076 79.604021 41.589041
49261.388567 79.978776 41.589041
49311.527127 79.589456 41.589041
49183.418795 79.773316 41.589041
49174.977900 79.574851 41.589041
49106.776683 79.567533 41.589041
49038.624395 79.560205 41.589041
48970.521039 79.552866 41.589041
48902.466613 79.545518 41.589041
48895.402306 79.346467 41.589041
48766.504552 79.530790 41.589041
48759.538107 79.331461 41.589041
48630.738214 79.516021 41.589041
48562.928440 79.508622 41.589041
48319.135647 80.079648 41.589041
48251.423735 80.072619 41.589041
48072.065801 80.452878 41.589041
48173.692082 79.865093 41.589041
48048.581581 80.051474 41.589041
47924.651946 80.238338 41.589041
47971.143511 79.843493 41.589041
47962.402498 79.642541 41.589041
47895.033099 79.635179 41.589041
47769.035314 79.821801 41.589041
47881.191535 79.232894 41.589041
47753.027739 79.419011 41.589041
47453.408668 80.189511 41.589041
47558.920063 79.598211 41.589041
47491.844247 79.590786 41.589041
47484.626615 79.388804 41.589041
47478.589850 79.186793 41.589041
47411.660825 79.179071 41.589041
47224.030289 79.560982 41.589041
47277.949569 79.163595 41.589041
47273.240462 78.961132 41.589041
47083.492845 79.343171 41.589041
47139.822788 78.945325 41.589041
47011.114221 79.132512 41.589041
46944.527711 79.124713 41.589041
46817.048942 79.312534 41.589041
46811.501482 79.109083 41.589041
46684.120573 79.297150 41.589041
46678.670974 79.093409 41.589041
46551.387927 79.281722 41.589041
46425.285747 79.470548 41.589041
46479.792192 79.069814 41.589041
46413.597126 79.061926 41.589041
46286.509801 79.250734 41.589041
46044.380645 79.835011 41.589041
46154.364320 79.235173 41.589041
46149.306166 79.030263 41.589041
46145.428877 78.825333 41.589041
46079.527394 78.817242 41.589041
45951.601716 79.006397 41.589041
45765.047651 79.393994 41.589041
45759.102213 79.188223 41.589041
45693.396452 79.180358 41.589041
45688.680810 78.974415 41.589041
45685.146036 78.768453 41.589041
45378.086182 79.554168 41.589041
45431.062712 79.148788 41.589041
44868.068036 80.939806 41.589041
45361.130615 78.934178 41.589041
44947.099277 80.123355 41.589041
45169.511861 79.117034 41.589041
45044.437222 79.308504 41.589041
45099.971208 78.901780 41.589041
45034.803683 78.893651 41.589041
44908.743898 79.085097 41.589041
44904.615423 78.877358 41.589041
44718.844247 79.269193 41.589041
44653.872444 79.261296 41.589041
44530.272254 79.454070 41.589041
44465.398312 79.446291 41.589041
44400.573300 79.438501 41.589041
44454.283788 79.028758 41.589041
44329.747385 79.221641 41.589041
44265.069165 79.213675 41.589041
44141.762558 79.407228 41.589041
44019.636819 79.601320 41.589041
44192.078529 78.786894 41.589041
43948.168272 79.383653 41.589041
43883.734705 79.375771 41.589041
43878.027384 79.165634 41.589041
43873.500930 78.955473 41.589041
43809.214154 78.947270 41.589041
43685.167056 79.141455 41.589041
43680.787394 78.930829 41.589041
43616.647409 78.922591 41.589041
43552.556355 78.914340 41.589041
43488.514232 78.906077 41.589041
43364.711786 79.100919 41.589041
43242.090207 79.296315 41.589041
43236.872191 79.084620 41.589041
43114.348473 79.280283 41.589041
43109.228319 79.068274 41.589041
42986.802462 79.264203 41.589041
42923.102852 79.256145 41.589041
42859.452173 79.248075 41.589041
42681.891600 79.649939 41.589041
42618.338782 79.642140 41.589041
42554.834894 79.634329 41.589041
42436.098429 79.832330 41.589041
42427.973910 79.618672 41.589041
42421.030258 79.404977 41.589041
42301.308648 79.602969 41.589041
42238.049413 79.595099 41.589041
42119.557601 79.793787 41.589041
42168.091178 79.372880 41.589041
42048.565291 79.571420 41.589041
41985.501778 79.563503 41.589041
41922.487195 79.555574 41.589041
41750.090464 79.962546 41.589041
41741.323314 79.747153 41.589041
41624.305952 79.947234 41.589041
41670.918170 79.523740 41.589041
41552.866732 79.723677 41.589041
41435.996162 79.924180 41.589041
41373.324093 79.916471 41.589041
41420.132033 79.491713 41.589041
41357.557825 79.483676 41.589041
41185.601469 79.893276 41.589041
41177.274693 79.676405 41.589041
41114.847277 79.668484 41.589041
40998.319220 79.869976 41.589041
40990.139236 79.652607 41.589041
40873.709040 79.854383 41.589041
40706.574012 80.267164 41.589041
40644.391249 80.259650 41.589041
40687.160749 79.830904 41.589041
40469.418751 80.455754 41.589041
40510.022239 80.025977 41.589041
40448.035198 80.018259 41.589041
40233.835800 80.645449 41.589041
40377.225541 79.791533 41.589041
40210.481957 80.206722 41.589041
40148.690638 80.199114 41.589041
40138.833947 79.979492 41.589041
39974.501028 80.396297 41.589041
40015.495960 79.963901 41.589041
39953.900363 79.956088 41.589041
39892.353696 79.948262 41.589041
39728.216499 80.366292 41.589041
39617.145867 80.572263 41.589041
39555.745992 80.564882 41.589041
39494.395047 80.557490 41.589041
39384.603143 80.764337 41.589041
39421.461774 80.328524 41.589041
39310.635795 80.535243 41.589041
39249.480572 80.527805 41.589041
39288.749868 80.091365 41.589041
39227.692506 80.083579 41.589041
39115.930313 80.290462 41.589041
39157.610273 79.853407 41.589041
38994.060242 80.275154 41.589041
38983.952364 80.052312 41.589041
38923.139655 80.044465 41.589041
38762.000289 80.467876 41.589041
38652.795551 80.676545 41.589041
38740.995111 80.020850 41.589041
38531.512646 80.661752 41.589041
38519.434479 80.437630 41.589041
38271.747413 81.299138 41.589041
38398.445158 80.422435 41.589041
38242.176050 80.849505 41.589041
38229.161669 80.624566 41.589041
38121.480311 80.834907 41.589041
38061.205838 80.827590 41.589041
38096.828138 80.384238 41.589041
38036.651525 80.376562 41.589041
36999.687674 87.234122 41.589041
37916.445092 80.361174 41.589041
37856.415271 80.353462 41.589041
37796.434381 80.345737 41.589041
37688.012531 80.556885 41.589041
37676.619392 80.330252 41.589041
37429.617353 81.201034 41.589041
36594.695754 86.993234 41.589041
36567.418923 86.540573 41.589041
36475.272209 86.988311 41.589041
37329.448313 80.511223 41.589041
37269.858867 80.503570 41.589041
37210.318352 80.495905 41.589041
37057.242797 80.929905 41.589041
36163.037832 87.202285 41.589041
36724.255379 82.025801 41.589041
36705.476921 81.796502 41.589041
36646.181058 81.789822 41.589041
36628.632396 81.560222 41.589041
36569.434394 81.553344 41.589041
36597.077675 81.100711 41.589041
36537.977534 81.093458 41.589041
36478.926323 81.086193 41.589041
36333.131691 81.525719 41.589041
36317.008550 81.295073 41.589041
36258.104131 81.287950 41.589041
36243.210786 81.057017 41.589041
36097.611877 81.497915 41.589041
36125.646601 81.042357 41.589041
35980.145553 81.483945 41.589041
35879.787515 81.701989 41.589041
35821.176679 81.695155 41.589041
35804.313045 81.462904 41.589041
35788.630278 81.230547 41.589041
35687.336026 81.448819 41.589041
35628.920913 81.441759 41.589041
35528.856458 81.660818 41.589041
35512.237477 81.427605 41.589041
35540.761506 80.968340 41.589041
35438.579971 81.186999 41.589041
35295.881030 81.633145 41.589041
35322.287979 81.172388 41.589041
35308.177523 80.938392 41.589041
35163.361501 81.384862 41.589041
35063.688491 81.605288 41.589041
35090.291162 81.143021 41.589041
34989.584076 81.363332 41.589041
34974.586336 81.128264 41.589041
34916.807319 81.120867 41.589041
34816.247025 81.341695 41.589041
34845.358221 80.877902 41.589041
34659.235372 81.556094 41.589041
34730.142701 80.862654 41.589041
33913.135641 86.642068 41.589041
34486.632279 81.534835 41.589041
34557.686399 80.839687 41.589041
34413.506474 81.290786 41.589041
34356.167832 81.283465 41.589041
34257.179849 81.506324 41.589041
34241.637339 81.268786 41.589041
33496.101410 86.857104 41.589041
33411.026828 87.325344 41.589041
33987.943972 81.708847 41.589041
33284.619853 87.556766 41.589041
33914.469119 81.463198 41.589041
33942.050400 80.993228 41.589041
33974.208357 80.523671 41.589041
33828.302796 80.977972 41.589041
33728.672181 81.202120 41.589041
33016.036033 86.359029 41.589041
33658.048367 80.954991 41.589041
33436.865540 81.878502 41.589041
33419.695254 81.638155 41.589041
32757.060027 86.821812 41.589041
33431.727491 80.924169 41.589041
33332.439390 81.149565 41.589041
33276.030428 81.142006 41.589041
32516.794518 87.049460 41.589041
32475.015215 86.808026 41.589041
33065.398852 81.353458 41.589041
33050.883883 81.111643 41.589041
32322.039230 86.560314 41.589041
32282.719522 86.317851 41.589041
32209.857401 86.554323 41.589041
32123.644349 87.031443 41.589041
32082.207560 86.788524 41.589041
32026.287903 86.785719 41.589041
31986.080912 86.542276 41.589041
31930.259115 86.539251 41.589041
31858.822514 86.777273 41.589041
31803.098579 86.774448 41.589041
31779.882982 86.288795 41.589041
31707.461236 86.527099 41.589041
31636.220357 86.765943 41.589041
32186.771617 81.478339 41.589041
32213.556940 80.995919 41.589041
32036.427583 81.701664 41.589041
32020.480561 81.456075 41.589041
31965.148070 81.448628 41.589041
31275.853375 87.235484 41.589041
31936.894486 80.956677 41.589041
31799.444180 81.426210 41.589041
31784.873746 81.179643 41.589041
31649.785174 81.650771 41.589041
31759.275479 80.686194 41.589041
31661.455294 80.917094 41.589041
31564.815975 81.148705 41.589041
31509.923859 81.140936 41.589041
31336.777477 81.854931 41.589041
30713.441023 87.456489 41.589041
31304.974758 81.358248 41.589041
30629.667093 86.959843 41.589041
31236.197235 81.101891 41.589041
30550.616630 86.461874 41.589041
31127.049100 81.086177 41.589041
31031.982092 81.320028 41.589041
30371.450878 86.699218 41.589041
30923.127540 81.304646 41.589041
30909.339994 81.054583 41.589041
30775.034310 81.532084 41.589041
30760.212689 81.281471 41.589041
30788.270207 80.788089 41.589041
30692.413777 81.022766 41.589041
30597.738214 81.258173 41.589041
30543.677916 81.250379 41.589041
30489.666550 81.242572 41.589041
29801.692979 87.167881 41.589041
30464.055214 80.738771 41.589041
30288.491633 81.463839 41.589041
30356.374993 80.722215 41.589041
30260.910008 80.958455 41.589041
30248.890495 80.705600 41.589041
30153.523370 80.942234 41.589041
30141.601719 80.688926 41.589041
30046.332455 80.925955 41.589041
30077.338873 80.426937 41.589041
29981.035534 80.663804 41.589041
29970.441541 80.409719 41.589041
29874.236063 80.646981 41.589041
29779.211452 80.885004 41.589041
29810.462522 80.383776 41.589041
29714.403835 80.621633 41.589041
29661.224287 80.613154 41.589041
29650.923877 80.357694 41.589041
29597.842190 80.348969 41.589041
29501.979226 80.587624 41.589041
29674.465802 79.344748 41.589041
29574.172953 79.581438 41.589041
30350.509602 75.919524 41.589041
30917.455261 73.766633 41.589041
31091.636243 73.048283 41.589041
31439.817606 71.870793 41.589041
31995.957441 70.251905 41.589041
33221.152285 67.340491 41.589041
33063.473196 67.540258 41.589041
33329.585675 66.866903 41.589041
33495.188123 66.414495 41.589041
33553.488921 66.179261 41.589041
34071.803251 65.091458 41.589041
34375.465352 64.438508 41.589041
34566.166121 63.999405 41.589041
35400.070737 62.537005 41.589041
36428.533963 60.912025 41.589041
36516.558689 60.692109 41.589041
37036.481912 59.888054 41.589041
37574.565047 59.095400 41.589041
38757.167338 57.568932 41.589041
38864.630705 57.360008 41.589041
39793.011926 56.243970 41.589041
40762.191785 55.154221 41.589041
41236.182575 54.606382 41.589041
41361.952645 54.408086 41.589041
42584.649666 53.193729 41.589041
43286.123079 52.504383 41.589041
44795.114484 51.185829 41.589041
44743.549643 51.159274 41.589041
45499.502793 50.503327 41.589041
46904.686219 49.401874 41.589041
46853.268170 49.374931 41.589041
48094.602059 48.453216 41.589041
49151.662628 47.698837 41.589041
49551.667227 47.385304 41.589041
50185.848208 46.933416 41.589041
52252.009299 45.666701 41.589041
52927.037850 45.237423 41.589041
54609.937126 44.293611 41.589041
55831.422048 43.629487 41.589041
56297.372539 43.351450 41.589041
57824.394764 42.586020 41.589041
59119.602341 41.959056 41.589041
59615.129968 41.695693 41.589041
60950.053179 41.087897 41.589041
62599.520252 40.381534 41.589041
63414.217348 40.021734 41.589041
63654.306456 39.884665 41.589041
64188.564572 39.639327 41.589041
63553.182925 39.830108 41.589041
63794.550761 39.693551 41.589041
64037.099464 39.557511 41.589041
64280.829033 39.421987 41.589041
63643.379236 39.611547 41.589041
63010.506114 39.803009 41.589041
63542.842871 39.556770 41.589041
62332.014882 39.968898 41.589041
63442.502229 39.501906 41.589041
63685.393445 39.365855 41.589041
63050.501103 39.556023 41.589041
63000.502039 39.528494 41.589041
63242.408110 39.391917 41.589041
63485.495049 39.255863 41.589041
63435.642776 39.228310 41.589041
63679.959512 39.092777 41.589041
63925.457114 38.957764 41.589041
64172.135583 38.823269 41.589041
64419.994920 38.689292 41.589041
64072.871412 38.768103 41.589041
65220.167889 38.317991 41.589041
65775.877330 38.082162 41.589041
63924.342135 38.685193 41.589041
64770.873707 38.340120 41.589041
64421.730980 38.417773 41.589041
64672.196702 38.284839 41.589041
64024.504013 38.468128 41.589041
64273.935660 38.334685 41.589041
63926.120591 38.412624 41.589041
63877.002276 38.384840 41.589041
62938.781040 38.676899 41.589041
62889.760586 38.649001 41.589041
63136.041077 38.514007 41.589041
433670.155720 13.730778 41.589041
437480.451523 13.655742 41.589041
62107.059856 38.752706 41.589041
436416.360719 13.644782 41.589041
438301.746327 13.600909 41.589041
437285.446179 13.603065 41.589041
437236.817169 13.589892 41.589041
435256.388484 13.607392 41.589041
434243.630937 13.609563 41.589041
436124.733452 13.565657 41.589041
436076.300164 13.552465 41.589041
437962.028285 13.508774 41.589041
438882.447002 13.480422 41.589041
437865.406363 13.482437 41.589041
434917.697984 13.514938 41.589041
435834.867683 13.486480 41.589041
436753.218250 13.458083 41.589041
437672.749683 13.429745 41.589041
435690.595361 13.446872 41.589041
432749.923253 13.479334 41.589041
433665.073733 13.450843 41.589041
432654.084219 13.452835 41.589041
23381.651150 87.084554 41.589041
22249.197723 87.011213 41.589041
22242.823383 86.142174 41.589041
22228.757792 85.561213 41.589041
22200.209333 85.268130 41.589041
22214.356639 84.398487 41.589041
22167.978433 84.392611 41.589041
22121.649158 84.386724 41.589041
22121.411456 83.803981 41.589041
22125.750430 83.221292 41.589041
22053.716784 83.502395 41.589041
22007.583231 83.495559 41.589041
22014.332869 82.911420 41.589041
21996.412212 82.615552 41.589041
22178.924914 80.598172 41.589041
22288.460804 79.448918 41.589041
22371.062527 78.587969 41.589041
22325.222557 78.576101 41.589041
22324.525597 78.281447 41.589041
22278.783488 78.269253 41.589041
22279.316326 77.974295 41.589041
22098.389837 78.812555 41.589041
22141.850744 78.232518 41.589041
22096.304357 78.220223 41.589041
23696.219012 70.786356 41.589041
23427.197210 71.564902 41.589041
23381.797614 71.546368 41.589041
23409.839438 71.260591 41.589041
23439.062129 70.975164 41.589041
23319.284900 71.222883 41.589041
23128.427984 71.740612 41.589041
23012.144425 71.991941 41.589041
22693.843310 73.062068 41.589041
22518.980295 73.594236 41.589041
22410.767082 73.853538 41.589041
262956.572619 16.267033 41.589041
262171.559328 16.273812 41.589041
262866.800968 16.233474 41.589041
262081.885539 16.240204 41.589041
262037.122040 16.223395 41.589041
21900.244830 74.871665 41.589041
21798.033812 75.137657 41.589041
21333.803772 77.404410 41.589041
21289.235995 77.391016 41.589041
21293.207038 77.089340 41.589041
21454.016044 75.928219 41.589041
21409.595059 75.913327 41.589041
21531.067527 75.043663 41.589041
21430.330959 75.312335 41.589041
21558.692906 74.444904 41.589041
21398.244946 74.996229 41.589041
21591.041753 73.846977 41.589041
21426.163909 74.395649 41.589041
21628.114067 73.250010 41.589041
21713.890459 72.672262 41.589041
21736.510720 72.375061 41.589041
21625.978169 72.635961 41.589041
21785.293842 71.781626 41.589041
21954.845873 70.933714 41.589041
21984.453474 70.639206 41.589041
21795.064474 71.170009 41.589041
21971.554914 70.324767 41.589041
22003.573179 70.030805 41.589041
21959.984013 70.010152 41.589041
21993.232075 69.716351 41.589041
20182.446280 77.976351 41.589041
22143.454908 68.859456 41.589041
22347.405404 68.031003 41.589041
22561.592258 67.210263 41.589041
22606.404336 66.922871 41.589041
22563.157684 66.899485 41.589041
22609.199560 66.612419 41.589041
22840.561181 65.803521 41.589041
22986.127943 65.260629 41.589041
23333.993496 64.210896 41.589041
23093.269381 64.696035 41.589041
23450.288286 63.653079 41.589041
23510.206981 63.375221 41.589041
23571.306543 63.098077 41.589041
23955.638712 62.078403 41.589041
24022.495817 61.805595 41.589041
23761.690431 62.271032 41.589041
24047.874302 61.506007 41.589041
24344.294531 60.750192 41.589041
24301.732906 60.722103 41.589041
24259.220211 60.693964 41.589041
24565.974658 59.946509 41.589041
24882.965463 59.208483 41.589041
24840.599560 59.179375 41.589041
25167.875653 58.450415 41.589041
24878.080297 58.886464 41.589041
25335.443559 57.929937 41.589041
25420.998811 57.671000 41.589041
25637.724238 57.186115 41.589041
26126.928509 56.259553 41.589041
25950.388067 56.451159 41.589041
26315.360573 55.756262 41.589041
26690.569438 55.071068 41.589041
25959.128533 56.135974 41.589041
26606.865172 55.008153 41.589041
26848.835712 54.545767 41.589041
26950.678448 54.300223 41.589041
27346.506820 53.633559 41.589041
27602.207387 53.183737 41.589041
27710.988534 52.944181 41.589041
27820.950547 52.705568 41.589041
27779.465393 52.672989 41.589041
27738.029169 52.640360 41.589041
28949.360365 50.997268 41.589041
29396.468386 50.378251 41.589041
28866.732571 50.930874 41.589041
29313.938453 50.311490 41.589041
29272.746882 50.278040 41.589041
29562.894845 49.859080 41.589041
29026.563134 50.405405 41.589041
29648.099563 49.600602 41.589041
30287.795903 48.812735 41.589041
30419.851873 48.592911 41.589041
30728.355471 48.190238 41.589041
31041.435745 47.791617 41.589041
31179.298188 47.576705 41.589041
30959.884422 47.723180 41.589041
31458.565675 47.149737 41.589041
31599.970719 46.937681 41.589041
31559.366315 46.903236 41.589041
32071.777596 46.341782 41.589041
32217.857176 46.133576 41.589041
32553.967621 45.754679 41.589041
32136.990881 46.064290 41.589041
33239.918539 45.008611 41.589041
33006.229975 45.141527 41.589041
33549.497121 44.606568 41.589041
33509.284160 44.571713 41.589041
33665.893682 44.372050 41.589041
34222.890855 43.848588 41.589041
34384.125984 43.652699 41.589041
34546.541979 43.457729 41.589041
34914.835946 43.105578 41.589041
34466.654293 43.387649 41.589041
34630.349016 43.193539 41.589041
35416.107542 42.531717 41.589041
36220.025981 41.884583 41.589041
36180.302325 41.849506 41.589041
