125782.603138 56.479578 194.465753
125985.384397 56.364392 194.465753
125892.962572 56.350402 194.465753
124918.229444 56.640918 194.465753
125118.893621 56.525205 194.465753
125320.738666 56.409677 194.465753
125228.512563 56.395666 194.465753
125431.587405 56.280294 194.465753
125044.207149 56.367614 194.465753
125543.763803 56.151026 194.465753
124565.977379 56.441172 194.465753
124768.116007 56.325457 194.465753
124971.435502 56.209929 194.465753
124584.299898 56.297300 194.465753
125084.101204 56.080455 194.465753
124695.931526 56.167586 194.465753
124900.578679 56.052154 194.465753
124808.890811 56.037988 194.465753
124420.867924 56.125149 194.465753
124625.661869 56.009625 194.465753
124534.120793 55.995428 194.465753
124146.244698 56.082618 194.465753
124351.185434 55.967002 194.465753
123963.407199 56.054212 194.465753
123872.061846 56.039993 194.465753
124077.149374 55.924284 194.465753
122807.157697 56.317483 194.465753
123303.067354 56.099037 194.465753
123211.917723 56.084797 194.465753
123416.069036 55.968742 194.465753
123325.017266 55.954460 194.465753
123530.398377 55.838566 194.465753
123439.444468 55.824243 194.465753
123052.155538 55.911551 194.465753
122961.299490 55.897227 194.465753
122575.240358 55.984820 194.465753
122190.362093 56.072688 194.465753
122393.772914 55.956159 194.465753
122008.992510 56.044048 194.465753
121918.381115 56.029712 194.465753
122121.938727 55.913089 194.465753
122031.425193 55.898711 194.465753
122236.212603 55.782252 194.465753
120391.263889 56.384091 194.465753
121760.178172 55.855513 194.465753
120210.579334 56.355471 194.465753
121874.843492 55.724509 194.465753
121784.623540 55.710047 194.465753
121399.200505 55.797766 194.465753
121309.078415 55.783303 194.465753
120924.885177 55.871310 194.465753
121128.981025 55.754343 194.465753
121039.005726 55.739847 194.465753
120654.959280 55.827884 194.465753
120859.201920 55.710823 194.465753
120769.373413 55.696295 194.465753
120385.473758 55.784361 194.465753
120589.863190 55.667206 194.465753
120500.181474 55.652645 194.465753
120410.548689 55.638074 194.465753
120616.216848 55.521056 194.465753
120231.429910 55.608898 194.465753
120141.943916 55.594294 194.465753
119758.386775 55.682427 194.465753
119668.998642 55.667822 194.465753
120465.415483 55.345595 194.465753
120376.125211 55.330908 194.465753
119990.499919 55.418533 194.465753
119606.055495 55.506441 194.465753
118929.803795 55.697754 194.465753
120019.453430 55.272048 194.465753
119044.651768 55.565277 194.465753
119545.027172 55.344976 194.465753
118866.707322 55.535880 194.465753
119367.180586 55.315476 194.465753
119574.714640 55.198227 194.465753
119189.529723 55.285932 194.465753
118805.525673 55.373921 194.465753
118129.714348 55.565503 194.465753
118923.420407 55.241534 194.465753
118834.815162 55.226713 194.465753
118746.258849 55.211880 194.465753
117483.535027 55.610085 194.465753
117979.920920 55.388233 194.465753
118185.631476 55.270233 194.465753
118097.270884 55.255376 194.465753
118304.211237 55.137552 194.465753
117920.696492 55.225629 194.465753
118127.734706 55.107743 194.465753
118039.569837 55.092821 194.465753
117951.453898 55.077889 194.465753
117863.386889 55.062945 194.465753
117775.368811 55.047990 194.465753
117687.399663 55.033025 194.465753
117599.479446 55.018047 194.465753
117511.608160 55.003059 194.465753
117720.169754 54.885164 194.465753
117336.012378 54.973049 194.465753
116953.035869 55.061221 194.465753
117160.612319 54.942994 194.465753
116777.733671 55.031183 194.465753
116690.155967 55.016147 194.465753
116897.879208 54.897826 194.465753
116515.147352 54.986041 194.465753
116427.716440 54.970971 194.465753
116340.334459 54.955889 194.465753
116253.001408 54.940797 194.465753
116165.717287 54.925693 194.465753
116078.482098 54.910578 194.465753
115991.295838 54.895451 194.465753
115904.158510 54.880313 194.465753
115817.070111 54.865163 194.465753
115730.030644 54.850003 194.465753
115348.920029 54.938583 194.465753
115556.098500 54.819647 194.465753
115469.205824 54.804452 194.465753
115382.362078 54.789245 194.465753
115590.819277 54.670461 194.465753
115208.821378 54.758798 194.465753
115122.124424 54.743557 194.465753
115330.728415 54.624681 194.465753
114948.877308 54.713041 194.465753
114862.327145 54.697766 194.465753
114188.717694 54.890644 194.465753
114984.625626 54.563479 194.465753
114898.222255 54.548150 194.465753
114222.495722 54.740557 194.465753
114430.310290 54.621216 194.465753
114049.933633 54.709919 194.465753
113963.725984 54.694582 194.465753
113292.722919 54.888212 194.465753
113791.457478 54.663874 194.465753
112540.235673 55.067697 194.465753
113913.504772 54.528975 194.465753
113827.541775 54.513561 194.465753
113741.627710 54.498135 194.465753
113655.762574 54.482698 194.465753
113275.826292 54.571471 194.465753
113484.179096 54.451788 194.465753
113398.460752 54.436316 194.465753
113312.791339 54.420831 194.465753
112640.062637 54.614206 194.465753
112847.479226 54.494147 194.465753
112177.112258 54.688139 194.465753
111800.914298 54.777841 194.465753
112298.070011 54.552260 194.465753
111920.837976 54.641686 194.465753
112420.355423 54.416529 194.465753
112042.089313 54.505677 194.465753
112249.848416 54.385399 194.465753
112458.788386 54.265344 194.465753
112668.909222 54.145512 194.465753
112583.826975 54.129868 194.465753
112795.177610 54.010230 194.465753
111824.437181 54.307368 194.465753
112328.873818 54.082864 194.465753
112243.987293 54.067172 194.465753
111863.897684 54.155800 194.465753
111779.109021 54.140103 194.465753
111694.369287 54.124395 194.465753
111315.558407 54.213338 194.465753
73317.122709 87.398259 194.465753
73251.589311 87.237658 194.465753
73147.985756 87.395251 194.465753
111566.656593 53.941211 194.465753
111482.210443 53.925412 194.465753
110515.452989 54.223934 194.465753
110724.092842 54.103093 194.465753
110933.913561 53.982481 194.465753
111144.915147 53.862097 194.465753
110765.461635 53.950812 194.465753
110681.309068 53.934960 194.465753
109427.516738 54.340337 194.465753
109343.462032 54.324537 194.465753
108394.075069 54.627723 194.465753
108885.907080 54.398972 194.465753
110556.532205 53.750832 194.465753
109883.301129 53.944577 194.465753
110388.863168 53.718933 194.465753
110305.102045 53.702966 194.465753
109926.137838 53.791746 194.465753
110137.726591 53.670995 194.465753
109464.740167 53.864864 194.465753
107927.553422 54.378612 194.465753
107556.708492 54.469535 194.465753
107187.044429 54.560772 194.465753
107389.822343 54.437750 194.465753
106735.191554 54.636453 194.465753
106936.935393 54.513100 194.465753
70967.016077 87.355501 194.465753
70849.069910 87.677482 194.465753
106402.202144 54.572850 194.465753
106035.144467 54.664759 194.465753
70556.099435 88.159811 194.465753
70460.804344 88.321028 194.465753
70390.094035 88.157641 194.465753
70212.016431 88.318055 194.465753
70129.184988 88.317062 194.465753
70072.070265 87.990537 194.465753
69975.936820 88.152196 194.465753
69906.652031 87.988160 194.465753
69798.348522 88.313077 194.465753
69755.961319 87.822675 194.465753
69673.423459 87.821385 194.465753
69576.402731 87.983389 194.465753
69480.562869 88.145618 194.465753
69385.903875 88.308069 194.465753
69303.561737 88.307064 194.465753
69246.936318 87.978596 194.465753
69151.292179 88.141207 194.465753
69082.496695 87.976190 194.465753
68986.950417 88.138993 194.465753
68918.252794 87.973779 194.465753
68866.399774 87.644268 194.465753
68784.400149 87.642863 194.465753
68686.785720 87.805786 194.465753
68620.547693 87.640049 194.465753
68538.694860 87.638640 194.465753
68401.027635 88.295928 194.465753
68344.940452 87.965295 194.465753
68263.234411 87.964077 194.465753
68211.772835 87.632985 194.465753
68146.960326 87.466589 194.465753
68005.010008 88.125601 194.465753
67951.431351 87.793940 194.465753
67885.633698 87.627302 194.465753
67788.557504 87.791290 194.465753
67707.193977 87.789963 194.465753
67625.879380 87.788634 194.465753
67560.277449 87.621593 194.465753
67495.856385 87.454391 194.465753
67397.892908 87.618728 194.465753
67301.110298 87.783302 194.465753
67252.499760 87.449786 194.465753
67139.019339 87.780626 194.465753
67058.047256 87.779286 194.465753
66992.787839 87.611534 194.465753
67029.666691 86.611976 194.465753
66948.841400 86.609929 194.465753
66767.107635 87.440527 194.465753
66639.388999 87.939410 194.465753
66642.688857 87.103815 194.465753
66603.574185 86.768444 194.465753
66501.670128 86.933368 194.465753
66303.568719 88.101695 194.465753
66049.999250 88.265856 194.465753
101095.099412 53.846133 194.465753
101866.610308 53.502427 194.465753
102072.568706 53.377286 194.465753
101421.118401 53.577756 194.465753
101057.045485 53.670124 194.465753
104162.469809 52.470039 194.465753
104378.811356 52.347336 194.465753
103707.181918 52.542280 194.465753
104218.873340 52.313420 194.465753
103842.593778 52.402272 194.465753
104356.646934 52.173907 194.465753
104875.276766 51.946668 194.465753
104197.100363 52.139854 194.465753
103228.248622 52.440496 194.465753
104037.749514 52.105750 194.465753
65073.367338 85.714571 194.465753
64993.814239 85.711944 194.465753
64859.211938 86.046870 194.465753
64834.854834 85.706681 194.465753
64508.439641 87.565949 194.465753
64705.338123 85.532428 194.465753
64626.029678 85.529682 194.465753
64324.297128 87.052039 194.465753
64245.086543 87.050221 194.465753
64165.924889 87.048400 194.465753
64280.038229 85.688157 194.465753
64145.876302 86.024916 194.465753
63874.950686 87.553902 194.465753
64042.993641 85.680170 194.465753
63935.961605 85.847485 194.465753
63857.093534 85.844917 194.465753
63778.274393 85.842346 194.465753
63699.504184 85.839772 194.465753
63401.889052 87.544788 194.465753
63542.110555 85.834613 194.465753
63244.593285 87.541735 194.465753
63150.355062 87.711574 194.465753
63087.493240 87.538674 194.465753
62993.352878 87.708722 194.465753
63149.482769 85.821661 194.465753
63071.104003 85.819061 194.465753
62992.774168 85.816458 194.465753
62887.510164 85.985278 194.465753
62836.261289 85.811242 194.465753
62705.243984 86.151978 194.465753
62652.961033 85.977758 194.465753
62601.858950 85.803393 194.465753
62470.988436 86.144759 194.465753
62445.835376 85.798144 194.465753
62315.062724 86.139932 194.465753
62263.024426 85.965161 194.465753
62134.613507 86.307622 194.465753
61899.817808 87.688561 194.465753
61955.491949 86.475797 194.465753
61926.104726 86.127810 194.465753
61874.311081 85.952486 194.465753
61770.864041 86.122940 194.465753
61719.168256 85.947394 194.465753
61615.819078 86.118057 194.465753
61538.369992 86.115611 194.465753
61486.820999 85.939731 194.465753
61383.618612 86.110711 194.465753
61281.597091 86.281976 194.465753
61204.343727 86.279627 194.465753
61177.709683 85.929469 194.465753
61127.537279 85.752994 194.465753
61023.447608 85.924319 194.465753
60946.389966 85.921739 194.465753
60869.381255 85.919155 194.465753
60819.404573 85.742230 194.465753
60715.510624 85.913979 194.465753
60693.746838 85.562348 194.465753
60561.835715 85.908789 194.465753
60540.169791 85.556711 194.465753
60408.356529 85.903586 194.465753
60358.673430 85.725980 194.465753
60310.171198 85.548230 194.465753
60178.504727 85.895757 194.465753
60157.083455 85.542557 194.465753
60052.497945 85.715078 194.465753
60004.191435 85.536871 194.465753
59899.703785 85.709606 194.465753
59770.545840 86.058497 194.465753
59720.122249 85.880009 194.465753
59643.896426 85.877373 194.465753
59622.817668 85.522590 194.465753
59518.574671 85.695866 194.465753
59470.610675 85.516853 194.465753
59339.482440 85.866793 194.465753
59290.484369 85.687579 194.465753
59187.569030 85.861483 194.465753
59166.783855 85.505333 194.465753
59062.834441 85.679260 194.465753
59015.164028 85.499551 194.465753
58911.312475 85.673697 194.465753
58892.986895 85.316685 194.465753
58788.101266 85.490850 194.465753
58741.758512 85.310647 194.465753
58636.970745 85.485031 194.465753
58561.478880 85.482116 194.465753
58457.920910 85.656920 194.465753
58439.888913 85.298524 194.465753
58394.922747 85.117710 194.465753
58319.626604 85.114552 194.465753
58214.000484 85.289391 194.465753
58081.440195 85.642840 194.465753
58063.652850 85.283282 194.465753
57988.552429 85.280222 194.465753
57856.138932 85.634348 194.465753
57838.498379 85.274090 194.465753
57793.923657 85.092329 194.465753
57750.529803 84.910429 194.465753
57675.674034 84.907119 194.465753
57600.867197 84.903804 194.465753
57526.109289 84.900485 194.465753
57451.400313 84.897162 194.465753
57376.740266 84.893834 194.465753
57240.239399 85.249400 194.465753
57227.566965 84.887166 194.465753
57185.696491 84.704293 194.465753
57047.078542 85.060229 194.465753
56972.663149 85.056996 194.465753
56929.807530 84.873777 194.465753
56793.600245 85.230714 194.465753
56781.221395 84.867056 194.465753
56739.644504 84.683458 194.465753
56632.830982 84.860317 194.465753
56558.709172 84.856942 194.465753
56517.279072 84.672979 194.465753
56348.722590 85.211880 194.465753
56369.280104 84.665970 194.465753
56231.200391 85.024432 194.465753
56188.834077 84.839996 194.465753
56115.005850 84.836593 194.465753
56041.226553 84.833186 194.465753
55967.496186 84.829775 194.465753
55926.457531 84.644833 194.465753
55852.825026 84.641294 194.465753
55813.016168 84.456096 194.465753
55739.481524 84.452429 194.465753
55537.688560 85.176964 194.465753
55558.784310 84.627091 194.465753
55519.171174 84.441398 194.465753
55445.832252 84.437711 194.465753
55338.767543 84.616389 194.465753
55334.207852 84.247948 194.465753
55159.691571 84.791950 194.465753
55152.965868 84.422916 194.465753
55013.454101 84.785014 194.465753
55041.732912 84.232634 194.465753
54968.736504 84.228793 194.465753
54895.789026 84.224947 194.465753
54822.890478 84.221095 194.465753
54715.134208 84.400576 194.465753
54642.333522 84.396835 194.465753
54604.488419 84.209510 194.465753
54531.785593 84.205638 194.465753
54424.225045 84.385583 194.465753
54386.526734 84.197879 194.465753
54313.970700 84.193992 194.465753
54277.502186 84.006033 194.465753
54205.044013 84.002014 194.465753
54132.634771 83.997989 194.465753
54024.235870 84.178390 194.465753
53951.924488 84.174476 194.465753
53952.871153 83.801331 194.465753
53843.487107 83.981835 194.465753
53735.283928 84.162704 194.465753
53699.206858 83.973726 194.465753
53591.101540 84.154830 194.465753
53519.083742 84.150885 194.465753
53520.323989 83.776234 194.465753
53375.194937 84.142978 194.465753
53339.362520 83.953357 194.465753
53267.540444 83.949267 194.465753
53232.937824 83.759391 194.465753
53199.516071 83.569393 194.465753
53089.538324 83.750934 194.465753
53017.911970 83.746698 194.465753
52946.334547 83.742456 194.465753
52837.635528 83.924609 194.465753
52803.326491 83.733954 194.465753
52770.198322 83.543177 194.465753
52698.816620 83.538787 194.465753
52627.483849 83.534391 194.465753
52517.897547 83.716881 194.465753
52484.965099 83.525581 194.465753
52338.306132 83.895587 194.465753
52342.642071 83.516747 194.465753
52271.553953 83.512321 194.465753
52200.514765 83.507889 194.465753
52168.958906 83.315945 194.465753
52058.583181 83.499007 194.465753
51949.388322 83.682455 194.465753
51956.281718 83.302216 194.465753
51846.052784 83.485638 194.465753
51814.741578 83.293032 194.465753
51744.044904 83.288431 194.465753
51673.397160 83.283823 194.465753
51643.364682 83.090837 194.465753
51572.814799 83.086090 194.465753
51461.747512 83.269963 194.465753
51391.295491 83.265330 194.465753
51281.458001 83.449719 194.465753
51250.538239 83.256045 194.465753
51220.799344 83.062256 194.465753
51109.976710 83.246735 194.465753
51039.769341 83.242070 194.465753
51051.875508 82.858508 194.465753
50940.067729 83.043071 194.465753
50790.006418 83.417966 194.465753
50841.693776 82.843685 194.465753
50771.731060 82.838730 194.465753
50660.119003 83.023780 194.465753
50590.254147 83.018941 194.465753
50520.438223 83.014095 194.465753
50332.368032 83.581356 194.465753
50465.481644 82.623484 194.465753
50270.717696 83.190331 194.465753
50283.362100 82.803855 194.465753
50131.526221 83.180839 194.465753
50187.098694 82.602940 194.465753
50117.625283 82.597786 194.465753
50048.200802 82.592625 194.465753
49935.995044 82.778736 194.465753
49866.668425 82.773691 194.465753
49797.390736 82.768640 194.465753
49686.463706 82.955416 194.465753
49617.283878 82.950481 194.465753
49632.681459 82.561508 194.465753
49607.561636 82.364399 194.465753
49538.528600 82.359049 194.465753
49261.053137 83.316141 194.465753
49313.816967 82.733080 194.465753
49244.930722 82.727972 194.465753
49218.923615 82.530130 194.465753
48985.606018 83.297290 194.465753
49081.395778 82.519612 194.465753
49101.761479 82.128610 194.465753
48988.025806 82.315978 194.465753
48875.471001 82.503780 194.465753
48764.097062 82.692012 194.465753
48738.432469 82.493188 194.465753
48627.156391 82.681673 194.465753
48690.645883 82.095237 194.465753
48533.241649 82.477244 194.465753
48422.112363 82.666110 194.465753
48440.654567 82.272422 194.465753
48372.453349 82.266943 194.465753
48217.508710 82.650481 194.465753
48236.197705 82.255962 194.465753
48168.143279 82.250460 194.465753
48145.231864 82.050301 194.465753
48032.181219 82.239432 194.465753
48009.367664 82.038987 194.465753
47941.508960 82.033318 194.465753
47828.605106 82.222832 194.465753
47805.938344 82.021957 194.465753
47693.132351 82.211726 194.465753
47670.563450 82.010563 194.465753
47649.175415 81.809308 194.465753
47581.610294 81.803454 194.465753
47561.452057 81.601967 194.465753
47446.626844 81.791723 194.465753
47379.208514 81.785845 194.465753
47311.839116 81.779958 194.465753
47198.292631 81.970428 194.465753
47177.247110 81.768160 194.465753
47157.382455 81.565803 194.465753
47090.208779 81.559746 194.465753
47023.084032 81.553680 194.465753
46956.008217 81.547605 194.465753
46750.303281 82.133091 194.465753
46822.003377 81.535430 194.465753
46803.564242 81.332261 194.465753
46505.554065 82.314025 194.465753
46719.474811 81.122621 194.465753
46554.580863 81.510974 194.465753
46536.337451 81.307218 194.465753
46421.163190 81.498694 194.465753
46354.527749 81.492540 194.465753
46336.431128 81.288341 194.465753
46221.403658 81.480207 194.465753
46154.915009 81.474027 194.465753
46186.587005 81.071139 194.465753
46120.196217 81.064662 194.465753
46104.608121 80.859869 194.465753
46038.315194 80.853235 194.465753
45972.071197 80.846590 194.465753
45905.876130 80.839936 194.465753
45839.729995 80.833273 194.465753
45624.767312 81.424264 194.465753
45707.584515 80.819917 194.465753
45492.719693 81.411733 194.465753
45524.880994 81.005948 194.465753
45458.979511 80.999377 194.465753
45443.880721 80.793089 194.465753
45378.077098 80.786358 194.465753
45163.456929 81.380246 194.465753
45246.616646 80.772866 194.465753
45232.845513 80.566061 194.465753
45064.598153 80.959750 194.465753
45101.678644 80.552227 194.465753
45036.168605 80.545295 194.465753
45023.725131 80.337975 194.465753
44802.655857 80.933139 194.465753
44839.932071 80.524439 194.465753
44774.617754 80.517466 194.465753
44606.712907 80.913078 194.465753
44697.153546 80.302403 194.465753
44578.968386 80.496488 194.465753
44621.016997 80.086969 194.465753
44501.797761 80.280934 194.465753
44490.926599 80.072340 194.465753
44425.954795 80.065010 194.465753
44361.031923 80.057669 194.465753
44188.990774 80.454254 194.465753
44177.183397 80.244944 194.465753
44112.407316 80.237714 194.465753
44101.829736 80.028197 194.465753
44037.151516 80.020801 194.465753
44027.803734 79.811082 194.465753
43907.941867 80.005979 194.465753
43736.243233 80.404509 194.465753
43778.927940 79.991112 194.465753
43555.441468 80.593840 194.465753
43650.109736 79.976202 194.465753
43478.606823 80.375852 194.465753
43521.487253 79.961248 194.465753
43403.099836 80.157481 194.465753
43338.910921 80.150122 194.465753
43169.867603 80.551545 194.465753
43264.829454 79.931206 194.465753
43146.637759 80.127980 194.465753
43082.644566 80.120578 194.465753
43018.700304 80.113164 194.465753
43008.954543 79.900986 194.465753
42945.108142 79.893403 194.465753
42881.310671 79.885808 194.465753
42872.843638 79.673268 194.465753
42699.712949 80.075931 194.465753
42745.493349 79.657727 194.465753
42626.610092 79.855318 194.465753
42618.338782 79.642140 194.465753
42445.403815 80.045944 194.465753
42436.098429 79.832330 194.465753
42372.692402 79.824645 194.465753
42255.185735 80.023335 194.465753
42246.027141 79.809239 194.465753
42128.618334 80.008207 194.465753
42119.557601 79.793787 194.465753
42002.246655 79.993032 194.465753
41993.283783 79.778289 194.465753
41930.220270 79.770523 194.465753
41760.038481 80.177892 194.465753
41804.240035 79.754954 194.465753
41687.173743 79.954896 194.465753
41624.305952 79.947234 194.465753
41561.487091 79.939561 194.465753
41498.717161 79.931876 194.465753
41382.978527 80.132801 194.465753
41373.324093 79.916471 194.465753
41310.700954 79.908751 194.465753
41302.276318 79.692210 194.465753
41132.583834 80.102512 194.465753
41070.107487 80.094911 194.465753
41060.697706 79.877754 194.465753
40998.319220 79.869976 194.465753
40935.989665 79.862185 194.465753
40768.805707 80.274668 194.465753
40758.459711 80.056731 194.465753
40644.391249 80.259650 194.465753
40582.257416 80.252123 194.465753
40572.058211 80.033683 194.465753
40458.136541 80.237036 194.465753
40396.149499 80.229475 194.465753
40137.987957 81.070030 194.465753
40324.207906 80.002788 194.465753
40262.367656 79.995034 194.465753
40200.576336 79.987269 194.465753
40138.833947 79.979492 194.465753
40025.254790 80.183864 194.465753
40015.495960 79.963901 194.465753
39902.014664 80.168566 194.465753
39892.353696 79.948262 194.465753
39778.970261 80.153221 194.465753
39666.767693 80.358762 194.465753
39605.367818 80.351220 194.465753
39699.673968 79.703846 194.465753
39692.521525 79.482936 194.465753
39631.268441 79.474719 194.465753
39515.914717 79.679672 194.465753
39508.909065 79.458247 194.465753
39393.653201 79.663494 194.465753
39227.692506 80.083579 194.465753
39115.930313 80.290462 194.465753
39157.610273 79.853407 194.465753
39044.814004 80.060147 194.465753
39088.855698 79.622828 194.465753
38923.139655 80.044465 194.465753
39021.428781 79.391846 194.465753
38701.285440 80.460333 194.465753
38740.995111 80.020850 194.465753
38732.263822 79.797253 194.465753
38724.713400 79.573609 194.465753
38611.176640 79.781096 194.465753
38550.706444 79.772998 194.465753
38490.285179 79.764888 194.465753
38327.273384 80.190097 194.465753
38369.589441 79.748629 194.465753
38309.314967 79.740480 194.465753
38146.449963 80.166643 194.465753
38086.273351 80.158801 194.465753
38076.899431 79.933305 194.465753
38016.820680 79.925271 194.465753
37906.037097 80.135199 194.465753
37846.056206 80.127306 194.465753
37888.763707 79.683079 194.465753
37726.241217 80.111484 194.465753
37616.785293 80.322490 194.465753
37461.152282 80.753781 194.465753
37355.190027 80.966453 194.465753
37341.728737 80.738877 194.465753
37329.448313 80.511223 194.465753
37222.500914 80.723926 194.465753
37162.960398 80.716433 194.465753
37150.826766 80.488228 194.465753
37091.384112 80.480539 194.465753
36893.312337 81.136800 194.465753
36879.061624 80.907835 194.465753
36865.991778 80.678784 194.465753
36806.744845 80.671218 194.465753
36843.394686 80.220459 194.465753
36735.755725 80.434141 194.465753
36774.767299 79.983076 194.465753
36715.716089 79.974940 194.465753
36607.091983 80.188634 194.465753
36597.760459 79.958631 194.465753
36393.386372 80.617914 194.465753
36430.378726 80.164631 194.465753
36275.724326 80.602573 194.465753
36312.814541 80.148564 194.465753
36112.031985 80.810954 194.465753
36099.598235 80.579468 194.465753
36136.835242 80.124366 194.465753
36078.273337 80.116274 194.465753
35971.270472 80.332060 194.465753
35912.806428 80.324118 194.465753
35807.033361 80.540708 194.465753
35844.515021 80.083774 194.465753
35737.707879 80.300215 194.465753
35727.929446 80.067444 194.465753
35669.710054 80.059259 194.465753
35661.161419 79.826238 194.465753
35504.928173 80.268161 194.465753
35544.967288 79.809445 194.465753
35388.831903 80.252056 194.465753
35192.179114 80.923344 194.465753
35321.421245 80.009869 194.465753
35167.696525 80.454315 194.465753
35109.868577 80.446383 194.465753
35052.089560 80.438439 194.465753
35090.207316 79.976671 194.465753
34984.036271 80.195268 194.465753
34974.893935 79.959990 194.465753
34966.932466 79.724654 194.465753
34672.608336 80.855011 194.465753
34802.290842 79.934865 194.465753
34649.006496 80.382458 194.465753
34638.976876 80.146069 194.465753
34534.280281 80.366344 194.465753
34572.838412 79.901171 194.465753
34467.107741 80.121286 194.465753
34409.915890 80.112997 194.465753
34352.772970 80.104695 194.465753
34344.168870 79.867253 194.465753
34238.633921 80.088049 194.465753
34181.637793 80.079705 194.465753
34124.690595 80.071347 194.465753
34020.434374 80.293164 194.465753
33917.359020 80.515659 194.465753
33954.142583 80.046190 194.465753
33897.391107 80.037776 194.465753
33889.178451 79.798737 194.465753
33882.146662 79.559644 194.465753
33775.920152 79.781464 194.465753
33719.364398 79.772806 194.465753
33662.857574 79.764134 194.465753
33557.909792 79.986995 194.465753
33599.612545 79.515346 194.465753
33397.782844 80.202213 194.465753
33295.245726 80.426637 194.465753
33381.057415 79.720552 194.465753
33137.676235 80.643751 194.465753
33220.189975 79.935700 194.465753
33212.564485 79.694226 194.465753
33060.650194 80.151889 194.465753
33100.480518 79.676601 194.465753
32948.664088 80.135000 194.465753
32988.592273 79.658916 194.465753
32836.873704 80.118054 194.465753
32734.825891 80.344259 194.465753
32725.279042 80.101050 194.465753
32669.555107 80.092526 194.465753
32661.238056 79.849043 194.465753
32605.611982 79.840296 194.465753
32598.524727 79.596546 194.465753
32542.996514 79.587575 194.465753
32487.517232 79.578589 194.465753
32432.086880 79.569587 194.465753
32280.857616 80.032451 194.465753
32272.883078 79.787498 194.465753
32170.241564 80.015154 194.465753
32115.006934 80.006483 194.465753
32059.821235 79.997797 194.465753
32100.532309 79.515253 194.465753
31996.954581 79.743084 194.465753
31894.557720 79.971650 194.465753
31839.567742 79.962904 194.465753
31784.626696 79.954143 194.465753
31825.582422 79.469546 194.465753
31722.249347 79.698287 194.465753
31528.777041 80.405799 194.465753
31430.069572 80.637108 194.465753
31464.429403 80.149354 194.465753
31409.781939 80.140703 194.465753
31355.183406 80.132037 194.465753
31300.633803 80.123356 194.465753
31201.039050 80.355062 194.465753
31237.907406 79.865694 194.465753
31137.278578 80.097222 194.465753
31224.998557 79.367589 194.465753
31028.619747 80.079722 194.465753
31067.947698 79.589176 194.465753
30966.382656 79.820889 194.465753
30959.582450 79.570768 194.465753
30858.115269 79.802857 194.465753
30851.412925 79.552296 194.465753
30750.043605 79.784762 194.465753
30743.439121 79.533759 194.465753
30689.525616 79.524466 194.465753
30588.303087 79.757499 194.465753
30534.487442 79.748380 194.465753
29683.710759 85.658155 194.465753
29593.005823 86.153914 194.465753
29557.264578 85.900262 194.465753
29468.921375 86.397439 194.465753
29450.073663 85.892795 194.465753
29396.551601 85.889052 194.465753
29292.691455 86.638920 194.465753
29289.654269 85.881544 194.465753
29171.360185 86.884706 194.465753
29952.796155 79.901304 194.465753
29945.744763 79.646995 194.465753
29939.874237 79.392631 194.465753
29935.184579 79.138221 194.465753
30141.482454 77.909255 194.465753
30376.127668 76.689243 194.465753
31203.621408 73.589076 194.465753
31958.138337 71.261333 194.465753
32924.192920 68.770105 194.465753
33172.983840 68.090473 194.465753
33645.580341 66.982071 194.465753
34728.554534 64.833921 194.465753
36866.390658 61.357810 194.465753
37664.948247 60.166056 194.465753
38352.808376 59.188591 194.465753
40859.985917 56.234281 194.465753
43656.988094 53.465400 194.465753
43981.061631 53.109665 194.465753
46080.673808 51.317763 194.465753
46844.801699 50.670014 194.465753
49792.913881 48.552240 194.465753
52253.760546 46.971345 194.465753
52910.684649 46.533801 194.465753
55545.947374 45.047350 194.465753
56250.510665 44.634798 194.465753
59060.189449 43.237653 194.465753
61451.467460 42.139231 194.465753
63363.220136 41.308576 194.465753
63596.328438 41.169052 194.465753
64406.406462 40.807048 194.465753
64934.864639 40.559340 194.465753
64592.330877 40.642831 194.465753
64831.294583 40.505859 194.465753
65364.427297 40.260191 194.465753
65606.884673 40.124735 194.465753
65261.150823 40.206649 194.465753
65209.585982 40.179847 194.465753
65158.070072 40.153023 194.465753
65106.603092 40.126178 194.465753
64762.196901 40.208411 194.465753
63550.194580 40.622798 194.465753
64076.927120 40.374193 194.465753
64316.380131 40.237173 194.465753
63109.052346 40.653280 194.465753
63923.260138 40.293181 194.465753
63294.082943 40.487611 194.465753
63531.467803 40.349535 194.465753
63770.033531 40.211975 194.465753
64009.780125 40.074930 194.465753
64543.695727 39.829480 194.465753
64199.827772 39.911279 194.465753
64736.105108 39.666871 194.465753
64980.575170 39.531872 194.465753
64634.590133 39.612602 194.465753
64879.158056 39.477599 194.465753
65422.422732 39.236270 194.465753
65670.484325 39.102792 194.465753
65023.783315 39.288747 194.465753
65569.458655 39.048473 194.465753
64922.855506 39.234303 194.465753
65768.408468 38.888310 194.465753
66018.978586 38.755841 194.465753
65968.685938 38.728632 194.465753
65019.102942 39.018492 194.465753
64375.008318 39.204961 194.465753
64029.610448 39.285192 194.465753
63979.513523 39.257768 194.465753
63929.465528 39.230323 194.465753
64174.718478 39.095310 194.465753
63829.516330 39.175369 194.465753
63485.495049 39.255863 194.465753
63435.642776 39.228310 194.465753
63975.211526 38.985316 194.465753
63925.457114 38.957764 194.465753
63580.499619 39.037608 194.465753
63530.843068 39.009991 194.465753
63187.115370 39.090225 194.465753
63137.556680 39.062542 194.465753
63973.802964 38.712851 194.465753
63627.958184 38.792001 194.465753
63283.294272 38.871581 194.465753
62646.823085 39.059861 194.465753
62890.497190 38.923805 194.465753
63430.604175 38.681062 194.465753
62792.015907 38.868157 194.465753
61867.280046 39.166351 194.465753
60952.780543 39.469010 194.465753
60332.450048 39.663945 194.465753
24603.528006 86.882757 194.465753
24546.828614 84.672069 194.465753
24498.052813 84.666752 194.465753
24471.781295 84.387079 194.465753
24423.103355 84.381470 194.465753
24352.018992 84.650739 194.465753
24261.924015 85.196432 194.465753
24213.392866 85.191610 194.465753
24228.880899 84.358922 194.465753
24062.694536 86.012638 194.465753
24031.105851 85.731234 194.465753
24019.757576 85.172221 194.465753
23991.662561 84.890054 194.465753
23964.748412 84.607563 194.465753
24013.172808 83.494344 194.465753
23965.033104 83.487785 194.465753
23842.784652 84.313282 194.465753
23711.713013 85.421763 194.465753
23702.971125 84.858946 194.465753
23698.805913 84.295977 194.465753
23586.940610 85.128022 194.465753
23603.064739 84.284382 194.465753
256112.041602 17.563278 194.465753
254614.649622 17.597900 194.465753
256016.594012 17.529506 194.465753
252353.323836 17.641716 194.465753
257375.513609 17.444635 194.465753
256600.309370 17.453266 194.465753
255826.285998 17.461923 194.465753
257961.786422 17.368693 194.465753
256457.945338 17.402620 194.465753
259327.986943 17.284565 194.465753
23103.574107 83.937616 194.465753
23106.885540 83.367428 194.465753
23086.658614 83.078827 194.465753
23039.497520 83.071712 194.465753
23020.500391 82.782567 194.465753
22945.322123 83.057439 194.465753
22871.324722 83.333206 194.465753
22879.457483 82.760236 194.465753
22832.541042 82.752762 194.465753
23254.175195 79.097614 194.465753
23122.828136 79.643171 194.465753
22751.711179 82.163299 194.465753
22704.990460 82.155189 194.465753
22627.939763 82.430924 194.465753
22611.695812 82.138920 194.465753
22534.742977 82.415197 194.465753
22550.107731 81.838250 194.465753
22412.494941 82.684797 194.465753
23612.854947 74.862816 194.465753
23752.696118 74.037673 194.465753
23970.506454 72.951001 194.465753
24134.216150 72.138256 194.465753
24233.637777 71.593501 194.465753
24187.455293 71.575305 194.465753
24067.929251 71.820649 194.465753
23878.455459 72.332601 194.465753
24199.382213 70.994904 194.465753
24077.739089 71.238741 194.465753
23957.276832 71.483807 194.465753
23911.387932 71.465401 194.465753
24170.437282 70.395526 194.465753
23969.937709 70.900653 194.465753
24000.983898 70.618809 194.465753
23728.321634 71.391427 194.465753
23909.646472 70.580342 194.465753
23787.262856 70.824601 194.465753
23818.504767 70.541729 194.465753
23929.979716 69.996966 194.465753
23964.715297 69.715519 194.465753
23839.131595 69.957257 194.465753
23793.780930 69.937345 194.465753
23591.506790 70.444546 194.465753
23624.174220 70.160764 194.465753
23578.970347 70.140957 194.465753
23155.533594 71.453158 194.465753
23038.167029 71.703613 194.465753
21429.380627 79.536609 194.465753
22670.378948 72.753525 194.465753
22429.012923 73.560434 194.465753
22513.908566 72.992466 194.465753
262126.697968 16.257009 194.465753
261342.914474 16.263784 194.465753
260560.311848 16.270579 194.465753
262732.510472 16.183113 194.465753
263429.079772 16.142938 194.465753
264126.829938 16.102868 194.465753
253792.132143 16.418021 194.465753
253747.613297 16.400956 194.465753
253703.143381 16.383888 194.465753
255845.073307 16.294777 194.465753
21209.565909 76.759600 194.465753
21320.899880 75.883451 194.465753
21386.056765 75.296797 194.465753
21514.467643 74.428519 194.465753
21470.291311 74.412101 194.465753
21198.246260 75.536287 194.465753
21502.835880 73.812972 194.465753
21520.879464 73.513763 194.465753
21604.440914 72.934051 194.465753
21692.579040 72.356638 194.465753
21582.095420 72.617756 194.465753
21741.460023 71.762624 194.465753
21984.453474 70.639206 194.465753
21653.939177 71.724505 194.465753
21823.637999 70.874264 194.465753
21927.916817 70.304390 194.465753
22036.772311 69.737279 194.465753
21916.443777 69.989457 194.465753
21949.740770 69.695381 194.465753
21753.853735 70.222478 194.465753
21940.825186 69.380472 194.465753
22138.032994 68.545805 194.465753
22260.765307 67.986061 194.465753
22475.050022 67.163952 194.465753
22431.852300 67.140730 194.465753
22656.422303 66.325945 194.465753
22797.461320 65.779193 194.465753
22848.177733 65.494809 194.465753
22900.075012 65.211062 194.465753
23148.611401 64.414733 194.465753
23105.707262 64.389273 194.465753
23262.838040 63.854179 194.465753
23321.722660 63.574947 194.465753
23485.742918 63.045158 194.465753
23870.172947 62.024079 194.465753
23719.030945 62.243957 194.465753
24005.263746 61.478412 194.465753
24074.580446 61.206743 194.465753
24145.078013 60.935861 194.465753
24332.030581 60.424876 194.465753
24523.559824 59.917849 194.465753
24363.655914 60.128027 194.465753
24798.282587 59.150217 194.465753
24756.014545 59.121009 194.465753
25083.388499 58.391200 194.465753
25293.273377 57.900018 194.465753
25507.734931 57.412938 194.465753
25595.651918 57.155759 194.465753
25950.388067 56.451159 194.465753
26042.930660 56.197863 194.465753
26136.654120 55.945471 194.465753
25959.128533 56.135974 194.465753
26327.643640 55.443419 194.465753
25741.005076 56.296810 194.465753
26807.105905 54.514018 194.465753
27053.702052 54.055610 194.465753
27452.975163 53.392003 194.465753
27411.392148 53.359724 194.465753
27519.090288 53.118990 194.465753
27627.969295 52.879201 194.465753
27890.657203 52.435211 194.465753
28157.921787 51.995418 194.465753
27655.303514 52.574958 194.465753
29191.231557 50.539129 194.465753
29313.938453 50.311490 194.465753
29437.826216 50.084807 194.465753
29396.683575 50.051268 194.465753
29521.801136 49.825455 194.465753
29149.465753 50.177405 194.465753
29607.103714 49.566846 194.465753
29734.631939 49.342871 194.465753
30205.950997 48.744823 194.465753
30338.104828 48.524850 194.465753
30646.706287 48.121982 194.465753
30782.353788 47.904959 194.465753
30919.182156 47.688894 194.465753
30878.528821 47.654564 194.465753
31196.381493 47.259639 194.465753
31336.752461 47.046448 194.465753
31661.494612 46.657526 194.465753
32177.399563 46.098955 194.465753
32513.558939 45.720001 194.465753
32473.199187 45.685280 194.465753
32622.870299 45.479861 194.465753
32965.968084 45.106712 194.465753
32733.509317 45.240529 194.465753
33469.120130 44.536817 194.465753
33823.684070 44.173317 194.465753
33783.617902 44.138346 194.465753
34142.807448 43.778634 194.465753
34304.140437 43.582680 194.465753
34466.654293 43.387649 194.465753
34835.046122 43.035465 194.465753
35416.107542 42.531717 194.465753
35168.242042 42.651880 194.465753
35545.836153 42.307111 194.465753
