97507.548829 58.714883 263.506849
96987.537976 58.917296 263.506849
97355.140666 58.687638 263.506849
97056.632514 58.781945 263.506849
97202.895768 58.660350 263.506849
96462.571338 58.971429 263.506849
96828.448841 58.741045 263.506849
96752.469249 58.727390 263.506849
96898.895768 58.605646 263.506849
96822.997809 58.591943 263.506849
70499.537846 -88.517137 263.506849
96007.061134 58.889729 263.506849
95058.820518 59.313308 263.506849
95855.550930 58.862409 263.506849
95560.324437 58.957722 263.506849
96146.101902 58.617765 263.506849
96516.164473 58.387680 263.506849
94897.255149 59.135606 263.506849
95919.387616 58.576478 263.506849
94746.234741 59.108323 263.506849
95547.027772 58.657549 263.506849
95693.040677 58.535093 263.506849
94737.654414 58.957604 263.506849
95764.712095 58.398970 263.506849
95467.061086 58.493610 263.506849
95614.181482 58.371229 263.506849
95762.286922 58.249036 263.506849
95911.377404 58.127033 263.506849
96061.452929 58.005220 263.506849
69030.598747 -89.250784 263.506849
95016.203943 58.410349 263.506849
94941.203943 58.396434 263.506849
94866.244759 58.382507 263.506849
95013.691686 58.259826 263.506849
94716.448841 58.354622 263.506849
94863.977401 58.231865 263.506849
94789.181482 58.217868 263.506849
95161.989649 57.986927 263.506849
94195.925731 58.407852 263.506849
94788.348146 58.067164 263.506849
94490.405972 58.161771 263.506849
95088.575378 57.822389 263.506849
93676.999910 58.461376 263.506849
94490.062432 58.010828 263.506849
94415.593044 57.996717 263.506849
93895.489657 58.200461 263.506849
67756.206872 -89.395023 263.506849
93525.333895 58.281662 263.506849
94118.123656 57.940158 263.506849
93820.548829 58.034900 263.506849
93523.959045 58.129943 263.506849
93672.140666 58.006584 263.506849
93597.997809 57.992409 263.506849
93301.530473 58.087498 263.506849
92566.038722 58.402793 263.506849
93599.123656 57.840750 263.506849
93525.144065 57.826504 263.506849
93227.895768 57.921366 263.506849
92710.211446 58.126198 263.506849
93080.140666 57.892870 263.506849
93229.633861 57.769407 263.506849
93155.858350 57.755104 263.506849
93306.377404 57.631803 263.506849
93008.429779 57.726465 263.506849
92489.101902 57.930996 263.506849
93085.418220 57.588716 263.506849
91900.020318 58.122421 263.506849
92938.316179 57.559934 263.506849
93090.024357 57.436647 263.506849
92567.123656 57.640275 263.506849
92270.405972 57.735329 263.506849
92197.038625 57.720938 263.506849
92123.712095 57.706537 263.506849
92497.989649 57.473315 263.506849
91977.181482 57.677699 263.506849
92127.286922 57.553674 263.506849
92054.123656 57.539200 263.506849
91981.001208 57.524715 263.506849
91684.610054 57.619885 263.506849
91611.569237 57.605403 263.506849
91316.203943 57.700895 263.506849
90363.225843 58.129148 263.506849
91392.691686 57.561887 263.506849
90436.018314 57.989230 263.506849
91470.286922 57.422995 263.506849
90071.797272 58.071547 263.506849
91324.735901 57.393828 263.506849
91028.712095 57.489128 263.506849
90956.038625 57.474541 263.506849
90883.405972 57.459943 263.506849
90810.814135 57.445333 263.506849
90515.897820 57.540987 263.506849
90443.387616 57.526379 263.506849
90816.593044 57.291377 263.506849
90968.418220 57.166883 263.506849
90671.776718 57.262000 263.506849
90823.683526 57.137431 263.506849
90751.377404 57.122688 263.506849
89567.285624 57.660225 263.506849
90382.633861 57.203105 263.506849
89864.775371 57.409100 263.506849
90014.997809 57.283850 263.506849
90390.459037 57.048794 263.506849
90094.144065 57.144021 263.506849
89576.448841 57.350177 263.506849
88406.806169 57.892746 263.506849
89654.895768 57.209977 263.506849
89360.632514 57.305860 263.506849
89511.140666 57.180345 263.506849
89662.633861 57.055041 263.506849
89367.548829 57.150665 263.506849
89519.123656 57.025286 263.506849
89447.429779 57.010391 263.506849
89152.467197 57.106056 263.506849
89304.164473 56.980564 263.506849
88565.497160 57.298337 263.506849
88937.752911 57.061339 263.506849
88643.897820 57.157363 263.506849
88351.027772 57.253705 263.506849
88723.405972 57.016514 263.506849
88429.673330 57.112580 263.506849
88136.925731 57.208965 263.506849
88509.426380 56.971581 263.506849
88438.181482 56.956579 263.506849
88144.612106 57.052700 263.506849
88519.123656 56.815658 263.506849
88224.691686 56.911501 263.506849
88376.919575 56.785519 263.506849
88082.569237 56.881388 263.506849
88459.132506 56.644628 263.506849
87940.610054 56.851227 263.506849
87869.691686 56.836128 263.506849
87576.448841 56.932359 263.506849
87505.612106 56.917262 263.506849
86992.918277 57.125789 263.506849
87586.426380 56.775611 263.506849
87293.346800 56.871896 263.506849
87445.038625 56.745278 263.506849
87374.405972 56.730094 263.506849
86860.027772 56.938227 263.506849
87233.263115 56.699688 263.506849
86718.966548 56.907900 263.506849
86869.918228 56.780833 263.506849
87245.164473 56.542647 263.506849
86951.467197 56.638729 263.506849
86881.120258 56.623458 263.506849
86367.027772 56.831867 263.506849
86963.858350 56.481438 263.506849
87117.887608 56.354924 263.506849
86600.140666 56.562252 263.506849
85865.734603 56.883199 263.506849
86459.895768 56.531574 263.506849
86167.469249 56.628073 263.506849
85876.027772 56.724900 263.506849
86249.834544 56.485464 263.506849
86179.895768 56.470069 263.506849
86333.307330 56.342992 263.506849
86040.140666 56.439242 263.506849
85526.537976 56.648120 263.506849
59635.949936 -88.710212 263.506849
59559.133544 -88.870730 263.506849
59504.547288 -88.547355 263.506849
81423.564299 58.659844 263.506849
81353.952054 58.644918 263.506849
81694.174842 58.394773 263.506849
81419.275008 58.497246 263.506849
81145.360217 58.600064 263.506849
81485.705454 58.349693 263.506849
59017.833002 -88.541376 263.506849
58957.435805 -88.378435 263.506849
58871.113201 -88.701859 263.506849
58818.823560 -88.376525 263.506849
58732.582589 -88.700329 263.506849
80660.074503 58.494956 263.506849
81207.018902 58.126587 263.506849
80931.583005 58.228913 263.506849
80657.132151 58.331586 263.506849
80588.091335 58.316449 263.506849
58310.888647 -88.858706 263.506849
58257.037084 -88.531880 263.506849
58188.118716 -88.531011 263.506849
58128.211315 -88.366907 263.506849
80655.182167 58.004837 263.506849
80380.072801 58.107305 263.506849
80105.948478 58.210124 263.506849
80242.603413 58.076773 263.506849
80173.929944 58.061487 263.506849
80105.297291 58.046188 263.506849
80036.705454 58.030876 263.506849
57554.582524 -88.851231 263.506849
80105.957677 57.882253 263.506849
80037.488289 57.866871 263.506849
79969.059718 57.851476 263.506849
79900.671963 57.836068 263.506849
79420.642355 58.057117 263.506849
79764.018902 57.805211 263.506849
79903.011269 57.671926 263.506849
79834.786780 57.656434 263.506849
79974.805006 57.523338 263.506849
79698.460249 57.625411 263.506849
79630.358208 57.609880 263.506849
79355.039310 57.712325 263.506849
79287.018902 57.696797 263.506849
79426.296984 57.563207 263.506849
79358.358208 57.547622 263.506849
56463.317218 -88.840181 263.506849
79015.345432 57.634554 263.506849
79154.786780 57.500789 263.506849
80994.820518 56.435267 263.506849
80927.085824 56.419359 263.506849
80643.636236 56.518912 263.506849
56035.541514 -89.667382 263.506849
80508.370930 56.487084 263.506849
55898.941501 -89.833488 263.506849
55878.150091 -88.334342 263.506849
55810.660295 -88.333335 263.506849
55696.000000 90.000000 263.506849
55630.480289 -89.666173 263.506849
55561.696603 -89.832984 263.506849
55501.451770 -89.331559 263.506849
55494.596539 -87.994188 263.506849
55361.255800 -89.665362 263.506849
55292.163265 90.000000 263.506849
55225.472113 -89.832476 263.506849
55158.349664 -89.832374 263.506849
55095.044937 -89.496828 263.506849
55024.227215 -89.832170 263.506849
54958.643555 -89.664139 263.506849
54890.268032 -89.831965 263.506849
54823.349664 -89.831863 263.506849
54760.249018 -89.495292 263.506849
54689.163265 90.000000 263.506849
54624.255800 -89.663112 263.506849
54563.166055 -89.325835 263.506849
54490.786412 -89.662700 263.506849
54460.465655 -88.481557 263.506849
54378.725381 -88.818156 263.506849
54293.249018 -89.493126 263.506849
54224.337432 -89.661872 263.506849
54155.938776 90.000000 263.506849
54089.941501 -89.830727 263.506849
54023.040816 90.000000 263.506849
53956.653061 90.000000 263.506849
53894.555141 -89.491255 263.506849
53825.888453 89.660623 263.506849
53758.206807 89.830205 263.506849
53691.982317 89.830101 263.506849
53625.798644 -89.829996 263.506849
53559.183673 90.000000 263.506849
53493.553746 89.829786 263.506849
53427.492521 -89.829681 263.506849
53365.249018 -89.488738 263.506849
53295.020408 90.000000 263.506849
53229.553746 -89.829364 263.506849
53165.072126 -89.658520 263.506849
53097.798644 -89.829153 263.506849
53033.398657 -89.658097 263.506849
52969.983712 -89.486834 263.506849
52907.553810 -89.315368 263.506849
52838.555141 -89.486196 263.506849
52776.206872 -89.314517 263.506849
52710.594627 -89.314090 263.506849
52641.718406 -89.485236 263.506849
52573.827228 -89.656605 263.506849
52523.445053 -88.969273 263.506849
52445.249018 -89.484273 263.506849
52383.145647 -89.311949 263.506849
52322.027319 -89.139423 263.506849
52246.786412 -89.655532 263.506849
52181.500698 -89.655317 263.506849
52126.170176 -89.137808 263.506849
52056.717076 -89.309795 263.506849
51991.553810 -89.309363 263.506849
51935.873625 -88.963458 263.506849
51865.598747 -89.135644 263.506849
51793.004120 -89.481036 263.506849
51735.557931 -89.134559 263.506849
51666.349729 -89.307193 263.506849
51605.680380 -89.133470 263.506849
51567.241165 -88.439532 263.506849
51494.378507 -88.611972 263.506849
51411.170176 -89.131832 263.506849
51357.745789 -88.783889 263.506849
51308.139125 -88.435596 263.506849
51222.220563 -88.956261 263.506849
51157.587910 -88.955602 263.506849
51114.241165 -88.432630 263.506849
51034.582524 -88.780044 263.506849
50970.072320 -88.779272 263.506849
50905.602932 -88.778499 263.506849
50841.174361 -88.777725 263.506849
50783.868303 -88.602294 263.506849
50719.521364 -88.601407 263.506849
50632.553810 -89.300155 263.506849
50572.537523 -89.124663 263.506849
50504.064015 -89.299266 263.506849
50444.129359 -89.123550 263.506849
50379.986502 -89.122992 263.506849
50327.215177 -88.771499 263.506849
50257.016482 -88.946285 263.506849
50187.802829 -89.121314 263.506849
50119.574219 -89.296583 263.506849
50059.884461 -89.120192 263.506849
50001.179747 -88.943593 263.506849
49937.322604 -88.942917 263.506849
49868.313033 -89.118504 263.506849
49796.983712 -89.470737 263.506849
49740.802829 -89.117375 263.506849
49669.555141 -89.470058 263.506849
49609.206872 -89.292974 263.506849
49555.036890 -88.938847 263.506849
49497.602932 -88.761245 263.506849
49427.934849 -88.937484 263.506849
49370.582524 -88.759652 263.506849
49300.996073 -88.936117 263.506849
49237.587910 -88.935432 263.506849
49174.220563 -88.934746 263.506849
49101.451770 -89.289327 263.506849
49042.415074 -89.111112 263.506849
48984.363420 -88.932683 263.506849
48915.966094 -89.109963 263.506849
48857.996073 -88.931304 263.506849
48801.011095 -88.752434 263.506849
48737.929463 -88.751626 263.506849
48689.996267 -88.394075 263.506849
48605.751176 -88.928534 263.506849
48556.011160 -88.570582 263.506849
48479.873625 -88.927144 263.506849
48416.996073 -88.926447 263.506849
48360.296810 -88.746761 263.506849
48291.363420 -88.925051 263.506849
48234.745789 -88.745131 263.506849
48165.894033 -88.923652 263.506849
48109.358034 -88.743496 263.506849
48080.717528 -88.024673 263.506849
47991.215242 -88.562194 263.506849
47921.582524 -88.741037 263.506849
47866.154017 -88.560316 263.506849
47811.710553 -88.379388 263.506849
47728.036890 -88.918726 263.506849
47665.649135 -88.918018 263.506849
47624.547288 -88.376206 263.506849
47554.215242 -88.555601 263.506849
47484.868238 -88.735260 263.506849
47422.643749 -88.734430 263.506849
47360.460075 -88.733599 263.506849
47313.424839 -88.370875 263.506849
47236.215177 -88.731935 263.506849
47174.153953 -88.731101 263.506849
47112.133544 -88.730266 263.506849
47057.235650 -88.547992 263.506849
46988.215177 -88.728592 263.506849
46933.398915 -88.546077 263.506849
46871.541772 -88.545118 263.506849
46817.751369 -88.362271 263.506849
46747.949936 -88.543196 263.506849
46679.133544 -88.724389 263.506849
46617.439667 -88.723545 263.506849
46562.868303 -88.540303 263.506849
46488.036890 -88.904398 263.506849
46439.684630 -88.538368 263.506849
46395.150091 -88.171971 263.506849
46324.690145 -88.353576 263.506849
46292.984294 -87.803781 263.506849
46171.145647 -89.267121 263.506849
46114.027319 -89.083320 263.506849
46079.139125 -88.349194 263.506849
46017.853410 -88.348095 263.506849
45935.363420 -88.897826 263.506849
45864.717076 -89.264677 263.506849
45803.553810 -89.264186 263.506849
45735.349664 -89.815914 263.506849
45681.349729 -89.263202 263.506849
45614.643555 -89.631340 263.506849
45563.557931 -89.077799 263.506849
45491.268032 -89.815421 263.506849
45430.349664 -89.815297 263.506849
45370.888453 -89.630351 263.506849
45308.635378 89.815049 263.506849
45249.255800 -89.629854 263.506849
45187.084358 89.814801 263.506849
45126.370072 -89.814676 263.506849
45065.696603 -89.814551 263.506849
45006.480289 89.628857 263.506849
44944.472113 89.814302 263.506849
44883.921093 89.814176 263.506849
44824.827228 89.628106 263.506849
44762.941501 89.813925 263.506849
44702.512929 89.813800 263.506849
44643.541514 89.627351 263.506849
44581.778236 89.813548 263.506849
44521.472113 89.813421 263.506849
44464.983712 89.439901 263.506849
44400.982317 89.813168 263.506849
44342.214983 89.626087 263.506849
44327.394989 -88.129806 263.506849
44250.296874 -88.502637 263.506849
44190.235650 -88.501620 263.506849
44147.211315 -88.125992 263.506849
44047.574219 89.249662 263.506849
43987.635443 89.249151 263.506849
43924.432692 89.436465 263.506849
43898.567696 -88.308679 263.506849
43847.721519 -88.119600 263.506849
43770.949936 -88.494459 263.506849
43738.125691 -87.928891 263.506849
43633.108951 89.057618 263.506849
43569.206872 89.245554 263.506849
43525.174361 -88.678972 263.506849
43446.718406 89.433375 263.506849
43413.154017 -88.488266 263.506849
43340.445053 88.865306 263.506849
43280.996073 88.864527 263.506849
43212.145647 89.242443 263.506849
43162.220563 88.862966 263.506849
43116.113201 88.483066 263.506849
43064.853410 88.292381 263.506849
42984.363420 88.860616 263.506849
42931.296810 88.669865 263.506849
42872.133544 88.668947 263.506849
42820.092793 -88.477831 263.506849
42761.011160 -88.476779 263.506849
42694.888647 -88.666187 263.506849
42650.996267 88.284114 263.506849
42584.011160 88.473616 263.506849
42511.873625 88.854300 263.506849
42459.133544 88.662488 263.506849
42407.378507 88.470440 263.506849
42348.582589 88.469378 263.506849
42289.827487 88.468315 263.506849
42239.139125 88.275766 263.506849
42189.435805 88.082988 263.506849
42121.833002 88.273366 263.506849
42048.133544 -88.655966 263.506849
42023.574671 87.887045 263.506849
41975.923069 87.693550 263.506849
41887.710553 88.268546 263.506849
41859.025110 87.690330 263.506849
41789.778753 87.881140 263.506849
41742.290416 87.687101 263.506849
41654.241165 88.263699 263.506849
41595.975859 88.262483 263.506849
41567.494498 87.682240 263.506849
41498.452222 87.873712 263.506849
41440.309365 87.872220 263.506849
41404.868755 87.484045 263.506849
41297.235650 88.450013 263.506849
41276.984294 87.674094 263.506849
41198.231723 88.060055 263.506849
41150.207324 87.864730 263.506849
41114.970796 87.475185 263.506849
41069.860708 87.279333 263.506849
40987.494498 87.665890 263.506849
40954.268872 87.275494 263.506849
40896.534178 87.273570 263.506849
40838.840300 87.271643 263.506849
40781.187239 87.269714 263.506849
40737.266276 87.072951 263.506849
40666.003566 87.265847 263.506849
40636.799743 86.873766 263.506849
40579.309947 86.871550 263.506849
40521.860967 86.869331 263.506849
40449.817296 87.062561 263.506849
40392.449949 87.060473 263.506849
40321.432137 87.254180 263.506849
40308.052946 86.664630 263.506849
40137.500891 -88.624343 263.506849
40178.024232 86.855951 263.506849
40120.860967 86.853709 263.506849
40049.103010 87.047889 263.506849
40006.656885 86.849217 263.506849
39949.616069 86.846967 263.506849
39892.616069 86.844712 263.506849
39835.656885 86.842455 263.506849
39778.738518 86.840195 263.506849
39771.432848 86.246604 263.506849
39665.024232 86.835664 263.506849
39657.800195 86.241223 263.506849
39619.457506 86.041168 263.506849
39544.330807 86.235827 263.506849
39487.657338 86.233122 263.506849
39397.032538 86.626243 263.506849
39392.845261 86.029780 263.506849
39355.650880 85.828953 263.506849
39261.371624 86.222267 263.506849
39204.902236 86.219543 263.506849
39206.543582 85.621636 263.506849
39150.155827 85.618478 263.506849
39073.508023 85.813894 263.506849
39037.502766 85.612148 263.506849
38981.237460 85.608976 263.506849
38946.258062 85.406900 263.506849
38848.528431 85.801769 263.506849
38833.931531 85.400248 263.506849
38777.829490 85.396914 263.506849
38721.768266 85.393576 263.506849
38586.432848 86.189323 263.506849
38588.523174 85.586645 263.506849
38532.584398 85.583437 263.506849
38520.120849 85.180240 263.506849
38464.263706 85.176733 263.506849
38386.258062 85.373445 263.506849
38330.482551 85.370073 263.506849
38320.070720 84.965788 263.506849
38288.454613 84.761701 263.506849
38257.823549 84.557447 263.506849
38202.211304 84.553475 263.506849
38172.606099 84.348911 263.506849
38117.075487 84.344782 263.506849
38010.597471 84.742536 263.506849
38006.136711 84.336508 263.506849
37950.728548 84.332361 263.506849
37869.394978 84.529522 263.506849
37840.034671 84.324051 263.506849
37811.659406 84.118423 263.506849
37729.504058 84.315715 263.506849
37701.210426 84.109783 263.506849
37646.047161 84.105454 263.506849
37564.014262 84.303167 263.506849
37592.496658 83.692834 263.506849
37537.455841 83.688193 263.506849
37453.656939 83.885733 263.506849
37457.239786 83.476714 263.506849
37343.779388 83.876710 263.506849
37317.700739 83.669560 263.506849
37292.607133 83.462268 263.506849
37179.269184 83.863126 263.506849
37245.375049 83.047279 263.506849
37190.660763 83.042141 263.506849
37104.355713 83.239867 263.506849
37049.723060 83.234861 263.506849
37026.762804 83.026683 263.506849
36940.580203 83.224828 263.506849
36950.277387 82.813055 263.506849
36863.232192 83.011155 263.506849
36841.379428 82.802384 263.506849
36786.991673 82.797038 263.506849
36732.644734 82.791683 263.506849
36711.858645 82.582479 263.506849
36657.593339 82.576960 263.506849
36537.273008 82.979894 263.506849
36549.185176 82.565897 263.506849
36495.042319 82.560353 263.506849
36475.404538 82.350407 263.506849
36421.343314 82.344698 263.506849
36367.322906 82.338980 263.506849
36348.751800 82.128608 263.506849
36294.813025 82.122725 263.506849
36314.564717 81.707557 263.506849
36223.410635 81.906040 263.506849
36206.891248 81.695149 263.506849
36115.818799 81.893912 263.506849
35990.322906 82.298718 263.506849
36045.687166 81.676468 263.506849
35954.737166 81.875651 263.506849
35976.663025 81.458603 263.506849
35923.091597 81.452189 263.506849
35831.319819 81.651429 263.506849
35777.830023 81.645146 263.506849
35724.381044 81.638854 263.506849
35670.972881 81.632552 263.506849
35655.846699 81.419975 263.506849
35602.520168 81.413503 263.506849
35588.419846 81.200679 263.506849
35535.174948 81.194037 263.506849
35563.174328 80.774792 263.506849
35468.937219 80.974157 263.506849
35456.888614 80.760854 263.506849
35445.825052 80.547482 263.506849
35309.692321 80.953656 263.506849
35426.653056 80.120552 263.506849
35373.693872 80.113085 263.506849
35320.775505 80.105607 263.506849
35181.029134 80.511648 263.506849
35215.061219 80.090617 263.506849
35162.265301 80.083106 263.506849
35109.510199 80.075583 263.506849
35056.795913 80.068048 263.506849
35004.122443 80.060503 263.506849
34996.340540 79.845666 263.506849
34989.543679 79.630784 263.506849
34936.992658 79.622902 263.506849
34838.687479 79.822472 263.506849
34832.013067 79.607102 263.506849
34733.789519 79.806951 263.506849
34681.401764 79.799173 263.506849
34721.589003 79.375521 263.506849
34622.543679 79.575360 263.506849
34524.483397 79.775769 263.506849
34612.476513 79.143207 263.506849
34512.609412 79.343029 263.506849
34556.777638 78.918633 263.506849
34504.675597 78.910164 263.506849
34502.186253 78.693701 263.506849
34400.593964 78.893187 263.506849
34398.186253 78.676396 263.506849
34346.247478 78.667724 263.506849
34244.777638 78.867625 263.506849
34242.492376 78.650341 263.506849
34190.676049 78.641629 263.506849
34040.701003 79.051290 263.506849
34037.593964 78.833362 263.506849
33985.900087 78.824763 263.506849
33934.247025 78.816151 263.506849
33982.722769 78.388530 263.506849
34088.365020 77.753003 263.506849
33983.485621 77.952281 263.506849
33879.591266 78.152172 263.506849
33776.681952 78.352674 263.506849
33625.185801 78.764206 263.506849
33777.771336 77.915098 263.506849
33522.491923 78.746784 263.506849
33675.159091 77.896421 263.506849
33623.914193 77.887062 263.506849
33520.305551 78.087920 263.506849
33629.188645 77.448529 263.506849
33578.066196 77.438822 263.506849
33526.984563 77.429100 263.506849
33475.943747 77.419363 263.506849
33424.943747 77.409612 263.506849
33373.984563 77.399845 263.506849
33323.066196 77.390064 263.506849
33164.546846 77.802179 263.506849
33221.351910 77.370456 263.506849
33281.974696 76.939495 263.506849
33175.038128 77.139892 263.506849
32961.444805 77.764077 263.506849
33129.831838 76.909009 263.506849
33023.017720 77.109817 263.506849
32972.425883 77.099761 263.506849
32921.874863 77.089690 263.506849
32927.546124 76.868142 263.506849
32877.076736 76.857886 263.506849
32770.466700 77.059383 263.506849
32833.386101 76.625771 263.506849
32725.913471 76.827024 263.506849
32619.425883 77.028936 263.506849
32682.467734 76.594352 263.506849
32575.117553 76.796019 263.506849
32640.129488 76.361375 263.506849
32531.916714 76.562789 263.506849
32481.814673 76.552235 263.506849
32548.837510 76.117222 263.506849
30655.215242 -88.200902 263.506849
32274.627757 76.733577 263.506849
32458.857105 75.872389 263.506849
32349.000775 76.073546 263.506849
32359.102003 75.850177 263.506849
32249.327306 76.051606 263.506849
32259.510166 75.827896 263.506849
32090.802958 76.242862 263.506849
31983.039162 76.445797 263.506849
31820.078945 76.864146 263.506849
31941.843774 76.210189 263.506849
32011.244860 75.771892 263.506849
31901.755877 75.974281 263.506849
31735.182020 76.391955 263.506849
31802.817102 75.952034 263.506849
31636.324877 76.370301 263.506849
31645.027448 76.144384 263.506849
31714.673431 75.704113 263.506849
31431.219593 76.553467 263.506849
31497.170305 76.111250 263.506849
31566.938737 75.669985 263.506849
31640.524892 75.229721 263.506849
31529.555620 75.432354 263.506849
31480.473987 75.420751 263.506849
31310.572204 75.839752 263.506849
31321.530574 75.612751 263.506849
31333.473987 75.385832 263.506849
31284.555620 75.374156 263.506849
31235.678069 75.362462 263.506849
31125.938737 75.566639 263.506849
31138.045416 75.339018 263.506849
31213.928186 74.896141 263.506849
31102.422851 75.099564 263.506849
31053.749382 75.087621 263.506849
31005.116729 75.075658 263.506849
30894.678069 75.280087 263.506849
30846.127048 75.268246 263.506849
30922.254717 74.823369 263.506849
30937.520604 74.595170 263.506849
30762.565708 75.015564 263.506849
30840.704278 74.570408 263.506849
30603.984191 75.208756 263.506849
30617.524892 74.979280 263.506849
30632.050635 74.749909 263.506849
30583.826145 74.737598 263.506849
30535.642472 74.725268 263.506849
30487.499615 74.712918 263.506849
30439.397574 74.700549 263.506849
30266.698477 75.124677 263.506849
30280.524892 74.893946 263.506849
30232.545300 74.881678 263.506849
30061.857105 75.307769 263.506849
30136.708565 74.857083 263.506849
30088.851422 74.844757 263.506849
29979.188273 75.051862 263.506849
29993.259586 74.820045 263.506849
29883.678069 75.027435 263.506849
29897.831014 74.795254 263.506849
29976.704278 74.344008 263.506849
29929.092033 74.331240 263.506849
29946.200106 74.099423 263.506849
29898.669494 74.086454 263.506849
29983.371381 73.636204 263.506849
29675.315941 74.499951 263.506849
29888.514238 73.609526 263.506849
29841.146891 73.596156 263.506849
29793.820360 73.582764 263.506849
29549.663462 74.228362 263.506849
29502.418564 74.215410 263.506849
27272.211315 -87.615426 263.506849
27245.861845 -87.136762 263.506849
27198.780212 -87.134283 263.506849
27121.996267 -87.848063 263.506849
27074.996267 -87.846196 263.506849
26917.147559 -87.119317 263.506849
26859.493038 -87.356718 263.506849
26823.596539 -87.114294 263.506849
26766.023651 -87.352103 263.506849
28781.540431 74.254975 263.506849
26662.803152 -87.588313 263.506849
26636.984294 -87.104195 263.506849
26451.025110 -87.094025 263.506849
26366.868303 -88.060055 263.506849
26347.431814 -87.331137 263.506849
26311.984294 -87.086350 263.506849
26244.946009 -87.569178 263.506849
26219.494498 -87.081211 263.506849
26060.292948 -87.560576 263.506849
28280.374855 73.380876 263.506849
28168.730719 73.591694 263.506849
27994.336349 74.029302 263.506849
28076.812351 73.564097 263.506849
27966.234890 73.776041 263.506849
27920.377747 73.762355 263.506849
27810.826145 73.975283 263.506849
25683.975859 -87.788612 263.506849
25638.241165 -87.786640 263.506849
25592.547288 -87.784664 263.506849
25576.637355 -87.044726 263.506849
25485.453682 -87.039439 263.506849
25429.064467 -87.283336 263.506849
25303.576131 -87.028809 263.506849
25111.493038 -87.266199 263.506849
24616.493038 -87.238828 263.506849
24571.737936 -87.236313 263.506849
24107.547288 -87.717417 263.506849
24063.241165 -87.715316 263.506849
24018.975859 -87.713210 263.506849
23974.751369 -87.711101 263.506849
23939.537846 -87.454749 263.506849
23871.317218 -88.216079 263.506849
23861.207324 -87.195434 263.506849
23798.261574 -87.702625 263.506849
23783.984294 -86.935273 263.506849
23702.235650 -87.953870 263.506849
25501.898734 74.272205 263.506849
25458.000775 74.258299 263.506849
25239.933879 74.959858 263.506849
25370.327306 74.230416 263.506849
25267.537652 74.454766 263.506849
25342.775472 73.964479 263.506849
25421.831014 73.475683 263.506849
25316.331130 73.698259 263.506849
25211.816289 73.921760 263.506849
25290.994280 73.431767 263.506849
25124.714248 73.893158 263.506849
24962.251937 74.357577 263.506849
24918.802958 74.343597 263.506849
23107.803152 -87.409317 263.506849
23064.435805 -87.406880 263.506849
23041.882253 -86.886264 263.506849
22998.596539 -86.883333 263.506849
22944.493038 -87.139911 263.506849
23931.911968 77.690388 263.506849
24127.165845 76.440938 263.506849
24940.928768 72.791319 263.506849
25162.230500 71.827719 263.506849
26327.799354 68.120999 263.506849
26538.324117 67.429491 263.506849
27991.019400 63.931980 263.506849
28571.290394 62.655316 263.506849
28635.582528 62.426449 263.506849
28919.920208 61.788545 263.506849
32068.609200 56.723507 263.506849
32025.854098 56.698411 263.506849
33236.600232 55.049188 263.506849
33628.742976 54.495728 263.506849
34941.547183 52.927051 263.506849
36167.995500 51.579671 263.506849
38667.773805 49.200314 263.506849
38980.292692 48.871333 263.506849
40210.168250 47.809268 263.506849
41871.596045 46.499380 263.506849
44425.358515 44.711067 263.506849
45004.784598 44.291972 263.506849
45171.624602 44.135057 263.506849
45339.449649 43.978721 263.506849
45087.134806 44.079725 263.506849
45678.054870 43.667787 263.506849
45848.835045 43.513186 263.506849
45806.733004 43.485451 263.506849
45764.671780 43.457691 263.506849
46367.085824 43.052839 263.506849
46541.806169 42.900539 263.506849
45638.733004 43.374256 263.506849
46457.969435 42.844903 263.506849
46633.756455 42.693143 263.506849
45941.840318 43.038704 263.506849
45685.253323 43.136421 263.506849
46074.085824 42.857788 263.506849
46032.391947 42.829823 263.506849
46207.438823 42.677393 263.506849
46165.826578 42.649386 263.506849
45263.120759 43.122569 263.506849
46082.724537 42.593297 263.506849
46041.234741 42.565215 263.506849
46217.429925 42.413304 263.506849
45958.377598 42.508974 263.506849
45917.010251 42.480816 263.506849
46093.327884 42.328862 263.506849
46490.163175 42.054896 263.506849
46448.918277 42.026697 263.506849
46849.612106 41.755072 263.506849
47254.123656 41.485771 263.506849
47213.001208 41.457552 263.506849
48531.605454 40.719806 263.506849
48033.559106 40.925865 263.506849
47765.472680 41.015569 263.506849
46825.610054 41.464609 263.506849
45032.207665 42.418481 263.506849
44991.330114 42.389994 263.506849
44096.912800 42.866772 263.506849
43845.082302 42.966025 263.506849
43594.236847 43.065849 263.506849
43553.522561 43.037196 263.506849
43303.702966 43.137559 263.506849
43263.070313 43.108843 263.506849
43852.749534 42.694884 263.506849
43812.198514 42.666143 263.506849
44196.590147 42.383688 263.506849
44369.988017 42.229000 263.506849
44544.370930 42.074917 263.506849
44289.171691 42.171401 263.506849
44463.636236 42.017292 263.506849
44855.785761 41.739736 263.506849
43954.386065 42.210661 263.506849
43914.161575 42.181731 263.506849
43449.076065 42.406276 263.506849
42363.202575 43.021877 263.506849
19727.292948 -87.195953 263.506849
18797.861845 -86.552257 263.506849
18729.037084 -87.410128 263.506849
18681.970344 -87.695156 263.506849
18650.996267 -87.404711 263.506849
18585.598747 -88.555979 263.506849
18542.431361 -88.843484 263.506849
18512.996073 -88.263699 263.506849
18468.966094 -88.551426 263.506849
18422.616365 -89.129822 263.506849
18391.415074 -88.548375 263.506849
18345.146978 -89.127987 263.506849
18306.473508 -89.127066 263.506849
18264.063950 -89.708694 263.506849
18232.553810 -88.833696 263.506849
18190.697998 -89.124292 263.506849
18149.827228 -89.415551 263.506849
18117.023198 -88.829982 263.506849
18075.289835 -89.121501 263.506849
18036.902080 -89.120566 263.506849
18001.859933 -88.826245 263.506849
17957.888453 -89.412435 263.506849
17921.983712 -89.117751 263.506849
17883.759222 -89.116809 263.506849
17843.214983 -89.410550 263.506849
17805.072126 -89.409919 263.506849
17766.970085 -89.409287 263.506849
17727.492521 -89.704319 263.506849
17690.888453 -89.408018 263.506849
17900.768266 83.216517 263.506849
17932.230124 82.333474 263.506849
17870.254394 82.617171 263.506849
17787.074388 83.194769 263.506849
17771.447380 82.894259 263.506849
17733.671870 82.886656 263.506849
17695.937176 82.879036 263.506849
17614.808888 83.460074 263.506849
17620.590237 82.863749 263.506849
17655.211304 81.974092 263.506849
17545.406564 82.848395 263.506849
17555.087267 82.251060 263.506849
17426.951745 83.424764 263.506849
17558.047161 81.351195 263.506849
17352.094602 83.410534 263.506849
17456.361201 81.627143 263.506849
17921.835178 77.249911 263.506849
17525.743468 80.137932 263.506849
17729.748391 78.087920 263.506849
17256.311756 82.183850 263.506849
17655.381044 78.062490 263.506849
17580.961656 78.340211 263.506849
17739.806981 76.880242 263.506849
17582.377311 77.733707 263.506849
17707.784236 76.564195 263.506849
17058.966406 81.834094 263.506849
17324.200457 78.863238 263.506849
16960.148491 82.115471 263.506849
17250.486171 78.839164 263.506849
17050.811215 80.306132 263.506849
16534.861263 -89.081487 263.506849
16501.451770 -88.774036 263.506849
16495.465655 -87.240224 263.506849
16477.717528 -86.624477 263.506849
16451.984294 -86.314322 263.506849
16347.921093 89.692095 263.506849
16318.492586 88.767181 263.506849
16286.272217 88.457386 263.506849
16276.281982 87.221689 263.506849
16248.864376 86.910098 263.506849
16203.547288 87.215456 263.506849
16196.984294 86.285382 263.506849
16160.718988 86.281211 263.506849
16177.371171 85.041459 263.506849
16156.767232 84.727331 263.506849
16105.044640 85.030309 263.506849
16118.514481 84.097920 263.506849
16082.453256 84.091283 263.506849
16046.432848 84.084631 263.506849
16068.523174 83.151190 263.506849
16123.230124 81.912091 263.506849
16040.120849 82.518513 263.506849
16102.463242 81.279617 263.506849
16066.646916 81.269827 263.506849
16085.636531 80.646405 263.506849
16108.443868 80.023792 263.506849
16167.644734 79.097798 263.506849
16199.975967 78.478176 263.506849
16164.363722 78.465317 263.506849
16094.328033 78.756469 263.506849
16128.670168 78.135812 263.506849
16205.071189 77.214600 263.506849
16248.937219 76.598013 263.506849
16254.602900 76.282754 263.506849
16261.253623 75.967614 263.506849
16312.795913 75.353991 263.506849
16190.641378 75.936420 263.506849
16242.265301 75.321513 263.506849
16344.446146 74.411593 263.506849
16309.282881 74.394370 263.506849
16420.043396 73.489447 263.506849
16435.477871 73.176880 263.506849
16400.437054 73.158382 263.506849
16522.650734 72.260492 263.506849
16541.984563 71.949562 263.506849
16733.680509 70.772451 263.506849
16817.775472 70.178379 263.506849
16782.938737 70.156955 263.506849
16997.418564 68.999427 263.506849
16898.928186 69.259589 263.506849
17124.820360 68.111994 263.506849
17157.659072 67.809813 263.506849
17260.883459 67.231360 263.506849
17296.636482 66.931259 263.506849
17333.374548 66.631785 263.506849
17371.097656 66.332955 263.506849
17483.927572 65.762714 263.506849
17600.575209 65.196203 263.506849
17643.141898 64.901306 263.506849
17765.536526 64.340299 263.506849
17811.017526 64.047845 263.506849
17857.483569 63.756145 263.506849
18071.118484 62.941190 263.506849
18121.443065 62.653092 263.506849
18346.490328 61.850805 263.506849
18489.902833 61.311847 263.506849
18546.015221 61.029399 263.506849
18511.994812 61.000260 263.506849
18661.195124 60.467093 263.506849
18720.262639 60.187255 263.506849
18780.315197 59.908306 263.506849
18841.352798 59.630255 263.506849
19000.158638 59.107395 263.506849
19064.110550 58.832282 263.506849
19329.223482 58.074916 263.506849
19397.033932 57.803925 263.506849
19363.380871 57.772584 263.506849
19535.609960 57.264806 263.506849
19711.656771 56.761534 263.506849
19784.351618 56.495539 263.506849
20185.205923 55.539477 263.506849
20262.703534 55.278908 263.506849
20682.523997 54.346452 263.506849
20881.436321 53.870690 263.506849
20731.497842 54.058011 263.506849
20932.380251 53.584200 263.506849
20781.579178 53.770259 263.506849
20748.375096 53.736674 263.506849
20951.268407 53.264618 263.506849
21037.590586 53.013344 263.506849
21615.895486 51.910348 263.506849
21213.190071 52.513902 263.506849
21928.017304 51.214411 263.506849
21392.729726 52.018623 263.506849
21862.139753 51.145058 263.506849
22215.922874 50.493536 263.506849
22183.086139 50.458575 263.506849
22412.785134 50.018185 263.506849
22780.854098 49.383741 263.506849
22613.587564 49.547033 263.506849
22715.466343 49.313033 263.506849
22682.833690 49.277603 263.506849
23337.166490 48.266051 263.506849
23444.833076 48.038598 263.506849
23982.635560 47.247108 263.506849
23950.166172 47.211204 263.506849
24062.676338 46.989113 263.506849
24322.998738 46.584147 263.506849
24438.423216 46.365235 263.506849
24258.345677 46.511909 263.506849
24822.831395 45.750984 263.506849
25094.647775 45.358895 263.506849
