97063.762466 58.930860 21.863014
96767.061134 59.025682 21.863014
97355.140666 58.687638 21.863014
96835.211446 58.890137 21.863014
70938.296874 -88.817432 21.863014
70862.235650 -88.816797 21.863014
70779.133544 -88.964107 21.863014
96091.038722 59.053035 21.863014
96234.632563 58.930627 21.863014
95939.201988 59.025857 21.863014
96303.354303 58.794742 21.863014
96894.633861 58.456595 21.863014
96151.762466 58.767390 21.863014
96519.814135 58.537024 21.863014
96444.120258 58.523267 21.863014
96591.776718 58.401484 21.863014
95849.068588 58.712556 21.863014
96217.283523 58.481932 21.863014
96365.062432 58.360038 21.863014
95843.897820 58.562694 21.863014
95990.814135 58.440500 21.863014
96138.715493 58.318494 21.863014
96287.601894 58.196676 21.863014
95764.712095 58.398970 21.863014
96136.989649 58.168851 21.863014
96061.744751 58.154923 21.863014
95762.286922 58.249036 21.863014
95687.123656 58.235112 21.863014
95612.001208 58.221177 21.863014
95536.919575 58.207231 21.863014
95686.132506 58.085117 21.863014
95611.132506 58.071123 21.863014
95536.173322 58.057117 21.863014
95461.254955 58.043101 21.863014
94938.814135 58.245851 21.863014
95087.286922 58.123323 21.863014
95461.942724 57.892929 21.863014
95161.989649 57.986927 21.863014
95087.275363 57.972856 21.863014
95463.942067 57.742759 21.863014
94937.969241 57.944680 21.863014
95314.717578 57.714459 21.863014
94788.826383 57.916460 21.863014
94939.514153 57.794095 21.863014
94865.044765 57.779932 21.863014
94790.616194 57.765757 21.863014
94716.228439 57.751572 21.863014
94416.683526 57.845716 21.863014
94118.123656 57.940158 21.863014
93598.183535 58.144069 21.863014
94193.887608 57.803135 21.863014
94571.044108 57.572292 21.863014
94270.759051 57.666223 21.863014
94196.657010 57.651959 21.863014
94122.595786 57.637684 21.863014
94274.717578 57.515112 21.863014
93974.595786 57.609100 21.863014
93675.459037 57.703389 21.863014
93826.759051 57.580471 21.863014
93080.140666 57.892870 21.863014
93679.085582 57.551797 21.863014
93605.310071 57.537443 21.863014
93757.717578 57.414614 21.863014
93684.023700 57.400212 21.863014
93384.228439 57.494313 21.863014
93310.616194 57.479913 21.863014
93237.044765 57.465503 21.863014
93163.514153 57.451081 21.863014
92864.826383 57.545526 21.863014
93016.575378 57.422202 21.863014
93169.309414 57.299080 21.863014
93095.942067 57.284587 21.863014
93022.615537 57.270083 21.863014
92050.426380 57.692123 21.863014
65699.363420 -89.078416 21.863014
65639.378507 -88.770618 21.863014
65552.996073 -89.077387 21.863014
65479.873625 -89.076872 21.863014
65420.011160 -88.768558 21.863014
65339.888647 -88.921848 21.863014
65281.996267 -88.613136 21.863014
65193.929463 -88.920641 21.863014
65136.118716 -88.611584 21.863014
65048.133544 -88.919432 21.863014
64975.296810 -88.918827 21.863014
64909.582589 -88.763725 21.863014
90217.630559 57.945895 21.863014
90144.916273 57.931427 21.863014
95120.076629 55.536910 21.863014
95047.443976 55.521887 21.863014
90146.550930 57.776891 21.863014
89854.467294 57.873437 21.863014
90001.489706 57.747795 21.863014
89490.899312 57.955785 21.863014
94925.198550 55.341359 21.863014
89564.671375 57.815259 21.863014
94540.158262 55.416399 21.863014
94708.157734 55.295983 21.863014
94156.225465 55.491745 21.863014
63887.643749 -88.909661 21.863014
63830.567696 -88.597454 21.863014
63743.317218 -88.908427 21.863014
94347.239367 55.220125 21.863014
94034.872548 55.310345 21.863014
93962.852139 55.295148 21.863014
93890.872548 55.279939 21.863014
93818.933772 55.264719 21.863014
94228.591228 55.038737 21.863014
92959.927244 55.552461 21.863014
93364.000975 55.324810 21.863014
93771.892428 55.098148 21.863014
93220.490771 55.294307 21.863014
93388.158262 55.173151 21.863014
93316.505201 55.157849 21.863014
93485.198550 55.036879 21.863014
92458.070101 55.445875 21.863014
93342.096510 55.006174 21.863014
92552.522609 55.308778 21.863014
93682.601602 54.764763 21.863014
93127.749571 54.960029 21.863014
93297.632045 54.839116 21.863014
92505.388730 55.141082 21.863014
91958.212958 55.338710 21.863014
62166.500891 -88.894669 21.863014
92531.015405 54.988746 21.863014
92220.490771 55.079461 21.863014
92149.368322 55.064025 21.863014
92317.648058 54.942378 21.863014
92246.607242 54.926898 21.863014
92415.912836 54.805441 21.863014
92344.953652 54.789917 21.863014
92033.729690 54.880388 21.863014
91723.490771 54.971164 21.863014
61456.296810 -88.888300 21.863014
91581.858118 54.940115 21.863014
91511.103016 54.924572 21.863014
91201.971588 55.015683 21.863014
90893.825203 55.107103 21.863014
91060.665466 54.984580 21.863014
90990.073629 54.969010 21.863014
90682.049693 55.060457 21.863014
91087.429547 54.831063 21.863014
90778.543017 54.922228 21.863014
91185.892956 54.693265 21.863014
91115.505201 54.677593 21.863014
90805.796894 54.768482 21.863014
90023.072024 55.074276 21.863014
90665.225465 54.737119 21.863014
90834.362344 54.614784 21.863014
90286.400160 54.812644 21.863014
60292.309365 88.236092 21.863014
60203.322798 88.555811 21.863014
60152.146100 88.234037 21.863014
60072.211315 88.393555 21.863014
59993.261574 88.553285 21.863014
59923.322798 88.552440 21.863014
59853.424839 -88.551595 21.863014
59792.537846 -88.389802 21.863014
59713.751369 -88.549902 21.863014
59673.718988 -88.065727 21.863014
59583.211315 -88.386975 21.863014
59534.290416 -88.063462 21.863014
59464.637355 -88.062328 21.863014
59357.256058 -88.707187 21.863014
59304.680703 88.383191 21.863014
59245.064467 88.220565 21.863014
59165.660295 88.381292 21.863014
59096.211315 -88.380341 21.863014
59026.803152 -88.379388 21.863014
58957.435805 88.378435 21.863014
58888.109274 88.377481 21.863014
58828.737936 88.214278 21.863014
58770.351641 88.050912 21.863014
58690.288957 88.212172 21.863014
58621.125691 88.211117 21.863014
58533.118716 -88.535347 21.863014
58473.007234 88.371730 21.863014
58403.966417 88.370768 21.863014
58325.996267 -88.532748 21.863014
58275.921610 88.205825 21.863014
58217.861845 -88.041681 21.863014
58138.125691 88.203699 21.863014
58023.154470 87.874858 21.863014
57942.596539 88.037033 21.863014
57863.023651 88.199433 21.863014
57805.208784 88.034701 21.863014
57736.576131 88.033533 21.863014
57657.125691 88.196220 21.863014
57623.983157 87.703384 21.863014
57520.064467 88.194071 21.863014
57451.595079 88.192995 21.863014
57373.252132 88.356194 21.863014
57337.440184 87.862182 21.863014
57269.093245 87.860906 21.863014
57200.787123 87.859629 21.863014
57120.718988 88.022956 21.863014
57052.494498 88.021774 21.863014
56996.113653 87.855788 21.863014
56916.167967 88.019405 21.863014
56827.292948 88.348315 21.863014
56769.146100 88.182163 21.863014
56723.787123 87.850644 21.863014
56644.004702 88.014651 21.863014
56576.065927 88.013459 21.863014
56508.167967 88.012265 21.863014
56410.567696 -88.508040 21.863014
56384.297327 87.844180 21.863014
56316.521817 87.842883 21.863014
56226.125691 88.173403 21.863014
56169.290416 88.006276 21.863014
56101.637355 88.005073 21.863014
56023.166508 88.170096 21.863014
55955.595079 88.168991 21.863014
55923.472953 87.668709 21.863014
55831.433274 88.000250 21.863014
55763.984294 87.999040 21.863014
55696.576131 87.997829 21.863014
55641.011613 87.829822 21.863014
55551.023651 88.162333 21.863014
55483.737936 88.161219 21.863014
55427.351641 87.992971 21.863014
55371.950388 87.824553 21.863014
55317.534178 87.655968 21.863014
55250.411729 87.654544 21.863014
55197.021378 87.485692 21.863014
55116.289280 87.651691 21.863014
55036.542225 87.817931 21.863014
54982.330096 87.648830 21.863014
54890.861845 87.983183 21.863014
54823.984294 87.981952 21.863014
54757.147559 87.980721 21.863014
54690.351641 87.979487 21.863014
54635.399368 87.809931 21.863014
54556.882253 87.977016 21.863014
54502.011613 87.807252 21.863014
54461.817296 87.468767 21.863014
54381.534178 87.635871 21.863014
54290.433274 87.972056 21.863014
54235.725898 87.801873 21.863014
54182.003566 87.631519 21.863014
54080.166508 88.137502 21.863014
54062.878521 87.459439 21.863014
53982.840300 87.627152 21.863014
53891.984294 87.964570 21.863014
53850.268872 87.624231 21.863014
53797.735663 87.453182 21.863014
53731.551990 87.451613 21.863014
53665.409133 87.450042 21.863014
53572.868755 87.788309 21.863014
53506.807531 87.786943 21.863014
53453.534178 87.615426 21.863014
53401.245867 87.443738 21.863014
53308.868755 87.782837 21.863014
53201.424839 -88.463691 21.863014
53218.187498 87.268507 21.863014
53137.735663 87.437404 21.863014
53058.268872 87.606555 21.863014
53006.225459 87.434224 21.863014
52940.531582 87.432632 21.863014
52889.514028 87.260026 21.863014
52809.266276 87.429441 21.863014
52730.003566 87.599112 21.863014
52664.472953 87.597618 21.863014
52612.674439 87.424640 21.863014
52561.860967 87.251493 21.863014
52512.032538 87.078180 21.863014
52431.085457 87.248065 21.863014
52365.758926 87.246347 21.863014
52285.837704 87.416598 21.863014
52235.228314 87.242906 21.863014
52185.603966 87.069048 21.863014
52104.860967 87.239457 21.863014
51998.664674 87.755063 21.863014
51960.021378 87.408505 21.863014
51909.616069 87.234266 21.863014
51876.719763 86.887240 21.863014
51811.760580 86.885288 21.863014
51714.738518 87.229056 21.863014
51649.860967 87.227315 21.863014
51600.603966 87.052466 21.863014
51491.901525 87.570402 21.863014
51440.837704 87.395451 21.863014
51390.758926 87.220328 21.863014
51341.665191 87.045036 21.863014
51261.452804 87.216822 21.863014
51212.440701 87.041307 21.863014
51164.413641 86.865626 21.863014
51067.799743 87.211546 21.863014
51052.902236 86.687690 21.863014
51006.886077 86.511573 21.863014
50924.085909 86.683498 21.863014
50859.738970 86.681399 21.863014
50745.860967 87.202707 21.863014
50713.699355 86.851715 21.863014
50632.950905 87.024409 21.863014
50621.171792 86.498292 21.863014
50538.616521 86.670860 21.863014
50457.046294 86.843710 21.863014
50392.985070 86.841702 21.863014
50268.534178 87.540998 21.863014
50282.453256 86.662381 21.863014
50184.522334 87.011132 21.863014
50154.616521 86.658126 21.863014
50090.759379 86.655994 21.863014
50026.943052 86.653859 21.863014
49981.579955 86.475930 21.863014
49881.964661 86.825549 21.863014
49854.151383 86.471423 21.863014
49754.617723 86.821485 21.863014
49746.242717 86.290732 21.863014
49682.671288 86.288356 21.863014
49599.784036 86.462375 21.863014
49536.294241 86.460106 21.863014
49472.845261 86.457834 21.863014
49391.024685 86.632362 21.863014
49195.465655 -88.402349 21.863014
49282.743220 86.451000 21.863014
49238.814145 86.271641 21.863014
49137.800195 86.623686 21.863014
49132.666031 86.089607 21.863014
49069.502766 86.087087 21.863014
49006.380317 86.084564 21.863014
48922.997819 86.259609 21.863014
48859.957002 86.257194 21.863014
48817.257868 86.076975 21.863014
48754.298684 86.074439 21.863014
48691.380317 86.071900 21.863014
48649.747858 85.891290 21.863014
48586.911123 85.888629 21.863014
48546.304523 85.707749 21.863014
48461.360103 85.883298 21.863014
48377.400725 86.059153 21.863014
48294.426390 86.235312 21.863014
48273.339694 85.875275 21.863014
48210.747858 85.872593 21.863014
48193.519700 85.512179 21.863014
48131.009496 85.509260 21.863014
48023.217245 85.864528 21.863014
47982.977992 85.682579 21.863014
47920.590237 85.679764 21.863014
47814.808888 86.036000 21.863014
47773.747858 85.853726 21.863014
47756.805414 85.491664 21.863014
47671.447380 85.668468 21.863014
47565.829296 86.025622 21.863014
47483.385574 86.203250 21.863014
47462.829490 85.840144 21.863014
47400.768266 85.837417 21.863014
47360.937176 85.654265 21.863014
47276.768266 85.831952 21.863014
47237.018808 85.648557 21.863014
47175.120849 85.645698 21.863014
47113.263706 85.642835 21.863014
47074.580924 85.459045 21.863014
47012.805414 85.456056 21.863014
46927.937176 85.634223 21.863014
46889.376843 85.450067 21.863014
46804.590237 85.628463 21.863014
46766.111537 85.444062 21.863014
46704.540108 85.441053 21.863014
46643.009496 85.438041 21.863014
46581.519700 85.435025 21.863014
46496.937176 85.613996 21.863014
46458.662557 85.428980 21.863014
46421.372981 85.243813 21.863014
46360.046450 85.240661 21.863014
46298.760736 85.237505 21.863014
46237.515838 85.234344 21.863014
46201.333753 85.048659 21.863014
46091.070720 85.410749 21.863014
46054.026042 85.224838 21.863014
46017.966406 85.038779 21.863014
45884.692278 85.584774 21.863014
45823.692278 85.581831 21.863014
45762.733094 85.578883 21.863014
45724.948271 85.392373 21.863014
45688.148491 85.205711 21.863014
45603.233986 85.386215 21.863014
45542.438067 85.383130 21.863014
45505.760736 85.196091 21.863014
45445.046450 85.192875 21.863014
45337.161666 85.558140 21.863014
45299.662557 85.370748 21.863014
45239.070720 85.367642 21.863014
45178.519700 85.364532 21.863014
45142.087267 85.176733 21.863014
45081.617879 85.173492 21.863014
44930.543582 85.910537 21.863014
44913.590237 85.537202 21.863014
44809.808888 85.905022 21.863014
44840.148491 85.160483 21.863014
44804.905182 84.971896 21.863014
44719.658695 85.153952 21.863014
44684.497019 84.965109 21.863014
44599.332164 85.147404 21.863014
44564.252121 84.958303 21.863014
44504.190896 84.954893 21.863014
44349.747858 85.696355 21.863014
44384.190896 84.948060 21.863014
44324.252121 84.944637 21.863014
44215.254394 85.314199 21.863014
44204.497019 84.937776 21.863014
44072.447380 85.494728 21.863014
44035.805414 85.304640 21.863014
44025.170488 84.927449 21.863014
43965.476611 84.923998 21.863014
43856.723781 85.295041 21.863014
43821.189307 85.104405 21.863014
43761.617879 85.101065 21.863014
43654.875951 85.473188 21.863014
43642.597471 85.094374 21.863014
43559.070720 85.278957 21.863014
43548.762325 84.899706 21.863014
43489.394978 84.896216 21.863014
43380.968679 85.269254 21.863014
43370.782733 84.889224 21.863014
43286.515838 85.074188 21.863014
43278.299977 84.693727 21.863014
43246.047161 84.501588 21.863014
43109.026042 85.064033 21.863014
43074.966406 84.871658 21.863014
43041.891814 84.679132 21.863014
42956.925590 84.864597 21.863014
42950.843080 84.482667 21.863014
42865.014262 84.668134 21.863014
42731.070720 85.233332 21.863014
42721.333753 84.850419 21.863014
42688.504058 84.657090 21.863014
42629.748956 84.653399 21.863014
42545.068447 84.839734 21.863014
42539.271651 84.455957 21.863014
42453.728548 84.642294 21.863014
42395.136711 84.638582 21.863014
42310.619468 84.825418 21.863014
42304.985937 84.440579 21.863014
42193.639876 84.818230 21.863014
42161.177528 84.623683 21.863014
42129.700222 84.428989 21.863014
42044.442834 84.616203 21.863014
42040.901837 84.230141 21.863014
41954.781855 84.417351 21.863014
41869.646916 84.604943 21.863014
41866.228368 84.218076 21.863014
41780.230835 84.405664 21.863014
41722.128794 84.401758 21.863014
41664.067569 84.397846 21.863014
41606.047161 84.393929 21.863014
41604.721148 84.005837 21.863014
41490.128794 84.386078 21.863014
41405.320385 84.574687 21.863014
41402.228368 84.185656 21.863014
41289.646916 84.567070 21.863014
41205.905182 84.756320 21.863014
41228.901837 84.173405 21.863014
41200.006862 83.976359 21.863014
41142.353801 83.972125 21.863014
41028.087977 84.354453 21.863014
40970.516549 84.350475 21.863014
40940.840613 84.152871 21.863014
40828.585691 84.536387 21.863014
40854.700739 83.950862 21.863014
40768.493674 84.140482 21.863014
40711.126327 84.136341 21.863014
40653.799796 84.132193 21.863014
40625.312984 83.933744 21.863014
40568.068086 83.929450 21.863014
40454.210426 84.314420 21.863014
40370.136711 84.505357 21.863014
40367.779388 84.111369 21.863014
40339.496658 83.912211 21.863014
40225.802263 84.298247 21.863014
40196.656939 84.098804 21.863014
40111.843080 84.290127 21.863014
40111.578290 83.894874 21.863014
40025.901837 84.086185 21.863014
39914.299977 84.473973 21.863014
39970.811215 83.686015 21.863014
39800.748956 84.466072 21.863014
39770.945120 84.265626 21.863014
39770.925229 83.868684 21.863014
39714.292576 83.864297 21.863014
39601.047161 84.253297 21.863014
39630.892848 83.658884 21.863014
39461.075487 84.442230 21.863014
39353.617879 84.833274 21.863014
39461.484684 83.645232 21.863014
39318.700222 84.232631 21.863014
39348.749990 83.636097 21.863014
39206.047161 84.224323 21.863014
39177.636531 84.022274 21.863014
39150.210944 83.820082 21.863014
39123.770399 83.617750 21.863014
39009.085511 84.009327 21.863014
38952.983470 84.004998 21.863014
38955.464276 83.603920 21.863014
38840.901837 83.996323 21.863014
38813.721148 83.793247 21.863014
38757.782372 83.788752 21.863014
38701.884413 83.784250 21.863014
38675.770399 83.580738 21.863014
38650.641427 83.377090 21.863014
38564.178562 83.571418 21.863014
38508.443868 83.566748 21.863014
38452.749990 83.562071 21.863014
38427.784284 83.357827 21.863014
38341.484684 83.552697 21.863014
38285.913256 83.547999 21.863014
38200.639515 83.743442 21.863014
38174.892848 83.538584 21.863014
38119.443868 83.533867 21.863014
38064.035705 83.529142 21.863014
38008.668358 83.524410 21.863014
37923.598699 83.720539 21.863014
37868.312984 83.715938 21.863014
37905.130151 83.108348 21.863014
37787.607133 83.505415 21.863014
37732.443868 83.500649 21.863014
37564.014262 84.303167 21.863014
37622.239786 83.491096 21.863014
37567.198970 83.486309 21.863014
37542.886325 83.279648 21.863014
37519.558723 83.072855 21.863014
37402.321419 83.471906 21.863014
37378.131223 83.264784 21.863014
37323.294488 83.259816 21.863014
37268.498570 83.254839 21.863014
37183.056113 83.452602 21.863014
37159.029182 83.244865 21.863014
37135.987294 83.036996 21.863014
36932.638998 84.048592 21.863014
36905.901837 83.840352 21.863014
36880.149719 83.631964 21.863014
36886.069998 83.219800 21.863014
36800.913256 83.418546 21.863014
36808.803620 83.005964 21.863014
36754.415865 83.000766 21.863014
36637.749990 83.403842 21.863014
36614.131223 83.194549 21.863014
36529.178562 83.394004 21.863014
36445.210944 83.593920 21.863014
36420.770399 83.384136 21.863014
36336.884413 83.584338 21.863014
36282.782372 83.579537 21.863014
36258.464276 83.369278 21.863014
36204.443868 83.364311 21.863014
36181.151631 83.153756 21.863014
36158.844437 82.943068 21.863014
36104.946478 82.937776 21.863014
36019.457754 83.138333 21.863014
35905.210944 83.545724 21.863014
35911.865917 83.128012 21.863014
35858.131223 83.122840 21.863014
35804.437345 83.117661 21.863014
35750.784284 83.112473 21.863014
35666.484684 83.314228 21.863014
35612.913256 83.309179 21.863014
35559.382644 83.304122 21.863014
35536.580203 83.091646 21.863014
35452.443868 83.293984 21.863014
35399.035705 83.288904 21.863014
35315.925229 83.491868 21.863014
35323.029182 83.070692 21.863014
35209.312984 83.481979 21.863014
35216.498570 83.060168 21.863014
35074.065102 83.680908 21.863014
34993.047161 83.885267 21.863014
34996.578290 83.462112 21.863014
35003.927141 83.039024 21.863014
34861.656939 83.661608 21.863014
34897.886325 83.028404 21.863014
34814.239786 83.232512 21.863014
34761.321419 83.227339 21.863014
34708.443868 83.222158 21.863014
34686.294488 83.007066 21.863014
34573.068086 83.422015 21.863014
34520.312984 83.416968 21.863014
34410.945120 83.833566 21.863014
34414.925229 83.406852 21.863014
34392.035705 83.190904 21.863014
34253.047161 83.819314 21.863014
34228.350817 83.602996 21.863014
34147.985937 83.809776 21.863014
34181.913256 83.169908 21.863014
34129.484684 83.164639 21.863014
34047.353801 83.371199 21.863014
33995.006862 83.366074 21.863014
33942.700739 83.360942 21.863014
33833.781855 83.780986 21.863014
33838.210944 83.350653 21.863014
33786.027270 83.345497 21.863014
33733.884413 83.340333 21.863014
33681.782372 83.335160 21.863014
33600.922245 83.543295 21.863014
33577.700739 83.324792 21.863014
33496.922245 83.533237 21.863014
33473.782372 83.314391 21.863014
33393.085511 83.523148 21.863014
33313.373692 83.732406 21.863014
33318.210944 83.298730 21.863014
33237.636531 83.507954 21.863014
33131.136711 83.932671 21.863014
33106.353284 83.712761 21.863014
33054.700222 83.707831 21.863014
32976.177528 83.918379 21.863014
32924.606099 83.913600 21.863014
32927.840613 83.477354 21.863014
32821.585691 83.904019 21.863014
32797.047161 83.683064 21.863014
32718.728548 83.894408 21.863014
32722.126327 83.456794 21.863014
32565.046450 84.318603 21.863014
32619.514082 83.446466 21.863014
32540.414508 83.658101 21.863014
32462.299977 83.870249 21.863014
32438.047161 83.648061 21.863014
32414.779388 83.425711 21.863014
32282.966406 84.073512 21.863014
32284.802263 83.632942 21.863014
32261.656939 83.410059 21.863014
32155.932630 83.841005 21.863014
32079.048039 84.054637 21.863014
32003.148491 84.268779 21.863014
31952.311756 84.264206 21.863014
31901.515838 84.259626 21.863014
31850.760736 84.255039 21.863014
31825.068447 84.030875 21.863014
31749.372981 84.245842 21.863014
31698.740328 84.241233 21.863014
31648.148491 84.236617 21.863014
31622.619468 84.011729 21.863014
31499.875951 84.668746 21.863014
31496.617879 84.222722 21.863014
31422.111537 84.439036 21.863014
31420.823549 83.992459 21.863014
31234.508023 85.316923 21.863014
31271.070720 84.425580 21.863014
31244.883185 84.199416 21.863014
31194.658695 84.194732 21.863014
31120.397251 84.412059 21.863014
31047.120849 84.629901 21.863014
31044.230124 84.180636 21.863014
30970.091128 84.398472 21.863014
30896.937176 84.616827 21.863014
30783.222308 85.282643 21.863014
30774.829490 84.831496 21.863014
30747.120849 84.603689 21.863014
30697.263706 84.599296 21.863014
30625.258062 84.818856 21.863014
30597.671870 84.590487 21.863014
30547.937176 84.586072 21.863014
30415.151383 85.480596 21.863014
30426.400919 84.801906 21.863014
30376.788674 84.797651 21.863014
30349.406564 84.568341 21.863014
30277.686633 84.789120 21.863014
30206.951745 85.010420 21.863014
30049.860967 86.363899 21.863014
30129.339694 84.776272 21.863014
30125.295210 84.320219 21.863014
30052.835135 84.541525 21.863014
30026.682965 84.310870 21.863014
29954.304523 84.532527 21.863014
29928.233986 84.301489 21.863014
29855.937176 84.523500 21.863014
29784.625409 84.746046 21.863014
29714.298684 84.969122 21.863014
29731.825822 84.282635 21.863014
29659.692278 84.505357 21.863014
29588.543776 84.728617 21.863014
29539.625409 84.724242 21.863014
29490.747858 84.719859 21.863014
29464.100441 84.487093 21.863014
29415.304523 84.482508 21.863014
29344.360103 84.706668 21.863014
29317.835135 84.473316 21.863014
29225.727256 84.927136 21.863014
29198.339694 84.693410 21.863014
29128.502766 84.918654 21.863014
29079.951745 84.914403 21.863014
29031.441541 84.910145 21.863014
28962.671288 85.136293 21.863014
28914.242717 85.132212 21.863014
28907.400919 84.666696 21.863014
28837.808888 84.893040 21.863014
28810.747858 84.657732 21.863014
28720.936594 85.115819 21.863014
28653.355465 85.343430 21.863014
28446.541772 -88.132340 21.863014
28521.148335 85.800248 21.863014
28490.514481 85.564086 21.863014
28442.453256 85.560333 21.863014
28376.964661 85.789573 21.863014
28328.985070 85.786002 21.863014
28316.926894 85.315788 21.863014
28269.028934 85.311813 21.863014
28202.759379 85.541468 21.863014
28137.474865 85.771660 21.863014
28089.699355 85.768059 21.863014
28041.964661 85.764452 21.863014
27977.746823 85.995559 21.863014
27930.093762 85.992139 21.863014
27916.473664 85.518619 21.863014
27819.330355 86.220735 21.863014
27803.903437 85.746325 21.863014
27739.889681 85.978400 21.863014
27676.860967 86.211007 21.863014
27629.452804 86.207753 21.863014
27614.189151 85.731711 21.863014
27566.862621 85.728042 21.863014
27519.576906 85.724367 21.863014
27440.228314 86.194680 21.863014
27442.596113 85.480012 21.863014
27413.845261 85.239083 21.863014
27314.318252 85.947140 21.863014
27301.228766 85.468301 21.863014
27220.195803 85.940127 21.863014
27189.719763 85.698461 21.863014
27110.656885 86.171586 21.863014
27095.842212 85.691002 21.863014
27066.432848 85.448646 21.863014
27002.127927 85.683516 21.863014
26972.800195 85.440737 21.863014
26908.576906 85.676005 21.863014
26879.330807 85.432799 21.863014
26783.085457 86.148211 21.863014
26721.817296 86.385135 21.863014
26721.964661 85.660905 21.863014
26658.889681 85.897536 21.863014
26582.164235 86.375639 21.863014
26565.910089 85.890351 21.863014
26536.005478 85.645698 21.863014
26507.085909 85.400774 21.863014
26443.270784 85.638055 21.863014
26380.440701 85.875905 21.863014
26318.595661 86.114318 21.863014
26321.943052 85.384592 21.863014
26258.291192 85.622688 21.863014
26212.148335 85.618829 21.863014
26166.046294 85.614964 21.863014
26103.461109 85.854045 21.863014
26073.964661 85.607212 21.863014
25981.245867 86.333908 21.863014
25982.046294 85.599434 21.863014
25919.624375 85.839342 21.863014
25858.187498 86.079824 21.863014
25844.474865 85.587714 21.863014
25798.699355 85.583793 21.863014
25736.440701 85.824535 21.863014
25622.290416 87.047362 21.863014
25614.878521 86.307747 21.863014
25569.266276 86.304451 21.863014
25538.330355 86.055313 21.863014
25451.725898 86.790351 21.863014
25462.889681 85.802126 21.863014
25417.440701 85.798368 21.863014
25356.452804 86.041168 21.863014
25343.189151 85.544203 21.863014
25281.338660 85.787053 21.863014
25192.146423 86.525380 21.863014
25190.808048 85.779476 21.863014
25145.603966 85.775677 21.863014
25084.860967 86.019761 21.863014
25039.738518 86.016170 21.863014
24941.780212 87.007317 21.863014
24934.980561 86.257677 21.863014
24876.289280 86.503363 21.863014
24859.656885 86.001744 21.863014
24830.318252 85.748893 21.863014
24769.860967 85.994491 21.863014
24725.024232 85.990855 21.863014
24695.808048 85.737311 21.863014
24635.473212 85.983563 21.863014
24576.123418 86.230414 21.863014
24546.085457 85.976244 21.863014
24486.817296 86.223537 21.863014
24442.225459 86.220088 21.863014
24383.983157 86.468197 21.863014
24353.164235 86.213173 21.863014
24282.256511 86.713886 21.863014
24264.266276 86.206232 21.863014
24193.440184 86.707853 21.863014
24190.167089 85.946702 21.863014
24131.225459 86.195773 21.863014
24060.521817 86.698762 21.863014
24029.044382 86.442175 21.863014
23998.551990 86.185257 21.863014
23927.970796 86.689621 21.863014
23883.868755 86.686562 21.863014
23852.554586 86.429020 21.863014
23773.125691 87.190239 21.863014
23751.807531 86.677353 21.863014
23696.065927 86.929588 21.863014
23652.167967 86.926737 21.863014
23620.113653 86.668093 21.863014
23553.635896 87.177168 21.863014
23532.521817 86.661891 21.863014
23456.211315 -87.428642 21.863014
23388.439667 -88.197751 21.863014
23344.786606 -88.196067 21.863014
23301.174361 -88.194379 21.863014
23272.710553 -87.676815 21.863014
23248.064467 -87.158661 21.863014
23177.664221 -87.930834 21.863014
23151.211315 -87.411748 21.863014
23107.803152 -87.409317 21.863014
23047.439732 87.924994 21.863014
23066.432137 86.368598 21.863014
23119.457506 84.814629 21.863014
23182.438067 83.522137 21.863014
23241.210426 82.489676 21.863014
23412.858645 80.696830 21.863014
23590.685152 79.170368 21.863014
23757.693872 77.905965 21.863014
23852.037983 77.147089 21.863014
23905.349066 76.638819 21.863014
24285.403267 74.660006 21.863014
24537.555620 73.434250 21.863014
24494.678069 73.419339 21.863014
24704.893984 72.444214 21.863014
25141.292915 70.771355 21.863014
25243.948664 70.286468 21.863014
25426.432352 69.571875 21.863014
25859.648940 68.177471 21.863014
26153.160852 67.254654 21.863014
26551.994812 66.121101 21.863014
26785.629986 65.440978 21.863014
26931.965043 64.983867 21.863014
27478.692869 63.671601 21.863014
28274.737257 61.971060 21.863014
28562.356595 61.331426 21.863014
28631.900473 61.104081 21.863014
28930.932160 60.472902 21.863014
29238.502700 59.848305 21.863014
29798.222479 58.838417 21.863014
29879.260339 58.619024 21.863014
30856.881891 57.063916 21.863014
31212.771237 56.477660 21.863014
31852.913518 55.532823 21.863014
32373.651988 54.785494 21.863014
33204.137501 53.700463 21.863014
33611.178334 53.154836 21.863014
34181.139020 52.446649 21.863014
34450.876558 52.083465 21.863014
35693.208006 50.741590 21.863014
35981.911702 50.392884 21.863014
36106.832951 50.205802 21.863014
37084.903483 49.236106 21.863014
38275.937862 48.141856 21.863014
38414.200729 47.964386 21.863014
39286.168250 47.199103 21.863014
39804.091723 46.736880 21.863014
40330.554050 46.280680 21.863014
40865.555229 45.830445 21.863014
41803.781857 45.111979 21.863014
42969.135728 44.276753 21.863014
43751.174535 43.723141 21.863014
44127.236847 43.435915 21.863014
45145.885976 42.770976 21.863014
45751.949027 42.367929 21.863014
45710.785761 42.339644 21.863014
46767.326392 41.698601 21.863014
46726.244759 41.670329 21.863014
47130.878759 41.401040 21.863014
47314.132506 41.253121 21.863014
46825.610054 41.464609 21.863014
46562.326392 41.556990 21.863014
46743.814135 41.407869 21.863014
46702.977401 41.379462 21.863014
46218.395119 41.592997 21.863014
45519.042169 41.931784 21.863014
46358.346800 41.414756 21.863014
46540.038625 41.265586 21.863014
46499.405972 41.237055 21.863014
46236.448841 41.329115 21.863014
45753.999910 41.543465 21.863014
46601.062432 41.031304 21.863014
46337.283523 41.122680 21.863014
46744.418220 40.854651 21.863014
46704.030465 40.826004 21.863014
46663.683526 40.797332 21.863014
47758.809535 40.180450 21.863014
47034.452271 40.502976 21.863014
47678.319739 40.123171 21.863014
48330.726061 39.748494 21.863014
48757.030998 39.491989 21.863014
48716.928957 39.463371 21.863014
49147.092432 39.209130 21.863014
49107.072024 39.180510 21.863014
48363.171722 39.490947 21.863014
47397.891168 39.921932 21.863014
47587.912314 39.777343 21.863014
347034.449728 13.690800 21.863014
347781.646026 13.661515 21.863014
345383.665320 13.695446 21.863014
345343.930626 13.681913 21.863014
346089.360921 13.652566 21.863014
345264.583687 13.654844 21.863014
346010.095615 13.625523 21.863014
342835.692855 13.675294 21.863014
345145.869402 13.614229 21.863014
345891.503778 13.584946 21.863014
343499.514960 13.618704 21.863014
345812.646635 13.557887 21.863014
344203.975170 13.575786 21.863014
343381.412919 13.577978 21.863014
343342.127205 13.564400 21.863014
344086.118027 13.535094 21.863014
344831.093892 13.505852 21.863014
344007.750680 13.507959 21.863014
344752.808177 13.478743 21.863014
343929.546598 13.480817 21.863014
341543.631302 13.514308 21.863014
343068.270062 13.469307 21.863014
343029.310879 13.455716 21.863014
18551.873625 -88.265520 21.863014
18512.996073 -88.263699 21.863014
18525.147559 -86.526942 21.863014
17499.975859 -87.320660 21.863014
17462.241165 -87.317765 21.863014
17409.439667 -87.910956 21.863014
17365.649135 -88.207239 21.863014
17403.574994 85.818423 21.863014
17353.256511 86.111949 21.863014
17235.938776 90.000000 21.863014
17266.433274 86.402415 21.863014
17253.534178 85.800248 21.863014
17229.817296 85.496565 21.863014
17166.011613 86.090769 21.863014
17141.432137 85.786513 21.863014
17164.576906 84.583125 21.863014
17144.800195 84.277903 21.863014
17090.127927 84.571304 21.863014
17070.432848 84.265410 21.863014
17051.722812 83.959172 21.863014
17033.997819 83.652607 21.863014
16909.616069 85.150271 21.863014
16959.957002 83.638710 21.863014
16903.641179 83.932671 21.863014
16798.738518 85.134254 21.863014
16747.225459 85.432004 21.863014
16740.603966 84.820346 21.863014
16624.493038 86.639428 21.863014
16587.737936 86.635703 21.863014
16517.031504 87.855238 21.863014
16474.220563 88.159359 21.863014
202614.465328 16.539809 21.863014
203171.319724 16.497537 21.863014
203134.768704 16.480124 21.863014
205481.485693 16.364260 21.863014
203061.789112 16.445288 21.863014
201247.854522 16.502321 21.863014
201211.466766 16.484825 21.863014
200584.506274 16.492244 21.863014
16553.901837 80.780818 21.863014
16229.175395 84.739139 21.863014
16306.258062 82.890955 21.863014
16315.397251 82.271331 21.863014
16328.354162 81.652127 21.863014
16401.782372 80.426192 21.863014
16309.067569 81.023496 21.863014
16300.901837 80.708921 21.863014
16264.922245 80.698559 21.863014
16287.525501 80.079346 21.863014
16251.627542 80.068284 21.863014
16278.089335 79.449329 21.863014
16274.848816 79.134203 21.863014
16342.466086 78.214793 21.863014
16380.381044 77.599491 21.863014
16382.928332 77.285358 21.863014
16309.034105 77.571964 21.863014
16311.663025 77.257148 21.863014
16315.276989 76.942391 21.863014
16360.949839 76.328277 21.863014
16367.478113 76.014153 21.863014
16418.897954 75.402445 21.863014
15433.126015 85.558990 21.863014
15426.085457 84.921838 21.863014
16357.646662 75.056179 21.863014
16560.778090 73.561749 21.863014
16525.533192 73.543732 21.863014
16540.845218 73.232138 21.863014
16717.188645 72.047640 21.863014
16793.484900 71.450160 21.863014
16758.403267 71.430045 21.863014
17018.433171 69.979584 21.863014
16922.530574 70.242387 21.863014
17010.320810 69.653003 21.863014
17038.193492 69.348415 21.863014
17197.354447 68.483632 21.863014
17162.517712 68.460717 21.863014
17194.289748 68.158534 21.863014
17364.903867 67.303477 21.863014
17400.534441 67.004199 21.863014
17437.150058 66.705542 21.863014
17622.050021 65.863962 21.863014
17587.458184 65.838725 21.863014
17405.607860 66.357859 21.863014
17824.326282 64.712289 21.863014
17948.486914 64.154792 21.863014
17994.789691 63.864070 21.863014
18124.697313 63.312235 21.863014
18007.730573 63.546958 21.863014
18224.116534 62.736650 21.863014
18361.700416 62.192464 21.863014
18414.816859 61.907717 21.863014
18648.321343 61.116494 21.863014
18797.358389 60.584803 21.863014
18400.673447 61.566443 21.863014
18822.201415 60.276239 21.863014
18603.112651 60.747811 21.863014
18943.046676 59.720455 21.863014
19199.457489 58.954571 21.863014
19565.911483 57.959817 21.863014
19430.550012 58.168071 21.863014
19704.079348 57.422465 21.863014
19670.303838 57.391041 21.863014
19952.412843 56.655472 21.863014
19918.718965 56.623593 21.863014
19885.065904 56.591661 21.863014
20621.470211 54.958104 21.863014
20816.401548 54.478723 21.863014
20782.870936 54.445735 21.863014
20749.381140 54.412694 21.863014
21065.768006 53.718113 21.863014
21032.359843 53.684714 21.863014
21236.937525 53.216093 21.863014
21203.610994 53.182434 21.863014
21534.324520 52.504692 21.863014
21748.466914 52.047304 21.863014
21840.372818 51.803188 21.863014
21807.209553 51.768914 21.863014
22027.139753 51.318050 21.863014
22250.887676 50.871705 21.863014
21834.018866 51.456790 21.863014
22445.453319 50.395060 21.863014
22412.494136 50.360206 21.863014
22777.567156 49.722974 21.863014
22879.241853 49.489423 21.863014
22846.405118 49.454246 21.863014
22949.105675 49.221647 21.863014
23467.778735 48.408320 21.863014
23435.064449 48.372827 21.863014
23825.876477 47.765660 21.863014
23793.243824 47.729992 21.863014
24192.635522 47.132700 21.863014
24305.967466 46.911906 21.863014
24568.055869 46.509375 21.863014
24684.302124 46.291732 21.863014
24503.157910 46.437400 21.863014
25071.298084 45.681097 21.863014
25191.443694 45.467605 21.863014
25778.550027 44.732671 21.863014
25590.015268 44.869527 21.863014
25714.060231 44.660149 21.863014
