97730.858350 58.607264 179.671233
97654.633861 58.593620 179.671233
98027.901908 58.365361 179.671233
97502.307330 58.566301 179.671233
97202.895768 58.660350 179.671233
97350.144065 58.538938 179.671233
97498.377404 58.417711 179.671233
96974.834544 58.619338 179.671233
96676.530473 58.713724 179.671233
97270.561077 58.376477 179.671233
96970.450187 58.470346 179.671233
97344.085582 58.241522 179.671233
97043.112098 58.335146 179.671233
96519.814135 58.537024 179.671233
96891.683526 58.307539 179.671233
96591.776718 58.401484 179.671233
96740.418220 58.279888 179.671233
96890.044765 58.158479 179.671233
96141.752911 58.468132 179.671233
96513.826383 58.238331 179.671233
96438.377404 58.224457 179.671233
96362.969241 58.210572 179.671233
96287.601894 58.196676 179.671233
96437.473337 58.075047 179.671233
96136.989649 58.168851 179.671233
95837.491003 58.262949 179.671233
95762.286922 58.249036 179.671233
95463.814135 58.343444 179.671233
95836.254955 58.113072 179.671233
95761.173322 58.099100 179.671233
95238.569237 58.301684 179.671233
95611.132506 58.071123 179.671233
95536.173322 58.057117 179.671233
95686.452929 57.935121 179.671233
95611.575378 57.921068 179.671233
95536.738643 57.907004 179.671233
95461.942724 57.892929 179.671233
95387.187622 57.878843 179.671233
95312.473337 57.864746 179.671233
95012.601894 57.958773 179.671233
95163.167214 57.836519 179.671233
94863.377404 57.930576 179.671233
94788.826383 57.916460 179.671233
95165.656353 57.686115 179.671233
94415.593044 57.996717 179.671233
94790.616194 57.765757 179.671233
93159.671375 58.515198 179.671233
94416.683526 57.845716 179.671233
94793.717578 57.615059 179.671233
94493.310071 57.708948 179.671233
94193.887608 57.803135 179.671233
94344.901908 57.680476 179.671233
94045.561077 57.774692 179.671233
94196.657010 57.651959 179.671233
93673.144065 57.854985 179.671233
93599.123656 57.840750 179.671233
93974.595786 57.609100 179.671233
93900.657010 57.594791 179.671233
93377.307330 57.797978 179.671233
93303.450187 57.783698 179.671233
93679.085582 57.551797 179.671233
93605.310071 57.537443 179.671233
93531.575378 57.523077 179.671233
93684.023700 57.400212 179.671233
93159.030465 57.603089 179.671233
93310.616194 57.479913 179.671233
92787.593044 57.683421 179.671233
93163.514153 57.451081 179.671233
92640.572636 57.654668 179.671233
93016.575378 57.422202 179.671233
92943.167214 57.407746 179.671233
92644.601894 57.502234 179.671233
92571.275363 57.487780 179.671233
92723.187622 57.364309 179.671233
92200.491003 57.568136 179.671233
92351.540669 57.444350 179.671233
92503.575378 57.320768 179.671233
91981.001208 57.524715 179.671233
91462.244759 57.729819 179.671233
91834.878759 57.495710 179.671233
91761.878759 57.481190 179.671233
91913.173322 57.357181 179.671233
91840.254955 57.342612 179.671233
91992.575378 57.218771 179.671233
91470.286922 57.422995 179.671233
91174.181482 57.518266 179.671233
91548.989649 57.284222 179.671233
91701.473337 57.160232 179.671233
91403.601894 57.254957 179.671233
90883.405972 57.459943 179.671233
91258.377404 57.225646 179.671233
90961.572636 57.320707 179.671233
91113.316179 57.196287 179.671233
90370.918228 57.511761 179.671233
90744.164473 57.276694 179.671233
90896.030465 57.152163 179.671233
90823.683526 57.137431 179.671233
90976.575378 57.013071 179.671233
90679.112098 57.107932 179.671233
90606.887608 57.093165 179.671233
90310.450187 57.188352 179.671233
90238.307330 57.173587 179.671233
90615.657010 56.939051 179.671233
90094.144065 57.144021 179.671233
90022.123656 57.129221 179.671233
89726.834544 57.224775 179.671233
89878.205289 57.099585 179.671233
90030.561077 56.974605 179.671233
89958.703934 56.959732 179.671233
89886.887608 56.944847 179.671233
89590.858350 57.040170 179.671233
89519.123656 57.025286 179.671233
89447.429779 57.010391 179.671233
89375.776718 56.995483 179.671233
89080.854952 57.091162 179.671233
89232.593044 56.965632 179.671233
89385.316179 56.840317 179.671233
89313.826383 56.825336 179.671233
89018.123656 56.920767 179.671233
88946.715493 56.905787 179.671233
88875.348146 56.890796 179.671233
89028.275363 56.765293 179.671233
88732.735901 56.860777 179.671233
88661.491003 56.845750 179.671233
88814.540669 56.720134 179.671233
88968.575378 56.594736 179.671233
88224.691686 56.911501 179.671233
88601.173322 56.674867 179.671233
88530.132506 56.659754 179.671233
87789.203943 56.977578 179.671233
88388.173322 56.629491 179.671233
87647.326392 56.947445 179.671233
87576.448841 56.932359 179.671233
87951.286922 56.694808 179.671233
88104.744751 56.568819 179.671233
87364.061086 56.887030 179.671233
87963.275363 56.538410 179.671233
87222.673330 56.856750 179.671233
87152.040677 56.841591 179.671233
87527.123656 56.603659 179.671233
87010.897820 56.811237 179.671233
87162.752911 56.684467 179.671233
87092.283523 56.669233 179.671233
86799.489657 56.765613 179.671233
87399.030465 56.416283 179.671233
87328.683526 56.400962 179.671233
87258.377404 56.385628 179.671233
87188.112098 56.370282 179.671233
86893.633861 56.466105 179.671233
86823.450187 56.450759 179.671233
86753.307330 56.435401 179.671233
86683.205289 56.420031 179.671233
86613.144065 56.404648 179.671233
86319.814135 56.500846 179.671233
86473.144065 56.373845 179.671233
85736.109405 56.694225 179.671233
85887.632514 56.566621 179.671233
86263.450187 56.327547 179.671233
85970.324339 56.423809 179.671233
86348.112098 56.185163 179.671233
85830.814135 56.392907 179.671233
86208.683526 56.154135 179.671233
86139.030465 56.138602 179.671233
85845.164473 56.234612 179.671233
85999.846792 56.107499 179.671233
85260.387616 56.427619 179.671233
85636.572636 56.187975 179.671233
85567.123656 56.172405 179.671233
85497.715493 56.156821 179.671233
85428.348146 56.141225 179.671233
84913.346800 56.349954 179.671233
85066.426380 56.222042 179.671233
85220.491003 56.094360 179.671233
84927.977401 56.190811 179.671233
84858.814135 56.175177 179.671233
84345.905323 56.384710 179.671233
84276.823691 56.369101 179.671233
84429.203943 56.240690 179.671233
84360.203943 56.225030 179.671233
83849.346848 56.435335 179.671233
84444.691686 56.081101 179.671233
84375.814135 56.065377 179.671233
83642.714195 56.388393 179.671233
84015.816188 56.146536 179.671233
83947.061086 56.130798 179.671233
84100.712095 56.002352 179.671233
84032.038625 55.986564 179.671233
83741.040677 56.083509 179.671233
83230.550930 56.294161 179.671233
82942.467294 56.392107 179.671233
82873.957090 56.376369 179.671233
82369.255149 56.589021 179.671233
82084.126641 56.687991 179.671233
81799.983175 56.787305 179.671233
81947.391947 56.656584 179.671233
81448.518629 56.871296 179.671233
81380.253323 56.855615 179.671233
81312.028833 56.839921 179.671233
81029.977902 56.939970 179.671233
56886.424839 -88.514295 179.671233
56803.215177 -88.843657 179.671233
56735.153953 -88.842963 179.671233
56660.996073 -89.007623 179.671233
56623.231723 -88.345340 179.671233
56525.077706 -89.006431 179.671233
56470.398915 -88.674548 179.671233
56402.541772 -88.673751 179.671233
56327.643749 -88.838785 179.671233
56259.868238 -88.838086 179.671233
56192.133544 -88.837385 179.671233
56124.439667 -88.836684 179.671233
56071.894227 -88.503541 179.671233
55989.174361 -88.835280 179.671233
55915.465461 -89.001029 179.671233
55869.179941 -88.500828 179.671233
82731.024357 55.184541 179.671233
82663.575378 55.168287 179.671233
82370.969241 55.264591 179.671233
82754.942067 55.023452 179.671233
82687.615537 55.007135 179.671233
82620.329822 54.990804 179.671233
82101.744751 55.199485 179.671233
82485.880843 54.958104 179.671233
82192.575378 55.054138 179.671233
82351.595129 54.925350 179.671233
81833.173322 55.134165 179.671233
82217.472680 54.892542 179.671233
82377.559106 54.763931 179.671233
82083.513496 54.859682 179.671233
81565.254955 55.068631 179.671233
81723.575378 54.939335 179.671233
54700.966094 -89.158346 179.671233
54639.363420 -88.989429 179.671233
79530.398006 55.917769 179.671233
54505.894033 -88.988193 179.671233
79397.010251 55.885212 179.671233
54372.587910 -88.986953 179.671233
54305.996073 -88.986332 179.671233
81416.166557 54.694571 179.671233
81804.773432 54.453373 179.671233
81283.186965 54.661386 179.671233
80990.616194 54.757596 179.671233
81150.370639 54.628148 179.671233
81084.023700 54.611508 179.671233
81017.717578 54.594855 179.671233
80500.112098 54.804332 179.671233
80885.227782 54.561507 179.671233
53682.452222 -88.130613 179.671233
53606.394989 -88.299404 179.671233
53550.207324 -88.128305 179.671233
53457.235650 -88.637698 179.671233
53391.215242 -88.636856 179.671233
53325.235650 -88.636013 179.671233
53286.207324 -88.123673 179.671233
53201.424839 -88.463691 179.671233
53165.310825 -87.950701 179.671233
53099.494498 -87.949431 179.671233
53012.946009 -88.289909 179.671233
52967.984294 -87.946886 179.671233
52891.431814 -88.116681 179.671233
52815.864376 -88.286721 179.671233
52741.281982 -88.457002 179.671233
52675.710553 -88.456042 179.671233
52619.150091 -88.283520 179.671233
52536.664221 -88.625812 179.671233
52471.215242 -88.624955 179.671233
52443.576131 -87.936642 179.671233
52348.465655 -88.451222 179.671233
52312.882253 -87.934065 179.671233
52226.823560 -88.277083 179.671233
52182.351641 -87.931481 179.671233
52106.288957 -88.102540 179.671233
52041.125691 -88.101352 179.671233
51986.861845 -87.927594 179.671233
51892.037084 -88.444424 179.671233
51845.880793 -88.097779 179.671233
51725.643555 89.653801 179.671233
51663.044937 89.480384 179.671233
51595.766004 89.653366 179.671233
51533.249018 89.479730 179.671233
51468.412284 89.479402 179.671233
51403.616365 89.479074 179.671233
51336.500698 89.652492 179.671233
51274.146978 89.478417 179.671233
51209.473508 89.478087 179.671233
51142.480289 89.651833 179.671233
51087.802829 89.129089 179.671233
51023.251808 89.128538 179.671233
50951.187794 89.476766 179.671233
50905.602932 -88.778499 179.671233
50841.174361 -88.777725 179.671233
50755.541514 89.650508 179.671233
50696.859933 89.300600 179.671233
50655.215242 -88.600520 179.671233
50568.288504 89.299711 179.671233
50500.759222 89.474438 179.671233
50444.129359 89.123550 179.671233
50375.737484 89.298374 179.671233
50334.296874 -88.596065 179.671233
50270.235650 -88.595170 179.671233
50192.996073 88.945613 179.671233
50129.016482 88.944941 179.671233
50065.077706 88.944267 179.671233
50001.179747 88.943593 179.671233
49937.322604 88.942917 179.671233
49873.506278 88.942241 179.671233
49809.730767 88.941564 179.671233
49745.996073 88.940886 179.671233
49682.302196 88.940208 179.671233
49618.649135 88.939528 179.671233
49555.036890 88.938847 179.671233
49491.465461 88.938166 179.671233
49434.072320 88.760449 179.671233
49349.337432 89.645564 179.671233
49300.996073 88.936117 179.671233
49232.394666 89.112829 179.671233
49169.027319 89.112257 179.671233
49101.451770 89.289327 179.671233
49047.608318 88.933372 179.671233
48979.170176 89.110538 179.671233
48915.966094 89.109963 179.671233
48848.553810 89.287490 179.671233
48794.873625 88.930613 179.671233
48726.598747 89.108236 179.671233
48659.308912 89.286106 179.671233
48596.308912 89.285643 179.671233
48548.929463 88.749199 179.671233
48486.011095 88.748387 179.671233
48411.802829 89.105341 179.671233
48360.296810 88.746761 179.671233
48297.500891 88.745946 179.671233
48234.745789 88.745131 179.671233
48165.894033 88.923652 179.671233
48098.027319 89.102427 179.671233
48046.725381 88.742678 179.671233
47977.996073 88.921546 179.671233
47928.664221 88.561256 179.671233
47852.934849 88.920138 179.671233
47803.684630 88.559376 179.671233
47734.174361 88.738567 179.671233
47678.868303 88.557491 179.671233
47603.302196 88.917310 179.671233
47554.215242 88.555601 179.671233
47491.949936 88.554654 179.671233
47429.725446 88.553706 179.671233
47349.129359 89.095356 179.671233
47305.398915 88.551807 179.671233
47224.884461 89.094167 179.671233
47174.153953 88.731101 179.671233
47112.133544 88.730266 179.671233
47050.153953 88.729429 179.671233
46988.215177 88.728592 179.671233
46926.317218 88.727754 179.671233
46858.322604 88.908736 179.671233
46796.506278 88.908015 179.671233
46740.868238 88.725232 179.671233
46686.215242 88.542233 179.671233
46617.439667 88.723545 179.671233
46549.649135 88.905123 179.671233
46501.256058 88.539336 179.671233
46447.710553 88.355758 179.671233
46378.154017 88.537398 179.671233
46324.690145 88.353576 179.671233
46272.211315 88.169543 179.671233
46186.725381 88.717606 179.671233
46140.465655 88.350291 179.671233
46079.139125 88.349194 179.671233
46017.853410 88.348095 179.671233
45948.582589 88.530576 179.671233
45895.404431 88.345892 179.671233
45826.215242 88.528615 179.671233
45773.118716 88.343683 179.671233
45730.921610 87.974539 179.671233
45659.966417 88.157308 179.671233
45598.966417 88.156075 179.671233
45529.037084 88.339248 179.671233
45468.118716 88.338136 179.671233
45399.215242 88.521710 179.671233
45338.378507 88.520718 179.671233
45277.582589 88.519725 179.671233
45216.827487 88.518731 179.671233
45173.109274 88.147401 179.671233
45103.465655 88.331429 179.671233
45061.717528 87.959548 179.671233
45001.125691 87.958175 179.671233
44921.690145 88.328056 179.671233
44880.064467 87.955421 179.671233
44809.680703 88.139901 179.671233
44759.166508 87.952661 179.671233
44679.894227 88.323537 179.671233
44638.431814 87.949893 179.671233
44588.984294 87.762188 179.671233
44517.860385 87.947117 179.671233
44457.635896 87.945727 179.671233
44378.567696 88.317853 179.671233
44337.309365 87.942940 179.671233
44267.292948 88.128536 179.671233
44207.231723 88.127265 179.671233
44167.984294 87.751543 179.671233
44108.004702 87.750014 179.671233
44027.292948 88.123441 179.671233
43977.309365 87.934534 179.671233
43928.310825 87.745414 179.671233
43868.494498 87.743877 179.671233
43787.946009 88.118317 179.671233
43748.984294 87.740796 179.671233
43689.290416 87.739252 179.671233
43629.637355 87.737706 179.671233
43570.025110 87.736158 179.671233
43499.595079 87.923218 179.671233
43450.923069 87.733056 179.671233
43403.236102 87.542683 179.671233
43321.125691 87.918943 179.671233
43261.717528 87.917514 179.671233
43213.208784 87.726826 179.671233
43153.882253 87.725264 179.671233
43106.399368 87.534232 179.671233
43035.351641 87.722131 179.671233
42976.147559 87.720562 179.671233
42916.984294 87.718991 179.671233
42869.664674 87.527429 179.671233
42810.583041 87.525722 179.671233
42739.739396 87.714263 179.671233
42692.542225 87.522302 179.671233
42610.921610 87.901664 179.671233
42587.411729 87.328283 179.671233
42528.534178 87.326433 179.671233
42469.697443 87.324580 179.671233
42386.351641 87.704750 179.671233
42316.737936 87.894380 179.671233
42268.882253 87.701561 179.671233
42159.220563 -88.849518 179.671233
42100.587910 -88.848717 179.671233
42048.133544 -88.655966 179.671233
42058.983157 87.311539 179.671233
41965.064467 87.885572 179.671233
41929.256511 87.499837 179.671233
41870.827939 87.498092 179.671233
41825.187239 87.304030 179.671233
41766.840300 87.302146 179.671233
41722.225459 87.107738 179.671233
41678.595661 86.913124 179.671233
41620.371171 86.910963 179.671233
41547.551990 87.101659 179.671233
41489.409133 87.099627 179.671233
41393.065927 87.677359 179.671233
41359.554586 87.288885 179.671233
41329.860967 86.900115 179.671233
41271.881375 86.897936 179.671233
41213.942600 86.895754 179.671233
41156.044640 86.893570 179.671233
41069.860708 87.279333 179.671233
41025.735663 87.083269 179.671233
40954.268872 87.275494 179.671233
40910.225459 87.079151 179.671233
40867.167089 86.882599 179.671233
40809.514028 86.880395 179.671233
40737.266276 87.072951 179.671233
40679.694847 87.070879 179.671233
40636.799743 86.873766 179.671233
40594.889681 86.676448 179.671233
40537.440701 86.674091 179.671233
40496.556498 86.476430 179.671233
40422.665191 86.669367 179.671233
40365.338660 86.667000 179.671233
40324.576906 86.468915 179.671233
40267.332008 86.466402 179.671233
40193.603966 86.659879 179.671233
40120.860967 86.853709 179.671233
40079.318252 86.655115 179.671233
40038.760580 86.456318 179.671233
39981.719763 86.453787 179.671233
39942.187950 86.254648 179.671233
39835.656885 86.842455 179.671233
39778.738518 86.840195 179.671233
39771.432848 86.246604 179.671233
39697.127927 86.441082 179.671233
39623.808048 86.635922 179.671233
39601.045093 86.238527 179.671233
39562.743220 86.038327 179.671233
39506.069751 86.035482 179.671233
39413.556498 86.428286 179.671233
39356.964661 86.425716 179.671233
39283.889681 86.621382 179.671233
39261.371624 86.222267 179.671233
39187.434049 86.417982 179.671233
39166.886077 86.018325 179.671233
39129.854961 85.816914 179.671233
39054.151383 86.012573 179.671233
38997.845261 86.009691 179.671233
38960.936594 85.807840 179.671233
38885.355465 86.003914 179.671233
38829.171792 86.001020 179.671233
38773.028934 85.998121 179.671233
38664.522334 86.594397 179.671233
38660.865669 85.992310 179.671233
38604.845261 85.989399 179.671233
38548.865669 85.986483 179.671233
38474.514481 86.183776 179.671233
38456.385574 85.780379 179.671233
38381.171792 85.977710 179.671233
38365.012970 85.573783 179.671233
38309.237460 85.570555 179.671233
38233.201900 85.768059 179.671233
38197.808888 85.564086 179.671233
38142.155827 85.560845 179.671233
38066.242717 85.758772 179.671233
38030.972154 85.554348 179.671233
37935.784036 85.954128 179.671233
37941.196837 85.346330 179.671233
37844.201900 85.746325 179.671233
37830.339694 85.339501 179.671233
37753.727256 85.538021 179.671233
37698.400725 85.534741 179.671233
37664.360103 85.329221 179.671233
37609.115205 85.325784 179.671233
37553.911123 85.322342 179.671233
37544.070720 84.913893 179.671233
37422.380317 85.518271 179.671233
37388.543776 85.311986 179.671233
37378.825822 84.902633 179.671233
37300.692278 85.101901 179.671233
37268.866639 84.895099 179.671233
37238.026042 84.688123 179.671233
37135.937176 85.091021 179.671233
37128.311756 84.680258 179.671233
37049.438067 84.879964 179.671233
37018.760736 84.672369 179.671233
36964.046450 84.668416 179.671233
36909.372981 84.664458 179.671233
36854.740328 84.660493 179.671233
36752.937176 85.065446 179.671233
36745.597471 84.652546 179.671233
36667.009496 84.853261 179.671233
36636.617879 84.644575 179.671233
36582.189307 84.640581 179.671233
36527.801552 84.636581 179.671233
36449.376843 84.837877 179.671233
36419.148491 84.628563 179.671233
36389.905182 84.419078 179.671233
36335.680692 84.414902 179.671233
36256.475022 84.616491 179.671233
36202.332164 84.612455 179.671233
36173.252121 84.402337 179.671233
36119.190896 84.398136 179.671233
36040.148491 84.600310 179.671233
35938.957584 85.009737 179.671233
35908.152353 84.799013 179.671233
35878.332164 84.588111 179.671233
35777.263706 84.998445 179.671233
35770.658695 84.579948 179.671233
35741.905182 84.368552 179.671233
35714.136711 84.156990 179.671233
35634.476611 84.360042 179.671233
35555.801552 84.563547 179.671233
35527.211304 84.351507 179.671233
35473.639876 84.347230 179.671233
35446.075487 84.134860 179.671233
35341.597471 84.547047 179.671233
35339.136711 84.125961 179.671233
35259.762325 84.330055 179.671233
35259.271651 83.908483 179.671233
35205.945120 83.903854 179.671233
35152.659406 83.899217 179.671233
34997.438067 84.731588 179.671233
34993.333753 84.308441 179.671233
34966.136711 84.094603 179.671233
34913.014262 84.090096 179.671233
34833.966406 84.295393 179.671233
34780.925590 84.291030 179.671233
34780.802263 83.866567 179.671233
34727.843080 83.861874 179.671233
34702.779388 83.647055 179.671233
34622.047161 83.852466 179.671233
34569.210426 83.847752 179.671233
34489.504058 84.053792 179.671233
34463.659406 83.838302 179.671233
34410.945120 83.833566 179.671233
34386.126327 83.617750 179.671233
34252.762325 84.247036 179.671233
34253.047161 83.819314 179.671233
34200.496141 83.814549 179.671233
34147.985937 83.809776 179.671233
34095.516549 83.804996 179.671233
34070.942653 83.588174 179.671233
34018.554898 83.583218 179.671233
33966.207960 83.578255 179.671233
33913.901837 83.573284 179.671233
33806.871405 83.993840 179.671233
33754.646916 83.989178 179.671233
33702.463242 83.984509 179.671233
33650.320385 83.979833 179.671233
33572.252121 84.188824 179.671233
33573.067569 83.756790 179.671233
33494.136711 83.965762 179.671233
33442.157120 83.961056 179.671233
33339.230124 84.385170 179.671233
33365.230835 83.737298 179.671233
33260.497019 84.161559 179.671233
33261.557365 83.727506 179.671233
33182.871405 83.937421 179.671233
33158.047161 83.717684 179.671233
33079.442834 83.927915 179.671233
33054.700222 83.707831 179.671233
33003.087977 83.702893 179.671233
32979.371225 83.482474 179.671233
32847.109264 84.124806 179.671233
32821.585691 83.904019 179.671233
32744.170488 84.115546 179.671233
32692.762325 84.110905 179.671233
32667.361201 83.889592 179.671233
32540.968679 84.535770 179.671233
32564.748956 83.879935 179.671233
32513.504058 83.875096 179.671233
32387.233986 84.522777 179.671233
32360.148491 84.300586 179.671233
32309.026042 84.296063 179.671233
32308.932630 83.855661 179.671233
32231.925590 84.068804 179.671233
32180.925590 84.064089 179.671233
32104.944409 84.277903 179.671233
32079.048039 84.054637 179.671233
31979.070720 84.487826 179.671233
31952.311756 84.264206 179.671233
31877.438067 84.479019 179.671233
31875.782733 84.035643 179.671233
31825.068447 84.030875 179.671233
31774.394978 84.026100 179.671233
31776.638998 83.582021 179.671233
31726.047161 83.576884 179.671233
31648.585691 83.791642 179.671233
31572.109264 84.006923 179.671233
31574.516549 83.561425 179.671233
31471.211304 83.997288 179.671233
31473.700222 83.551078 179.671233
31370.476611 83.987623 179.671233
31373.047161 83.540697 179.671233
31322.781855 83.535494 179.671233
31272.557365 83.530283 179.671233
31169.497019 83.968198 179.671233
31145.320385 83.741485 179.671233
30997.018808 84.625550 179.671233
31019.190896 83.953548 179.671233
30920.070720 84.393929 179.671233
30919.190896 83.943741 179.671233
30895.218344 83.716103 179.671233
30845.320385 83.711002 179.671233
30769.497019 83.928972 179.671233
30745.646916 83.700774 179.671233
30695.871405 83.695649 179.671233
30571.070720 84.361917 179.671233
30570.476611 83.909168 179.671233
30546.789773 83.680221 179.671233
30471.211304 83.899217 179.671233
30372.540108 84.343460 179.671233
30323.009496 84.338827 179.671233
30297.597471 84.109118 179.671233
30224.070720 84.329538 179.671233
30129.339694 84.776272 179.671233
30019.069751 85.450816 179.671233
29969.743220 85.447066 179.671233
29902.045093 85.670256 179.671233
29910.870113 84.985723 179.671233
29841.365166 85.208605 179.671233
29792.201900 85.204644 179.671233
29743.079451 85.200677 179.671233
29693.997819 85.196703 179.671233
29644.957002 85.192722 179.671233
29595.957002 85.188735 179.671233
29475.236619 86.098770 179.671233
29460.310399 85.637853 179.671233
29429.845261 85.405405 179.671233
29420.666031 84.944014 179.671233
29371.870113 84.939805 179.671233
29283.457506 85.393910 179.671233
29274.400725 84.931366 179.671233
29225.727256 84.927136 179.671233
29177.094602 84.922899 179.671233
29108.201900 85.148496 179.671233
29059.650880 85.144435 179.671233
29031.441541 84.910145 179.671233
28982.972154 84.905879 179.671233
28914.242717 85.132212 179.671233
28886.155827 84.897327 179.671233
28817.508023 85.124029 179.671233
28810.747858 84.657732 179.671233
28762.482551 84.653238 179.671233
28714.258062 84.648737 179.671233
28624.528431 85.107580 179.671233
28521.148335 85.800248 179.671233
28548.584398 84.867167 179.671233
28500.523174 84.862829 179.671233
28452.502766 84.858484 179.671233
28384.222308 85.086863 179.671233
28281.046294 85.782426 179.671233
28269.028934 85.311813 179.671233
28153.187498 86.243243 179.671233
28154.943052 85.537676 179.671233
28107.167542 85.533878 179.671233
28059.432848 85.530073 179.671233
28030.151383 85.291833 179.671233
27982.498322 85.287817 179.671233
27974.543582 84.814629 179.671233
27906.671288 85.044900 179.671233
27839.784036 85.275727 179.671233
27811.650880 85.036421 179.671233
27764.201900 85.032171 179.671233
27716.793737 85.027913 179.671233
27650.069751 85.259511 179.671233
27622.099859 85.019376 179.671233
27574.814145 85.015097 179.671233
27527.569247 85.010810 179.671233
27480.365166 85.006516 179.671233
27453.502766 84.765517 179.671233
27427.625409 84.524286 179.671233
27338.997819 84.993589 179.671233
27291.957002 84.989266 179.671233
27244.957002 84.984935 179.671233
27197.997819 84.980596 179.671233
27131.722812 85.214337 179.671233
27104.201900 84.971896 179.671233
27019.596113 85.444695 179.671233
27030.870113 84.724640 179.671233
26926.045093 85.436771 179.671233
26937.400725 84.715469 179.671233
26890.727256 84.710872 179.671233
26844.094602 84.706267 179.671233
26797.502766 84.701654 179.671233
26730.650880 84.936794 179.671233
26664.784036 85.172519 179.671233
26657.972154 84.687766 179.671233
26591.242717 84.923504 179.671233
26525.498322 85.159830 179.671233
26479.151383 85.155586 179.671233
26452.201900 84.910145 179.671233
26386.579955 85.147076 179.671233
26321.943052 85.384592 179.671233
26294.171792 85.138535 179.671233
26287.686439 84.650375 179.671233
26221.283533 84.887723 179.671233
26175.222308 84.883214 179.671233
26129.201900 84.878698 179.671233
26045.453256 85.360105 179.671233
26017.926894 85.112733 179.671233
25972.028934 85.108406 179.671233
25907.759379 85.347765 179.671233
25899.712104 84.855998 179.671233
25853.936594 84.851434 179.671233
25788.845261 85.091021 179.671233
25782.808888 84.598096 179.671233
25697.498322 85.082282 179.671233
25671.242717 84.833097 179.671233
25587.902236 85.318713 179.671233
25560.784036 85.069116 179.671233
25479.413641 85.556154 179.671233
25469.845261 85.060299 179.671233
25388.556498 85.548194 179.671233
25360.657338 85.297740 179.671233
25333.743220 85.047015 179.671233
25288.457506 85.042571 179.671233
25262.569247 84.791357 179.671233
25217.365166 84.786678 179.671233
25152.845261 85.029191 179.671233
25107.722812 85.024715 179.671233
25081.997819 84.772590 179.671233
25017.600363 85.015739 179.671233
24954.187950 85.259511 179.671233
24946.997819 84.758425 179.671233
24902.079451 84.753687 179.671233
24857.201900 84.748940 179.671233
24832.666031 84.495410 179.671233
24767.569247 84.739420 179.671233
24685.045093 85.233678 179.671233
24622.862621 85.479363 179.671233
24614.069751 84.974944 179.671233
24569.437098 84.970371 179.671233
24506.432848 85.216300 179.671233
24480.294241 84.961198 179.671233
24285.179941 -87.725785 179.671233
24391.314649 84.951991 179.671233
24188.256058 -87.974539 179.671233
24342.155827 84.440053 179.671233
24222.270784 85.442057 179.671233
24233.201900 84.681570 179.671233
24151.167542 85.181162 179.671233
24125.355465 84.924170 179.671233
24100.528431 84.666909 179.671233
23984.624375 85.674456 179.671233
24032.584398 84.404244 179.671233
23948.865669 84.905452 179.671233
23886.432848 85.154468 179.671233
23900.523174 84.388756 179.671233
23836.283533 84.637344 179.671233
23792.385574 84.632384 179.671233
23768.829296 84.373183 179.671233
23649.474865 85.387072 179.671233
23681.237460 84.362753 179.671233
23658.747858 84.102816 179.671233
23593.808888 84.352284 179.671233
23550.155827 84.347035 179.671233
23486.242717 84.597411 179.671233
23442.671288 84.592377 179.671233
23361.371624 85.100186 179.671233
23317.881828 85.095608 179.671233
23332.502766 84.320644 179.671233
23268.793737 84.572150 179.671233
23772.605534 79.731795 179.671233
23767.520168 79.471059 179.671233
24158.578554 76.970436 179.671233
24264.049299 76.219886 179.671233
25091.893984 72.584489 179.671233
25316.890989 71.624723 179.671233
25343.169173 71.373828 179.671233
27341.976925 65.708439 179.671233
28593.942486 62.928819 179.671233
29655.687262 60.871123 179.671233
31446.887676 57.938504 179.671233
31403.969308 57.913986 179.671233
33696.635522 54.799797 179.671233
34094.280359 54.251570 179.671233
35423.917374 52.698137 179.671233
37162.445196 50.885200 179.671233
40281.000579 48.118939 179.671233
41360.067959 47.227286 179.671233
42278.185571 46.497509 179.671233
44432.336233 44.980441 179.671233
46485.967609 43.662783 179.671233
47308.368700 43.135695 179.671233
47704.020318 42.861867 179.671233
47661.591746 42.834385 179.671233
48283.467197 42.441639 179.671233
47797.333895 42.657049 179.671233
48422.123656 42.266007 179.671233
48379.858350 42.238468 179.671233
48337.633861 42.210905 179.671233
48295.450187 42.183319 179.671233
47807.632514 42.397391 179.671233
47765.530473 42.369734 179.671233
47502.048180 42.463716 179.671233
47460.027772 42.435999 179.671233
46978.038722 42.653251 179.671233
46936.099947 42.625464 179.671233
46894.201988 42.597653 179.671233
47071.877461 42.447065 179.671233
46591.940129 42.665272 179.671233
46768.753008 42.514069 179.671233
47167.027772 42.241294 179.671233
47569.120258 41.970822 179.671233
47527.467197 41.942908 179.671233
47709.164473 41.794566 179.671233
48798.304044 41.173063 179.671233
48528.742779 41.262746 179.671233
47808.826383 41.590843 179.671233
48218.717578 41.324946 179.671233
48177.309414 41.296942 179.671233
47909.799867 41.387547 179.671233
47868.473337 41.359479 179.671233
48280.416249 41.094737 179.671233
48467.202003 40.949177 179.671233
49347.562795 40.456749 179.671233
48384.834656 40.892967 179.671233
48802.606192 40.631632 179.671233
48302.630575 40.836661 179.671233
47806.472680 41.043815 179.671233
47539.330480 41.134063 179.671233
47724.513496 40.987298 179.671233
47457.452929 41.077466 179.671233
46300.027772 41.649894 179.671233
47375.738643 41.020771 179.671233
46885.491003 41.230912 179.671233
47520.329822 40.845582 179.671233
47479.615537 40.817166 179.671233
47438.942067 40.788726 179.671233
47172.167214 40.878605 179.671233
47131.575378 40.850098 179.671233
46641.572636 41.059894 179.671233
47050.514153 40.793011 179.671233
46784.846792 40.883274 179.671233
46969.616194 40.735826 179.671233
46479.776718 40.945385 179.671233
46663.683526 40.797332 179.671233
46399.123656 40.887981 179.671233
45691.762466 41.220705 179.671233
45872.959045 41.070836 179.671233
46055.140666 40.921560 179.671233
45131.201988 41.377992 179.671233
45091.099947 41.349069 179.671233
44398.106233 41.690209 179.671233
19388.984294 -86.605283 179.671233
19298.778753 -86.881197 179.671233
19259.166508 -86.877988 179.671233
19230.453682 -86.591303 179.671233
19170.150091 -87.155465 179.671233
19130.660295 -87.152528 179.671233
19074.215242 -87.718991 179.671233
19061.717528 -86.861844 179.671233
19012.435805 -87.143681 179.671233
18949.031504 -87.997656 179.671233
18916.827487 -87.709516 179.671233
18864.363420 -88.279950 179.671233
18815.717076 -88.851914 179.671233
18792.133544 -87.989311 179.671233
18746.873625 -88.274567 179.671233
18721.011160 -87.697562 179.671233
18708.880793 -86.832361 179.671233
18680.739396 -86.541453 179.671233
18612.037084 -87.401994 179.671233
18551.873625 -88.265520 179.671233
199976.295778 17.705425 179.671233
199352.510847 17.714777 179.671233
18441.500891 -87.970279 179.671233
18387.166055 -88.838610 179.671233
18345.146978 -89.127987 179.671233
18309.778300 -88.836158 179.671233
18265.480289 -89.417404 179.671233
18226.888453 -89.416787 179.671233
18188.337432 -89.416170 179.671233
18148.410889 -89.707768 179.671233
18111.357840 -89.414930 179.671233
18071.512929 -89.707147 179.671233
18033.125174 -89.706835 179.671233
17994.306122 90.000000 179.671233
17957.888453 89.412435 179.671233
17918.206807 -89.705896 179.671233
17879.982317 -89.705582 179.671233
17845.575549 89.115864 179.671233
17803.655787 89.704952 179.671233
17765.081633 90.000000 179.671233
17727.492521 89.704319 179.671233
17690.888453 -89.408018 179.671233
17651.492521 89.703683 179.671233
17614.970085 89.406744 179.671233
17575.655787 89.703044 179.671233
17537.798644 -89.702724 179.671233
17499.982317 89.702403 179.671233
17805.905182 82.008349 179.671233
17821.047161 81.415736 179.671233
17756.442834 81.698698 179.671233
17802.353801 80.813907 179.671233
17889.379428 79.641799 179.671233
17643.606099 81.672007 179.671233
17847.797421 79.329886 179.671233
17652.149719 80.774567 179.671233
17558.047161 81.351195 179.671233
17577.292576 80.754772 179.671233
17539.925229 80.744842 179.671233
17962.909022 76.963417 179.671233
17967.641378 76.663513 179.671233
17930.396481 76.649413 179.671233
17810.100484 77.209303 179.671233
17655.381044 78.062490 179.671233
17656.499760 77.759881 179.671233
17581.176962 78.036953 179.671233
17621.562703 77.443908 179.671233
17750.746532 76.276794 179.671233
17547.603519 77.417043 179.671233
17550.814770 77.113554 179.671233
17513.937219 77.099761 179.671233
17436.970866 77.376532 179.671233
17249.098739 78.533016 179.671233
17212.343637 78.520613 179.671233
17175.629351 78.508183 179.671233
17138.955882 78.495727 179.671233
16998.930448 79.370892 179.671233
16754.136711 81.452189 179.671233
16744.496141 81.141930 179.671233
16606.009496 82.339667 179.671233
16502.972154 83.242367 179.671233
191335.838887 16.936933 179.671233
193028.801609 16.840799 179.671233
191263.104193 16.901125 179.671233
193534.487160 16.779258 179.671233
194077.504692 16.735672 179.671233
194041.280202 16.717877 179.671233
195166.494883 16.648864 179.671233
16154.616521 84.104542 179.671233
16136.926894 83.789651 179.671233
16161.768266 82.859083 179.671233
16171.070720 82.236707 179.671233
16210.157120 81.308858 179.671233
16099.152353 82.219279 179.671233
16138.320385 81.289385 179.671233
16186.027270 80.361991 179.671233
16179.954072 80.046087 179.671233
16174.865917 79.730074 179.671233
16078.700739 80.329569 179.671233
16235.629028 78.491007 179.671233
16199.975967 78.478176 179.671233
16311.663025 77.257148 179.671233
16315.276989 76.942391 179.671233
16279.746376 76.927898 179.671233
16325.460043 76.313136 179.671233
16332.029134 75.998674 179.671233
16296.620970 75.983161 179.671233
16219.235553 76.267514 179.671233
16268.889390 75.652613 179.671233
16414.895126 74.445929 179.671233
16332.911026 74.725520 179.671233
16490.329110 73.525675 179.671233
16455.165845 73.507580 179.671233
16627.773183 72.318513 179.671233
16646.984563 72.008533 179.671233
16667.180986 71.698919 179.671233
16688.362451 71.389689 179.671233
16710.528958 71.080861 179.671233
16675.610591 71.060310 179.671233
16940.524892 69.609271 179.671233
16968.479206 69.304093 179.671233
17062.098065 68.718055 179.671233
17027.342963 68.695288 179.671233
17260.788948 67.555885 179.671233
17295.516112 67.255447 179.671233
17331.228319 66.955621 179.671233
17440.158881 66.382715 179.671233
17405.607860 66.357859 179.671233
17593.462951 65.517404 179.671233
17711.958224 64.953482 179.671233
17524.564992 65.466157 179.671233
17721.040568 64.633495 179.671233
17765.536526 64.340299 179.671233
17973.424450 63.519761 179.671233
18275.303709 62.450050 179.671233
18155.626738 62.680997 179.671233
18380.633186 61.879288 179.671233
18524.004874 61.340717 179.671233
18580.076445 61.058484 179.671233
18637.133059 60.777108 179.671233
18695.174716 60.496601 179.671233
18754.201415 60.216970 179.671233
18627.256348 60.437531 179.671233
18971.048911 59.413695 179.671233
19230.374036 58.650464 179.671233
19396.733686 58.137073 179.671233
19064.110550 58.832282 179.671233
19533.176364 57.596761 179.671233
19707.212273 57.091968 179.671233
19778.840445 56.825336 179.671233
19958.623345 56.327140 179.671233
20033.165828 56.063599 179.671233
20108.693354 55.801043 179.671233
20865.048862 54.191053 179.671233
20831.599882 54.157873 179.671233
20914.803668 53.904061 179.671233
20881.436321 53.870690 179.671233
21084.166366 53.399482 179.671233
20932.380251 53.584200 179.671233
20899.135353 53.550589 179.671233
21467.875541 52.436684 179.671233
21191.101889 52.831151 179.671233
21524.811359 52.155956 179.671233
21741.005471 51.700209 179.671233
21458.688910 52.087395 179.671233
21801.018866 51.422248 179.671233
21768.059683 51.387654 179.671233
22248.800425 50.528445 179.671233
22478.417787 50.088343 179.671233
22313.861483 50.255336 179.671233
22545.448930 49.817282 179.671233
22916.350573 49.186333 179.671233
22347.315746 49.947822 179.671233
23124.788446 48.724099 179.671233
23092.155793 48.688566 179.671233
23337.166490 48.266051 179.671233
23585.994908 47.847983 179.671233
23838.641048 47.434336 179.671233
23950.166172 47.211204 179.671233
24208.559302 46.804096 179.671233
24176.171547 46.768063 179.671233
24438.423216 46.365235 179.671233
24704.492606 45.966738 179.671233
24974.379717 45.572539 179.671233
25094.647775 45.358895 179.671233
