97730.858350 58.607264 169.808219
97878.887608 58.486221 169.808219
97578.450187 58.579966 169.808219
97726.561077 58.458849 169.808219
97426.205289 58.552625 169.808219
97574.397812 58.431434 169.808219
97498.377404 58.417711 169.808219
97198.144065 58.511533 169.808219
98024.885636 58.068973 169.808219
97270.561077 58.376477 169.808219
97194.703934 58.362711 169.808219
97570.227782 58.134359 169.808219
95711.753008 58.985008 169.808219
96967.377404 58.321348 169.808219
96221.754963 58.631506 169.808219
96591.776718 58.401484 169.808219
96740.418220 58.279888 169.808219
96440.593044 58.373864 169.808219
95697.966548 58.685074 169.808219
96066.263115 58.454322 169.808219
96214.123656 58.332353 169.808219
96138.715493 58.318494 169.808219
94956.242804 58.848144 169.808219
95988.021616 58.290743 169.808219
95912.735901 58.276852 169.808219
95837.491003 58.262949 169.808219
95538.977401 58.357342 169.808219
95463.814135 58.343444 169.808219
95612.001208 58.221177 169.808219
95986.371296 57.991222 169.808219
95461.878759 58.193273 169.808219
95386.878759 58.179305 169.808219
95311.919575 58.165326 169.808219
94569.905323 58.477569 169.808219
95162.123656 58.137335 169.808219
94420.191037 58.449716 169.808219
95012.491003 58.109300 169.808219
94937.735901 58.095266 169.808219
95312.473337 57.864746 169.808219
94565.038625 58.175812 169.808219
94713.715493 58.053097 169.808219
94863.377404 57.930576 169.808219
94564.572636 58.024929 169.808219
94714.316179 57.902333 169.808219
94639.846792 57.888196 169.808219
94790.616194 57.765757 169.808219
95169.457065 57.535715 169.808219
94641.881500 57.737375 169.808219
94793.717578 57.615059 169.808219
94268.112098 57.817340 169.808219
93969.633861 57.911812 169.808219
94119.703934 57.788919 169.808219
93375.632514 58.101657 169.808219
94196.657010 57.651959 169.808219
93673.144065 57.854985 169.808219
94048.575378 57.623398 169.808219
93749.397812 57.717672 169.808219
93900.657010 57.594791 169.808219
93826.759051 57.580471 169.808219
93527.703934 57.674788 169.808219
93905.227782 57.443384 169.808219
93155.858350 57.755104 169.808219
93757.717578 57.414614 169.808219
93457.881500 57.508701 169.808219
93384.228439 57.494313 169.808219
93310.616194 57.479913 169.808219
93237.044765 57.465503 169.808219
93389.656353 57.342491 169.808219
93090.024357 57.436647 169.808219
93242.717578 57.313562 169.808219
93169.309414 57.299080 169.808219
93095.942067 57.284587 169.808219
93022.615537 57.270083 169.808219
92949.329822 57.255567 169.808219
92876.084924 57.241040 169.808219
92802.880843 57.226501 169.808219
92729.717578 57.211951 169.808219
92656.595129 57.197389 169.808219
92583.513496 57.182816 169.808219
92510.472680 57.168231 169.808219
91986.132506 57.371738 169.808219
91688.919575 57.466658 169.808219
92065.452929 57.233377 169.808219
91543.123656 57.437561 169.808219
91694.540669 57.313440 169.808219
90951.816188 57.628384 169.808219
91774.187622 57.174884 169.808219
91701.473337 57.160232 169.808219
91854.942067 57.036450 169.808219
91556.167214 57.130894 169.808219
91258.377404 57.225646 169.808219
91185.826383 57.210972 169.808219
90889.062432 57.306048 169.808219
90816.593044 57.291377 169.808219
90968.418220 57.166883 169.808219
90226.101902 57.482488 169.808219
90599.429779 57.247293 169.808219
90303.814135 57.342736 169.808219
90679.112098 57.107932 169.808219
90832.085582 56.983499 169.808219
90310.450187 57.188352 169.808219
90687.759051 56.953879 169.808219
90390.459037 57.048794 169.808219
90543.595786 56.924212 169.808219
89798.814135 57.239562 169.808219
89726.834544 57.224775 169.808219
90102.459037 56.989467 169.808219
90030.561077 56.974605 169.808219
89958.703934 56.959732 169.808219
89886.887608 56.944847 169.808219
90040.310071 56.820005 169.808219
89519.123656 57.025286 169.808219
89671.683526 56.900120 169.808219
89825.228439 56.775167 169.808219
89528.418220 56.870242 169.808219
89682.044765 56.745215 169.808219
89161.062432 56.950689 169.808219
89539.024357 56.715215 169.808219
89018.123656 56.920767 169.808219
89396.167214 56.685168 169.808219
89324.799867 56.670126 169.808219
89253.473337 56.655072 169.808219
88956.989649 56.750252 169.808219
88438.181482 56.956579 169.808219
88814.540669 56.720134 169.808219
88968.575378 56.594736 169.808219
88672.254955 56.689968 169.808219
88601.173322 56.674867 169.808219
88755.330480 56.549358 169.808219
88459.132506 56.644628 169.808219
88613.371296 56.519045 169.808219
87869.691686 56.836128 169.808219
88022.123656 56.709957 169.808219
87727.977401 56.805894 169.808219
88329.942724 56.458273 169.808219
88033.989649 56.553620 169.808219
88188.473337 56.427814 169.808219
87892.601894 56.523187 169.808219
87597.715493 56.618881 169.808219
87751.377404 56.492704 169.808219
87680.826383 56.477445 169.808219
86498.489706 57.020045 169.808219
87315.593044 56.557918 169.808219
87245.164473 56.542647 169.808219
87399.030465 56.416283 169.808219
87328.683526 56.400962 169.808219
87258.377404 56.385628 169.808219
87188.112098 56.370282 169.808219
86893.633861 56.466105 169.808219
86823.450187 56.450759 169.808219
86753.307330 56.435401 169.808219
86683.205289 56.420031 169.808219
86613.144065 56.404648 169.808219
86319.814135 56.500846 169.808219
85806.048180 56.709569 169.808219
85296.099947 56.919540 169.808219
85887.632514 56.566621 169.808219
85596.354303 56.663501 169.808219
85970.324339 56.423809 169.808219
85900.548829 56.408364 169.808219
86054.123656 56.281136 169.808219
85761.120258 56.377437 169.808219
85691.467197 56.361954 169.808219
84957.591746 56.683748 169.808219
85999.846792 56.107499 169.808219
85706.062432 56.203534 169.808219
86086.024357 55.965007 169.808219
86469.804004 55.727537 169.808219
86857.401372 55.491124 169.808219
86559.059146 55.585627 169.808219
83598.983784 57.030032 169.808219
83313.942359 57.129026 169.808219
58719.363420 -89.025174 169.808219
58650.159339 -89.024599 169.808219
58587.133544 -88.861400 169.808219
58518.011095 -88.860728 169.808219
58442.791992 -89.022870 169.808219
58368.557931 -89.185219 169.808219
58299.557931 -89.184737 169.808219
86557.387890 55.097212 169.808219
86257.606192 55.191198 169.808219
86188.728641 55.175283 169.808219
86350.755237 55.049398 169.808219
85821.176882 55.253688 169.808219
85982.340885 55.127461 169.808219
85683.707495 55.221814 169.808219
85386.059146 55.316496 169.808219
57685.587910 -89.016477 169.808219
57611.802829 -89.179885 169.808219
57548.445053 -89.015305 169.808219
57474.741604 -89.178908 169.808219
57406.272217 -89.178418 169.808219
57337.843645 -89.177928 169.808219
57295.894227 -88.519615 169.808219
57212.439667 -88.847800 169.808219
57132.802829 -89.176454 169.808219
57069.730767 -89.011184 169.808219
57001.506278 -89.010592 169.808219
56928.129359 -89.174975 169.808219
56859.986502 -89.174481 169.808219
56791.884461 -89.173986 169.808219
56742.235650 -88.677727 169.808219
56651.553810 -89.338379 169.808219
56599.153953 -88.841574 169.808219
56519.884461 -89.172000 169.808219
56451.986502 -89.171502 169.808219
84480.055171 54.773234 169.808219
84182.319739 54.867800 169.808219
56248.537523 -89.170005 169.808219
84739.399530 54.503629 169.808219
84671.705652 54.487296 169.808219
84604.052591 54.470950 169.808219
84536.440346 54.454591 169.808219
84701.620702 54.328178 169.808219
84634.090090 54.311771 169.808219
84566.600294 54.295351 169.808219
84266.399530 54.389022 169.808219
83967.183809 54.483027 169.808219
83668.953130 54.577368 169.808219
83601.626600 54.560960 169.808219
83997.011775 54.323244 169.808219
83697.959319 54.417283 169.808219
83399.891906 54.511657 169.808219
55248.133544 -88.827494 169.808219
55196.118716 -88.491713 169.808219
55121.011160 -88.658419 169.808219
55070.966417 -88.322176 169.808219
55003.966417 -88.321154 169.808219
54957.780212 -87.984411 169.808219
54870.088866 -88.319107 169.808219
54786.215242 88.654326 169.808219
54746.288957 -88.148871 169.808219
54634.170176 89.157831 169.808219
54623.596539 -87.978253 169.808219
54536.109274 -88.313966 169.808219
54460.465655 -88.481557 169.808219
54402.803152 -88.311901 169.808219
54346.125691 -88.142066 169.808219
54290.433274 -87.972056 169.808219
54213.064467 -88.139787 169.808219
54146.595079 -88.138645 169.808219
54091.025110 -87.968320 169.808219
54024.637355 -87.967071 169.808219
53937.517438 -88.304634 169.808219
53881.125691 -88.134064 169.808219
53780.868238 88.811605 169.808219
53708.506278 88.980709 169.808219
53642.322604 88.980080 169.808219
53597.424839 -88.469378 169.808219
53550.207324 -88.128305 169.808219
53495.004702 -87.957028 169.808219
53418.125691 -88.125992 169.808219
53325.235650 88.636013 169.808219
53252.215177 88.805720 169.808219
53186.317218 88.804980 169.808219
53154.452222 -88.121348 169.808219
53078.721519 -88.290969 169.808219
53012.946009 -88.289909 169.808219
52957.125691 -88.117850 169.808219
52864.521364 -88.630081 169.808219
52798.868303 -88.629229 169.808219
52750.252132 -88.285655 169.808219
52667.684630 -88.627523 169.808219
52639.923069 -87.940495 169.808219
52563.574671 -88.110814 169.808219
52488.211315 -88.281380 169.808219
52422.803152 -88.280308 169.808219
52348.465655 -88.451222 169.808219
52302.023651 -88.106095 169.808219
52209.827487 -88.621517 169.808219
52161.578662 88.276006 169.808219
52087.404431 88.447345 169.808219
52031.211315 88.273847 169.808219
51957.118716 88.445399 169.808219
51884.011160 -88.617195 169.808219
51826.996267 88.443448 169.808219
51780.880793 -88.096585 169.808219
51697.037084 88.441492 169.808219
51641.088866 88.267337 169.808219
51576.211315 88.266247 169.808219
51511.374581 88.265156 169.808219
51416.363420 88.958234 169.808219
51372.853410 88.436582 169.808219
51300.113201 88.609346 169.808219
51252.435805 88.260778 169.808219
51187.803152 88.259680 169.808219
51114.241165 88.432630 169.808219
51049.690145 88.431640 169.808219
50985.179941 88.430647 169.808219
50929.680703 88.255274 169.808219
50865.252132 88.254169 169.808219
50791.894227 -88.427663 169.808219
50736.517438 88.251955 169.808219
50682.125691 88.076055 169.808219
50607.946009 88.249735 169.808219
50534.751369 88.423667 169.808219
50462.541772 88.597850 169.808219
50415.394989 88.246394 169.808219
50351.292948 88.245278 169.808219
50287.231723 -88.244161 169.808219
50223.211315 -88.243041 169.808219
50142.235650 -88.593378 169.808219
50086.322798 -88.416625 169.808219
50014.398915 -88.591581 169.808219
49943.460075 -88.766787 169.808219
49894.751369 -88.413587 169.808219
49830.975859 88.412572 169.808219
49767.241165 88.411556 169.808219
49712.517438 88.234037 169.808219
49618.649135 88.939528 169.808219
49576.281982 88.408498 169.808219
49512.710553 88.407477 169.808219
49458.150091 88.229500 169.808219
49370.582524 88.759652 169.808219
49322.241165 88.404404 169.808219
49250.807078 88.580703 169.808219
49214.350181 88.047565 169.808219
49141.109274 88.223796 169.808219
49087.737936 88.045048 169.808219
48997.582589 88.577039 169.808219
48942.404431 88.398223 169.808219
48898.125691 88.041260 169.808219
48835.003242 88.039994 169.808219
48771.921610 88.038726 169.808219
48719.739396 87.859203 169.808219
48645.880793 88.036186 169.808219
48573.007234 88.213436 169.808219
48520.003242 88.033639 169.808219
48447.211315 88.211117 169.808219
48394.288957 88.031086 169.808219
48321.578662 88.208793 169.808219
48249.853410 88.386765 169.808219
48187.139125 88.385715 169.808219
48154.208784 87.846663 169.808219
48080.717528 88.024673 169.808219
48018.125691 88.023386 169.808219
47966.433274 87.842450 169.808219
47874.179941 88.380446 169.808219
47841.453682 87.839632 169.808219
47758.252132 88.198256 169.808219
47716.637355 87.836807 169.808219
47654.290416 87.835392 169.808219
47591.984294 87.833975 169.808219
47541.521817 87.652130 169.808219
47456.635896 88.011722 169.808219
47394.452222 88.010418 169.808219
47354.970796 87.647507 169.808219
47281.065927 87.826861 169.808219
47208.146100 88.006494 169.808219
47146.125691 88.005183 169.808219
47106.807531 87.641315 169.808219
47022.207324 88.002555 169.808219
46960.309365 88.001238 169.808219
46888.537846 88.181617 169.808219
46859.297327 87.635091 169.808219
46785.718988 87.815382 169.808219
46723.984294 87.813939 169.808219
46641.517438 88.176807 169.808219
46579.864376 88.175600 169.808219
46550.827939 87.627264 169.808219
46477.453682 87.808146 169.808219
46378.154017 -88.537398 169.808219
46309.582524 -88.719309 169.808219
46255.215242 -88.535455 169.808219
46256.126015 87.436496 169.808219
46182.011613 87.617803 169.808219
46108.882253 87.799398 169.808219
46036.737936 87.981281 169.808219
45975.493038 87.979936 169.808219
45925.147559 87.794999 169.808219
45888.534178 87.426242 169.808219
45814.664674 87.608266 169.808219
45780.021378 87.238996 169.808219
45718.980561 87.237152 169.808219
45619.739396 87.787626 169.808219
45597.021378 87.233457 169.808219
45509.664674 87.600260 169.808219
45448.787123 87.598652 169.808219
45414.388725 87.227895 169.808219
45368.228314 87.041424 169.808219
45279.146423 87.408969 169.808219
45218.432137 87.407229 169.808219
45171.449949 87.220445 169.808219
45097.126015 87.403742 169.808219
45011.984294 87.772733 169.808219
44989.674439 87.214831 169.808219
44915.472953 87.398493 169.808219
44842.256511 87.582457 169.808219
44781.827939 87.580826 169.808219
44734.187239 87.393224 169.808219
44702.167089 87.019444 169.808219
44627.225459 87.203535 169.808219
44597.175395 86.829245 169.808219
44521.371171 87.013393 169.808219
44461.187498 87.011370 169.808219
44401.044640 87.009345 169.808219
44299.868755 87.567694 169.808219
44177.016482 -88.876103 169.808219
44138.241165 -88.313278 169.808219
44063.153953 -88.687063 169.808219
44086.307092 87.186418 169.808219
43958.424839 -88.309831 169.808219
43940.113653 87.557751 169.808219
43906.735663 87.180665 169.808219
43808.718988 87.742337 169.808219
43787.225459 87.176817 169.808219
43713.840300 87.362955 169.808219
43698.093762 86.796759 169.808219
43622.901783 86.982765 169.808219
43595.434049 86.604123 169.808219
43535.903437 86.601799 169.808219
43459.889681 86.787983 169.808219
43384.860967 86.974491 169.808219
43357.556498 86.594809 169.808219
43251.449949 87.159371 169.808219
43222.338660 86.779159 169.808219
43179.576906 86.587790 169.808219
43073.592806 87.153507 169.808219
43044.603966 86.772510 169.808219
42941.534178 87.339330 169.808219
42926.318252 86.768061 169.808219
42851.656885 86.955709 169.808219
42842.187950 86.383805 169.808219
42733.616069 86.951503 169.808219
42674.656885 86.949396 169.808219
42601.103010 87.137753 169.808219
42606.432848 86.373801 169.808219
42566.008526 86.180857 169.808219
42488.800195 86.368778 169.808219
42396.052946 86.747891 169.808219
42371.330807 86.363741 169.808219
42312.657338 86.361217 169.808219
42254.024685 86.358690 169.808219
42177.964661 86.547464 169.808219
42072.674439 87.119819 169.808219
42060.903437 86.542657 169.808219
42019.902236 86.348546 169.808219
41944.005478 86.537837 169.808219
41940.854961 85.959768 169.808219
41863.151383 86.148882 169.808219
41786.432848 86.338346 169.808219
41746.579955 86.143501 169.808219
41688.355465 86.140805 169.808219
41630.171792 86.138105 169.808219
41572.028934 86.135401 169.808219
41495.514481 86.325515 169.808219
41419.985070 86.515978 169.808219
41397.845261 86.127267 169.808219
41359.222308 85.931411 169.808219
41301.283533 85.928553 169.808219
41205.616521 86.312594 169.808219
41185.528431 85.922826 169.808219
41055.950905 86.695183 169.808219
41050.579955 86.110896 169.808219
41012.201900 85.914205 169.808219
40974.808888 85.717332 169.808219
40896.854961 85.908437 169.808219
40859.543582 85.711285 169.808219
40781.671288 85.902653 169.808219
40704.784036 86.094386 169.808219
40611.413641 86.481422 169.808219
40629.502766 85.699138 169.808219
40572.094602 85.696090 169.808219
40475.069751 86.083301 169.808219
40457.400725 85.689982 169.808219
40421.360103 85.491664 169.808219
40303.212608 86.074946 169.808219
40246.008526 86.072154 169.808219
40249.747858 85.482043 169.808219
40171.380317 85.674637 169.808219
40114.298684 85.671555 169.808219
40100.692278 85.276401 169.808219
40000.257868 85.665377 169.808219
39964.543776 85.465917 169.808219
39929.814727 85.266281 169.808219
39896.070720 85.066474 169.808219
39816.100441 85.259511 169.808219
39695.569247 85.846881 169.808219
39725.682965 85.055879 169.808219
39623.645817 85.446414 169.808219
39612.295210 85.048790 169.808219
39555.662557 85.045238 169.808219
39499.070720 85.041681 169.808219
39397.196837 85.433318 169.808219
39386.009496 85.034552 169.808219
39306.406564 85.228804 169.808219
39273.111537 85.027402 169.808219
39240.801552 84.825832 169.808219
39184.454613 84.822103 169.808219
39104.070720 85.016638 169.808219
39071.883185 84.814629 169.808219
38946.258062 85.406900 169.808219
38959.475022 84.807133 169.808219
38879.254394 85.002215 169.808219
38823.152353 84.998596 169.808219
38816.190896 84.596852 169.808219
38735.148491 84.792076 169.808219
38704.190896 84.589017 169.808219
38623.230124 84.784515 169.808219
38543.254394 84.980422 169.808219
38536.497019 84.577221 169.808219
38506.646916 84.373555 169.808219
38450.871405 84.369462 169.808219
38422.047161 84.165492 169.808219
38339.442834 84.361260 169.808219
38232.801552 84.757879 169.808219
38255.087977 84.152729 169.808219
38172.606099 84.348911 169.808219
38143.985937 84.144190 169.808219
38010.597471 84.742536 169.808219
37931.070720 84.939973 169.808219
37950.728548 84.332361 169.808219
37922.271651 84.127037 169.808219
37866.945120 84.122733 169.808219
37811.659406 84.118423 169.808219
37756.414508 84.114106 169.808219
37729.065102 83.908174 169.808219
37673.901837 83.903699 169.808219
37564.014262 84.303167 169.808219
37563.697756 83.894729 169.808219
37453.891814 84.294770 169.808219
37398.891814 84.290562 169.808219
37292.944409 84.692047 169.808219
37315.924712 84.079345 169.808219
37208.170488 84.480978 169.808219
37262.864005 83.664885 169.808219
37151.414508 84.066204 169.808219
37183.056113 83.452602 169.808219
37128.341827 83.447758 169.808219
37043.925229 83.646114 169.808219
36989.292576 83.641404 169.808219
36964.443868 83.433185 169.808219
36909.892848 83.428312 169.808219
36825.639515 83.627233 169.808219
36800.913256 83.418546 169.808219
36716.741556 83.617750 169.808219
36692.096929 83.408751 169.808219
36608.006862 83.608239 169.808219
36645.762804 82.990345 169.808219
36529.178562 83.394004 169.808219
36388.557365 84.004102 169.808219
36420.770399 83.384136 169.808219
36366.627542 83.379190 169.808219
36282.782372 83.579537 169.808219
36228.721148 83.574728 169.808219
36174.700739 83.569912 169.808219
36181.151631 83.153756 169.808219
36158.844437 82.943068 169.808219
36104.946478 82.937776 169.808219
36019.457754 83.138333 169.808219
35934.954072 83.339363 169.808219
35911.865917 83.128012 169.808219
35827.443868 83.329332 169.808219
35836.068927 82.911196 169.808219
35750.784284 83.112473 169.808219
35666.484684 83.314228 169.808219
35675.232192 82.895152 169.808219
35590.069998 83.096864 169.808219
35536.580203 83.091646 169.808219
35514.762804 82.879036 169.808219
35429.723060 83.081185 169.808219
35376.355713 83.075942 169.808219
35354.660763 82.862847 169.808219
35269.743468 83.065434 169.808219
35216.498570 83.060168 169.808219
35227.501877 82.638466 169.808219
35079.443868 83.258261 169.808219
35121.216163 82.627273 169.808219
35068.134530 82.621664 169.808219
35048.613748 82.407505 169.808219
34929.517906 82.819316 169.808219
34844.927141 83.023081 169.808219
34792.008774 83.017751 169.808219
34739.131223 83.012413 169.808219
34717.926069 82.797352 169.808219
34731.225992 82.372686 169.808219
34612.375049 82.786320 169.808219
34528.029182 82.990978 169.808219
34475.355713 82.985598 169.808219
34486.930448 82.559402 169.808219
34467.858645 82.343428 169.808219
34415.307625 82.337549 169.808219
34329.277387 82.542240 169.808219
34276.807999 82.536502 169.808219
34257.899462 82.319860 169.808219
34205.511707 82.313945 169.808219
34153.164768 82.308022 169.808219
33972.443868 83.148783 169.808219
34015.073306 82.507678 169.808219
33962.848816 82.501887 169.808219
33815.770399 83.132854 169.808219
33763.627542 83.127528 169.808219
33742.212856 82.909417 169.808219
33754.359020 82.478632 169.808219
33702.338612 82.472796 169.808219
33586.151631 82.892878 169.808219
33473.782372 83.314391 169.808219
33482.314896 82.881809 169.808219
33370.027270 83.303958 169.808219
33318.210944 83.298730 169.808219
33326.865917 82.865141 169.808219
33244.443868 83.073810 169.808219
33255.068927 82.639780 169.808219
33171.784284 82.848395 169.808219
33030.942653 83.487586 169.808219
33037.913256 83.052089 169.808219
32956.639515 83.261900 169.808219
32934.892848 83.041177 169.808219
32883.443868 83.035708 169.808219
32832.035705 83.030231 169.808219
32780.668358 83.024745 169.808219
32729.341827 83.019251 169.808219
32708.743468 82.797686 169.808219
32657.498570 82.792008 169.808219
32575.607133 83.002716 169.808219
32494.700739 83.213952 169.808219
32504.008774 82.774918 169.808219
32452.927141 82.769204 169.808219
32433.517906 82.546622 169.808219
32350.886325 82.757748 169.808219
32331.558723 82.534812 169.808219
32313.216163 82.311746 169.808219
32229.762804 82.522965 169.808219
32147.294488 82.734728 169.808219
32036.068086 83.165319 169.808219
32045.743468 82.723163 169.808219
32026.660763 82.499158 169.808219
31855.126327 83.367954 169.808219
31925.354641 82.487198 169.808219
31843.131223 82.699924 169.808219
31732.149719 83.132510 169.808219
31711.382644 82.907526 169.808219
31660.913256 82.901846 169.808219
31641.172039 82.676536 169.808219
31560.096929 82.890459 169.808219
31572.068927 82.445038 169.808219
31521.762804 82.438976 169.808219
31471.497498 82.432905 169.808219
31358.954072 82.867577 169.808219
31308.770399 82.861833 169.808219
31228.884413 83.077127 169.808219
31239.212856 82.629311 169.808219
31128.721148 83.065943 169.808219
31108.443868 82.838766 169.808219
31028.721148 83.054724 169.808219
31008.525501 82.827177 169.808219
30928.884413 83.043468 169.808219
30879.027270 83.037826 169.808219
30858.954072 82.809724 169.808219
30750.636531 83.249357 169.808219
30595.148491 84.137934 169.808219
30570.476611 83.909168 169.808219
30448.590237 84.577221 169.808219
30446.189307 84.123561 169.808219
30396.617879 84.118754 169.808219
30372.109264 83.889234 169.808219
30273.519700 84.334187 169.808219
30200.937176 84.554966 169.808219
30174.662557 84.324883 169.808219
30125.295210 84.320219 169.808219
30052.835135 84.541525 169.808219
30026.682965 84.310870 169.808219
29954.304523 84.532527 169.808219
29952.311756 84.075139 169.808219
29879.070720 84.296787 169.808219
29879.048039 83.838827 169.808219
29714.298684 84.969122 169.808219
29665.257868 84.964954 169.808219
29659.692278 84.505357 169.808219
29588.543776 84.728617 169.808219
29518.380317 84.952411 169.808219
29469.502766 84.948216 169.808219
29441.911123 84.715469 169.808219
29393.115205 84.711072 169.808219
29413.760736 84.020949 169.808219
29340.968679 84.244553 169.808219
29316.372981 84.010990 169.808219
29292.762325 83.777235 169.808219
29195.070720 84.230141 169.808219
29170.597471 83.995989 169.808219
29098.009496 84.220493 169.808219
29049.540108 84.215657 169.808219
28977.977992 84.440900 169.808219
28976.801552 83.975871 169.808219
28904.376843 84.201100 169.808219
28856.070720 84.196232 169.808219
28784.671870 84.422206 169.808219
28714.258062 84.648737 169.808219
28666.074388 84.644228 169.808219
28640.120849 84.408103 169.808219
28569.829490 84.635188 169.808219
28543.957584 84.398661 169.808219
28519.070720 84.161924 169.808219
28425.768266 84.621571 169.808219
28423.152353 84.152047 169.808219
28329.931531 84.612455 169.808219
28282.074388 84.607885 169.808219
28234.258062 84.603307 169.808219
28231.805414 84.132193 169.808219
28138.747858 84.594129 169.808219
28136.376843 84.122216 169.808219
28065.590237 84.350973 169.808219
27954.242717 85.049128 169.808219
27948.217245 84.575679 169.808219
27922.875951 84.336508 169.808219
27898.519700 84.097124 169.808219
27613.125691 -87.393064 169.808219
27546.833002 -87.864730 169.808219
27689.727256 84.787955 169.808219
27584.330807 85.491664 169.808219
27574.814145 85.015097 169.808219
27508.212608 85.247275 169.808219
27521.911123 84.533703 169.808219
27474.747858 84.528999 169.808219
27427.625409 84.524286 169.808219
27319.641179 85.230863 169.808219
27272.600363 85.226742 169.808219
27244.957002 84.984935 169.808219
27197.997819 84.980596 169.808219
27192.625409 84.500604 169.808219
27084.845261 85.210188 169.808219
27057.365166 84.967535 169.808219
27030.870113 84.724640 169.808219
27005.360103 84.481511 169.808219
26747.139125 -87.833029 169.808219
26700.465655 -87.831135 169.808219
26653.833002 -87.829238 169.808219
26840.937176 84.223109 169.808219
26772.196837 84.457457 169.808219
26747.875951 84.213034 169.808219
26679.217245 84.447777 169.808219
26654.977992 84.202924 169.808219
26586.400919 84.438063 169.808219
26518.808888 84.673805 169.808219
26452.201900 84.910145 169.808219
26447.482551 84.423429 169.808219
26401.258062 84.418534 169.808219
26355.074388 84.413630 169.808219
26287.686439 84.650375 169.808219
26262.829490 84.403797 169.808219
26175.222308 84.883214 169.808219
26129.201900 84.878698 169.808219
26124.768266 84.388982 169.808219
26057.584398 84.626737 169.808219
26055.120849 84.136341 169.808219
26009.263706 84.131156 169.808219
25861.943052 85.343637 169.808219
25834.579955 85.095378 169.808219
25770.432848 85.335358 169.808219
25707.270784 85.575932 169.808219
25716.854961 84.837693 169.808219
25691.543582 84.588481 169.808219
25667.217245 84.339029 169.808219
25580.140676 84.823879 169.808219
25554.951745 84.573995 169.808219
25530.747858 84.323870 169.808219
25464.094602 84.564295 169.808219
25418.727256 84.559431 169.808219
25373.400725 84.554559 169.808219
25307.814145 84.796028 169.808219
25077.500891 -88.259523 169.808219
25198.008526 85.033659 169.808219
25002.241165 -87.758651 169.808219
25107.722812 85.024715 169.808219
25010.236619 85.764240 169.808219
24981.719763 85.512017 169.808219
24991.957002 84.763155 169.808219
24946.997819 84.758425 169.808219
24882.722812 85.002215 169.808219
24898.747858 84.252043 169.808219
24832.666031 84.495410 169.808219
24767.569247 84.739420 169.808219
24722.814145 84.734647 169.808219
24527.023651 -87.233793 169.808219
24614.069751 84.974944 169.808219
24569.437098 84.970371 169.808219
24393.125691 -87.226205 169.808219
24499.650880 84.710653 169.808219
24475.441541 84.455260 169.808219
24391.314649 84.951991 169.808219
24346.886077 84.947376 169.808219
24302.498322 84.942752 169.808219
24258.151383 84.938119 169.808219
24195.432848 85.185582 169.808219
24209.237460 84.424762 169.808219
24125.355465 84.924170 169.808219
24081.171792 84.919504 169.808219
24076.686439 84.409388 169.808219
24053.829490 84.151617 169.808219
24031.957584 83.893606 169.808219
23987.937176 83.887984 169.808219
23900.523174 84.388756 169.808219
23900.018808 83.876710 169.808219
23812.686439 84.378384 169.808219
23835.397251 83.611857 169.808219
23768.447380 83.859720 169.808219
23747.805414 83.600037 169.808219
23680.937176 83.848342 169.808219
23615.053980 84.097343 169.808219
23593.590237 83.836921 169.808219
23506.543582 84.341776 169.808219
23506.406564 83.825458 169.808219
23462.875951 83.819711 169.808219
23419.386155 83.813953 169.808219
23375.937176 83.808184 169.808219
23355.662557 83.546307 169.808219
23629.083135 80.739870 169.808219
23655.629351 80.226043 169.808219
23973.510199 77.961345 169.808219
25334.801929 71.891870 169.808219
25499.799747 71.172949 169.808219
26132.230403 69.081617 169.808219
26497.485831 67.934046 169.808219
28019.459299 64.207708 169.808219
29134.512045 61.901890 169.808219
30363.856991 59.686922 169.808219
32649.359875 56.276467 169.808219
33307.529539 55.354461 169.808219
33264.651988 55.328948 169.808219
36750.861067 51.417082 169.808219
38747.593967 49.514733 169.808219
39957.355058 48.439542 169.808219
42363.491694 46.552260 169.808219
44517.560723 45.035322 169.808219
46571.110466 43.717659 169.808219
47393.429925 43.190569 169.808219
48230.897820 42.672627 169.808219
49083.514153 42.163682 169.808219
48815.846792 42.255827 169.808219
49451.844820 41.871448 169.808219
49182.370639 41.962451 169.808219
49595.140779 41.698718 169.808219
50011.728641 41.437182 169.808219
49055.452271 41.880012 169.808219
49697.319739 41.499001 169.808219
48744.901908 41.943843 169.808219
48702.759051 41.916256 169.808219
48435.459037 42.008081 169.808219
47945.834544 42.220952 169.808219
47020.018314 42.681012 169.808219
46978.038722 42.653251 169.808219
47597.530473 42.258861 169.808219
46894.201988 42.597653 169.808219
47071.877461 42.447065 169.808219
47471.959045 42.175449 169.808219
47652.548829 42.026577 169.808219
47834.123656 41.878270 169.808219
48468.023700 41.492470 169.808219
48881.487718 41.228797 169.808219
49068.850352 41.083876 169.808219
49027.278923 41.056012 169.808219
49215.667416 40.911637 169.808219
49636.848510 40.652429 169.808219
49595.399530 40.624544 169.808219
48404.395841 41.178849 169.808219
49049.953130 40.799918 169.808219
49008.626600 40.771930 169.808219
49662.763559 40.398015 169.808219
49388.766877 40.484773 169.808219
50284.235290 40.001074 169.808219
50243.072024 39.973102 169.808219
49265.277081 40.400630 169.808219
48992.387890 40.487746 169.808219
48720.483743 40.575347 169.808219
48220.589758 40.780259 169.808219
48179.630575 40.752023 169.808219
47910.681555 40.841103 169.808219
47642.717578 40.930685 169.808219
47375.738643 41.020771 169.808219
47334.942724 40.992386 169.808219
47068.989649 41.082939 169.808219
46804.021616 41.174005 169.808219
46987.601894 41.026015 169.808219
46499.405972 41.237055 169.808219
46906.377404 40.968993 169.808219
47317.166557 40.703258 169.808219
46825.316179 40.911871 169.808219
47010.044765 40.764431 169.808219
46520.164473 40.974049 169.808219
47155.370639 40.588958 169.808219
46888.881500 40.678542 169.808219
46399.123656 40.887981 169.808219
46358.858350 40.859242 169.808219
45872.959045 41.070836 169.808219
45611.354303 41.163050 169.808219
44912.613598 41.500787 169.808219
19718.322798 -87.475975 169.808219
19151.433274 -86.584270 169.808219
19074.215242 -87.718991 169.808219
19021.587910 -88.287075 169.808219
19012.435805 -87.143681 169.808219
18949.031504 -87.997656 169.808219
18903.608318 -88.281737 169.808219
18915.351641 -86.562995 169.808219
18838.378507 -87.704750 169.808219
18836.984294 -86.555844 169.808219
18760.092793 -87.699963 169.808219
18721.011160 -87.697562 169.808219
198380.038971 17.856095 169.808219
18642.970344 -87.692746 169.808219
199469.143500 17.767150 169.808219
18558.011095 -87.976663 169.808219
18512.996073 -88.263699 169.808219
201110.188114 17.634642 169.808219
201071.392195 17.617246 169.808219
201620.417968 17.573337 169.808219
200993.922808 17.582444 169.808219
199782.520268 17.618200 169.808219
202682.791988 17.468535 169.808219
18225.000000 90.000000 169.808219
18188.337432 89.416170 169.808219
18155.492586 88.831223 169.808219
18111.357840 89.414930 169.808219
18075.289835 89.121501 169.808219
18034.541514 89.413685 169.808219
17996.194575 89.413061 169.808219
17972.996073 88.237800 169.808219
17934.730767 88.235921 169.808219
17883.759222 89.116809 169.808219
17843.214983 89.410550 169.808219
17810.737484 88.819964 169.808219
17766.970085 89.409287 169.808219
17727.492521 89.704319 169.808219
17690.888453 89.408018 169.808219
17652.908861 -89.407381 169.808219
17617.330651 89.110155 169.808219
17577.072126 89.406104 169.808219
17554.322604 88.216903 169.808219
18077.848816 79.696527 169.808219
18108.057599 79.109960 169.808219
18035.858645 79.386309 169.808219
18259.243341 77.370228 169.808219
18262.664124 77.072717 169.808219
17992.772208 78.775638 169.808219
17991.553493 78.475870 169.808219
17882.261681 79.040577 169.808219
17953.830023 78.163574 169.808219
17954.622209 77.863486 169.808219
18122.583267 76.421035 169.808219
18129.122443 76.122547 169.808219
18136.646662 75.824176 169.808219
18054.510199 76.093327 169.808219
18062.116050 75.794345 169.808219
18024.911968 75.779384 169.808219
17942.897954 76.049268 169.808219
17996.421230 75.464936 169.808219
17913.544621 75.734315 169.808219
17744.784236 76.578472 169.808219
17665.766165 76.852285 169.808219
17628.806981 76.838263 169.808219
17633.906685 76.535551 169.808219
17639.991430 76.232934 169.808219
17477.100484 77.085938 169.808219
17523.396481 76.492359 169.808219
17444.623308 76.767708 169.808219
17287.520168 77.627899 169.808219
17175.308595 78.201365 169.808219
17066.914742 78.778526 169.808219
16898.131223 79.954593 169.808219
16351.697998 89.076357 169.808219
16794.382644 80.231686 169.808219
16618.639876 81.725872 169.808219
204811.364596 16.354062 169.808219
190724.889426 16.945264 169.808219
201766.677608 16.442482 169.808219
195857.283869 16.676537 169.808219
196404.078307 16.633352 169.808219
195202.678557 16.666613 169.808219
16209.171792 83.803561 169.808219
16173.028934 83.796614 169.808219
16220.018808 82.560353 169.808219
16231.168899 81.939208 169.808219
16246.136711 81.318561 169.808219
16210.157120 81.308858 169.808219
16174.218344 81.299132 169.808219
16221.884413 80.372750 169.808219
16157.228368 80.667336 169.808219
16242.273008 79.437569 169.808219
16239.073306 79.122095 169.808219
16306.731392 78.201702 169.808219
16235.629028 78.491007 169.808219
16347.275270 77.271268 169.808219
16311.663025 77.257148 169.808219
16396.480451 76.343385 169.808219
16319.875994 76.627714 169.808219
16367.478113 76.014153 169.808219
16374.991430 75.700164 169.808219
16296.620970 75.983161 169.808219
16348.122443 75.370177 169.808219
16403.441638 74.759192 169.808219
16368.155924 74.742374 169.808219
16379.650228 74.428780 169.808219
16392.129575 74.115415 169.808219
16609.546846 72.628843 169.808219
16737.303434 71.738653 169.808219
16702.221802 71.718807 169.808219
16667.180986 71.698919 169.808219
16862.572204 70.527709 169.808219
16827.613020 70.506676 169.808219
16913.555620 69.914944 169.808219
16817.775472 70.178379 169.808219
17096.893984 68.740775 169.808219
17261.801929 67.880401 169.808219
17227.046827 67.856919 169.808219
17330.189582 67.279486 169.808219
17437.150058 66.705542 169.808219
17474.750717 66.407521 169.808219
17367.925568 66.656420 169.808219
17627.973155 65.542952 169.808219
17518.396960 65.788101 169.808219
17711.958224 64.953482 169.808219
17755.428323 64.659811 169.808219
17879.670587 64.101421 169.808219
18007.730573 63.546958 169.808219
18224.116534 62.736650 169.808219
18021.778946 63.230083 169.808219
18241.079219 62.422019 169.808219
18468.918345 61.623798 169.808219
18524.004874 61.340717 169.808219
18671.194283 60.806353 169.808219
18637.133059 60.777108 169.808219
18788.181007 60.246631 169.808219
18661.195124 60.467093 169.808219
19004.946870 59.443906 169.808219
19165.559530 58.924080 169.808219
19430.550012 58.168071 169.808219
19600.686568 57.659420 169.808219
19464.462503 57.866444 169.808219
19636.569144 57.359564 169.808219
19707.212273 57.091968 169.808219
19885.065904 56.591661 169.808219
19958.623345 56.327140 169.808219
20033.165828 56.063599 169.808219
20898.538658 54.224180 169.808219
20865.048862 54.191053 169.808219
21065.768006 53.718113 169.808219
21032.359843 53.684714 169.808219
20764.824372 54.091352 169.808219
21084.166366 53.399482 169.808219
20932.380251 53.584200 169.808219
21137.080382 53.114957 169.808219
21345.598234 52.650279 169.808219
21557.933808 52.190158 169.808219
21524.811359 52.155956 169.808219
21867.059683 51.491280 169.808219
21961.017304 51.249010 169.808219
21549.854669 51.841555 169.808219
22151.887676 50.767591 169.808219
22379.575768 50.325301 169.808219
22879.241853 49.489423 169.808219
22981.901593 49.256912 169.808219
23085.546376 49.025442 169.808219
23052.791274 48.990092 169.808219
23020.076988 48.954693 169.808219
23402.390980 48.337285 169.808219
23651.137765 47.919419 169.808219
23903.702273 47.505959 169.808219
23871.151252 47.470172 169.808219
24127.574298 47.061003 169.808219
24387.815064 46.656192 169.808219
24355.386493 46.620194 169.808219
24769.145667 46.039036 169.808219
25191.443694 45.467605 169.808219
25006.645023 45.608772 169.808219
25126.872265 45.395178 169.808219
25248.084550 45.182608 169.808219
