97955.112098 58.499891 362.136986
97878.887608 58.486221 362.136986
97802.703934 58.472540 362.136986
97726.561077 58.458849 362.136986
96980.530473 58.768322 362.136986
97574.397812 58.431434 362.136986
97498.377404 58.417711 362.136986
97422.397812 58.403977 362.136986
97346.459037 58.390232 362.136986
97270.561077 58.376477 362.136986
96970.450187 58.470346 362.136986
97570.227782 58.134359 362.136986
97268.310071 58.227708 362.136986
96743.123656 58.429061 362.136986
96891.683526 58.307539 362.136986
96591.776718 58.401484 362.136986
96516.164473 58.387680 362.136986
96664.846792 58.266046 362.136986
96814.514153 58.144601 362.136986
96289.572636 58.346201 362.136986
95990.814135 58.440500 362.136986
96138.715493 58.318494 362.136986
96287.601894 58.196676 362.136986
96212.275363 58.182769 362.136986
96362.187622 58.061103 362.136986
95614.181482 58.371229 362.136986
96437.880843 57.925636 362.136986
96362.717578 57.911635 362.136986
96287.595129 57.897622 362.136986
95536.919575 58.207231 362.136986
95461.878759 58.193273 362.136986
95836.330480 57.963194 362.136986
96214.599922 57.734016 362.136986
95912.595129 57.827395 362.136986
95611.575378 57.921068 362.136986
95536.738643 57.907004 362.136986
95461.942724 57.892929 362.136986
95161.989649 57.986927 362.136986
95087.275363 57.972856 362.136986
95237.799867 57.850638 362.136986
94937.969241 57.944680 362.136986
95088.575378 57.822389 362.136986
94564.572636 58.024929 362.136986
94939.514153 57.794095 362.136986
94415.593044 57.996717 362.136986
94565.418220 57.874047 362.136986
94491.030465 57.859887 362.136986
94641.881500 57.737375 362.136986
94567.575378 57.723167 362.136986
94493.310071 57.708948 362.136986
93969.633861 57.911812 362.136986
94344.901908 57.680476 362.136986
94045.561077 57.774692 362.136986
94649.885636 57.435748 362.136986
93673.144065 57.854985 362.136986
94501.804004 57.407086 362.136986
94200.737986 57.500789 362.136986
93900.657010 57.594791 362.136986
94279.987677 57.364008 362.136986
94206.130534 57.349626 362.136986
93905.227782 57.443384 362.136986
93605.310071 57.537443 362.136986
93757.717578 57.414614 362.136986
93684.023700 57.400212 362.136986
93610.370639 57.385799 362.136986
93310.616194 57.479913 362.136986
93011.846792 57.574330 362.136986
93163.514153 57.451081 362.136986
93316.166557 57.328032 362.136986
93242.717578 57.313562 362.136986
92943.167214 57.407746 362.136986
92869.799867 57.393278 362.136986
92571.275363 57.487780 362.136986
92723.187622 57.364309 362.136986
92649.942724 57.349807 362.136986
92351.540669 57.444350 362.136986
91830.814135 57.648815 362.136986
92205.254955 57.415340 362.136986
91907.919575 57.510218 362.136986
92284.330480 57.277124 362.136986
92211.330480 57.262553 362.136986
92138.371296 57.247971 362.136986
92065.452929 57.233377 362.136986
91992.575378 57.218771 362.136986
91919.738643 57.204154 362.136986
91846.942724 57.189525 362.136986
91774.187622 57.174884 362.136986
91701.473337 57.160232 362.136986
91179.348146 57.364614 362.136986
89999.610151 57.902455 362.136986
91258.377404 57.225646 362.136986
91411.024357 57.101508 362.136986
91338.514153 57.086798 362.136986
91266.044765 57.072076 362.136986
90968.418220 57.166883 362.136986
91121.228439 57.042597 362.136986
91048.881500 57.027840 362.136986
90751.377404 57.122688 362.136986
90904.310071 56.998291 362.136986
91058.227782 56.874104 362.136986
90986.044108 56.859275 362.136986
90687.759051 56.953879 362.136986
90390.459037 57.048794 362.136986
90543.595786 56.924212 362.136986
90471.575378 56.909361 362.136986
89950.144065 57.114409 362.136986
90102.459037 56.989467 362.136986
89582.997809 57.195167 362.136986
63233.322604 -89.060616 362.136986
63167.643749 -88.903464 362.136986
63084.537523 -89.216268 362.136986
63012.802829 -89.215822 362.136986
62941.108951 -89.215375 362.136986
62869.455890 -89.214928 362.136986
91356.440346 55.997604 362.136986
91284.868918 55.982454 362.136986
62654.741604 -89.213584 362.136986
62583.251808 -89.213135 362.136986
62516.996073 -89.055249 362.136986
62440.394666 -89.212235 362.136986
62374.220563 -89.054168 362.136986
62316.113201 -88.738258 362.136986
90322.340885 56.092950 362.136986
90251.095988 56.077751 362.136986
62119.374581 -88.420254 362.136986
62024.133544 -88.893401 362.136986
87780.905323 57.134156 362.136986
87709.823691 57.119158 362.136986
61799.557931 -89.208161 362.136986
61739.888647 -88.890856 362.136986
89753.524559 55.971022 362.136986
90378.028865 55.630201 362.136986
89842.591972 55.831608 362.136986
90236.314579 55.599436 362.136986
90165.518661 55.584035 362.136986
90094.763559 55.568623 362.136986
89791.297489 55.661541 362.136986
89953.375804 55.537761 362.136986
89649.991367 55.630700 362.136986
88886.809535 55.942184 362.136986
89046.177620 55.817523 362.136986
60884.934849 -89.042669 362.136986
60814.465461 -89.042114 362.136986
60738.843645 -89.201276 362.136986
60668.455890 -89.200813 362.136986
60616.521364 -88.720689 362.136986
60527.802829 -89.199885 362.136986
60462.730767 -89.039332 362.136986
60398.643749 -88.878607 362.136986
60322.322604 -89.038214 362.136986
60258.317218 -88.877302 362.136986
60188.215177 -88.876648 362.136986
87972.829944 55.741272 362.136986
88132.728641 55.616148 362.136986
59972.016482 -89.035409 362.136986
88455.481163 55.366584 362.136986
88153.775646 55.460016 362.136986
88548.477845 55.226463 362.136986
88245.909734 55.319606 362.136986
59613.288504 -89.355024 362.136986
87874.591972 55.397394 362.136986
88036.705652 55.272516 362.136986
87274.462597 55.585303 362.136986
87897.440346 55.241061 362.136986
88060.620702 55.116344 362.136986
87758.338305 55.209556 362.136986
87226.177620 55.412683 362.136986
87156.728641 55.396945 362.136986
59036.717528 -88.217427 362.136986
58978.208784 -88.054350 362.136986
58908.882253 -88.053206 362.136986
58828.737936 -88.214278 362.136986
58770.351641 -88.050912 362.136986
58680.374581 -88.374610 362.136986
58568.249018 89.511976 362.136986
58562.861845 -88.047460 362.136986
58437.598747 89.185701 362.136986
58358.643555 89.674069 362.136986
58295.308912 89.347774 362.136986
58217.861845 -88.041681 362.136986
58148.984294 -88.040521 362.136986
58019.717076 89.346227 362.136986
57947.616365 89.509370 362.136986
57882.166055 89.345450 362.136986
57863.023651 -88.199433 362.136986
57784.435805 -88.362055 362.136986
57725.717528 -88.197292 362.136986
57647.211315 -88.360106 362.136986
57599.433274 -88.031192 362.136986
57530.923069 -88.030020 362.136986
57402.023198 89.342718 362.136986
57325.637355 -88.026494 362.136986
57246.431814 -88.189759 362.136986
57178.125691 -88.188678 362.136986
57109.860385 -88.187595 362.136986
57052.494498 -88.021774 362.136986
56954.567696 -88.515184 362.136986
56895.394989 -88.349304 362.136986
56837.207324 -88.183252 362.136986
56780.004702 -88.017031 362.136986
56691.211315 -88.346333 362.136986
56644.004702 -88.014651 362.136986
56546.322798 -88.509833 362.136986
56508.167967 -88.012265 362.136986
56410.567696 -88.508040 362.136986
56342.751369 -88.507143 362.136986
56259.868238 88.838086 362.136986
56176.553810 89.335587 362.136986
56131.521364 88.670552 362.136986
56056.786606 88.835983 362.136986
55973.594627 89.334384 362.136986
55915.465461 89.001029 362.136986
55842.741604 89.166995 362.136986
55780.445053 88.999820 362.136986
55712.996073 88.999215 362.136986
55651.725381 88.831753 362.136986
55573.027319 89.164976 362.136986
55505.700788 89.164470 362.136986
55443.608318 88.996786 362.136986
55376.363420 88.996177 362.136986
55315.296810 88.828206 362.136986
55241.996073 88.994957 362.136986
55169.680380 89.161929 362.136986
55102.598747 89.161419 362.136986
54964.308912 89.328300 362.136986
54957.780212 -87.984411 362.136986
54861.118716 -88.487114 362.136986
54772.996073 88.990663 362.136986
54736.374581 -88.317054 362.136986
54652.582589 -88.652681 362.136986
54593.853410 -88.483414 362.136986
54556.882253 -87.977016 362.136986
54445.358034 -88.818880 362.136986
54393.833002 -88.480628 362.136986
54312.133544 88.817432 362.136986
54260.690145 -88.478764 362.136986
54172.934849 88.985088 362.136986
54101.272217 89.153693 362.136986
54040.036890 88.983841 362.136986
53994.894227 -88.475024 362.136986
53847.133544 88.812336 362.136986
53825.718988 -87.963317 362.136986
53708.506278 88.980709 362.136986
53642.322604 88.980080 362.136986
53582.317218 -88.809405 362.136986
53516.215177 88.808669 362.136986
53450.153953 88.807933 362.136986
53372.802829 89.147937 362.136986
53312.016482 88.976925 362.136986
53246.077706 88.976292 362.136986
53174.986502 89.146354 362.136986
53114.322604 88.975023 362.136986
53069.751369 -88.461786 362.136986
52982.730767 88.973750 362.136986
52967.984294 -87.946886 362.136986
52872.547288 -88.458919 362.136986
52791.786606 88.800522 362.136986
52720.036890 88.971197 362.136986
52660.602932 88.799029 362.136986
52602.154017 88.626668 362.136986
52544.690145 88.454118 362.136986
52471.215242 88.624955 362.136986
52413.833002 88.452189 362.136986
52340.439732 88.623238 362.136986
52275.113201 88.622378 362.136986
52202.745789 88.793773 362.136986
52137.500891 88.793018 362.136986
52079.378507 88.619791 362.136986
52014.215242 88.618927 362.136986
51949.092793 88.618061 362.136986
51892.037084 88.444424 362.136986
51818.970344 88.616327 362.136986
51753.970344 88.615458 362.136986
51697.037084 88.441492 362.136986
51624.092793 88.613717 362.136986
51559.215242 88.612845 362.136986
51502.404431 88.438550 362.136986
51446.578662 88.264063 362.136986
51372.853410 88.436582 362.136986
51293.031504 -88.783122 362.136986
51235.439732 -88.608468 362.136986
51187.803152 88.259680 362.136986
51133.125691 88.084562 362.136986
51068.574671 88.083351 362.136986
50994.150091 88.256377 362.136986
50939.595079 88.080926 362.136986
50865.252132 88.254169 362.136986
50810.778753 88.078494 362.136986
50746.431814 88.077275 362.136986
50682.125691 88.076055 362.136986
50607.946009 88.249735 362.136986
50553.635896 88.073611 362.136986
50479.537846 88.247509 362.136986
50425.309365 88.071160 362.136986
50361.207324 88.069933 362.136986
50297.146100 88.068704 362.136986
50233.125691 88.067473 362.136986
50169.146100 88.066240 362.136986
50095.292948 88.240799 362.136986
50052.167967 87.887903 362.136986
49988.310825 87.886554 362.136986
49924.494498 87.885203 362.136986
49839.946009 88.236297 362.136986
49796.984294 87.882496 362.136986
49733.290416 87.881140 362.136986
49681.440184 87.703279 362.136986
49576.281982 88.408498 362.136986
49542.453682 87.877061 362.136986
49503.472953 87.522057 362.136986
49404.574671 88.051329 362.136986
49363.787123 87.695897 362.136986
49288.576131 87.871598 362.136986
49214.350181 88.047565 362.136986
49186.432137 87.514079 362.136986
49098.596539 87.867482 362.136986
49047.154470 87.688468 362.136986
48996.697443 87.509267 362.136986
48908.984294 87.863351 362.136986
48857.664674 87.683987 362.136986
48821.021378 87.326433 362.136986
48719.739396 87.859203 362.136986
48656.739396 87.857817 362.136986
48605.583041 87.677986 362.136986
48542.664674 87.676481 362.136986
48492.534178 87.496345 362.136986
48443.388725 87.316025 362.136986
48380.592806 87.314282 362.136986
48291.399368 87.670441 362.136986
48228.685082 87.668926 362.136986
48154.208784 87.846663 362.136986
48129.817296 87.307289 362.136986
48053.534178 87.484927 362.136986
48019.309947 87.124323 362.136986
47942.164235 87.302021 362.136986
47866.003566 87.480002 362.136986
47831.901783 87.118691 362.136986
47785.093762 86.936942 362.136986
47692.531582 87.294964 362.136986
47660.440701 86.932935 362.136986
47598.175395 86.930927 362.136986
47552.474865 86.748642 362.136986
47473.767232 86.926905 362.136986
47411.624375 86.924890 362.136986
47349.522334 86.922872 362.136986
47321.453256 86.559423 362.136986
47225.440701 86.918828 362.136986
47147.881375 87.097847 362.136986
47118.046294 86.733672 362.136986
47073.616521 86.550367 362.136986
47011.759379 86.548095 362.136986
46885.735663 87.271772 362.136986
46906.579955 86.362101 362.136986
46864.201900 86.178213 362.136986
46783.151383 86.357299 362.136986
46740.854961 86.173166 362.136986
46659.886077 86.352484 362.136986
46637.972154 85.986218 362.136986
46536.784036 86.347656 362.136986
46494.650880 86.163032 362.136986
46433.201900 86.160490 362.136986
46371.793737 86.157945 362.136986
46291.069751 86.337962 362.136986
46249.099859 86.152845 362.136986
46208.115011 85.967561 362.136986
46146.870113 85.964881 362.136986
46085.666031 85.962198 362.136986
46045.747858 85.776504 362.136986
45963.380317 85.956822 362.136986
45923.543776 85.770878 362.136986
45841.257868 85.951431 362.136986
45780.257868 85.948730 362.136986
45740.543776 85.762411 362.136986
45638.079451 86.127138 362.136986
45577.201900 86.124548 362.136986
45536.666031 85.937890 362.136986
45497.115205 85.751069 362.136986
45415.115011 85.932449 362.136986
45334.099859 86.114155 362.136986
45273.426390 86.111548 362.136986
45212.793737 86.108938 362.136986
45152.201900 86.106324 362.136986
45133.196837 85.733941 362.136986
45031.140676 86.101085 362.136986
44990.972154 85.913288 362.136986
44930.543582 85.910537 362.136986
44830.498322 86.278704 362.136986
44809.808888 85.905022 362.136986
44770.747858 85.716676 362.136986
44689.237460 85.899492 362.136986
44672.447380 85.525148 362.136986
44612.263706 85.522125 362.136986
44552.120849 85.519097 362.136986
44469.829490 85.702181 362.136986
44455.091128 85.326884 362.136986
44308.201900 86.069357 362.136986
44311.957584 85.506946 362.136986
44208.584398 85.877223 362.136986
44215.254394 85.314199 362.136986
44110.074388 85.684657 362.136986
44072.447380 85.494728 362.136986
44012.671870 85.491664 362.136986
43952.937176 85.488595 362.136986
43893.243298 85.485522 362.136986
43833.590237 85.482445 362.136986
43821.189307 85.104405 362.136986
43737.540108 85.288621 362.136986
43632.686633 85.661069 362.136986
43642.597471 85.094374 362.136986
43559.070720 85.278957 362.136986
43433.094602 85.840515 362.136986
43440.295210 85.272493 362.136986
43357.835135 85.457676 362.136986
43321.682965 85.266011 362.136986
43311.537835 84.885720 362.136986
43252.333753 84.882212 362.136986
43144.070720 85.256254 362.136986
43109.026042 85.064033 362.136986
43100.932630 84.682788 362.136986
42990.903593 85.057240 362.136986
42956.925590 84.864597 362.136986
42897.966406 84.861060 362.136986
42839.048039 84.857518 362.136986
42755.148491 85.043597 362.136986
42721.333753 84.850419 362.136986
42637.515838 85.036747 362.136986
42578.760736 85.033316 362.136986
42571.034671 84.649702 362.136986
42512.361201 84.646001 362.136986
42453.728548 84.642294 362.136986
42422.047161 84.448279 362.136986
42336.585691 84.634865 362.136986
42278.075487 84.631143 362.136986
42219.606099 84.627416 362.136986
42161.177528 84.623683 362.136986
42102.789773 84.619946 362.136986
42099.207960 84.234151 362.136986
42040.901837 84.230141 362.136986
41982.636531 84.226125 362.136986
41924.412041 84.222103 362.136986
41866.228368 84.218076 362.136986
41780.230835 84.405664 362.136986
41722.128794 84.401758 362.136986
41720.721148 84.014206 362.136986
41633.901837 84.201911 362.136986
41575.922245 84.197856 362.136986
41490.128794 84.386078 362.136986
41460.085511 84.189728 362.136986
41402.228368 84.185656 362.136986
41316.557365 84.374260 362.136986
41315.435433 83.984811 362.136986
41257.700739 83.980588 362.136986
41200.006862 83.976359 362.136986
41142.353801 83.972125 362.136986
41028.087977 84.354453 362.136986
41027.170127 83.963638 362.136986
40999.382644 83.766037 362.136986
40941.892848 83.761644 362.136986
40884.443868 83.757246 362.136986
40797.292576 83.946592 362.136986
40800.355713 83.554687 362.136986
40774.660763 83.356407 362.136986
40717.375049 83.351714 362.136986
40628.498570 83.541012 362.136986
40602.926069 83.342308 362.136986
40545.762804 83.337595 362.136986
40488.640355 83.332876 362.136986
40431.558723 83.328150 362.136986
40342.886325 83.518091 362.136986
40317.517906 83.318678 362.136986
40260.558723 83.313932 362.136986
40172.008774 83.504261 362.136986
40146.762804 83.304419 362.136986
40027.607133 83.690514 362.136986
40033.130151 83.294880 362.136986
39976.375049 83.290100 362.136986
39919.660763 83.285313 362.136986
39862.987294 83.280520 362.136986
39838.930448 83.079837 362.136986
39749.762804 83.270912 362.136986
39661.580203 83.462414 362.136986
39669.277387 83.064983 362.136986
39612.807999 83.060017 362.136986
39461.484684 83.645232 362.136986
39499.991673 83.050065 362.136986
39443.644734 83.045078 362.136986
39387.338612 83.040084 362.136986
39298.497498 83.232208 362.136986
39274.848816 83.030075 362.136986
39218.665142 83.025059 362.136986
39196.042319 82.822660 362.136986
39073.844437 83.212689 362.136986
39083.879054 82.812315 362.136986
38961.762804 83.202888 362.136986
38813.721148 83.793247 362.136986
38882.420244 82.994815 362.136986
38860.042319 82.791534 362.136986
38804.185176 82.786320 362.136986
38748.368850 82.781099 362.136986
38659.073306 82.974507 362.136986
38636.858645 82.770633 362.136986
38547.644734 82.964308 362.136986
38525.511707 82.760138 362.136986
38469.899462 82.754879 362.136986
38414.328033 82.749612 362.136986
38325.277387 82.943823 362.136986
38303.307625 82.739056 362.136986
38282.322906 82.534173 362.136986
38262.323229 82.329180 362.136986
38070.987294 83.123449 362.136986
38081.756605 82.717851 362.136986
38026.470890 82.712530 362.136986
38041.098739 82.306773 362.136986
37950.486171 82.501417 362.136986
37827.338612 82.897296 362.136986
37840.200457 82.490434 362.136986
37750.654564 82.685812 362.136986
37695.613748 82.680444 362.136986
37542.886325 83.279648 362.136986
37620.118824 82.468373 362.136986
37600.608943 82.261567 362.136986
37475.858645 82.658897 362.136986
37490.894657 82.250183 362.136986
37400.690253 82.446183 362.136986
37381.343637 82.238766 362.136986
37326.629351 82.233044 362.136986
37271.955882 82.227315 362.136986
37181.914742 82.423863 362.136986
37199.084105 82.013593 362.136986
37144.533084 82.007693 362.136986
37090.022880 82.001783 362.136986
37035.553493 81.995865 362.136986
36944.772208 82.192759 362.136986
36890.384453 82.186970 362.136986
36872.390227 81.978059 362.136986
36746.322906 82.378826 362.136986
36727.466086 82.169552 362.136986
36746.891248 81.756823 362.136986
36692.707574 81.750696 362.136986
36564.915066 82.152057 362.136986
36547.165737 81.942209 362.136986
36530.401452 81.732263 362.136986
36476.381044 81.726100 362.136986
36422.401452 81.719928 362.136986
36368.462676 81.713747 362.136986
36314.564717 81.707557 362.136986
36260.707574 81.701358 362.136986
36206.891248 81.695149 362.136986
36153.115738 81.688931 362.136986
36062.084105 81.887834 362.136986
36045.687166 81.676468 362.136986
35992.034105 81.670222 362.136986
35938.421860 81.663967 362.136986
35811.200780 82.069374 362.136986
35831.319819 81.651429 362.136986
35704.180372 82.057420 362.136986
35724.381044 81.638854 362.136986
35670.972881 81.632552 362.136986
35617.605534 81.626240 362.136986
35564.279003 81.619920 362.136986
35473.696350 81.820377 362.136986
35457.748391 81.607250 362.136986
35330.894657 82.015300 362.136986
35389.622209 81.387519 362.136986
35298.258595 81.588173 362.136986
35245.176962 81.581795 362.136986
35230.377311 81.367928 362.136986
35177.377311 81.361378 362.136986
35012.527310 81.978842 362.136986
35033.258595 81.556187 362.136986
34906.731392 81.966615 362.136986
34927.544309 81.543325 362.136986
34874.748391 81.536879 362.136986
34821.993289 81.530424 362.136986
34695.629351 81.942051 362.136986
34716.605534 81.517484 362.136986
34663.972881 81.510999 362.136986
34611.381044 81.504504 362.136986
34449.771885 82.127337 362.136986
34506.319819 81.491485 362.136986
34453.850432 81.484961 362.136986
34439.663025 81.268631 362.136986
34311.737166 81.682065 362.136986
34187.629028 82.097020 362.136986
34207.084105 81.669260 362.136986
34154.818799 81.662843 362.136986
34139.891248 81.445605 362.136986
34087.707574 81.439011 362.136986
34035.564717 81.432406 362.136986
33946.165737 81.637077 362.136986
33857.751800 81.842285 362.136986
33805.731392 81.835968 362.136986
33827.401452 81.405886 362.136986
33738.165737 81.611152 362.136986
33686.267778 81.604646 362.136986
33598.057923 81.810603 362.136986
33582.594309 81.591604 362.136986
33459.057599 82.010883 362.136986
33516.381044 81.365800 362.136986
33464.687166 81.359083 362.136986
33375.737166 81.565398 362.136986
33217.899462 82.199823 362.136986
33166.328033 82.193723 362.136986
33149.261681 81.973394 362.136986
33097.771885 81.967112 362.136986
33118.084105 81.532411 362.136986
33030.323229 81.740034 362.136986
32943.547395 81.948206 362.136986
32857.756605 82.156925 362.136986
32840.935151 81.935554 362.136986
32755.225992 82.144582 362.136986
32738.486171 81.922861 362.136986
32759.084105 81.485798 362.136986
32671.608943 81.694495 362.136986
32656.880023 81.472386 362.136986
32569.486494 81.681392 362.136986
32518.486494 81.674825 362.136986
32503.880023 81.452189 362.136986
32346.736197 82.094821 362.136986
32365.731392 81.655062 362.136986
32245.021911 82.082283 362.136986
32160.705959 82.293428 362.136986
32109.950857 82.287303 362.136986
32026.660763 82.499158 362.136986
32111.955882 81.621917 362.136986
31957.930448 82.268868 362.136986
31975.322906 81.826389 362.136986
31924.771885 81.819876 362.136986
31909.670168 81.595212 362.136986
31755.807999 82.244152 362.136986
31773.363722 81.800275 362.136986
31688.511707 82.012611 362.136986
31672.629028 81.787156 362.136986
31587.858645 81.999812 362.136986
31471.497498 82.432905 362.136986
31453.848816 82.206783 362.136986
31403.665142 82.200520 362.136986
31320.946478 82.414634 362.136986
31239.212856 82.629311 362.136986
31220.783212 82.402404 362.136986
31170.762804 82.396275 362.136986
31153.359020 82.169054 362.136986
31103.420244 82.162730 362.136986
31053.522285 82.156396 362.136986
30939.457754 82.593492 362.136986
30921.273008 82.365479 362.136986
30779.435433 83.026516 362.136986
30854.338612 82.130960 362.136986
30740.437345 82.569421 362.136986
30722.415865 82.340663 362.136986
30580.741556 83.003785 362.136986
30591.600611 82.551264 362.136986
30542.069998 82.545193 362.136986
30461.892848 82.762765 362.136986
30412.443868 82.756852 362.136986
30304.493674 83.199614 362.136986
30313.668358 82.744997 362.136986
30205.799796 83.188461 362.136986
30185.312984 82.957878 362.136986
30107.269184 83.177271 362.136986
30116.607133 82.721172 362.136986
30037.700739 82.940508 362.136986
29931.924712 83.386350 362.136986
29939.496658 82.928881 362.136986
29833.802263 83.375434 362.136986
29784.802263 83.369963 362.136986
29682.966406 83.818432 362.136986
29686.924712 83.358993 362.136986
29638.047161 83.353495 362.136986
29589.210426 83.347987 362.136986
29568.269184 83.115068 362.136986
29519.514082 83.109357 362.136986
29470.799796 83.103637 362.136986
29394.271651 83.325866 362.136986
29373.493674 83.092168 362.136986
29297.047161 83.314750 362.136986
29276.350817 83.080661 362.136986
29256.639515 82.846410 362.136986
29179.371225 83.069116 362.136986
29103.087977 83.292408 362.136986
29054.700222 83.286800 362.136986
28979.442834 83.510854 362.136986
28985.901837 83.045910 362.136986
28937.636531 83.040084 362.136986
28889.412041 83.034249 362.136986
28786.463242 83.489045 362.136986
28765.230835 83.252950 362.136986
28744.983470 83.016684 362.136986
28642.157120 83.472593 362.136986
28594.136711 83.467090 362.136986
28546.157120 83.461579 362.136986
28552.983470 82.993127 362.136986
28424.354162 83.682511 362.136986
28062.541772 -88.119600 362.136986
28381.557365 83.207285 362.136986
28333.781855 83.201533 362.136986
28259.136711 83.428312 362.136986
28211.442834 83.422735 362.136986
27823.868303 -88.111550 362.136986
27776.256058 -88.109931 362.136986
27728.684630 -88.108310 362.136986
27681.154017 -88.106686 362.136986
27660.574671 -87.395302 362.136986
27434.596539 -87.146636 362.136986
27569.115205 84.538399 362.136986
27319.374581 -87.617486 362.136986
27453.502766 84.765517 362.136986
27386.079451 84.997906 362.136986
27338.997819 84.993589 362.136986
27244.957002 84.984935 362.136986
27057.780212 -87.126820 362.136986
27010.861845 -87.124323 362.136986
26943.211315 -87.600902 362.136986
26917.147559 -87.119317 362.136986
26870.351641 -87.116808 362.136986
26776.882253 -87.111776 362.136986
26730.208784 -87.109253 362.136986
26626.125691 -87.345151 362.136986
26730.650880 84.936794 362.136986
26533.064467 -87.340496 362.136986
26497.453682 -87.096574 362.136986
26440.166508 -87.335825 362.136986
26358.290416 -87.088913 362.136986
26452.201900 84.910145 362.136986
26405.936594 84.905676 362.136986
26208.635896 -87.324074 362.136986
26081.065927 -87.073469 362.136986
25978.125691 -87.312220 362.136986
25943.004702 -87.065686 362.136986
25876.292948 -87.551913 362.136986
25851.167967 -87.060473 362.136986
25759.494498 -87.055243 362.136986
25692.946009 -87.543189 362.136986
25667.984294 -87.049994 362.136986
25622.290416 -87.047362 362.136986
25576.637355 -87.044726 362.136986
25531.025110 -87.042085 362.136986
25485.453682 -87.039439 362.136986
25394.433274 -87.034133 362.136986
25338.125691 -87.278462 362.136986
25282.803152 -87.523329 362.136986
25258.208784 -87.026139 362.136986
25297.862621 85.540205 362.136986
25236.052946 85.783268 362.136986
25207.332008 85.532187 362.136986
25179.596113 85.280825 362.136986
25152.845261 85.029191 362.136986
25089.310399 85.272322 362.136986
24941.780212 -87.007317 362.136986
24806.780212 -86.999178 362.136986
24751.003242 -87.246347 362.136986
24857.201900 84.748940 362.136986
24661.288957 -87.241339 362.136986
24748.212608 84.988617 362.136986
24685.045093 85.233678 362.136986
24640.330807 85.229346 362.136986
24614.069751 84.974944 362.136986
24437.717528 -87.228739 362.136986
24506.432848 85.216300 362.136986
24480.294241 84.961198 362.136986
24435.784036 84.956599 362.136986
24391.314649 84.951991 362.136986
24328.473664 85.198795 362.136986
24160.864376 -87.466441 362.136986
24137.290416 -86.957807 362.136986
24195.432848 85.185582 362.136986
24151.167542 85.181162 362.136986
24106.943052 85.176733 362.136986
24045.291192 85.425278 362.136986
23984.624375 85.674456 362.136986
23957.046294 85.416842 362.136986
23807.231723 -87.447681 362.136986
23763.211315 -87.445317 362.136986
23824.985070 85.404131 362.136986
23781.046294 85.399878 362.136986
23631.394989 -87.438197 362.136986
23597.452222 -87.179792 362.136986
23564.494498 -86.921020 362.136986
23520.718988 -86.918153 362.136986
23476.984294 -86.915281 362.136986
23422.431814 -87.169266 362.136986
23368.864376 -87.423838 362.136986
23316.281982 -87.678988 362.136986
23281.680703 -87.419015 362.136986
23238.150091 -87.416598 362.136986
23177.664221 -87.930834 362.136986
23134.215242 -87.928891 362.136986
23249.437098 84.829183 362.136986
23123.449949 86.113634 362.136986
23126.862621 85.335128 362.136986
23101.045093 85.072587 362.136986
23057.800195 85.067957 362.136986
23014.596113 85.063319 362.136986
22989.845261 84.799992 362.136986
22986.380317 84.277903 362.136986
23033.944409 83.240059 362.136986
23155.198970 81.692041 362.136986
23422.377311 79.392876 362.136986
23379.418128 79.383022 362.136986
23585.775505 77.861299 362.136986
23928.142286 75.859272 362.136986
23937.710111 75.599605 362.136986
24002.555992 75.094213 362.136986
24305.387717 73.616412 362.136986
24708.820360 71.919519 362.136986
24941.860972 70.955518 362.136986
25265.116012 69.768029 362.136986
25375.488837 69.286476 362.136986
25814.493232 67.893189 362.136986
25855.547056 67.647198 362.136986
26424.464200 66.059953 362.136986
27137.416673 64.292145 362.136986
27095.028917 64.270575 362.136986
27453.033932 63.392915 362.136986
27932.412843 62.317873 362.136986
28324.491637 61.466672 362.136986
28731.718868 60.627396 362.136986
29272.594938 59.601278 362.136986
29961.283241 58.400230 362.136986
30554.173390 57.416506 362.136986
30904.438195 56.825336 362.136986
31535.179029 55.872287 362.136986
32048.404504 55.118461 362.136986
32432.783905 54.554479 362.136986
33120.300767 53.647211 362.136986
33527.423232 53.101225 362.136986
33789.647775 52.731949 362.136986
34367.284721 52.029201 362.136986
35121.060689 51.174285 362.136986
36065.139074 50.178216 362.136986
37216.515948 49.053839 362.136986
37349.113457 48.872217 362.136986
38735.212201 47.639403 362.136986
38876.389379 47.463895 362.136986
40330.554050 46.280680 362.136986
40672.460950 45.970463 362.136986
41605.966446 45.248720 362.136986
42160.878011 44.812168 362.136986
42724.328428 44.381367 362.136986
43709.888820 43.694848 362.136986
44296.082302 43.279068 362.136986
45751.949027 42.367929 362.136986
45710.785761 42.339644 362.136986
46325.428481 41.941949 362.136986
46726.244759 41.670329 362.136986
46463.782874 41.763389 362.136986
46644.203943 41.613709 362.136986
46825.610054 41.464609 362.136986
47008.001208 41.316087 362.136986
46743.814135 41.407869 362.136986
46926.286922 41.259328 362.136986
46662.181482 41.351031 362.136986
46621.426380 41.322574 362.136986
46358.346800 41.414756 362.136986
46317.673330 41.386234 362.136986
46277.040677 41.357687 362.136986
46236.448841 41.329115 362.136986
45753.999910 41.543465 362.136986
45933.966548 41.393062 362.136986
46114.918228 41.243249 362.136986
45853.068588 41.335711 362.136986
45592.203991 41.428702 362.136986
46216.120258 41.036636 362.136986
46399.123656 40.887981 362.136986
47034.452271 40.502976 362.136986
46994.227782 40.474267 362.136986
46954.044108 40.445532 362.136986
47140.987677 40.299216 362.136986
47100.885636 40.270452 362.136986
47060.824412 40.241663 362.136986
47477.809535 39.979550 362.136986
47437.829944 39.950753 362.136986
47627.810273 39.806167 362.136986
47129.018330 40.009392 362.136986
47548.055171 39.748494 362.136986
46594.227782 40.185815 362.136986
45878.858350 40.512420 362.136986
341432.473159 13.761594 362.136986
341392.779281 13.747987 362.136986
342914.876528 13.702456 362.136986
347583.176639 13.594062 362.136986
344401.220068 13.643574 362.136986
345930.993574 13.598473 362.136986
344322.199660 13.616464 362.136986
341935.876200 13.650408 362.136986
341116.064995 13.652697 362.136986
345773.279288 13.544355 362.136986
344164.648639 13.562224 362.136986
344125.362925 13.548660 362.136986
341739.243547 13.582378 362.136986
341700.039465 13.568767 362.136986
44620.027772 40.433737 362.136986
340841.350710 13.557330 362.136986
340022.810262 13.559511 362.136986
343890.505782 13.467244 362.136986
342285.978569 13.484980 362.136986
339127.295674 13.534370 362.136986
43077.207665 40.991764 362.136986
42823.518629 41.086697 362.136986
18474.159339 -88.261874 362.136986
18486.351641 -86.523295 362.136986
18447.596539 -86.519640 362.136986
18398.023651 -86.805685 362.136986
17454.215242 -87.615426 362.136986
17398.108951 -88.507502 362.136986
17356.206872 -88.804610 362.136986
17315.289835 -89.102427 362.136986
17275.357840 -89.400940 362.136986
17243.492586 -88.800708 362.136986
17200.337432 -89.399635 362.136986
17228.984294 86.398502 362.136986
17229.817296 85.496565 362.136986
17178.758668 85.791101 362.136986
17155.123418 85.486752 362.136986
17117.837704 85.481829 362.136986
17110.808048 84.876837 362.136986
17058.024232 85.171464 362.136986
17036.440701 84.865637 362.136986
17033.310399 84.259144 362.136986
17014.641179 83.952569 362.136986
16977.600363 83.945951 362.136986
16888.195803 84.843091 362.136986
16885.228766 84.233940 362.136986
16745.861845 86.346850 362.136986
16777.440701 84.826051 362.136986
16832.666031 83.309179 362.136986
16720.332008 84.511418 362.136986
16667.052946 84.808898 362.136986
16614.758926 85.107323 362.136986
16525.208784 86.322508 362.136986
16437.587910 88.157308 362.136986
16395.802829 88.462548 362.136986
16355.002790 88.768558 362.136986
16315.187794 89.075324 362.136986
16276.357840 89.382829 362.136986
16238.512929 89.691060 362.136986
16258.778753 86.601799 362.136986
16535.442834 81.395423 362.136986
16526.047161 81.083103 362.136986
16172.521817 85.972293 362.136986
194041.280202 16.717877 362.136986
196331.670143 16.597953 362.136986
195130.352026 16.631111 362.136986
198601.106481 16.461811 362.136986
16161.768266 82.859083 362.136986
16104.502766 83.158882 362.136986
16184.190896 81.614762 362.136986
16148.252121 81.605370 362.136986
16112.354162 81.595956 362.136986
16129.373692 80.973216 362.136986
16150.210944 80.351208 362.136986
16144.178562 80.034952 362.136986
16139.131223 79.718587 362.136986
16103.437345 79.707075 362.136986
16099.415865 79.390269 362.136986
16236.124921 77.859862 362.136986
16237.850432 77.544316 362.136986
16279.746376 76.927898 362.136986
16205.071189 77.214600 362.136986
16248.937219 76.598013 362.136986
16296.620970 75.983161 362.136986
16261.253623 75.967614 362.136986
16312.795913 75.353991 362.136986
16190.641378 75.936420 362.136986
16198.358777 75.620740 362.136986
16344.446146 74.411593 362.136986
16405.593964 73.802297 362.136986
16420.043396 73.489447 362.136986
16486.938204 72.883398 362.136986
16611.943747 71.988917 362.136986
16632.180986 71.678990 362.136986
16653.403267 71.369448 362.136986
16792.694653 70.485598 362.136986
16698.802958 70.751592 362.136986
16843.841334 69.871627 362.136986
17062.098065 68.718055 362.136986
17027.342963 68.695288 362.136986
17058.252406 68.391691 362.136986
17157.659072 67.809813 362.136986
17191.482826 67.508218 362.136986
17296.636482 66.931259 362.136986
17191.740602 67.183041 362.136986
17298.864344 66.607102 362.136986
17558.993563 65.491806 362.136986
17449.499000 65.737277 362.136986
17566.187454 65.170295 362.136986
17765.536526 64.340299 362.136986
17891.748875 63.783204 362.136986
18021.778946 63.230083 362.136986
17987.554456 63.202595 362.136986
17953.370783 63.175055 362.136986
18172.752688 62.365800 362.136986
18138.650648 62.337611 362.136986
18546.015221 61.029399 362.136986
18332.591815 61.508876 362.136986
18661.195124 60.467093 362.136986
18627.256348 60.437531 362.136986
18780.315197 59.908306 362.136986
19033.974964 59.137856 362.136986
19097.886060 58.862935 362.136986
19262.398074 58.346854 362.136986
19430.727809 57.835211 362.136986
19295.529604 58.043756 362.136986
19465.829425 57.533885 362.136986
19535.609960 57.264806 362.136986
19817.882231 56.527634 362.136986
19891.521304 56.262785 362.136986
20185.205923 55.539477 362.136986
20831.599882 54.157873 362.136986
20682.523997 54.346452 362.136986
20649.156650 54.313251 362.136986
20848.109790 53.837267 362.136986
20932.380251 53.584200 362.136986
20899.135353 53.550589 362.136986
20984.431673 53.298414 362.136986
21191.101889 52.831151 362.136986
21401.589826 52.368465 362.136986
21368.508194 52.334277 362.136986
21582.854669 51.875978 362.136986
21801.018866 51.422248 362.136986
21895.058121 51.179761 362.136986
21862.139753 51.145058 362.136986
22478.417787 50.088343 362.136986
22445.581052 50.053290 362.136986
22412.785134 50.018185 362.136986
22512.693828 49.782084 362.136986
22748.139812 49.348412 362.136986
22987.403519 48.919242 362.136986
23092.155793 48.688566 362.136986
23197.893110 48.458938 362.136986
23585.994908 47.847983 362.136986
23695.590763 47.622696 362.136986
23806.171661 47.398452 362.136986
24208.559302 46.804096 362.136986
23885.349845 47.139251 362.136986
24290.651799 46.548052 362.136986
24554.832736 46.147359 362.136986
24822.831395 45.750984 362.136986
24790.606905 45.714709 362.136986
