97955.112098 58.499891 224.054795
97654.633861 58.593620 224.054795
97355.140666 58.687638 224.054795
97056.632514 58.781945 224.054795
97426.205289 58.552625 224.054795
97574.397812 58.431434 224.054795
97050.814135 58.633019 224.054795
97198.144065 58.511533 224.054795
96898.895768 58.605646 224.054795
97046.307330 58.484086 224.054795
96524.775371 58.686361 224.054795
96671.324339 58.564505 224.054795
97268.310071 58.227708 224.054795
96967.377404 58.321348 224.054795
96444.120258 58.523267 224.054795
96368.467197 58.509500 224.054795
96516.164473 58.387680 224.054795
96440.593044 58.373864 224.054795
96141.752911 58.468132 224.054795
96066.263115 58.454322 224.054795
95990.814135 58.440500 224.054795
95915.405972 58.426667 224.054795
95840.038625 58.412824 224.054795
95764.712095 58.398970 224.054795
96136.989649 58.168851 224.054795
95614.181482 58.371229 224.054795
95986.540669 58.140984 224.054795
95911.377404 58.127033 224.054795
95836.254955 58.113072 224.054795
95536.919575 58.207231 224.054795
95686.132506 58.085117 224.054795
94719.782874 58.505379 224.054795
95311.919575 58.165326 224.054795
95013.691686 58.259826 224.054795
95162.123656 58.137335 224.054795
95311.540669 58.015036 224.054795
95461.942724 57.892929 224.054795
94714.426380 58.203861 224.054795
94863.021616 58.081221 224.054795
94565.038625 58.175812 224.054795
94937.969241 57.944680 224.054795
94863.377404 57.930576 224.054795
94788.826383 57.916460 224.054795
94266.752911 58.119581 224.054795
93969.918228 58.214531 224.054795
94117.854952 58.091399 224.054795
93821.101902 58.186380 224.054795
94192.429779 57.954315 224.054795
94342.377404 57.831533 224.054795
94043.858350 57.925991 224.054795
93746.324339 58.020748 224.054795
94119.703934 57.788919 224.054795
93375.632514 58.101657 224.054795
93747.205289 57.869209 224.054795
93673.144065 57.854985 224.054795
94048.575378 57.623398 224.054795
93525.144065 57.826504 224.054795
93227.895768 57.921366 224.054795
93601.561077 57.689094 224.054795
93303.450187 57.783698 224.054795
93006.324339 57.878604 224.054795
93380.112098 57.646143 224.054795
93306.377404 57.631803 224.054795
93008.429779 57.726465 224.054795
93384.228439 57.494313 224.054795
92861.164473 57.697781 224.054795
92787.593044 57.683421 224.054795
92490.752911 57.778431 224.054795
92417.263115 57.764075 224.054795
92343.814135 57.749708 224.054795
92270.405972 57.735329 224.054795
92197.038625 57.720938 224.054795
92571.275363 57.487780 224.054795
92273.735901 57.582587 224.054795
92200.491003 57.568136 224.054795
91903.977401 57.663263 224.054795
92054.123656 57.539200 224.054795
92205.254955 57.415340 224.054795
91684.610054 57.619885 224.054795
91834.878759 57.495710 224.054795
91538.569237 57.590909 224.054795
91688.919575 57.466658 224.054795
91392.691686 57.561887 224.054795
91767.377404 57.328032 224.054795
91694.540669 57.313440 224.054795
91174.181482 57.518266 224.054795
91548.989649 57.284222 224.054795
91252.021616 57.379227 224.054795
91179.348146 57.364614 224.054795
91106.715493 57.349990 224.054795
91034.123656 57.335354 224.054795
90961.572636 57.320707 224.054795
90889.062432 57.306048 224.054795
90816.593044 57.291377 224.054795
90744.164473 57.276694 224.054795
90671.776718 57.262000 224.054795
90376.120258 57.357428 224.054795
90527.123656 57.232576 224.054795
90679.112098 57.107932 224.054795
90606.887608 57.093165 224.054795
90310.450187 57.188352 224.054795
90462.561077 57.063596 224.054795
90390.459037 57.048794 224.054795
90318.397812 57.033980 224.054795
89576.448841 57.350177 224.054795
89726.834544 57.224775 224.054795
89878.205289 57.099585 224.054795
89806.307330 57.084749 224.054795
89511.140666 57.180345 224.054795
89662.633861 57.055041 224.054795
89815.112098 56.929950 224.054795
89519.123656 57.025286 224.054795
89001.754963 57.231761 224.054795
89152.467197 57.106056 224.054795
89080.854952 57.091162 224.054795
89009.283523 57.076257 224.054795
88493.966548 57.283472 224.054795
88643.897820 57.157363 224.054795
88572.448841 57.142447 224.054795
88946.715493 56.905787 224.054795
88652.038625 57.001549 224.054795
88804.021616 56.875792 224.054795
88287.061086 57.082664 224.054795
88661.491003 56.845750 224.054795
88590.286922 56.830710 224.054795
88519.123656 56.815658 224.054795
88448.001208 56.800595 224.054795
88376.919575 56.785519 224.054795
88530.132506 56.659754 224.054795
88011.569237 56.866314 224.054795
88388.173322 56.629491 224.054795
87647.326392 56.947445 224.054795
87355.027772 57.043984 224.054795
87727.977401 56.805894 224.054795
87657.181482 56.790758 224.054795
87809.735901 56.664474 224.054795
87963.275363 56.538410 224.054795
87668.348146 56.634091 224.054795
87374.405972 56.730094 224.054795
87081.448841 56.826420 224.054795
86789.476752 56.923070 224.054795
86278.957090 57.132476 224.054795
85989.899312 57.230090 224.054795
60750.174361 -88.881857 224.054795
60673.649135 -89.041003 224.054795
60609.439667 -88.880559 224.054795
60554.241165 -88.560003 224.054795
60462.730767 -89.039332 224.054795
60398.643749 -88.878607 224.054795
83572.951133 58.153417 224.054795
83502.808276 58.138471 224.054795
83853.831167 57.892615 224.054795
83572.735363 57.992918 224.054795
83292.624602 58.093558 224.054795
83222.645010 58.078562 224.054795
83152.706235 58.063554 224.054795
82665.460249 58.280894 224.054795
83434.076065 57.802247 224.054795
82943.134806 58.018452 224.054795
83083.449649 57.887561 224.054795
83013.714955 57.872460 224.054795
82524.784598 58.089420 224.054795
82874.368016 57.842219 224.054795
82804.755771 57.827079 224.054795
59304.680703 -88.383191 224.054795
59211.072320 -88.867416 224.054795
59148.664221 -88.704909 224.054795
82737.749534 57.650621 224.054795
82668.341371 57.635389 224.054795
82387.939445 57.735974 224.054795
82529.647493 57.604885 224.054795
82672.340585 57.474022 224.054795
82180.082302 57.690248 224.054795
82321.912800 57.559034 224.054795
82677.651371 57.312665 224.054795
82822.396180 57.182174 224.054795
82326.524258 57.397330 224.054795
83331.540863 56.807604 224.054795
81555.379704 57.714842 224.054795
82119.524258 57.351161 224.054795
83342.307476 56.646921 224.054795
81769.749534 57.436196 224.054795
81912.891605 57.304874 224.054795
81844.095687 57.289420 224.054795
83067.042169 56.584465 224.054795
83216.916273 56.454927 224.054795
81850.875861 57.127255 224.054795
81146.306792 57.459877 224.054795
82574.785761 56.636074 224.054795
81220.198514 57.312528 224.054795
82005.268889 56.834273 224.054795
81083.218922 57.281480 224.054795
81868.370930 56.802974 224.054795
82232.438823 56.557586 224.054795
81516.824752 56.886964 224.054795
81234.651371 56.986969 224.054795
81380.253323 56.855615 224.054795
81526.840318 56.724497 224.054795
81029.977902 56.939970 224.054795
81390.513787 56.693014 224.054795
80893.733004 56.908572 224.054795
56742.235650 -88.677727 224.054795
56701.125691 -88.181072 224.054795
56633.146100 -88.179980 224.054795
56538.296874 -88.675344 224.054795
56470.398915 -88.674548 224.054795
56389.322604 -89.005235 224.054795
56321.506278 -89.004637 224.054795
56259.868238 -88.838086 224.054795
56199.215242 -88.671353 224.054795
56118.302196 -89.002836 224.054795
56045.455890 -89.168503 224.054795
55989.174361 -88.835280 224.054795
55928.684630 -88.668143 224.054795
55847.934849 -89.000425 224.054795
55780.445053 -88.999820 224.054795
55712.996073 -88.999215 224.054795
55658.807078 -88.664918 224.054795
55584.358034 -88.831046 224.054795
55510.894033 -88.997395 224.054795
55443.608318 -88.996786 224.054795
55376.363420 -88.996177 224.054795
55322.378507 -88.660864 224.054795
55241.996073 -88.994957 224.054795
55174.873625 -88.994346 224.054795
55107.791992 -88.993734 224.054795
55053.970344 -88.657603 224.054795
54973.751176 -88.992508 224.054795
54897.349729 -89.327891 224.054795
54834.680380 -89.159372 224.054795
54786.215242 -88.654326 224.054795
54706.159339 -88.990047 224.054795
54639.363420 -88.989429 224.054795
54578.745789 -88.820324 224.054795
54505.894033 -88.988193 224.054795
54445.358034 -88.818880 224.054795
54378.725381 -88.818156 224.054795
54319.215242 -88.648552 224.054795
54245.582524 -88.816707 224.054795
54179.072320 -88.815981 224.054795
54112.602932 -88.815253 224.054795
54053.256058 -88.645231 224.054795
53979.786606 -88.813797 224.054795
53913.439667 -88.813067 224.054795
53854.215242 -88.642729 224.054795
53787.949936 -88.641893 224.054795
53714.643749 -88.810872 224.054795
53648.460075 -88.810139 224.054795
53589.398915 -88.639379 224.054795
53540.292948 -88.298354 224.054795
53450.153953 -88.807933 224.054795
53377.996073 -88.977558 224.054795
53325.235650 -88.636013 224.054795
53252.215177 -88.805720 224.054795
53201.424839 -88.463691 224.054795
53120.460075 -88.804239 224.054795
53048.506278 -88.974387 224.054795
52988.868238 -88.802755 224.054795
52916.996073 -88.973113 224.054795
52857.439667 -88.801267 224.054795
52791.786606 -88.800522 224.054795
52726.174361 -88.799776 224.054795
52660.602932 -88.799029 224.054795
52595.072320 -88.798281 224.054795
52523.445053 -88.969273 224.054795
52457.996073 -88.968630 224.054795
52392.587910 -88.967986 224.054795
52327.220563 -88.967342 224.054795
52261.894033 -88.966696 224.054795
52196.608318 -88.966050 224.054795
52131.363420 -88.965404 224.054795
52066.159339 -88.964756 224.054795
52022.241165 -88.446373 224.054795
51957.118716 -88.445399 224.054795
51892.037084 -88.444424 224.054795
51811.888647 -88.789231 224.054795
51740.751176 -88.961505 224.054795
51697.037084 -88.441492 224.054795
51617.011095 -88.786947 224.054795
51576.211315 -88.266247 224.054795
51487.296810 -88.785420 224.054795
51429.582589 -88.611098 224.054795
51351.608318 -88.957577 224.054795
51317.109274 -88.261874 224.054795
51228.358034 -88.782354 224.054795
51157.587910 -88.955602 224.054795
51099.133544 -88.780815 224.054795
51041.664221 -88.605829 224.054795
50977.154017 -88.604947 224.054795
50905.602932 -88.778499 224.054795
50848.256058 -88.603179 224.054795
50770.649135 -88.951629 224.054795
50712.439667 -88.776175 224.054795
50648.133544 -88.775398 224.054795
50583.868238 -88.774620 224.054795
50526.725446 -88.598741 224.054795
50455.460075 -88.773061 224.054795
50391.317218 -88.772281 224.054795
50321.077706 -88.946956 224.054795
50257.016482 -88.946285 224.054795
50187.802829 -89.121314 224.054795
50129.016482 -88.944941 224.054795
50065.077706 -88.944267 224.054795
50001.179747 -88.943593 224.054795
49937.322604 -88.942917 224.054795
49873.506278 -88.942241 224.054795
49822.949936 -88.588877 224.054795
49745.996073 -88.940886 224.054795
49682.302196 -88.940208 224.054795
49624.786606 -88.762834 224.054795
49555.036890 -88.938847 224.054795
49491.465461 -88.938166 224.054795
49422.741604 -89.114539 224.054795
49359.251808 -89.113969 224.054795
49295.802829 -89.113399 224.054795
49232.394666 -89.112829 224.054795
49169.027319 -89.112257 224.054795
49105.700788 -89.111685 224.054795
49042.415074 -89.111112 224.054795
48979.170176 -89.110538 224.054795
48927.296810 -88.754045 224.054795
48857.996073 -88.931304 224.054795
48794.873625 -88.930613 224.054795
48726.598747 -89.108236 224.054795
48668.751176 -88.929228 224.054795
48596.308912 -89.285643 224.054795
48537.598747 -89.106501 224.054795
48486.011095 -88.748387 224.054795
48407.553810 -89.284252 224.054795
48348.966094 -89.104759 224.054795
48291.363420 -88.925051 224.054795
48241.827487 -88.565934 224.054795
48172.031504 -88.744314 224.054795
48098.027319 -89.102427 224.054795
48031.145647 -89.281452 224.054795
47968.553810 -89.280984 224.054795
47910.251808 -89.100670 224.054795
47843.492586 -89.280044 224.054795
47796.602932 -88.739391 224.054795
47728.036890 -88.918726 224.054795
47660.455890 -89.098316 224.054795
47598.108951 -89.097725 224.054795
47535.802829 -89.097134 224.054795
47465.983712 -89.457897 224.054795
47401.398657 -89.638355 224.054795
47341.575549 -89.457185 224.054795
47286.986502 -89.094762 224.054795
47217.330651 -89.456471 224.054795
47162.823237 -89.093571 224.054795
47093.249018 -89.455755 224.054795
47038.823237 -89.092377 224.054795
46969.330651 -89.455038 224.054795
46905.072126 -89.636446 224.054795
46853.129359 -89.090580 224.054795
46779.982317 -89.817981 224.054795
46719.623146 -89.635725 224.054795
46663.553810 -89.270998 224.054795
46594.778236 -89.817620 224.054795
46534.541514 -89.635002 224.054795
46475.289835 -89.452149 224.054795
46409.941501 -89.817257 224.054795
46348.410889 -89.817136 224.054795
46286.921093 -89.817014 224.054795
46225.472113 -89.816893 224.054795
46167.840855 -89.450328 224.054795
46102.696603 -89.816649 224.054795
46041.370072 -89.816527 224.054795
45981.500698 -89.632813 224.054795
45922.616365 -89.448862 224.054795
45861.412284 -89.448494 224.054795
45797.888453 -89.632078 224.054795
45735.349664 89.815914 224.054795
45673.795918 90.000000 224.054795
45613.227215 89.815668 224.054795
45551.755102 90.000000 224.054795
45491.268032 89.815421 224.054795
45430.349664 -89.815297 224.054795
45369.000000 90.000000 224.054795
45308.163265 90.000000 224.054795
45249.255800 -89.629854 224.054795
45187.084358 89.814801 224.054795
45126.370072 89.814676 224.054795
45069.473508 89.443670 224.054795
45006.480289 89.628857 224.054795
44945.888453 89.628607 224.054795
44883.921093 89.814176 224.054795
44822.938776 90.000000 224.054795
44766.718406 89.441792 224.054795
44702.512929 89.813800 224.054795
44645.902080 89.441037 224.054795
44581.778236 89.813548 224.054795
44522.888453 89.626847 224.054795
44464.983712 89.439901 224.054795
44404.759222 89.439521 224.054795
44340.798644 89.813042 224.054795
44280.183673 90.000000 224.054795
44224.330651 89.438379 224.054795
44164.269427 89.437997 224.054795
44107.553810 89.250172 224.054795
44044.269427 89.437232 224.054795
43987.635443 89.249151 224.054795
43927.737484 89.248639 224.054795
43864.575549 89.436081 224.054795
43802.398657 89.623790 224.054795
43742.623146 89.623533 224.054795
43685.249018 89.434924 224.054795
43623.194575 89.623018 224.054795
43573.455890 89.056973 224.054795
43509.594627 89.245037 224.054795
43450.023198 89.244520 224.054795
43387.187794 89.432987 224.054795
43331.002790 89.243483 224.054795
43280.996073 88.864527 224.054795
43205.063950 89.810600 224.054795
43157.027319 89.052433 224.054795
43102.894033 88.862183 224.054795
43043.608318 88.861400 224.054795
42984.363420 88.860616 224.054795
42912.412284 89.429859 224.054795
42865.996073 88.859043 224.054795
42801.680380 89.048508 224.054795
42753.929463 88.667108 224.054795
42688.751176 88.856677 224.054795
42624.557931 89.046533 224.054795
42576.929463 88.664340 224.054795
42506.680380 89.045211 224.054795
42452.996073 88.853506 224.054795
42394.159339 88.852711 224.054795
42330.170176 89.043223 224.054795
42276.608318 88.851117 224.054795
42231.113201 88.467250 224.054795
42172.439732 88.466184 224.054795
42113.807078 88.465117 224.054795
42055.215242 88.464048 224.054795
41996.664221 88.462977 224.054795
41938.154017 88.461905 224.054795
41879.684630 88.460831 224.054795
41821.256058 88.459756 224.054795
41762.868303 88.458680 224.054795
41704.521364 88.457602 224.054795
41646.215242 88.456522 224.054795
41580.868238 88.648434 224.054795
41529.725446 88.454358 224.054795
41488.537846 88.066857 224.054795
41413.398915 88.452189 224.054795
41382.207324 87.870726 224.054795
41305.261574 88.256377 224.054795
41256.211315 88.061419 224.054795
41174.153953 88.641774 224.054795
41123.296874 88.446737 224.054795
41073.424839 88.251462 224.054795
41024.537846 88.055951 224.054795
40936.506278 88.832460 224.054795
40908.946009 88.053206 224.054795
40851.211315 88.051830 224.054795
40793.517438 88.050452 224.054795
40718.868303 88.439041 224.054795
40661.256058 88.437935 224.054795
40611.710553 88.241547 224.054795
40563.150091 88.044922 224.054795
40505.660295 88.043534 224.054795
40448.211315 88.042145 224.054795
40400.717528 87.845005 224.054795
40354.208784 87.647636 224.054795
40296.882253 87.645962 224.054795
40218.823560 88.036567 224.054795
40171.493038 87.838863 224.054795
40104.374581 88.033767 224.054795
40067.984294 87.639244 224.054795
40022.664674 87.440940 224.054795
39965.583041 87.439112 224.054795
39908.542225 87.437281 224.054795
39851.542225 87.435448 224.054795
39794.583041 87.433612 224.054795
39725.861845 87.629095 224.054795
39668.984294 87.627395 224.054795
39623.950388 87.428089 224.054795
39555.351641 87.623987 224.054795
39510.399368 87.424393 224.054795
39466.432137 87.224574 224.054795
39409.758668 87.222578 224.054795
39340.378959 87.418830 224.054795
39261.125691 87.813939 224.054795
39239.983157 87.216571 224.054795
39183.472953 87.214563 224.054795
39140.694847 87.013797 224.054795
39070.574994 87.210538 224.054795
39014.187239 87.208522 224.054795
38986.167089 86.808205 224.054795
38901.534178 87.204480 224.054795
38858.960153 87.002982 224.054795
38789.044382 87.200426 224.054795
38708.310825 87.598116 224.054795
38690.409133 86.996455 224.054795
38620.615811 87.194323 224.054795
38578.245867 86.992087 224.054795
38522.225459 86.989899 224.054795
38480.881375 86.787296 224.054795
38424.942600 86.784956 224.054795
38369.044640 86.782612 224.054795
38298.551990 86.981114 224.054795
38257.371171 86.777915 224.054795
38186.960153 86.976702 224.054795
38161.440701 86.571996 224.054795
38105.746823 86.569489 224.054795
38066.617723 86.365561 224.054795
38011.005478 86.362900 224.054795
37955.434049 86.360235 224.054795
37867.799743 86.761366 224.054795
37771.236102 87.365723 224.054795
37756.860967 86.756606 224.054795
37733.556498 86.349535 224.054795
37678.189151 86.346850 224.054795
37622.862621 86.344162 224.054795
37567.576906 86.341469 224.054795
37495.808048 86.541666 224.054795
37474.596113 86.133121 224.054795
37401.964661 86.333367 224.054795
37346.842212 86.330658 224.054795
37291.760580 86.327946 224.054795
37236.719763 86.325229 224.054795
37181.719763 86.322508 224.054795
37110.236619 86.523724 224.054795
37089.310399 86.113058 224.054795
37052.845261 85.906126 224.054795
36979.596113 86.107287 224.054795
36924.800195 86.104395 224.054795
36888.457506 85.896998 224.054795
36815.330807 86.098599 224.054795
36743.189151 86.300598 224.054795
36706.024685 86.092785 224.054795
36689.201900 85.679764 224.054795
36596.881828 86.086954 224.054795
36560.784036 85.878621 224.054795
36487.902236 86.081106 224.054795
36451.886077 85.872459 224.054795
36345.093762 86.487278 224.054795
36324.738970 86.072301 224.054795
36270.432848 86.069357 224.054795
36216.167542 86.066408 224.054795
36144.474865 86.270041 224.054795
36145.528431 85.647332 224.054795
36091.385574 85.644062 224.054795
35999.514481 86.054571 224.054795
35963.865669 85.844500 224.054795
35929.201900 85.634223 224.054795
35895.523174 85.423747 224.054795
35821.283533 85.627639 224.054795
35748.028934 85.831952 224.054795
35713.528431 85.621035 224.054795
35659.712104 85.617725 224.054795
35586.579955 85.822491 224.054795
35572.502766 85.402971 224.054795
35498.508023 85.607767 224.054795
35425.498322 85.812987 224.054795
35432.788674 85.184046 224.054795
35379.217245 85.180392 224.054795
35347.875951 84.968080 224.054795
35230.650880 85.591069 224.054795
35218.747858 85.169399 224.054795
35123.793737 85.584354 224.054795
35090.727256 85.371453 224.054795
35037.400725 85.367925 224.054795
34944.457506 85.784215 224.054795
34952.115205 85.150965 224.054795
34898.911123 85.147261 224.054795
34824.502766 85.353756 224.054795
34731.722812 85.771300 224.054795
34739.543776 85.136116 224.054795
34686.502960 85.132390 224.054795
34612.257868 85.339501 224.054795
34602.733094 84.914049 224.054795
34527.625409 85.121176 224.054795
34474.747858 85.117427 224.054795
34421.911123 85.113672 224.054795
34391.304523 84.898398 224.054795
34385.760736 84.471544 224.054795
34285.835135 84.890536 224.054795
34189.727256 85.310727 224.054795
34180.529013 84.882650 224.054795
34127.937176 84.878698 224.054795
34053.196837 85.087225 224.054795
34046.009496 84.658270 224.054795
33970.406564 84.866806 224.054795
33895.788674 85.075803 224.054795
33843.400919 85.071984 224.054795
33749.508023 85.495166 224.054795
33760.937176 84.850863 224.054795
33589.699355 86.130585 224.054795
33679.580924 84.629205 224.054795
33604.263706 84.838841 224.054795
33575.254394 84.620843 224.054795
33500.018808 84.830795 224.054795
33447.957584 84.826763 224.054795
33419.070720 84.608251 224.054795
33321.768266 85.033465 224.054795
33037.077706 -88.700329 224.054795
33240.120849 84.810571 224.054795
33166.074388 85.021792 224.054795
33136.447380 84.802437 224.054795
33084.671870 84.798360 224.054795
33056.070720 84.578639 224.054795
33004.376843 84.574382 224.054795
32929.590237 84.786092 224.054795
32877.977992 84.781990 224.054795
32873.617879 84.345418 224.054795
32822.087267 84.340966 224.054795
32746.519700 84.552998 224.054795
32695.070720 84.548701 224.054795
32598.339694 84.978518 224.054795
32592.295210 84.540087 224.054795
32565.046450 84.318603 224.054795
32513.760736 84.314110 224.054795
32438.438067 84.527115 224.054795
32411.311756 84.305101 224.054795
32360.148491 84.300586 224.054795
32309.026042 84.296063 224.054795
32257.944409 84.291534 224.054795
32231.925590 84.068804 224.054795
32180.925590 84.064089 224.054795
32129.966406 84.059367 224.054795
32006.814727 84.711255 224.054795
31955.937176 84.707035 224.054795
31952.311756 84.264206 224.054795
31901.515838 84.259626 224.054795
31850.760736 84.255039 224.054795
31775.968679 84.470183 224.054795
31702.161666 84.685831 224.054795
31674.662557 84.461320 224.054795
31557.502766 85.118621 224.054795
31550.386155 84.673028 224.054795
31477.686633 84.889680 224.054795
31496.617879 84.222722 224.054795
31446.189307 84.218076 224.054795
31395.801552 84.213422 224.054795
31321.376843 84.430073 224.054795
31271.070720 84.425580 224.054795
31154.237460 85.087052 224.054795
31194.658695 84.194732 224.054795
31144.475022 84.190041 224.054795
31024.931531 84.852427 224.054795
30997.018808 84.625550 224.054795
30970.091128 84.398472 224.054795
30833.201900 85.286477 224.054795
30846.957584 84.612455 224.054795
30753.584398 85.055074 224.054795
30770.254394 84.380254 224.054795
30697.263706 84.599296 224.054795
30583.712104 85.267247 224.054795
30597.671870 84.590487 224.054795
30525.747858 84.810394 224.054795
30521.376843 84.357314 224.054795
30448.590237 84.577221 224.054795
30335.242717 85.247859 224.054795
30372.540108 84.343460 224.054795
30299.875951 84.563890 224.054795
30273.519700 84.334187 224.054795
30224.070720 84.329538 224.054795
30174.662557 84.324883 224.054795
30079.972347 84.771975 224.054795
30125.068447 83.864134 224.054795
30026.682965 84.310870 224.054795
29932.115205 84.759043 224.054795
29882.911123 84.754718 224.054795
29855.937176 84.523500 224.054795
29784.625409 84.746046 224.054795
29757.733094 84.514444 224.054795
29686.502960 84.737346 224.054795
29659.692278 84.505357 224.054795
29633.866639 84.273162 224.054795
29609.026042 84.040768 224.054795
29469.502766 84.948216 224.054795
29464.100441 84.487093 224.054795
29393.115205 84.711072 224.054795
29344.360103 84.706668 224.054795
29084.139125 -87.921953 224.054795
29292.295210 84.239757 224.054795
29177.094602 84.922899 224.054795
29171.937176 84.459470 224.054795
29079.951745 84.914403 224.054795
29098.009496 84.220493 224.054795
29004.217245 84.675630 224.054795
28977.977992 84.440900 224.054795
28929.590237 84.436238 224.054795
28837.808888 84.893040 224.054795
28769.201900 85.119927 224.054795
28762.482551 84.653238 224.054795
28693.012970 84.880136 224.054795
28666.074388 84.644228 224.054795
28538.616521 85.567834 224.054795
28473.046294 85.796696 224.054795
28424.985070 85.793137 224.054795
28360.440701 86.022713 224.054795
28364.865669 85.319757 224.054795
28316.926894 85.315788 224.054795
28233.148335 85.778843 224.054795
28185.291192 85.775255 224.054795
28154.943052 85.537676 224.054795
28125.579955 85.299845 224.054795
27946.125691 -87.408653 224.054795
28030.151383 85.291833 224.054795
27964.085909 85.522443 224.054795
27803.166508 -87.401994 224.054795
27671.433274 -87.158883 224.054795
27692.440701 85.974950 224.054795
27538.807078 -88.101797 224.054795
27508.435805 -87.625692 224.054795
27461.109274 -87.623646 224.054795
27413.823560 -87.621596 224.054795
27376.493038 -87.381813 224.054795
27310.404431 -87.855503 224.054795
27263.241165 -87.853648 224.054795
27216.118716 -87.851789 224.054795
27187.921610 -87.372743 224.054795
27140.880793 -87.370466 224.054795
26776.882253 -87.111776 224.054795
26730.208784 -87.109253 224.054795
26607.241165 -87.827337 224.054795
26569.660295 -87.584087 224.054795
26514.179941 -87.823526 224.054795
26476.680703 -87.579846 224.054795
26451.025110 -87.094025 224.054795
26383.864376 -87.575590 224.054795
26337.517438 -87.573456 224.054795
26311.984294 -87.086350 224.054795
26208.635896 -87.324074 224.054795
26173.310825 -87.078635 224.054795
26229.616521 85.376459 224.054795
26183.514481 85.372381 224.054795
26119.985070 85.611092 224.054795
26073.964661 85.607212 224.054795
25913.261574 -87.798422 224.054795
25867.322798 -87.796467 224.054795
25821.424839 -87.794509 224.054795
25784.537846 -87.547559 224.054795
25748.635896 -87.300260 224.054795
25702.860385 -87.297855 224.054795
25667.984294 -87.049994 224.054795
25622.290416 -87.047362 224.054795
25565.778753 -87.290615 224.054795
25531.025110 -87.042085 224.054795
25464.680703 -87.532195 224.054795
25439.923069 -87.036788 224.054795
25303.576131 -87.028809 224.054795
25247.350181 -87.273570 224.054795
25202.023651 -87.271117 224.054795
25137.853410 -87.764708 224.054795
25084.582589 -88.011070 224.054795
25056.374581 -87.512157 224.054795
25011.211315 -87.509910 224.054795
24986.861845 -87.010021 224.054795
24941.780212 -87.007317 224.054795
24885.880793 -87.253825 224.054795
24851.739396 -87.001896 224.054795
24696.211315 -87.494070 224.054795
24661.288957 -87.241339 224.054795
24627.351641 -86.988256 224.054795
24552.853410 -87.738222 224.054795
24508.139125 -87.736158 224.054795
24472.435805 -87.482631 224.054795
24448.576131 -86.977254 224.054795
24374.241165 -87.729946 224.054795
24359.433274 -86.971723 224.054795
24277.154017 -87.978253 224.054795
24240.710553 -87.723699 224.054795
24205.252132 -87.468767 224.054795
24160.864376 -87.466441 224.054795
24126.431814 -87.210905 224.054795
24092.984294 -86.955008 224.054795
24004.494498 -86.949396 224.054795
23949.452222 -87.200610 224.054795
23984.624375 85.674456 224.054795
23974.514481 85.163399 224.054795
23828.004702 -86.938108 224.054795
23886.432848 85.154468 224.054795
23842.453256 85.149991 224.054795
23816.926894 84.891323 224.054795
23792.385574 84.632384 224.054795
23693.291192 85.391348 224.054795
23725.012970 84.367973 224.054795
23681.237460 84.362753 224.054795
23658.747858 84.102816 224.054795
23593.808888 84.352284 224.054795
23529.854961 84.602435 224.054795
23466.886077 84.853261 224.054795
23442.671288 84.592377 224.054795
23399.140676 84.587335 224.054795
23355.650880 84.582282 224.054795
23312.201900 84.577221 224.054795
23310.339694 84.058751 224.054795
23225.426390 84.567070 224.054795
24061.646662 77.724136 224.054795
24110.895126 77.217445 224.054795
24213.533192 76.465602 224.054795
24777.938737 73.777750 224.054795
25386.291622 71.390236 224.054795
26249.626426 68.609629 224.054795
26454.404198 67.915141 224.054795
27298.936109 65.688060 224.054795
27444.781370 65.234587 224.054795
28614.208761 62.677542 224.054795
29228.471902 61.427971 224.054795
29412.208664 61.001947 224.054795
30313.598234 59.396809 224.054795
31146.572214 58.029074 224.054795
32161.350573 56.514936 224.054795
32392.461915 56.124974 224.054795
34072.057226 53.974849 224.054795
34941.547183 52.927051 224.054795
36330.874538 51.417851 224.054795
37796.725039 49.966786 224.054795
38802.306034 49.021872 224.054795
40395.708719 47.664141 224.054795
41104.884286 47.062789 224.054795
42414.156486 46.056041 224.054795
43769.736592 45.080424 224.054795
44754.276576 44.394229 224.054795
45129.359296 44.107404 224.054795
45933.161575 43.568580 224.054795
46535.412355 43.163743 224.054795
46062.702303 43.386890 224.054795
46235.411746 43.233460 224.054795
46409.106233 43.080603 224.054795
46801.429925 42.804377 224.054795
46978.038722 42.653251 224.054795
46936.099947 42.625464 224.054795
47334.211446 42.352702 224.054795
47071.877461 42.447065 224.054795
46810.528518 42.541955 224.054795
46768.753008 42.514069 224.054795
47167.027772 42.241294 224.054795
46685.324437 42.458223 224.054795
46425.082986 42.553537 224.054795
46821.591746 42.279590 224.054795
46780.020318 42.251590 224.054795
45866.024600 42.717707 224.054795
46917.476752 42.073441 224.054795
46217.429925 42.413304 224.054795
46834.619609 42.017292 224.054795
46572.775420 42.111219 224.054795
46973.346800 41.839592 224.054795
46710.640017 41.932882 224.054795
46890.816188 41.783270 224.054795
46628.191037 41.876484 224.054795
46587.027772 41.848248 224.054795
46989.691686 41.577791 224.054795
46726.244759 41.670329 224.054795
46907.569237 41.521249 224.054795
45982.773416 41.979480 224.054795
46381.823691 41.706692 224.054795
45682.307476 42.045743 224.054795
46079.550930 41.771776 224.054795
45382.949027 42.112442 224.054795
45559.797272 41.960312 224.054795
45084.698069 42.179582 224.054795
45043.983784 42.151003 224.054795
45220.010251 41.998227 224.054795
45179.377598 41.969609 224.054795
44706.330114 42.189854 224.054795
44881.534804 42.036428 224.054795
44841.024600 42.007719 224.054795
45234.899312 41.731371 224.054795
45194.470741 41.702638 224.054795
45592.203991 41.428702 224.054795
45772.333895 41.278258 224.054795
45511.550930 41.371167 224.054795
46135.548829 40.979148 224.054795
44992.940129 41.558588 224.054795
44735.112292 41.653107 224.054795
44694.969435 41.624179 224.054795
43793.733004 42.094781 224.054795
43328.769942 42.319171 224.054795
19647.211315 -87.190239 224.054795
19151.433274 -86.584270 224.054795
19111.984294 -86.580742 224.054795
19034.807078 -87.716629 224.054795
19022.350181 -86.858595 224.054795
18983.023651 -86.855340 224.054795
18909.745789 -87.995577 224.054795
18885.608512 -87.420893 224.054795
18838.378507 -87.704750 224.054795
18807.241165 -87.415521 224.054795
18746.873625 -88.274567 224.054795
18729.037084 -87.410128 224.054795
18674.888647 -87.983007 224.054795
18680.739396 -86.541453 224.054795
197138.792980 17.875377 224.054795
197099.874613 17.857830 224.054795
18526.215242 -87.685483 224.054795
18474.159339 -88.261874 224.054795
18425.921157 -88.839832 224.054795
199859.908023 17.653100 224.054795
199236.245541 17.662373 224.054795
200368.412690 17.591581 224.054795
199743.887615 17.600745 224.054795
200291.188200 17.556713 224.054795
18186.921093 -89.708077 224.054795
18149.827228 -89.415551 224.054795
18109.941501 -89.707457 224.054795
18071.040816 90.000000 224.054795
18034.541514 -89.413685 224.054795
17994.306122 90.000000 224.054795
17956.472113 -89.706210 224.054795
17918.206807 89.705896 224.054795
17879.982317 89.705582 224.054795
17841.798644 -89.705267 224.054795
17803.183673 90.000000 224.054795
17765.553746 89.704636 224.054795
17734.574219 88.817432 224.054795
17689.000000 90.000000 224.054795
17655.269427 89.111112 224.054795
17932.230124 82.333474 224.054795
17919.354162 82.033852 224.054795
17809.263706 82.901846 224.054795
17771.447380 82.894259 224.054795
17756.805414 82.593492 224.054795
17719.070720 82.585566 224.054795
17705.454613 82.284236 224.054795
17643.723781 82.569662 224.054795
17630.189307 82.267684 224.054795
17592.617879 82.259381 224.054795
17531.009496 82.545679 224.054795
17568.585691 81.654119 224.054795
17505.170488 81.939541 224.054795
17493.728548 81.636154 224.054795
17405.372981 82.217599 224.054795
17368.046450 82.209189 224.054795
17623.470890 79.261390 224.054795
17620.690253 78.958518 224.054795
17655.247370 78.365110 224.054795
17732.807601 77.483996 224.054795
17776.888614 76.894177 224.054795
17658.603519 77.457299 224.054795
17621.562703 77.443908 224.054795
17665.766165 76.852285 224.054795
17628.806981 76.838263 224.054795
17550.814770 77.113554 224.054795
17434.622209 77.681026 224.054795
17216.021911 79.133531 224.054795
17145.705959 79.417011 224.054795
16553.745789 87.857619 224.054795
16494.370072 89.693465 224.054795
16459.112942 -89.386265 224.054795
16443.725381 -87.850460 224.054795
16554.432848 84.176419 224.054795
16555.650880 83.561179 224.054795
16318.492586 88.767181 224.054795
16286.272217 88.457386 224.054795
16276.281982 87.221689 224.054795
16248.864376 86.910098 224.054795
191838.610126 16.874994 224.054795
194113.769998 16.753463 224.054795
194657.731756 16.709977 224.054795
195202.678557 16.666613 224.054795
195748.610400 16.623371 224.054795
195712.467543 16.605642 224.054795
16136.926894 83.789651 224.054795
16082.453256 84.091283 224.054795
16064.845261 83.775679 224.054795
16111.957584 82.535305 224.054795
16123.230124 81.912091 224.054795
16087.332164 81.903011 224.054795
16102.463242 81.279617 224.054795
16150.210944 80.351208 224.054795
16085.636531 80.646405 224.054795
16108.443868 80.023792 224.054795
16135.068927 79.402134 224.054795
16131.991673 79.085610 224.054795
16199.772208 78.162254 224.054795
16094.328033 78.756469 224.054795
16202.319819 77.530447 224.054795
16244.256580 76.913373 224.054795
16290.011063 76.297961 224.054795
16296.620970 75.983161 224.054795
16304.215920 75.668498 224.054795
16268.889390 75.652613 224.054795
16322.360948 75.039658 224.054795
16332.911026 74.725520 224.054795
16297.706944 74.708629 224.054795
16455.165845 73.507580 224.054795
16522.019837 72.902140 224.054795
16486.938204 72.883398 224.054795
16667.180986 71.698919 224.054795
16632.180986 71.678990 224.054795
16710.528958 71.080861 224.054795
16852.653023 70.199759 224.054795
16817.775472 70.178379 224.054795
16905.688157 69.587337 224.054795
16997.418564 68.999427 224.054795
17159.534646 68.135288 224.054795
17124.820360 68.111994 224.054795
17090.146891 68.088653 224.054795
17402.517405 66.681006 224.054795
17367.925568 66.656420 224.054795
17478.785399 66.085075 224.054795
17444.275195 66.059953 224.054795
17483.927572 65.762714 224.054795
17600.575209 65.196203 224.054795
17721.040568 64.633495 224.054795
17845.323648 64.074659 224.054795
17811.017526 64.047845 224.054795
17939.159144 63.492512 224.054795
17904.934655 63.465211 224.054795
18036.934811 62.913465 224.054795
18524.004874 61.340717 224.054795
18580.076445 61.058484 224.054795
18546.015221 61.029399 224.054795
18695.174716 60.496601 224.054795
18661.195124 60.467093 224.054795
18627.256348 60.437531 224.054795
18971.048911 59.413695 224.054795
18841.352798 59.630255 224.054795
19097.886060 58.862935 224.054795
19262.398074 58.346854 224.054795
19030.375856 58.801574 224.054795
19397.033932 57.803925 224.054795
19569.222205 57.296446 224.054795
19851.453659 56.559674 224.054795
19817.882231 56.527634 224.054795
19999.635216 56.031287 224.054795
20520.878374 54.859682 224.054795
20715.932160 54.379600 224.054795
20798.191719 54.124639 224.054795
20764.824372 54.091352 224.054795
20965.665965 53.617758 224.054795
20932.380251 53.584200 224.054795
20781.579178 53.770259 224.054795
21103.876300 53.081139 224.054795
21191.101889 52.831151 224.054795
21401.589826 52.368465 224.054795
21368.508194 52.334277 224.054795
21707.964655 51.665777 224.054795
21928.017304 51.214411 224.054795
22151.887676 50.767591 224.054795
22248.800425 50.528445 224.054795
22346.698217 50.290344 224.054795
22578.244848 49.852429 224.054795
22412.785134 50.018185 224.054795
22646.301850 49.582323 224.054795
22613.587564 49.547033 224.054795
22987.403519 48.919242 224.054795
23092.155793 48.688566 224.054795
23477.384096 48.074316 224.054795
23871.151252 47.470172 224.054795
23838.641048 47.434336 224.054795
24095.104910 47.025083 224.054795
24208.559302 46.804096 224.054795
24176.171547 46.768063 224.054795
24438.423216 46.365235 224.054795
24554.832736 46.147359 224.054795
24672.227299 45.930517 224.054795
24942.155227 45.536260 224.054795
