124612.914444 56.886775 85.972603
124230.851357 56.975317 85.972603
124718.746133 56.756817 85.972603
124335.648970 56.845122 85.972603
123091.747294 57.242580 85.972603
123285.668784 57.125531 85.972603
86970.211645 88.050120 85.972603
86850.102811 88.341442 85.972603
86771.374432 88.194294 85.972603
86587.264740 88.192375 85.972603
124473.995929 56.427130 85.972603
123797.219063 56.617188 85.972603
123997.191679 56.500971 85.972603
86234.164321 88.041813 85.972603
86158.042328 87.894006 85.972603
122849.661688 56.766291 85.972603
123047.566153 56.649507 85.972603
122090.546029 56.944547 85.972603
123155.061480 56.518829 85.972603
123648.364751 56.300286 85.972603
123556.872606 56.286140 85.972603
122880.585045 56.476518 85.972603
123374.035107 56.257817 85.972603
123282.689754 56.243640 85.972603
122315.824715 56.536809 85.972603
122807.157697 56.317483 85.972603
123008.947277 56.201044 85.972603
84969.280540 87.879319 85.972603
121661.535996 56.583233 85.972603
121860.076559 56.466030 85.972603
122059.797988 56.349017 85.972603
121968.844078 56.334798 85.972603
122169.795305 56.217946 85.972603
122078.939256 56.203684 85.972603
121988.132139 56.189411 85.972603
121605.517746 56.277813 85.972603
121806.664695 56.160834 85.972603
121716.004369 56.146530 85.972603
121333.536768 56.234963 85.972603
120952.250034 56.323676 85.972603
122326.677207 55.796661 85.972603
121646.840511 55.986640 85.972603
121556.424837 55.972261 85.972603
120300.897146 56.369786 85.972603
120790.895935 56.148975 85.972603
120992.483258 56.031709 85.972603
120030.090500 56.326808 85.972603
121694.452519 55.695573 85.972603
121014.958337 55.885764 85.972603
120924.885177 55.871310 85.972603
120541.872806 55.959598 85.972603
120744.885648 55.842370 85.972603
120361.971139 55.930678 85.972603
120565.081842 55.813387 85.972603
120475.253335 55.798880 85.972603
120385.473758 55.784361 85.972603
119420.174496 56.079214 85.972603
120206.061396 55.755291 85.972603
119531.584264 55.946827 85.972603
120026.844756 55.726178 85.972603
120231.429910 55.608898 85.972603
119554.835697 55.800002 85.972603
119465.398633 55.785428 85.972603
118793.430027 55.977643 85.972603
118704.090825 55.963089 85.972603
118036.747824 56.156423 85.972603
118235.966879 56.037792 85.972603
81458.716033 87.078206 85.972603
118929.803795 55.697754 85.972603
118548.853041 55.786502 85.972603
119044.651768 55.565277 85.972603
118370.810733 55.757210 85.972603
118573.719180 55.639086 85.972603
117612.647546 55.935603 85.972603
118104.114251 55.713188 85.972603
117724.589015 55.802272 85.972603
118218.417453 55.580242 85.972603
118129.714348 55.565503 85.972603
117749.203968 55.654339 85.972603
118245.443070 55.432643 85.972603
118156.886757 55.417851 85.972603
118068.379373 55.403047 85.972603
117979.920920 55.388233 85.972603
118185.631476 55.270233 85.972603
117510.162665 55.462022 85.972603
116839.270530 55.654912 85.972603
117333.588273 55.432355 85.972603
117245.374473 55.417505 85.972603
117157.209603 55.402644 85.972603
116777.237459 55.491584 85.972603
117274.014797 55.269315 85.972603
117185.996719 55.254400 85.972603
116513.183225 55.446962 85.972603
116717.119213 55.328171 85.972603
117216.356145 55.106194 85.972603
116541.425570 55.298303 85.972603
116746.640286 55.179658 85.972603
116658.915791 55.164675 85.972603
78740.476196 86.874329 85.972603
116190.625451 55.238432 85.972603
116396.035889 55.119661 85.972603
116602.627194 55.001099 85.972603
116810.399366 54.882748 85.972603
116133.596362 55.074544 85.972603
116046.214381 55.059483 85.972603
115958.881330 55.044410 85.972603
116165.717287 54.925693 85.972603
115784.362020 55.014231 85.972603
115697.175761 54.999124 85.972603
115610.038432 54.984006 85.972603
114647.381418 55.281599 85.972603
115435.910566 54.953735 85.972603
115348.920029 54.938583 85.972603
114968.990280 55.027455 85.972603
114590.241399 55.116622 85.972603
114503.397653 55.101475 85.972603
114708.459044 54.981955 85.972603
114621.713159 54.966765 85.972603
114243.160000 55.055967 85.972603
114448.368181 54.936351 85.972603
112913.807426 55.446015 85.972603
76589.494428 88.077970 85.972603
76477.325407 88.388441 85.972603
76218.115294 88.385703 85.972603
76071.220994 88.071431 85.972603
75959.345556 88.382955 85.972603
75873.186838 88.382036 85.972603
75185.678590 88.374654 85.972603
75112.228172 88.216513 85.972603
74843.098798 88.370937 85.972603
74586.677725 88.368139 85.972603
76237.180624 81.170073 85.972603
76216.190722 81.010807 85.972603
74330.697026 88.365330 85.972603
74257.735914 88.206278 85.972603
76025.972542 80.841163 85.972603
75940.841364 80.835987 85.972603
74002.342382 88.203184 85.972603
75837.326672 80.671096 85.972603
75685.741415 80.820423 85.972603
75804.004382 80.351569 85.972603
75386.113502 81.119970 85.972603
73577.665105 88.198005 85.972603
73520.808102 87.879182 85.972603
73408.136708 88.195924 85.972603
73351.377566 87.876733 85.972603
73238.804033 88.193839 85.972603
75007.627827 80.778661 85.972603
73057.399153 88.351143 85.972603
74905.189606 80.612708 85.972603
72900.725849 88.189655 85.972603
72816.328629 88.188605 85.972603
72759.912001 87.868116 85.972603
72661.080844 88.026676 85.972603
72563.430553 88.185451 85.972603
72507.160717 87.864402 85.972603
74183.024290 80.887419 85.972603
74230.990459 80.569788 85.972603
74283.533304 80.252371 85.972603
72186.507767 87.699110 85.972603
72072.355388 88.018630 85.972603
72018.643008 87.696428 85.972603
71878.920701 88.337677 85.972603
71820.778436 88.015161 85.972603
71737.017313 88.014002 85.972603
73559.922865 80.526476 85.972603
73344.189798 80.835011 85.972603
71500.559327 87.849415 85.972603
71416.993926 87.848157 85.972603
71318.945657 88.008188 85.972603
71222.078254 88.168438 85.972603
71126.391719 88.328904 85.972603
72975.307573 80.488254 85.972603
72825.385954 80.640297 85.972603
72676.645202 80.792652 85.972603
72658.891249 80.629483 85.972603
72642.318164 80.466275 85.972603
72427.123332 80.776667 85.972603
70543.831509 88.322016 85.972603
72326.489006 80.607780 85.972603
72227.182338 80.438660 85.972603
70212.016431 88.318055 85.972603
70129.184988 88.317062 85.972603
70046.402476 88.316067 85.972603
71895.954427 80.416453 85.972603
71681.199970 80.728381 85.972603
69810.616448 88.150008 85.972603
69715.761731 88.312078 85.972603
69673.423459 87.821385 85.972603
69493.962732 87.982193 85.972603
69385.903875 88.308069 85.972603
69359.425060 87.652660 85.972603
69277.131852 87.651266 85.972603
69194.887576 87.649869 85.972603
69097.028494 87.812313 85.972603
69000.350279 87.974985 85.972603
68892.585005 88.302020 85.972603
68822.804377 88.136774 85.972603
68768.736414 87.807095 85.972603
68646.586133 88.298980 85.972603
68590.352158 87.968940 85.972603
68482.831537 88.296947 85.972603
68441.227223 87.801852 85.972603
68344.940452 87.965295 85.972603
68237.566622 88.293888 85.972603
68181.577300 87.962858 85.972603
68074.301332 88.291843 85.972603
68018.409871 87.960415 85.972603
67911.231763 88.289792 85.972603
67842.038301 88.123350 85.972603
67748.357917 88.287737 85.972603
67722.857712 87.624451 85.972603
67585.679792 88.285677 85.972603
67544.613714 87.787303 85.972603
67423.197390 88.283612 85.972603
69274.315118 80.235052 85.972603
69260.929051 80.067864 85.972603
69045.525428 80.385147 85.972603
68964.504414 80.379447 85.972603
67030.115595 88.112014 85.972603
66936.924516 88.277387 85.972603
66868.318220 88.109731 85.972603
66800.892791 87.941904 85.972603
66720.116429 87.940658 85.972603
66639.388999 87.939410 85.972603
68601.925794 79.852646 85.972603
68384.698673 80.171115 85.972603
68304.118034 80.165262 85.972603
68360.183877 79.834529 85.972603
68210.836355 79.990923 85.972603
68199.267251 79.822416 85.972603
67982.284783 80.141778 85.972603
67901.948796 80.135890 85.972603
67958.259292 79.804192 85.972603
67809.156422 79.961016 85.972603
67797.831971 79.792007 85.972603
67717.691707 79.785904 85.972603
67637.600373 79.779793 85.972603
67488.693226 79.936962 85.972603
67477.564497 79.767551 85.972603
67328.755210 79.924892 85.972603
65304.704581 87.580843 85.972603
67169.012917 79.912794 85.972603
67158.079910 79.742978 85.972603
65035.115794 87.914139 85.972603
64969.947703 87.743864 85.972603
64875.764945 87.911578 85.972603
64770.495128 88.248806 85.972603
64690.942030 88.247730 85.972603
64611.437862 88.246651 85.972603
64572.182212 87.736922 85.972603
64478.244107 87.905147 85.972603
66373.237283 79.851867 85.972603
66293.928837 79.845735 85.972603
66146.936514 80.004563 85.972603
66067.725930 79.998511 85.972603
66125.161827 79.662304 85.972603
65909.451552 79.986386 85.972603
66036.981991 79.484775 85.972603
65957.967128 79.478406 85.972603
65879.001196 79.472030 85.972603
65730.087515 79.630940 85.972603
65582.354700 79.790209 85.972603
65642.396983 79.452857 85.972603
65493.630093 79.612031 85.972603
65346.044070 79.771566 85.972603
65336.236465 79.599388 85.972603
63200.997889 88.055641 85.972603
65042.441008 79.919174 85.972603
65031.648258 79.746605 85.972603
65022.036375 79.574009 85.972603
65013.605359 79.401388 85.972603
64865.229913 79.561273 85.972603
64518.232721 80.222454 85.972603
64639.754429 79.715233 85.972603
64630.387199 79.542112 85.972603
64693.329452 79.202408 85.972603
64687.455891 79.029331 85.972603
64537.110156 79.189190 85.972603
64387.945287 79.349421 85.972603
64239.961286 79.510022 85.972603
64303.148191 79.169304 85.972603
63947.535883 79.832329 85.972603
63937.428160 79.658282 85.972603
63928.501305 79.484209 85.972603
63850.758636 79.477736 85.972603
63773.064897 79.471256 85.972603
63695.420089 79.464767 85.972603
63687.820892 79.290352 85.972603
63403.679714 79.788349 85.972603
63393.914505 79.613554 85.972603
63385.330163 79.438733 85.972603
61311.705917 87.329006 85.972603
63300.575463 79.257255 85.972603
63223.273168 79.250612 85.972603
63007.158381 79.581370 85.972603
63068.815371 79.237300 85.972603
62991.659869 79.230632 85.972603
62775.691872 79.561965 85.972603
62908.624271 79.048450 85.972603
62760.486943 79.210579 85.972603
62613.530483 79.373089 85.972603
62536.619632 79.366481 85.972603
62323.160162 79.699250 85.972603
62382.944724 79.353239 85.972603
62447.305962 79.007571 85.972603
62370.590834 79.000729 85.972603
60096.184181 88.006027 85.972603
60047.498576 87.653161 85.972603
59986.593974 87.475818 85.972603
59926.870240 87.298297 85.972603
61987.749151 78.966390 85.972603
61770.202310 79.299943 85.972603
61834.954992 78.952595 85.972603
61830.891861 78.775554 85.972603
61754.617107 78.768534 85.972603
61465.005435 79.273097 85.972603
61675.606881 78.584236 85.972603
61599.478919 78.577089 85.972603
61377.746846 78.911005 85.972603
61373.977298 78.733305 85.972603
61084.610278 79.239352 85.972603
61149.803335 78.890094 85.972603
61146.180579 78.712063 85.972603
61070.346200 78.704964 85.972603
61142.477667 78.355976 85.972603
60846.563681 78.862091 85.972603
60699.747478 79.026724 85.972603
58525.428644 87.622822 85.972603
58465.502653 87.443172 85.972603
60616.367469 78.662188 85.972603
60468.615051 78.826891 85.972603
60322.043500 78.991996 85.972603
60317.778112 78.812750 85.972603
60314.693592 78.633492 85.972603
60167.136896 78.798573 85.972603
60091.889683 78.791471 85.972603
57879.342015 87.250889 85.972603
57804.192663 87.249101 85.972603
57729.092242 87.247311 85.972603
59937.043181 78.417594 85.972603
59788.648132 78.582929 85.972603
59787.086991 78.402877 85.972603
59638.789803 78.568400 85.972603
59563.934035 78.561123 85.972603
59489.127197 78.553835 85.972603
59342.108737 78.719960 85.972603
59267.399760 78.712760 85.972603
59192.739714 78.705550 85.972603
59118.128598 78.698331 85.972603
59115.826966 78.517262 85.972603
59189.230626 78.162674 85.972603
59114.766302 78.155113 85.972603
58892.433994 78.495208 85.972603
56561.466385 87.763271 85.972603
58817.142487 78.306306 85.972603
58597.220843 78.647544 85.972603
58523.001171 78.640252 85.972603
58669.007898 78.109545 85.972603
58594.886087 78.101917 85.972603
58520.813207 78.094279 85.972603
58226.611790 78.610990 85.972603
58298.289813 78.253646 85.972603
57937.585386 78.947388 85.972603
58150.486567 78.238514 85.972603
57859.876681 78.757230 85.972603
57929.486553 78.398664 85.972603
57855.756187 78.391171 85.972603
57638.685582 78.735397 85.972603
57708.442246 78.376157 85.972603
57708.251160 78.192888 85.972603
57709.240942 78.009620 85.972603
57711.411590 77.826358 85.972603
57342.140977 78.522307 85.972603
57341.013677 78.338454 85.972603
57341.067244 78.154599 85.972603
57194.384763 78.323305 85.972603
57048.883149 78.492443 85.972603
57047.951571 78.308117 85.972603
57122.725286 77.947302 85.972603
56975.106591 78.116064 85.972603
54586.599416 87.538499 85.972603
56683.411801 78.454895 85.972603
56756.117365 78.092824 85.972603
56537.565775 78.439809 85.972603
54327.366772 87.162371 85.972603
54207.574880 87.715198 85.972603
54181.814329 87.158559 85.972603
56175.332274 78.587674 85.972603
56393.984463 77.868500 85.972603
56246.855073 78.038248 85.972603
56174.299039 78.030411 85.972603
56028.399447 78.200702 85.972603
53729.535663 87.332788 85.972603
53673.922092 87.145136 85.972603
55811.171720 78.177431 85.972603
55666.599786 78.348466 85.972603
55890.171164 77.626511 85.972603
55742.301282 77.796706 85.972603
55745.793054 77.610244 85.972603
55750.465693 77.423797 85.972603
55525.954304 77.772588 85.972603
55529.592868 77.585765 85.972603
55457.624001 77.577584 85.972603
55235.523276 77.927604 85.972603
55238.176695 77.740285 85.972603
55242.010981 77.552977 85.972603
55247.026133 77.365683 85.972603
54874.940343 78.075535 85.972603
55103.626634 77.348982 85.972603
54879.555620 77.699668 85.972603
54960.422856 77.332238 85.972603
54661.925278 77.863468 85.972603
54974.387206 76.956743 85.972603
54823.904403 77.127447 85.972603
54752.522702 77.118914 85.972603
54603.269696 77.290186 85.972603
54609.906091 77.101816 85.972603
54460.750946 77.273288 85.972603
54467.485202 77.084672 85.972603
54396.348153 77.076084 85.972603
54404.312205 76.887372 85.972603
54333.273018 76.878649 85.972603
54183.230589 77.050251 85.972603
54191.341434 76.861170 85.972603
53963.476632 77.213795 85.972603
54049.605572 76.843646 85.972603
53899.758865 77.015650 85.972603
53908.065432 76.826075 85.972603
53837.368758 76.817272 85.972603
53687.668843 76.989579 85.972603
53539.149795 77.162364 85.972603
53625.572318 76.790795 85.972603
53555.071366 76.781946 85.972603
53484.619345 76.773085 85.972603
53494.400361 76.582798 85.972603
53343.862093 76.755328 85.972603
53353.740970 76.564792 85.972603
53203.300564 76.737525 85.972603
53213.277302 76.546739 85.972603
53062.934756 76.719675 85.972603
53154.325399 76.346822 85.972603
53166.712802 76.155991 85.972603
53014.253175 76.328447 85.972603
52862.974415 76.501397 85.972603
52956.824653 76.128036 85.972603
52886.959798 76.118693 85.972603
52734.695893 76.291551 85.972603
52830.956795 75.917929 85.972603
52595.210835 76.273030 85.972603
52607.989681 76.081197 85.972603
52621.949395 75.889413 85.972603
52386.350227 76.245156 85.972603
52482.855781 75.870339 85.972603
52329.802454 76.043502 85.972603
52260.377973 76.034047 85.972603
52274.582339 75.841633 85.972603
52375.811361 75.466805 85.972603
52220.689883 75.639553 85.972603
52151.461125 75.629820 85.972603
52082.281297 75.620073 85.972603
52098.994188 75.427394 85.972603
51944.068432 75.600542 85.972603
52047.854910 75.224768 85.972603
51806.051290 75.580959 85.972603
51737.116114 75.571148 85.972603
51583.518017 75.745116 85.972603
51599.392555 75.551487 85.972603
51616.447960 75.357920 85.972603
51547.708507 75.347942 85.972603
51308.462342 75.706147 85.972603
51324.532603 75.512006 85.972603
51428.759455 75.134064 85.972603
51273.239999 75.307898 85.972603
51118.901409 75.482257 85.972603
51050.455538 75.472314 85.972603
51242.985775 74.909394 85.972603
51174.637766 74.899080 85.972603
51018.231025 75.072988 85.972603
50863.005152 75.247428 85.972603
50624.248292 75.607807 85.972603
50813.627372 75.042265 85.972603
50487.992649 75.587980 85.972603
50677.469590 75.021715 85.972603
50697.571756 74.826495 85.972603
50454.531804 75.186469 85.972603
50561.707556 74.805632 85.972603
50318.765465 75.166040 85.972603
50337.931417 74.970097 85.972603
50358.278236 74.774231 85.972603
50379.805922 74.578446 85.972603
49961.976165 75.311395 85.972603
46754.787226 87.739239 85.972603
49826.796993 75.291034 85.972603
49845.124592 75.094102 85.972603
49777.657332 75.083770 85.972603
49885.322390 74.700467 85.972603
49557.025815 75.250148 85.972603
49662.524861 74.865811 85.972603
49422.433808 75.229621 85.972603
49528.030716 74.844784 85.972603
49373.881314 75.021480 85.972603
49393.732293 74.823700 85.972603
49414.764139 74.626003 85.972603
49347.737254 74.615307 85.972603
49192.651637 74.791966 85.972603
49213.830275 74.593872 85.972603
49326.561314 74.208940 85.972603
49259.730151 74.197951 85.972603
49192.947918 74.186948 85.972603
49126.214616 74.175930 85.972603
48879.919112 74.540029 85.972603
48992.894804 74.153849 85.972603
48926.308293 74.142786 85.972603
48769.399179 74.319454 85.972603
48884.785534 73.933100 85.972603
48636.470810 74.297489 85.972603
48480.840424 74.474932 85.972603
48239.415179 74.842199 85.972603
44975.635235 87.288043 85.972603
48021.034465 75.010668 85.972603
48040.683188 74.810125 85.972603
48238.860037 74.231229 85.972603
47908.439847 74.788669 85.972603
48106.714557 74.209022 85.972603
48222.590218 73.820153 85.972603
48065.136334 73.997584 85.972603
47999.234851 73.986307 85.972603
47933.382298 73.975015 85.972603
47959.082147 73.774540 85.972603
47801.823984 73.952384 85.972603
47556.507090 74.320937 85.972603
47490.850260 74.309824 85.972603
47604.853492 73.918321 85.972603
47539.294523 73.906935 85.972603
47119.089964 74.658678 85.972603
46967.785066 74.839543 85.972603
47342.911197 73.872683 85.972603
47277.547949 73.861235 85.972603
47303.737103 73.659406 85.972603
46879.249452 74.411937 85.972603
46991.380256 74.017767 85.972603
46926.212730 74.006376 85.972603
46951.465670 73.803752 85.972603
46977.899476 73.601241 85.972603
46641.764139 74.163936 85.972603
46847.906939 73.577862 85.972603
46691.480595 73.757479 85.972603
46626.606653 73.745871 85.972603
46561.781641 73.734246 85.972603
46406.634025 73.914676 85.972603
46252.667277 74.095709 85.972603
46367.600189 73.699274 85.972603
46123.359767 74.072839 85.972603
46329.894011 73.483694 85.972603
46083.487577 73.856842 85.972603
45929.765481 74.038413 85.972603
45777.224251 74.220590 85.972603
45890.186874 73.821947 85.972603
45736.611569 74.003842 85.972603
45761.564391 73.798602 85.972603
45697.326546 73.786905 85.972603
45543.898033 73.969126 85.972603
45391.650386 74.151958 85.972603
45415.666994 73.945899 85.972603
45351.624871 73.934262 85.972603
45199.524016 74.117424 85.972603
44962.760239 74.496898 85.972603
45071.684421 74.094319 85.972603
45007.838020 74.082743 85.972603
45032.148211 73.875826 85.972603
44539.180725 74.845122 85.972603
41564.589065 86.755425 85.972603
44665.965994 74.232359 85.972603
41455.264244 86.539078 85.972603
41356.988147 86.959559 85.972603
44739.630525 73.609456 85.972603
44498.828308 73.989533 85.972603
44348.446555 74.174539 85.972603
44639.783979 73.377825 85.972603
44486.104279 73.561496 85.972603
44422.845044 73.549463 85.972603
44450.006274 73.341347 85.972603
44119.126105 73.918926 85.972603
43883.194147 74.302504 85.972603
43820.130634 74.290921 85.972603
40554.575511 87.572467 85.972603
40479.390863 87.784629 85.972603
40416.523072 87.782906 85.972603
40003.486379 87.340068 85.972603
39816.204130 87.333815 85.972603
39740.474712 87.547714 85.972603
39665.926161 87.762017 85.972603
39615.962393 87.543861 85.972603
42693.354517 74.079541 85.972603
39417.292967 87.754966 85.972603
39380.924783 87.319110 85.972603
39305.537879 87.534175 85.972603
39256.999631 87.314879 85.972603
39169.442661 87.747871 85.972603
39147.801999 87.093020 85.972603
39045.811092 87.744306 85.972603
38308.131837 87.722680 85.972603
29466.677975 87.403201 85.972603
29413.058052 87.400834 85.972603
29385.154849 86.896070 85.972603
31041.843727 76.080397 85.972603
31118.176529 75.593822 85.972603
29271.726661 86.132832 85.972603
30945.908124 75.805797 85.972603
30765.039723 76.269764 85.972603
30971.374181 75.305916 85.972603
30786.075896 75.768224 85.972603
30605.354288 76.233288 85.972603
28935.413326 86.364335 85.972603
28882.331639 86.360991 85.972603
28846.094554 86.104363 85.972603
30270.111085 76.665524 85.972603
30403.395567 75.932028 85.972603
30414.846600 75.679791 85.972603
30630.676923 74.712544 85.972603
31410.108800 72.117665 85.972603
31780.928890 70.951612 85.972603
31641.262922 71.164222 85.972603
33327.370929 67.122603 85.972603
33710.972484 66.238401 85.972603
34112.733951 65.364437 85.972603
35148.643774 63.463287 85.972603
34723.209309 64.062655 85.972603
36360.673638 61.398501 85.972603
37738.391657 59.427948 85.972603
37686.092858 59.404468 85.972603
38084.935473 58.810715 85.972603
40272.533218 56.214276 85.972603
40901.073400 55.481054 85.972603
42083.761204 54.244337 85.972603
42394.691879 53.879127 85.972603
45209.394711 51.397179 85.972603
45357.607786 51.212757 85.972603
47158.161813 49.794289 85.972603
47317.792113 49.616355 85.972603
50118.342242 47.683447 85.972603
51916.962561 46.537827 85.972603
53058.526912 45.831929 85.972603
53981.859851 45.272746 85.972603
55680.068000 44.337510 85.972603
56138.639706 44.056169 85.972603
59243.025734 42.551813 85.972603
60006.002807 42.167871 85.972603
61614.035144 41.441653 85.972603
62124.871644 41.185780 85.972603
62925.349408 40.819434 85.972603
64316.380131 40.237173 85.972603
63109.052346 40.653280 85.972603
63633.667805 40.403685 85.972603
63872.135672 40.266134 85.972603
64403.640610 40.019627 85.972603
64352.614005 39.992572 85.972603
64301.636330 39.965496 85.972603
63668.127112 40.157729 85.972603
60493.988140 41.373180 85.972603
63566.416415 40.103396 85.972603
62937.581734 40.297430 85.972603
64047.481914 39.829793 85.972603
64289.785964 39.693763 85.972603
63946.162661 39.775361 85.972603
63023.403624 40.077474 85.972603
64138.027272 39.612076 85.972603
62633.917559 40.133561 85.972603
63744.111322 39.666238 85.972603
63986.708955 39.530196 85.972603
64822.123420 39.179775 85.972603
64771.830772 39.152478 85.972603
65317.750766 38.912311 85.972603
66473.466636 38.465206 85.972603
65217.410123 38.857699 85.972603
65768.004653 38.619585 85.972603
65717.956659 38.592272 85.972603
65667.957594 38.564938 85.972603
65317.095764 38.642661 85.972603
64967.414802 38.720802 85.972603
64917.562529 38.693359 85.972603
64867.759187 38.665896 85.972603
64519.356951 38.744370 85.972603
63286.379541 39.145524 85.972603
62943.734848 39.226282 85.972603
62894.127228 39.198600 85.972603
61972.395732 39.498998 85.972603
62503.202574 39.252007 85.972603
62745.597951 39.115422 85.972603
62404.329848 39.196446 85.972603
62646.823085 39.059861 85.972603
62890.497190 38.923805 85.972603
63430.604175 38.681062 85.972603
63975.287837 38.440386 85.972603
63628.604704 38.518795 85.972603
63877.002276 38.384840 85.972603
64126.580715 38.251405 85.972603
63481.396551 38.435307 85.972603
63729.940914 38.301359 85.972603
63087.118484 38.486089 85.972603
61864.028383 38.889285 85.972603
61524.479382 38.970263 85.972603
24498.052813 84.666752 85.972603
24354.028220 86.036597 85.972603
24152.277868 87.131482 85.972603
24159.610042 86.020656 85.972603
24095.464089 86.293665 85.972603
23982.770424 85.726926 85.972603
23952.411536 85.444873 85.972603
23886.246362 85.718285 85.972603
23791.066521 86.550001 85.972603
23789.918022 85.709609 85.972603
23694.836043 86.542994 85.972603
23001.035121 87.060510 85.972603
22993.877893 86.205796 85.972603
22979.029414 85.634421 85.972603
22968.757611 85.062734 85.972603
22921.547586 85.057640 85.972603
22855.326948 85.336592 85.972603
22808.214784 85.331767 85.972603
22780.211095 85.042293 85.972603
22714.137248 85.322088 85.972603
22727.746318 84.462313 85.972603
22639.314979 85.026851 85.972603
22757.558496 83.028716 85.972603
22657.905654 83.589980 85.972603
22562.829488 84.153661 85.972603
22516.108769 84.147578 85.972603
22493.024269 83.855576 85.972603
22422.814121 84.135372 85.972603
22312.269942 84.990444 85.972603
22329.715196 84.123117 85.972603
22306.826418 83.829886 85.972603
22236.811992 84.110810 85.972603
22167.978433 84.392611 85.972603
22121.649158 84.386724 85.972603
21980.071091 85.827690 85.972603
22125.750430 83.221292 85.972603
22106.551045 82.926296 85.972603
22007.583231 83.495559 85.972603
21987.349770 83.199891 85.972603
23067.167404 75.561442 85.972603
23447.768968 73.638271 85.972603
23032.788191 75.256946 85.972603
23355.942236 73.605233 85.972603
22771.818989 76.055454 85.972603
23199.974228 73.843506 85.972603
23350.638923 73.014345 85.972603
23372.678552 72.727573 85.972603
23395.899047 72.441079 85.972603
23711.606494 71.088994 85.972603
23666.060107 71.070113 85.972603
23696.219012 70.786356 85.972603
23500.589699 71.298154 85.972603
23529.714529 71.013254 85.972603
23409.839438 71.260591 85.972603
23439.062129 70.975164 85.972603
22574.224018 74.212050 85.972603
22850.705137 72.823834 85.972603
22609.143389 73.627903 85.972603
22564.037377 73.611086 85.972603
22393.702108 74.146873 85.972603
22473.972144 73.577352 85.972603
22242.793546 74.392069 85.972603
255561.569458 16.488856 85.972603
257709.850628 16.399629 85.972603
256201.811242 16.430731 85.972603
251071.409393 16.583903 85.972603
21037.614247 80.042546 85.972603
21031.251072 79.739111 85.972603
21286.445818 77.692739 85.972603
21241.878042 77.679633 85.972603
21151.133179 77.956041 85.972603
21106.663263 77.943170 85.972603
21155.826248 77.350665 85.972603
21159.944083 77.048044 85.972603
21320.899880 75.883451 85.972603
21442.470209 75.012073 85.972603
21455.790327 74.711990 85.972603
21242.373662 75.551645 85.972603
21546.914351 73.829991 85.972603
21382.085437 74.379163 85.972603
21584.084526 73.232430 85.972603
21669.909849 72.654130 85.972603
21692.579040 72.356638 85.972603
21648.696291 72.338177 85.972603
21811.456703 71.485423 85.972603
21697.675135 71.743584 85.972603
21867.325027 70.894120 85.972603
21897.030488 70.599051 85.972603
21853.392392 70.578914 85.972603
22036.772311 69.737279 85.972603
21840.787415 70.263516 85.972603
19518.271306 84.022803 85.972603
22063.270801 69.130118 85.972603
22019.877357 69.108603 85.972603
22388.772743 67.741439 85.972603
22345.477160 67.718730 85.972603
22475.050022 67.163952 85.972603
22431.852300 67.140730 85.972603
22656.422303 66.325945 85.972603
22891.228663 65.519377 85.972603
22848.177733 65.494809 85.972603
23290.991496 64.185348 85.972603
23148.611401 64.414733 85.972603
23407.384147 63.627083 85.972603
23364.528938 63.601039 85.972603
23739.805616 62.572789 85.972603
23804.398848 62.298058 85.972603
23979.787400 61.778253 85.972603
24047.874302 61.506007 85.972603
23894.517358 61.723421 85.972603
24187.590708 60.963854 85.972603
24032.067751 61.178899 85.972603
24332.030581 60.424876 85.972603
24523.559824 59.917849 85.972603
24719.665744 59.414814 85.972603
24920.348340 58.915799 85.972603
24756.014545 59.121009 85.972603
25208.850061 58.159992 85.972603
25679.845489 57.216421 85.972603
25507.734931 57.412938 85.972603
25595.651918 57.155759 85.972603
25950.388067 56.451159 85.972603
25775.028492 56.644069 85.972603
26273.435045 55.725150 85.972603
26231.558447 55.693988 85.972603
26466.688438 55.225212 85.972603
26011.171117 55.852121 85.972603
26950.678448 54.300223 85.972603
27053.702052 54.055610 85.972603
27012.070106 54.023602 85.972603
26970.487091 53.991545 85.972603
27074.789423 53.747617 85.972603
27627.969295 52.879201 85.972603
27738.029169 52.640360 85.972603
28003.029880 52.198384 85.972603
28429.763047 51.559816 85.972603
29028.416096 50.734454 85.972603
28987.175594 50.701139 85.972603
29272.746882 50.278040 85.972603
28582.606270 51.028592 85.972603
29190.510532 50.210997 85.972603
29480.756356 49.791784 85.972603
29607.103714 49.566846 85.972603
29904.239018 49.153777 85.972603
30034.080046 48.931806 85.972603
30165.101940 48.710797 85.972603
29952.430862 48.863769 85.972603
31138.546992 47.542444 85.972603
31097.844726 47.508138 85.972603
31236.985897 47.294053 85.972603
31016.586987 47.439393 85.972603
31336.752461 47.046448 85.972603
31478.304297 46.834214 85.972603
31805.359251 46.447259 85.972603
32324.708942 45.891644 85.972603
32096.631129 46.029582 85.972603
32244.038368 45.822170 85.972603
32773.722278 45.275386 85.972603
32925.755124 45.071854 85.972603
32693.345288 45.205629 85.972603
33429.005031 44.501878 85.972603
33585.712414 44.302139 85.972603
34142.807448 43.778634 85.972603
34710.138840 43.263677 85.972603
34874.916569 43.070541 85.972603
34835.046122 43.035465 85.972603
34184.529097 43.477345 85.972603
35585.559808 42.342245 85.972603
35756.192941 42.153675 85.972603
