124323.322112 56.989169 46.520548
124811.167958 56.770723 46.520548
124138.429532 56.961455 46.520548
124335.648970 56.845122 46.520548
124243.325006 56.831217 46.520548
124151.049973 56.817301 46.520548
124934.392485 56.497235 46.520548
124257.370966 56.687132 46.520548
124750.087071 56.469224 46.520548
124952.127838 56.353572 46.520548
123981.133033 56.645197 46.520548
124473.995929 56.427130 46.520548
124089.075268 56.515013 46.520548
124290.179820 56.399015 46.520548
123322.776546 56.691596 46.520548
124400.679511 56.269102 46.520548
124014.822636 56.356766 46.520548
123338.290422 56.546984 46.520548
122955.927217 56.635457 46.520548
123739.905826 56.314422 46.520548
123063.520404 56.504736 46.520548
123263.884464 56.388265 46.520548
123759.549469 56.170081 46.520548
123668.155185 56.155893 46.520548
123576.809832 56.141695 46.520548
123191.393331 56.229452 46.520548
123100.145839 56.215253 46.520548
123008.947277 56.201044 46.520548
121176.847841 56.804122 46.520548
122826.696944 56.172595 46.520548
122150.800827 56.363226 46.520548
122059.797988 56.349017 46.520548
121678.119810 56.437644 46.520548
121877.939100 56.320568 46.520548
121496.358783 56.409216 46.520548
121405.551665 56.394986 46.520548
122484.482171 55.970495 46.520548
121806.664695 56.160834 46.520548
122303.112588 55.941813 46.520548
122212.501192 55.927457 46.520548
121827.818649 56.015366 46.520548
121737.305115 56.001008 46.520548
120193.219167 56.501940 46.520548
121556.424837 55.972261 46.520548
121760.178172 55.855513 46.520548
121082.752140 56.046099 46.520548
83321.290559 88.007865 46.520548
121784.623540 55.710047 46.520548
121399.200505 55.797766 46.520548
121014.958337 55.885764 46.520548
120631.897035 55.974042 46.520548
120250.016601 56.062599 46.520548
121334.257740 55.637573 46.520548
120654.959280 55.827884 46.520548
120565.081842 55.813387 46.520548
120182.265193 55.901714 46.520548
120679.593836 55.681756 46.520548
120002.754970 55.872708 46.520548
120500.181474 55.652645 46.520548
120410.548689 55.638074 46.520548
120616.216848 55.521056 46.520548
120526.681924 55.506442 46.520548
119847.823838 55.697022 46.520548
120052.506853 55.579679 46.520548
119963.118720 55.565053 46.520548
118704.090825 55.963089 46.520548
119197.381027 55.741640 46.520548
119108.139686 55.727023 46.520548
118436.366801 55.919362 46.520548
118347.223321 55.904764 46.520548
118258.128772 55.890155 46.520548
119044.651768 55.565277 46.520548
118955.655080 55.550584 46.520548
119160.827400 55.432929 46.520548
119071.928572 55.418193 46.520548
118983.078675 55.403447 46.520548
118307.169489 55.594969 46.520548
117926.561248 55.683786 46.520548
117547.133874 55.772888 46.520548
118334.048315 55.447424 46.520548
117952.454929 55.535992 46.520548
118156.886757 55.417851 46.520548
116903.218425 55.818151 46.520548
117979.920920 55.388233 46.520548
117891.511398 55.373407 46.520548
117803.150806 55.358570 46.520548
117129.994799 55.550924 46.520548
117333.588273 55.432355 46.520548
116953.518268 55.521276 46.520548
117450.197745 55.299112 46.520548
117069.093664 55.387772 46.520548
117274.014797 55.269315 46.520548
117775.368811 55.047990 46.520548
117392.147649 55.136120 46.520548
117010.107354 55.224537 46.520548
116922.236068 55.209588 46.520548
117128.533789 55.091214 46.520548
116161.795939 55.387308 46.520548
116953.035869 55.061221 46.520548
116571.240227 55.149682 46.520548
116777.733671 55.031183 46.520548
116690.155967 55.016147 46.520548
116015.518975 55.208429 46.520548
116515.147352 54.986041 46.520548
116427.716440 54.970971 46.520548
115753.226239 55.163339 46.520548
116548.253422 54.837445 46.520548
115871.597210 55.029326 46.520548
115491.373878 55.118147 46.520548
115697.175761 54.999124 46.520548
115317.050290 55.087962 46.520548
115229.961892 55.072853 46.520548
115435.910566 54.953735 46.520548
115348.920029 54.938583 46.520548
114968.990280 55.027455 46.520548
115469.205824 54.804452 46.520548
115677.614092 54.685699 46.520548
115295.567263 54.774027 46.520548
114914.701300 54.862649 46.520548
114828.004346 54.847428 46.520548
114448.368181 54.936351 46.520548
114654.757230 54.816951 46.520548
114275.218926 54.905891 46.520548
114775.825913 54.682479 46.520548
114102.265392 54.875385 46.520548
113724.005816 54.964638 46.520548
114516.615800 54.636549 46.520548
114430.310290 54.621216 46.520548
114049.933633 54.709919 46.520548
113963.725984 54.694582 46.520548
113877.567266 54.679234 46.520548
113498.469336 54.768248 46.520548
113705.396621 54.648503 46.520548
75812.207953 86.657672 46.520548
75726.244957 86.655773 46.520548
75640.330891 86.653872 46.520548
75554.465756 86.651969 46.520548
75468.649551 86.650064 46.520548
75382.882277 86.648157 46.520548
75273.576644 86.803086 46.520548
75165.451877 86.958239 46.520548
75079.831394 86.956504 46.520548
75016.715196 86.797612 46.520548
74931.192574 86.795783 46.520548
74801.940113 87.108664 46.520548
74783.881412 86.634744 46.520548
74652.462939 86.947796 46.520548
74613.178683 86.630892 46.520548
74460.534654 87.102038 46.520548
74419.084385 86.784765 46.520548
74269.934026 87.256676 46.520548
74184.802849 87.255101 46.520548
74080.661058 87.411711 46.520548
73977.700133 87.568539 46.520548
74548.600420 84.095012 46.520548
74421.966693 84.248798 46.520548
74378.778439 84.088250 46.520548
74211.676239 84.399636 46.520548
74126.887575 84.396424 46.520548
74042.147842 84.393208 46.520548
73957.457039 84.389988 46.520548
73833.380768 84.544637 46.520548
73197.806487 87.715068 46.520548
73083.066942 88.032384 46.520548
72972.904073 88.350188 46.520548
72816.328629 88.188605 46.520548
72731.980340 88.187555 46.520548
72675.612643 87.866880 46.520548
72576.830416 88.025531 46.520548
72492.628918 88.024384 46.520548
72423.008150 87.863161 46.520548
72298.704926 88.342512 46.520548
72226.918146 88.181227 46.520548
72130.644444 88.340581 46.520548
72046.687599 88.339614 46.520548
71988.447474 88.017475 46.520548
71878.920701 88.337677 46.520548
71653.305121 88.012842 46.520548
71556.241997 88.172721 46.520548
71500.559327 87.849415 46.520548
71402.462127 88.009353 46.520548
71293.277868 88.330862 46.520548
71222.078254 88.168438 46.520548
71043.022040 88.327924 46.520548
70971.969218 88.165212 46.520548
70902.097263 88.002339 46.520548
70818.874376 88.001165 46.520548
70735.700419 87.999990 46.520548
70652.575393 87.998813 46.520548
70335.096393 87.831662 46.520548
70252.216019 87.830383 46.520548
70169.384576 87.829102 46.520548
70058.670402 88.153287 46.520548
69963.668894 88.315071 46.520548
69880.984242 88.314075 46.520548
69385.903875 88.308069 46.520548
69315.829663 88.143415 46.520548
69221.268529 88.306058 46.520548
69139.024253 88.305050 46.520548
67435.465316 88.117699 46.520548
67382.229172 87.784637 46.520548
67260.910710 88.281542 46.520548
67205.508554 87.948111 46.520548
67111.087678 88.113154 46.520548
67058.047256 87.779286 46.520548
66949.192442 88.110873 46.520548
66868.318220 88.109731 46.520548
66775.225002 88.275302 46.520548
66210.818014 88.267964 46.520548
66170.583754 87.764436 46.520548
66090.198837 87.763076 46.520548
65981.931189 88.097072 46.520548
65889.376207 88.263743 46.520548
65809.138082 88.262685 46.520548
65661.076549 88.092426 46.520548
65608.916876 87.754883 46.520548
65514.342674 87.921785 46.520548
65448.881000 87.752138 46.520548
65384.600193 87.582323 46.520548
65261.109184 88.086588 46.520548
65209.194164 87.748008 46.520548
65101.464752 88.084242 46.520548
65065.311328 87.576394 46.520548
64969.947703 87.743864 46.520548
64890.296744 87.742479 46.520548
64796.162917 87.910295 46.520548
64703.209956 88.078353 46.520548
64623.705788 88.077171 46.520548
64544.250551 88.075987 46.520548
64478.244107 87.905147 46.520548
64413.418530 87.734133 46.520548
64334.110084 87.732736 46.520548
64226.918907 88.071238 46.520548
64135.440397 88.240155 46.520548
64081.946531 87.898676 46.520548
64002.833808 87.897378 46.520548
63938.301814 87.725726 46.520548
63859.286951 87.724318 46.520548
63765.789220 87.893471 46.520548
63661.204430 88.233610 46.520548
63582.336359 88.232515 46.520548
63515.785145 88.060467 46.520548
63450.414798 87.888240 46.520548
63371.693518 87.886928 46.520548
63293.021169 87.885615 46.520548
63214.397751 87.884300 46.520548
63166.018797 87.540205 46.520548
63071.829505 87.710149 46.520548
62978.821079 87.880345 46.520548
62914.925182 87.707294 46.520548
62836.546416 87.705864 46.520548
62743.684782 87.876375 46.520548
62712.395083 87.359024 46.520548
62634.163109 87.357374 46.520548
62555.980065 87.355722 46.520548
62430.854746 87.871059 46.520548
62382.965098 87.524806 46.520548
62304.928846 87.523255 46.520548
62226.941524 87.521703 46.520548
62149.003133 87.520148 46.520548
62087.909344 87.345766 46.520548
62010.068814 87.344099 46.520548
61932.277215 87.342431 46.520548
61854.534546 87.340760 46.520548
61760.045136 87.512347 46.520548
61652.204794 87.857651 46.520548
61604.804450 87.509212 46.520548
61511.593768 87.681274 46.520548
61393.896164 88.201279 46.520548
61356.646666 87.678347 46.520548
61251.314849 88.024926 46.520548
61173.963624 88.023677 46.520548
61157.052398 87.325628 46.520548
61079.799034 87.323936 46.520548
61020.522209 87.147938 46.520548
60892.979692 87.669519 46.520548
60848.332526 87.318847 46.520548
60754.479213 87.491831 46.520548
60694.266173 87.315444 46.520548
60600.510721 87.488645 46.520548
60507.936136 87.662112 46.520548
60446.737951 87.485450 46.520548
60386.720634 87.308612 46.520548
60293.160904 87.482248 46.520548
60186.250241 87.831705 46.520548
60156.575250 87.303464 46.520548
60032.966777 87.828937 46.520548
60003.389646 87.300022 46.520548
59944.797848 87.122440 46.520548
59868.327373 87.120601 46.520548
59713.587151 87.999647 46.520548
59715.533213 87.116917 46.520548
59621.281921 87.291377 46.520548
59512.547761 87.642631 46.520548
59486.708953 87.111372 46.520548
59410.532061 87.109520 46.520548
59316.476491 87.284422 46.520548
59258.325067 87.105807 46.520548
59182.294967 87.103947 46.520548
59106.313796 87.102084 46.520548
59030.381557 87.100219 46.520548
58954.498247 87.098352 46.520548
58878.663869 87.096482 46.520548
58802.878421 87.094610 46.520548
58727.141903 87.092736 46.520548
58651.454316 87.090859 46.520548
58594.875203 86.911140 46.520548
58449.838918 87.621285 46.520548
58424.685137 87.085214 46.520548
58331.265664 87.261568 46.520548
58255.822730 87.259794 46.520548
58180.428726 87.258017 46.520548
58088.287981 87.434878 46.520548
58029.787509 87.254458 46.520548
57954.540297 87.252675 46.520548
57879.342015 87.250889 46.520548
57804.192663 87.249101 46.520548
57729.092242 87.247311 46.520548
57654.040752 87.245519 46.520548
57596.965800 87.064326 46.520548
57522.012171 87.062413 46.520548
57447.107472 87.060497 46.520548
57354.324096 87.238326 46.520548
57297.444866 87.056657 46.520548
57222.686959 87.054733 46.520548
57147.977982 87.052807 46.520548
57055.390328 87.231095 46.520548
56920.388144 87.951133 46.520548
56889.421355 87.407973 46.520548
56799.244365 87.586949 46.520548
56710.248242 87.766208 46.520548
56666.028383 87.402865 46.520548
56608.457591 87.220177 46.520548
56534.140058 87.218349 46.520548
56443.075785 87.397737 46.520548
56385.651785 87.214686 46.520548
56294.685372 87.394307 46.520548
56204.899826 87.574217 46.520548
56130.826946 87.572616 46.520548
56072.466732 87.389145 46.520548
55968.296179 87.751443 46.520548
55941.361296 87.203639 46.520548
55885.411746 87.019671 46.520548
55761.196504 87.564579 46.520548
55719.876614 87.198082 46.520548
55629.350576 87.378760 46.520548
55555.669140 87.377022 46.520548
55466.372900 87.558111 46.520548
55392.789325 87.556488 46.520548
55334.918416 87.371791 46.520548
55278.228374 87.186902 46.520548
55172.332184 87.551608 46.520548
55114.608066 87.366540 46.520548
55041.269144 87.364785 46.520548
54952.315417 87.546709 46.520548
54864.542557 87.728926 46.520548
54821.545960 87.359505 46.520548
56066.166839 80.796919 46.520548
55881.377618 81.150846 46.520548
55977.572611 80.604963 46.520548
54529.266743 87.352433 46.520548
54510.102089 86.797381 46.520548
54400.216389 87.164273 46.520548
54345.294380 86.977697 46.520548
54254.566085 87.160466 46.520548
54134.823124 87.713663 46.520548
54109.111504 87.156649 46.520548
54019.661937 87.339965 46.520548
53963.852645 87.152822 46.520548
53891.296611 87.150904 46.520548
53836.717115 86.963442 46.520548
55047.299742 80.711393 46.520548
53657.126421 87.330988 46.520548
53584.766109 87.329185 46.520548
54830.218807 80.692860 46.520548
54701.542912 80.868535 46.520548
53384.774428 87.137409 46.520548
53312.609838 87.135470 46.520548
54429.767635 81.032662 46.520548
53168.427450 87.131586 46.520548
53079.613981 87.316497 46.520548
53024.440785 87.127690 46.520548
52905.529642 87.687239 46.520548
52833.658635 87.685665 46.520548
52808.827765 87.121828 46.520548
52737.054619 87.119868 46.520548
52632.870997 87.493202 46.520548
52561.195713 87.491492 46.520548
52522.028765 87.113974 46.520548
52468.378950 86.924064 46.520548
52362.127177 87.298161 46.520548
52307.443286 87.108055 46.520548
52236.012655 87.106077 46.520548
52182.558561 86.915643 46.520548
53451.811970 80.383494 46.520548
53439.205446 80.193176 46.520548
53309.293220 80.370526 46.520548
51847.134046 87.474266 46.520548
51808.456404 87.094150 46.520548
52926.641742 80.905151 46.520548
53024.842886 80.344485 46.520548
53012.529945 80.153398 46.520548
53001.397871 79.962269 46.520548
52754.473525 80.509861 46.520548
52741.175440 80.318305 46.520548
52556.422080 80.682418 46.520548
51241.121512 87.078093 46.520548
52471.393245 80.484059 46.520548
52400.745502 80.477587 46.520548
52387.692069 80.285381 46.520548
52317.142186 80.278769 46.520548
52305.318551 80.086387 46.520548
52118.643832 80.451610 46.520548
52224.272691 79.887082 46.520548
52035.431961 80.252234 46.520548
52083.613301 79.873292 46.520548
51953.547748 80.052541 46.520548
51767.117682 80.418941 46.520548
51754.504624 80.225555 46.520548
51515.154785 80.780324 46.520548
51614.334539 80.212161 46.520548
51544.322892 80.205451 46.520548
51533.037492 80.011624 46.520548
51404.446390 80.192002 46.520548
51334.581535 80.185264 46.520548
51150.806786 80.554107 46.520548
51253.675932 79.984160 46.520548
51243.767121 79.789762 46.520548
51114.288735 79.970371 46.520548
51104.477785 79.775708 46.520548
51095.847702 79.581009 46.520548
50905.574918 79.949619 46.520548
50663.465366 80.508366 46.520548
50707.999710 80.124208 46.520548
50757.110730 79.740404 46.520548
50810.798425 79.356988 46.520548
50679.447610 79.537813 46.520548
50610.218852 79.530580 46.520548
50666.317211 79.146727 46.520548
50661.523312 78.951150 46.520548
50528.104347 79.131713 46.520548
50523.408309 78.935868 46.520548
50390.087204 79.116658 46.520548
50321.152029 79.109115 46.520548
50126.987596 79.479665 46.520548
50247.765468 78.905179 46.520548
50051.435024 79.275607 46.520548
50110.237631 78.889771 46.520548
49977.210109 79.071244 46.520548
49972.905515 78.874320 46.520548
49904.312854 78.866579 46.520548
49646.153936 79.428259 46.520548
49639.732261 79.230697 46.520548
49448.272076 79.604021 46.520548
49566.094513 79.025454 46.520548
49434.541442 79.208102 46.520548
49366.242363 79.200550 46.520548
49235.919090 79.383800 46.520548
49046.967430 79.758947 46.520548
49099.565585 79.368897 46.520548
49031.462228 79.361431 46.520548
48902.466613 79.545518 46.520548
48895.402306 79.346467 46.520548
48827.445741 79.338969 46.520548
48949.153293 78.757077 46.520548
49013.364395 78.367259 46.520548
49013.287429 78.168397 46.520548
48945.526586 78.160091 46.520548
48810.081866 78.342721 46.520548
48675.818013 78.525856 46.520548
48674.804833 78.326305 46.520548
48540.638841 78.509672 46.520548
48539.723521 78.309844 46.520548
48472.256261 78.301597 46.520548
48338.237061 78.485313 46.520548
48141.061729 78.862162 46.520548
48073.741261 78.854267 46.520548
48006.469723 78.846360 46.520548
47876.042054 79.031713 46.520548
47936.410437 78.637369 46.520548
47804.948693 78.822574 46.520548
47867.678810 78.428076 46.520548
47867.252796 78.226848 46.520548
47800.274841 78.218485 46.520548
47801.078625 78.017117 46.520548
47406.853857 78.976894 46.520548
47667.367368 78.000072 46.520548
47466.251457 78.378567 46.520548
47269.712222 78.758651 46.520548
45539.808116 86.900414 46.520548
46950.173032 79.327874 46.520548
46765.099952 79.711954 46.520548
46817.048942 79.312534 46.520548
46632.073723 79.697130 46.520548
46624.311320 79.493301 46.520548
46557.920532 79.485728 46.520548
46375.355977 79.871733 46.520548
46366.608430 79.667355 46.520548
46242.819053 79.857076 46.520548
46176.623987 79.849731 46.520548
46226.700548 79.447697 46.520548
45987.967201 80.032856 46.520548
46404.920696 78.448853 46.520548
46607.588709 77.658052 46.520548
46405.040744 78.040104 46.520548
46545.733492 77.445119 46.520548
46479.880939 77.436083 46.520548
46275.215893 77.818178 46.520548
46348.322625 77.417972 46.520548
46282.616864 77.408898 46.520548
46216.960034 77.399811 46.520548
46081.355453 77.586664 46.520548
46015.796484 77.577684 46.520548
45813.688893 77.962015 46.520548
45884.825336 77.559684 46.520548
45616.214736 78.141892 46.520548
45685.185167 77.738550 46.520548
45758.732274 77.335836 46.520548
45554.605463 77.720715 46.520548
45489.389007 77.711779 46.520548
45493.086226 77.505376 46.520548
45427.967631 77.496279 46.520548
45432.894647 77.289747 46.520548
45297.877233 77.478046 46.520548
45232.905429 77.468910 46.520548
45309.107853 77.064419 46.520548
45316.494464 76.857649 46.520548
45179.408899 77.045542 46.520548
45114.632818 77.036083 46.520548
45122.166220 76.828871 46.520548
45057.487999 76.819251 46.520548
44920.598157 77.007626 46.520548
44784.889181 77.196573 46.520548
44791.486369 76.988586 46.520548
44727.003871 76.979045 46.520548
44521.445007 77.367541 46.520548
44527.057050 77.158926 46.520548
44606.110512 76.751521 46.520548
44469.563183 76.940745 46.520548
44477.585891 76.732044 46.520548
44270.007806 77.121061 46.520548
44205.867822 77.111561 46.520548
44141.776768 77.102046 46.520548
44148.863261 76.892557 46.520548
44013.741451 77.082976 46.520548
44020.925805 76.873184 46.520548
43957.030474 76.863476 46.520548
43893.184072 76.853755 46.520548
43619.396561 77.446936 46.520548
43624.512764 77.236170 46.520548
43491.948411 77.428256 46.520548
43100.953058 78.432136 46.520548
42795.850424 79.239993 46.520548
42790.974923 79.027195 46.520548
42668.793718 79.223794 46.520548
42436.098429 79.832330 46.520548
42541.932734 79.207546 46.520548
42364.616814 79.610826 46.520548
42473.944789 78.985810 46.520548
42352.008237 79.183083 46.520548
42288.797933 79.174904 46.520548
42225.636558 79.166713 46.520548
42048.565291 79.571420 46.520548
42099.460602 79.150295 46.520548
42674.156321 77.092400 46.520548
42474.593118 77.490416 46.520548
42548.273948 77.072990 46.520548
42626.531453 76.656308 46.520548
42422.587296 77.053522 46.520548
42429.814046 76.839835 46.520548
42367.093047 76.829922 46.520548
42375.549594 76.616118 46.520548
42171.801159 77.014413 46.520548
42040.362208 77.209442 46.520548
40018.018177 87.124828 46.520548
41177.274693 79.676405 46.520548
41060.697706 79.877754 46.520548
40945.301585 80.079674 46.520548
40990.139236 79.652607 46.520548
40718.051945 80.485210 46.520548
40811.477346 79.846568 46.520548
40749.294582 79.838742 46.520548
40634.143114 80.041378 46.520548
40520.172513 80.244585 46.520548
40563.039874 79.815192 46.520548
40448.035198 80.018259 46.520548
40439.114721 79.799431 46.520548
40377.225541 79.791533 46.520548
40159.728195 80.418679 46.520548
40148.690638 80.199114 46.520548
40036.194486 80.403769 46.520548
40025.254790 80.183864 46.520548
40015.495960 79.963901 46.520548
39851.260902 80.381318 46.520548
39840.467998 80.160900 46.520548
39778.970261 80.153221 46.520548
39666.767693 80.358762 46.520548
39605.367818 80.351220 46.520548
39494.395047 80.557490 46.520548
39533.468620 80.122389 46.520548
39472.215537 80.114651 46.520548
39411.011383 80.106901 46.520548
39200.990683 80.742543 46.520548
38258.529317 86.617986 46.520548
39127.316918 80.512893 46.520548
39017.818598 80.720647 46.520548
39005.348986 80.497934 46.520548
38994.060242 80.275154 46.520548
38933.198602 80.267482 46.520548
38975.025354 79.829416 46.520548
38811.622114 80.252102 46.520548
38701.285440 80.460333 46.520548
38640.619523 80.452777 46.520548
38580.002536 80.445209 46.520548
38519.434479 80.437630 46.520548
38363.067511 80.864058 46.520548
38448.066983 80.205671 46.520548
38338.023893 80.414819 46.520548
38229.161669 80.624566 46.520548
37270.687519 86.797053 46.520548
37227.208717 86.571404 46.520548
37166.983174 86.568624 46.520548
37059.815356 87.236368 46.520548
36986.287811 87.457990 46.520548
36926.209060 87.455922 46.520548
36879.579102 87.229618 46.520548
36849.793746 86.778794 46.520548
36774.198050 87.000588 46.520548
36729.978756 86.773539 46.520548
36639.949123 87.220566 46.520548
37461.152282 80.753781 46.520548
36507.027855 87.441348 46.520548
36447.340548 87.439252 46.520548
36415.633832 86.985844 46.520548
36341.512587 87.209168 46.520548
37071.640301 81.158314 46.520548
37012.148716 81.151154 46.520548
36908.743917 81.365673 46.520548
36849.350193 81.358664 46.520548
36747.175192 81.573945 46.520548
35959.335662 87.649441 46.520548
36715.424748 81.115181 46.520548
36612.264602 81.330516 46.520548
36597.077675 81.100711 46.520548
36368.920576 81.986686 46.520548
36434.964179 81.309285 46.520548
36291.433420 81.749514 46.520548
36360.970694 81.071628 46.520548
36302.066275 81.064328 46.520548
36243.210786 81.057017 46.520548
35424.931533 86.714581 46.520548
36038.854249 81.490936 46.520548
35980.145553 81.483945 46.520548
35921.485786 81.476943 46.520548
35862.874951 81.469929 46.520548
35847.143253 81.237763 46.520548
35877.686503 80.780732 46.520548
35774.128378 80.998092 46.520548
34973.036240 86.462498 46.520548
35613.384937 81.208827 46.520548
34839.557133 86.687065 46.520548
34765.625076 86.915078 46.520548
34723.069419 86.681506 46.520548
34621.303561 87.372543 46.520548
34591.113692 86.907299 46.520548
34518.509293 87.136361 46.520548
34447.085761 87.365903 46.520548
34389.111022 87.363682 46.520548
34344.585076 87.129114 46.520548
34301.239997 86.894245 46.520548
34228.880251 87.124261 46.520548
34201.296768 86.656260 46.520548
34113.371147 87.119393 46.520548
34030.022203 87.583689 46.520548
34012.589565 86.881082 46.520548
33940.474471 87.112059 46.520548
33913.135641 86.642068 46.520548
33872.445878 86.405413 46.520548
33782.549968 86.870470 46.520548
33725.162396 86.867806 46.520548
33700.283160 86.396231 46.520548
33596.002243 87.097278 46.520548
33513.093673 87.565114 46.520548
33455.901822 87.563032 46.520548
33398.758902 87.560947 46.520548
33353.932838 87.323054 46.520548
33284.619853 87.556766 46.520548
33239.891650 87.318463 46.520548
33210.876114 86.843623 46.520548
33720.622920 81.912975 46.520548
33785.472588 81.209577 46.520548
33771.502389 80.970324 46.520548
32983.576626 86.832755 46.520548
33573.519888 81.419635 46.520548
33516.866273 81.412332 46.520548
32785.684120 87.299938 46.520548
32716.860440 87.535645 46.520548
32686.021405 87.057115 46.520548
32629.563512 87.054567 46.520548
32573.154550 87.052016 46.520548
32546.990052 86.572236 46.520548
32475.015215 86.808026 46.520548
32378.553457 87.522796 46.520548
32348.008005 87.041765 46.520548
32306.375494 86.799697 46.520548
32816.905189 81.801624 46.520548
32882.537745 81.088735 46.520548
32826.520227 81.081073 46.520548
32770.551639 81.073398 46.520548
31986.088315 87.507635 46.520548
31942.485515 87.264506 46.520548
31874.395793 87.503270 46.520548
31818.622927 87.501081 46.520548
31762.898992 87.498889 46.520548
31707.223987 87.496692 46.520548
31651.597913 87.494492 46.520548
31608.288696 87.250072 46.520548
31580.692144 86.763098 46.520548
31510.681063 87.002683 46.520548
31485.446245 86.514861 46.520548
31399.869289 86.997394 46.520548
31331.136936 87.237926 46.520548
31263.585449 87.478982 46.520548
31979.724693 80.718637 46.520548
31881.708786 80.948788 46.520548
31826.572017 80.940885 46.520548
31068.608301 86.981415 46.520548
30987.901604 87.467786 46.520548
30945.179553 87.220742 46.520548
30903.638369 86.973361 46.520548
30863.278052 86.725653 46.520548
31496.778945 80.893180 46.520548
30753.640610 86.719815 46.520548
30698.895286 86.716888 46.520548
30603.999304 87.451942 46.520548
30589.551428 86.711019 46.520548
31223.296974 80.853043 46.520548
31168.747371 80.844973 46.520548
31114.246699 80.836890 46.520548
31018.096686 81.070407 46.520548
30963.693875 81.062502 46.520548
30829.339260 81.539600 46.520548
30814.468709 81.289209 46.520548
30800.779024 81.038703 46.520548
30788.270207 80.788089 46.520548
30692.413777 81.022766 46.520548
29963.727080 87.175555 46.520548
29923.066645 86.924123 46.520548
30571.931156 80.755268 46.520548
29801.692979 87.167881 46.520548
29735.511547 87.414975 46.520548
29721.846559 86.663301 46.520548
29653.499115 86.910160 46.520548
29614.264200 86.657239 46.520548
29560.546416 86.654200 46.520548
30112.957035 81.187532 46.520548
30059.337113 81.179613 46.520548
30088.030727 80.680567 46.520548
29346.164586 86.641987 46.520548
29278.159656 86.890398 46.520548
29927.611333 80.655400 46.520548
29874.236063 80.646981 46.520548
29820.909723 80.638547 46.520548
29854.424666 80.137813 46.520548
29714.403835 80.621633 46.520548
29704.054495 80.366404 46.520548
29650.923877 80.357694 46.520548
29597.842190 80.348969 46.520548
29544.809434 80.340228 46.520548
29580.881832 79.837348 46.520548
30157.366937 76.895143 46.520548
30614.649213 74.963683 46.520548
31301.396753 72.596952 46.520548
32101.386858 70.285706 46.520548
32326.553906 69.591814 46.520548
32368.762943 69.349898 46.520548
32707.038113 68.440274 46.520548
33382.129127 66.886173 46.520548
33438.068191 66.650135 46.520548
34060.239431 65.344195 46.520548
34601.143557 64.271039 46.520548
35426.977827 62.806082 46.520548
35635.740647 62.378187 46.520548
36814.470173 60.564803 46.520548
37192.937934 59.957993 46.520548
38032.734536 58.786917 46.520548
38597.886282 58.012690 46.520548
39181.197940 57.249895 46.520548
40454.306209 55.783708 46.520548
41621.244765 54.535918 46.520548
42658.242945 53.490806 46.520548
42791.789779 53.297550 46.520548
43684.181340 52.445158 46.520548
45001.863153 51.291747 46.520548
44950.102590 51.265313 46.520548
46323.347146 50.145634 46.520548
47537.220979 49.208645 46.520548
48791.893453 48.295668 46.520548
50315.832334 47.264775 46.520548
51189.506865 46.678155 46.520548
52800.702707 45.696055 46.520548
53724.280298 45.136699 46.520548
56189.635826 43.821043 46.520548
56655.243803 43.543098 46.520548
58181.923514 42.777505 46.520548
59476.788578 42.150339 46.520548
60246.850851 41.769721 46.520548
61587.091230 41.164270 46.520548
62384.417837 40.796476 46.520548
63480.441198 40.322427 46.520548
63141.003127 40.406236 46.520548
63668.127112 40.157729 46.520548
63327.654965 40.240973 46.520548
63276.824082 40.213778 46.520548
62650.253274 40.408808 46.520548
63464.901440 40.048977 46.520548
63124.625016 40.132061 46.520548
63363.582187 39.994470 46.520548
63312.995957 39.967184 46.520548
63553.182925 39.830108 46.520548
63794.550761 39.693551 46.520548
63161.530848 39.885195 46.520548
63693.720814 39.638904 46.520548
63060.798762 39.830426 46.520548
63301.230383 39.693338 46.520548
63542.842871 39.556770 46.520548
63785.636226 39.420722 46.520548
64621.246413 39.070463 46.520548
64571.149488 39.043082 46.520548
65117.265203 38.803003 46.520548
65067.266139 38.775624 46.520548
65618.007460 38.537583 46.520548
65267.194561 38.615262 46.520548
65518.253984 38.482810 46.520548
64271.595476 38.878350 46.520548
64818.004775 38.638411 46.520548
64768.299294 38.610905 46.520548
63826.095082 38.902595 46.520548
64968.814882 38.450429 46.520548
64919.256193 38.422883 46.520548
64869.746433 38.395316 46.520548
63627.958184 38.792001 46.520548
63283.294272 38.871581 46.520548
62646.823085 39.059861 46.520548
63184.617268 38.816066 46.520548
63135.352161 38.788276 46.520548
63381.387999 38.653274 46.520548
62742.848662 38.840301 46.520548
63283.102439 38.597632 46.520548
62644.660962 38.784523 46.520548
62010.796162 38.973321 46.520548
62253.680843 38.836740 46.520548
62204.758250 38.808751 46.520548
61864.028383 38.889285 46.520548
61234.887050 39.079813 46.520548
61186.111248 39.051689 46.520548
61717.700979 38.805049 46.520548
61088.706437 38.995373 46.520548
24503.730157 83.005542 46.520548
24484.397049 82.725146 46.520548
24378.503894 83.265576 46.520548
436124.733452 13.565657 46.520548
434146.715431 13.583125 46.520548
24109.607900 84.623835 46.520548
24000.698032 85.449467 46.520548
22670.564948 87.039144 46.520548
22649.218435 86.463998 46.520548
22632.448597 85.888368 46.520548
22620.255434 85.312369 46.520548
22573.387923 85.307495 46.520548
22565.820368 84.730645 46.520548
22498.859237 85.011313 46.520548
22452.138518 85.006112 46.520548
22517.743495 83.569978 46.520548
22523.954898 82.992478 46.520548
22663.050226 81.279843 46.520548
22616.525229 81.270808 46.520548
22472.120820 82.114390 46.520548
22457.204528 81.821270 46.520548
22410.826322 81.812753 46.520548
22302.607295 82.375592 46.520548
22455.579442 80.656789 46.520548
22125.750430 83.221292 46.520548
22400.336070 80.353167 46.520548
22431.939377 79.775677 46.520548
22308.117894 80.333057 46.520548
22262.082201 80.322971 46.520548
22376.096907 79.176604 46.520548
23740.495174 72.279644 46.520548
23765.734890 71.995612 46.520548
23792.155472 71.711887 46.520548
23819.756922 71.428485 46.520548
24000.983898 70.618809 46.520548
23654.929145 71.657034 46.520548
23832.858173 70.843669 46.520548
23711.606494 71.088994 46.520548
23591.535681 71.335571 46.520548
23546.038225 71.316880 46.520548
23727.558784 70.502967 46.520548
23682.159189 70.483531 46.520548
23484.363864 70.994227 46.520548
23514.718491 70.709425 46.520548
23173.631858 71.759058 46.520548
23501.050112 70.405411 46.520548
23228.926084 71.185029 46.520548
22438.759189 74.163217 46.520548
22518.980295 73.594236 46.520548
22227.943514 74.686696 46.520548
22124.306976 74.950286 46.520548
260694.749135 16.321127 46.520548
260649.887776 16.304280 46.520548
22108.209467 74.343419 46.520548
259088.029401 16.318031 46.520548
259778.890088 16.277395 46.520548
247383.388456 16.673042 46.520548
250215.420461 16.556985 46.520548
21387.347710 76.815741 46.520548
21445.468325 76.228608 46.520548
21400.998409 76.214025 46.520548
21463.744630 75.627958 46.520548
21474.654083 75.327841 46.520548
21723.717542 73.897724 46.520548
21558.692906 74.444904 46.520548
21514.467643 74.428519 46.520548
21653.114879 73.565613 46.520548
21485.973162 74.112423 46.520548
21564.909005 73.531082 46.520548
21648.421525 72.951926 46.520548
21736.510720 72.375061 46.520548
21692.579040 72.356638 46.520548
21855.290522 71.504673 46.520548
21954.845873 70.933714 46.520548
21984.453474 70.639206 46.520548
22090.898303 70.071989 46.520548
22047.211276 70.051418 46.520548
22003.573179 70.030805 46.520548
21959.984013 70.010152 46.520548
22071.152310 69.444203 46.520548
22106.713176 69.151590 46.520548
22063.270801 69.130118 46.520548
22347.405404 68.031003 46.520548
22304.060891 68.008554 46.520548
22606.404336 66.922871 46.520548
22652.397282 66.636055 46.520548
22791.074565 66.088288 46.520548
22840.561181 65.803521 46.520548
23179.322312 64.746354 46.520548
23234.566470 64.465514 46.520548
23191.564470 64.440147 46.520548
23050.316312 64.670805 46.520548
23510.206981 63.375221 46.520548
23571.306543 63.098077 46.520548
23955.638712 62.078403 46.520548
23912.881364 62.051266 46.520548
23443.034501 63.018627 46.520548
24047.874302 61.506007 46.520548
24117.142072 61.234538 46.520548
24074.580446 61.206743 46.520548
24374.494345 60.453207 46.520548
24804.446481 59.472720 46.520548
24642.229768 59.680247 46.520548
24962.665312 58.945085 46.520548
25043.546028 58.682532 46.520548
25001.277986 58.653072 46.520548
25335.443559 57.929937 46.520548
25166.679880 58.130190 46.520548
25378.877561 57.640916 46.520548
25992.411456 56.481879 46.520548
26084.905119 56.228733 46.520548
26178.579648 55.976488 46.520548
26273.435045 55.725150 46.520548
26508.516106 55.256606 46.520548
26606.865172 55.008153 46.520548
26992.408255 54.332054 46.520548
27095.382928 54.087569 46.520548
27346.506820 53.633559 46.520548
27304.874874 53.601401 46.520548
27710.988534 52.944181 46.520548
27221.757775 53.536937 46.520548
27627.969295 52.879201 46.520548
27890.657203 52.435211 46.520548
28949.360365 50.997268 46.520548
29232.520988 50.572442 46.520548
29355.178954 50.344894 46.520548
29313.938453 50.311490 46.520548
29108.799484 50.472361 46.520548
29562.894845 49.859080 46.520548
29521.801136 49.825455 46.520548
29314.545086 49.984050 46.520548
29607.103714 49.566846 46.520548
30074.978033 48.965755 46.520548
30904.754168 48.007481 46.520548
30687.506414 48.156133 46.520548
30823.104984 47.939178 46.520548
31138.546992 47.542444 46.520548
30565.252825 48.053544 46.520548
31783.161034 46.761033 46.520548
31559.366315 46.903236 46.520548
31702.001156 46.692073 46.520548
32031.271052 46.307213 46.520548
32365.117624 45.926316 46.520548
32136.990881 46.064290 46.520548
33046.540796 45.176301 46.520548
33589.759012 44.641381 46.520548
32773.722278 45.275386 46.520548
33509.284160 44.571713 46.520548
33863.799170 44.208246 46.520548
34222.890855 43.848588 46.520548
34384.125984 43.652699 46.520548
34344.108745 43.617710 46.520548
34102.839140 43.743595 46.520548
35080.745612 42.913382 46.520548
34630.349016 43.193539 46.520548
35416.107542 42.531717 46.520548
35795.916596 42.188791 46.520548
35756.192941 42.153675 46.520548
