126374.239103 56.277404 120.493151
126281.768347 56.263403 120.493151
125597.710557 56.451648 120.493151
125211.217585 56.539174 120.493151
125118.893621 56.525205 120.493151
124733.630447 56.613012 120.493151
124934.392485 56.497235 120.493151
124842.215313 56.483235 120.493151
125339.459163 56.266242 120.493151
125543.763803 56.151026 120.493151
125155.349471 56.238106 120.493151
125359.751972 56.122829 120.493151
124382.063409 56.413078 120.493151
125175.935863 56.094590 120.493151
124492.465240 56.283206 120.493151
124695.931526 56.167586 120.493151
124308.942714 56.254988 120.493151
123630.146627 56.444702 120.493151
123831.495832 56.328547 120.493151
122864.337211 56.621396 120.493151
123355.376609 56.402390 120.493151
123556.872606 56.286140 120.493151
123172.441250 56.374130 120.493151
123668.155185 56.155893 120.493151
123282.689754 56.243640 120.493151
123485.513409 56.127486 120.493151
123985.901881 55.910024 120.493151
123598.319369 55.997274 120.493151
123211.917723 56.084797 120.493151
123416.069036 55.968742 120.493151
122735.645174 56.158354 120.493151
122938.762412 56.042013 120.493151
123143.060517 55.925864 120.493151
123052.155538 55.911551 120.493151
122371.927398 56.101286 120.493151
122870.492372 55.882892 120.493151
122779.734185 55.868547 120.493151
122689.024928 55.854191 120.493151
122008.992510 56.044048 120.493151
122507.753207 55.825447 120.493151
122417.190741 55.811060 120.493151
122326.677207 55.796661 120.493151
122236.212603 55.782252 120.493151
121850.544915 55.869923 120.493151
120881.213747 56.163333 120.493151
121669.860359 55.841093 120.493151
121579.591477 55.826661 120.493151
121195.251448 55.914639 120.493151
120812.092286 56.002897 120.493151
121014.958337 55.885764 120.493151
121219.005255 55.768828 120.493151
120541.872806 55.959598 120.493151
121334.257740 55.637573 120.493151
120949.079358 55.725341 120.493151
120565.081842 55.813387 120.493151
120182.265193 55.901714 120.493151
120679.593836 55.681756 120.493151
120885.115204 55.564831 120.493151
121091.817439 55.448105 120.493151
120705.800703 55.535658 120.493151
119442.000409 55.932307 120.493151
120526.681924 55.506442 120.493151
120437.195930 55.491818 120.493151
119758.386775 55.682427 120.493151
119963.118720 55.565053 120.493151
119286.671299 55.756247 120.493151
119490.369168 55.638578 120.493151
119695.247905 55.521110 120.493151
119311.935417 55.609291 120.493151
119516.912015 55.491760 120.493151
118258.128772 55.890155 120.493151
119338.771846 55.462366 120.493151
119249.775158 55.447653 120.493151
118866.707322 55.535880 120.493151
118777.808494 55.521165 120.493151
118983.078675 55.403447 120.493151
119189.529723 55.285932 120.493151
119100.777687 55.271144 120.493151
118716.822567 55.359142 120.493151
118334.048315 55.447424 120.493151
118539.563148 55.329550 120.493151
118451.006834 55.314737 120.493151
118362.499451 55.299914 120.493151
117686.932779 55.491643 120.493151
117891.511398 55.373407 120.493151
118392.522899 55.152440 120.493151
117421.851004 55.447194 120.493151
117920.696492 55.225629 120.493151
118127.734706 55.107743 120.493151
118039.569837 55.092821 120.493151
117362.081806 55.284219 120.493151
117863.386889 55.062945 120.493151
117775.368811 55.047990 120.493151
117983.783614 54.930188 120.493151
117599.479446 55.018047 120.493151
117511.608160 55.003059 120.493151
117423.785804 54.988060 120.493151
117336.012378 54.973049 120.493151
117248.287883 54.958027 120.493151
117160.612319 54.942994 120.493151
116777.733671 55.031183 120.493151
116985.407981 54.912893 120.493151
116602.627194 55.001099 120.493151
116515.147352 54.986041 120.493151
116427.716440 54.970971 120.493151
116046.214381 55.059483 120.493151
114505.259986 55.566424 120.493151
135884.365484 49.174150 120.493151
135797.130294 49.158251 120.493151
136437.412362 48.965820 120.493151
136715.707101 48.861972 120.493151
136263.186635 48.933943 120.493151
136176.147167 48.917989 120.493151
135724.856498 48.990195 120.493151
136002.215023 48.886051 120.493151
136280.754415 48.782119 120.493151
136193.910669 48.766117 120.493151
136473.679859 48.662382 120.493151
136386.933974 48.646354 120.493151
135568.240947 48.806026 120.493151
135481.592924 48.789990 120.493151
135760.425899 48.685958 120.493151
136040.439741 48.582139 120.493151
135587.374504 48.653823 120.493151
136235.182148 48.462439 120.493151
136517.606654 48.359032 120.493151
136062.424337 48.430218 120.493151
136714.906517 48.239702 120.493151
136628.649938 48.223555 120.493151
135803.654598 48.381809 120.493151
136086.323757 48.278322 120.493151
135263.690151 48.437059 120.493151
135914.153112 48.245966 120.493151
135828.141185 48.229773 120.493151
135373.350312 48.300922 120.493151
135287.436246 48.284714 120.493151
135570.398988 48.181132 120.493151
134748.058965 48.339875 120.493151
135029.987632 48.236028 120.493151
135683.056979 48.045255 120.493151
135597.387566 48.028985 120.493151
135141.807270 48.099857 120.493151
134319.711900 48.258605 120.493151
134970.713096 48.067275 120.493151
134885.239405 48.050969 120.493151
134063.290826 48.209719 120.493151
133977.914996 48.193403 120.493151
134629.111915 48.001988 120.493151
134543.833946 47.985640 120.493151
134089.777030 48.056716 120.493151
134004.596922 48.040353 120.493151
134288.293622 47.936534 120.493151
133834.383498 48.007595 120.493151
133749.350181 47.991201 120.493151
132564.673782 48.238629 120.493151
133948.258217 47.870914 120.493151
134233.331506 47.767253 120.493151
133042.010280 48.013236 120.493151
133693.745434 47.821590 120.493151
133978.965514 47.717883 120.493151
133894.274711 47.701406 120.493151
132703.149208 47.947408 120.493151
132986.252207 47.843180 120.493151
132901.708196 47.826681 120.493151
133186.040992 47.722660 120.493151
133101.594842 47.706136 120.493151
132648.369745 47.777121 120.493151
133302.809147 47.585771 120.493151
133218.509788 47.569210 120.493151
132764.299546 47.639931 120.493151
131943.574231 47.798677 120.493151
132965.905295 47.519464 120.493151
132511.841845 47.590167 120.493151
132797.746953 47.486248 120.493151
132343.781364 47.556938 120.493151
132259.824519 47.540308 120.493151
131807.088727 47.611235 120.493151
130988.969798 47.770470 120.493151
130905.159745 47.753822 120.493151
129728.498227 48.002866 120.493151
130737.686429 47.720494 120.493151
75414.261415 76.802795 120.493151
75425.546364 76.642540 120.493151
75341.980963 76.634998 120.493151
75451.658862 76.322110 120.493151
75271.028169 76.467041 120.493151
75187.609560 76.459393 120.493151
75008.208665 76.604742 120.493151
75020.919133 76.444071 120.493151
74937.647315 76.436398 120.493151
74663.493932 76.735404 120.493151
74771.250471 76.421025 120.493151
74592.094229 76.566733 120.493151
70599.694832 87.673382 120.493151
70501.003931 87.834216 120.493151
70450.485103 87.508377 120.493151
70385.483407 87.344591 120.493151
70321.662578 87.180654 120.493151
70219.771591 87.341457 120.493151
70136.989078 87.339887 120.493151
70073.315041 87.175659 120.493151
69936.847565 87.662376 120.493151
69888.935124 87.335168 120.493151
69755.961319 87.822675 120.493151
69705.882866 87.495096 120.493151
69590.934529 87.820094 120.493151
69524.158266 87.655444 120.493151
69426.103462 87.817506 120.493151
69376.220731 87.489148 120.493151
69261.468117 87.814913 120.493151
73104.210877 76.428130 120.493151
69129.487901 87.484669 120.493151
69030.545813 87.647072 120.493151
68948.448328 87.645671 120.493151
68866.399774 87.644268 120.493151
68801.195821 87.478671 120.493151
68719.245127 87.477167 120.493151
68620.547693 87.640049 120.493151
68538.694860 87.638640 120.493151
68441.227223 87.801852 120.493151
68359.472251 87.800537 120.493151
68263.234411 87.964077 120.493151
68211.772835 87.632985 120.493151
68114.500919 87.796583 120.493151
68048.605405 87.630147 120.493151
67936.899552 87.959191 120.493151
67885.633698 87.627302 120.493151
67774.025705 87.956739 120.493151
67757.580992 87.293549 120.493151
67641.543115 87.623023 120.493151
67544.613714 87.787303 120.493151
67448.865179 87.951818 120.493151
67382.229172 87.784637 120.493151
67301.110298 87.783302 120.493151
67252.499760 87.449786 120.493151
67154.683075 87.614417 120.493151
67058.047256 87.779286 120.493151
66949.192442 88.110873 120.493151
66896.249881 87.776601 120.493151
66865.811604 87.275548 120.493151
66785.035243 87.273900 120.493151
66686.380204 87.438977 120.493151
66623.629312 87.270597 120.493151
66525.072135 87.435872 120.493151
71136.963074 74.903076 120.493151
71161.518072 74.738320 120.493151
71187.253937 74.573622 120.493151
71214.170670 74.408984 120.493151
66140.585852 87.260641 120.493151
70946.099186 74.546772 120.493151
65979.962810 87.257306 120.493151
65865.001405 87.591161 120.493151
65784.812210 87.589692 120.493151
65689.008210 87.756252 120.493151
70870.600760 74.033733 120.493151
70680.943904 74.180338 120.493151
70600.950431 74.171144 120.493151
70521.005889 74.161939 120.493151
70441.110277 74.152723 120.493151
70470.878048 73.987302 120.493151
70501.826686 73.821953 120.493151
70201.717024 74.125014 120.493151
70342.377976 73.803124 120.493151
70151.980628 73.949968 120.493151
64826.358451 87.571929 120.493151
70215.450215 73.618610 120.493151
69803.706881 74.078621 120.493151
69724.251644 74.069311 120.493151
69865.206178 73.746379 120.493151
69897.727127 73.580370 120.493151
69931.428943 73.414440 120.493151
69739.159167 73.561185 120.493151
64226.026999 87.220079 120.493151
69580.786928 73.541956 120.493151
69501.674204 73.532325 120.493151
63970.761221 87.385146 120.493151
63874.950686 87.553902 120.493151
63812.780426 87.381909 120.493151
63751.791033 87.209751 120.493151
63622.535947 87.720086 120.493151
63576.176213 87.377039 120.493151
63450.414798 87.888240 120.493151
63358.293656 88.058057 120.493151
63307.552968 87.714418 120.493151
63261.388957 87.370516 120.493151
63200.742077 87.197603 120.493151
63104.288912 87.367243 120.493151
63043.739893 87.194113 120.493151
62947.384589 87.363962 120.493151
62886.933431 87.190614 120.493151
62758.216581 87.704432 120.493151
62730.322691 87.187107 120.493151
62573.772041 88.045916 120.493151
62573.907673 87.183590 120.493151
62461.050280 87.526354 120.493151
62436.747922 87.007770 120.493151
62358.711670 87.005897 120.493151
62243.737196 87.349093 120.493151
62183.726413 87.174761 120.493151
62055.449937 87.691463 120.493151
68038.288676 72.486683 120.493151
68079.167020 72.318804 120.493151
67882.754408 72.465981 120.493151
61813.827959 86.992717 120.493151
67846.085805 72.287454 120.493151
61658.587274 86.988931 120.493151
67810.744860 72.108832 120.493151
61523.733791 86.811595 120.493151
61426.093225 86.983232 120.493151
61329.633525 87.155141 120.493151
61291.533325 86.805555 120.493151
61214.231031 86.803537 120.493151
67589.490288 71.729730 120.493151
67512.285854 71.718917 120.493151
67313.064599 71.865835 120.493151
60866.260134 87.144323 120.493151
60808.262037 86.967931 120.493151
60731.253326 86.966008 120.493151
60617.306393 87.313739 120.493151
60540.395543 87.312032 120.493151
66973.224876 71.642879 120.493151
67019.609576 71.473948 120.493151
66819.647828 71.621041 120.493151
66866.130389 71.451924 120.493151
67165.848876 70.967876 120.493151
66837.176550 71.271802 120.493151
66760.608213 71.260665 120.493151
66809.550368 71.091604 120.493151
66607.618332 71.238354 120.493151
66656.658348 71.069106 120.493151
66454.824172 71.215991 120.493151
66378.500488 71.204791 120.493151
66302.225735 71.193577 120.493151
65735.473030 71.818899 120.493151
66149.823020 71.171111 120.493151
66325.750117 70.843052 120.493151
66123.077588 70.989959 120.493151
59221.545992 86.750148 120.493151
59125.373341 86.925042 120.493151
59049.441101 86.923064 120.493151
58954.498247 87.098352 120.493151
58897.723413 86.919099 120.493151
58802.878421 87.094610 120.493151
58746.201447 86.915125 120.493151
58633.526708 87.268640 120.493151
58525.428644 87.622822 120.493151
65619.297385 70.557814 120.493151
65416.031156 70.705071 120.493151
65340.539290 70.693486 120.493151
65521.679160 70.364061 120.493151
65317.427786 70.511127 120.493151
65370.940083 70.340504 120.493151
58066.774661 86.897112 120.493151
57991.527449 86.895098 120.493151
57916.329167 86.893081 120.493151
65200.038401 70.134304 120.493151
65124.937980 70.122370 120.493151
57637.245080 87.424854 120.493151
65371.643468 69.622900 120.493151
64899.930300 70.086487 120.493151
64695.036295 70.233820 120.493151
64620.180526 70.221897 120.493151
57279.517258 87.236521 120.493151
57204.759351 87.234715 120.493151
64395.906804 70.186047 120.493151
64714.610488 69.695872 120.493151
64639.999372 69.683640 120.493151
64698.822303 69.512488 120.493151
64358.670753 69.818448 120.493151
64416.459608 69.646861 120.493151
64342.044214 69.634573 120.493151
64401.062867 69.463047 120.493151
64461.262387 69.291681 120.493151
64522.642773 69.120475 120.493151
64044.871945 69.585278 120.493151
64374.252361 69.095298 120.493151
64300.130550 69.082687 120.493151
64226.057670 69.070062 120.493151
56167.764454 86.480672 120.493151
64352.752488 68.727411 120.493151
64004.132613 69.032099 120.493151
64204.949241 68.701747 120.493151
63993.208153 68.847635 120.493151
63782.647931 68.994005 120.493151
63845.698489 68.822038 120.493151
63772.017054 68.809217 120.493151
63698.384548 68.796382 120.493151
63624.800973 68.783532 120.493151
63551.266329 68.770666 120.493151
63477.780615 68.757786 120.493151
63267.562907 68.904602 120.493151
63468.868841 68.572539 120.493151
63395.529918 68.559536 120.493151
62911.897152 69.026356 120.493151
63248.998866 68.533484 120.493151
63175.806735 68.520436 120.493151
62827.969749 68.827391 120.493151
63308.790797 68.175522 120.493151
63377.054128 68.003340 120.493151
62883.527518 68.468092 120.493151
62949.624837 68.295171 120.493151
63158.211694 67.963271 120.493151
63085.362077 67.949883 120.493151
63155.001997 67.777521 120.493151
63082.250241 67.764026 120.493151
62725.798139 68.069100 120.493151
62936.893521 67.736989 120.493151
62864.288556 67.723448 120.493151
62791.732522 67.709890 120.493151
62576.784812 67.855737 120.493151
62504.326639 67.842225 120.493151
62717.930547 67.509915 120.493151
62359.557085 67.815154 120.493151
62573.258854 67.482506 120.493151
62500.996403 67.468778 120.493151
62428.782883 67.455034 120.493151
61789.119739 68.081838 120.493151
61857.180814 67.907604 120.493151
53168.427450 87.131586 120.493151
62140.418107 67.399899 120.493151
62213.153719 67.226548 120.493151
62141.233781 67.212631 120.493151
62069.362775 67.198699 120.493151
61852.836219 67.344507 120.493151
61637.490531 67.490824 120.493151
61854.043338 67.156806 120.493151
61782.368053 67.142809 120.493151
61566.037220 67.288857 120.493151
61785.000692 66.955005 120.493151
60716.387952 68.067632 120.493151
61641.992636 66.926745 120.493151
61280.021109 67.232948 120.493151
61499.180303 66.898419 120.493151
61137.306637 67.204896 120.493151
61210.727276 67.030246 120.493151
61432.297134 66.695896 120.493151
61068.306387 67.001942 120.493151
61143.005754 66.827317 120.493151
60781.376740 67.134478 120.493151
61147.846800 66.638545 120.493151
61224.956831 66.464262 120.493151
61154.015504 66.449790 120.493151
61083.123108 66.435302 120.493151
60717.211001 66.741447 120.493151
60793.384818 66.566482 120.493151
60722.639214 66.552019 120.493151
60651.942540 66.537539 120.493151
60288.490028 66.845080 120.493151
60510.695983 66.508528 120.493151
60293.177748 66.654974 120.493151
59932.135901 66.963784 120.493151
60006.388359 66.787537 120.493151
59647.708245 67.097483 120.493151
60306.536163 66.274817 120.493151
60236.230933 66.260126 120.493151
60165.974634 66.245417 120.493151
60095.767265 66.230691 120.493151
59584.703770 66.700714 120.493151
59369.889783 66.848643 120.493151
59737.338453 66.347753 120.493151
59815.427094 66.171614 120.493151
59894.696603 65.995706 120.493151
59527.450304 66.303545 120.493151
59605.685737 66.127125 120.493151
59094.964756 66.598643 120.493151
58880.493282 66.747000 120.493151
59248.284466 66.244357 120.493151
59326.715621 66.067562 120.493151
59406.327643 65.891002 120.493151
58892.455505 66.362298 120.493151
59417.598190 65.699559 120.493151
59197.760618 65.845865 120.493151
59278.700298 65.669264 120.493151
58909.728362 65.977692 120.493151
58840.401743 65.962651 120.493151
58771.124054 65.947594 120.493151
58851.127520 65.770283 120.493151
58632.715467 65.917424 120.493151
58863.180955 65.577952 120.493151
58794.098988 65.562671 120.493151
58725.065952 65.547372 120.493151
58807.577944 65.370270 120.493151
58436.782509 65.678996 120.493151
58518.260426 65.501366 120.493151
58600.919209 65.323985 120.493151
58380.634727 65.470605 120.493151
58311.895274 65.455198 120.493151
58394.700849 65.277536 120.493151
58326.059256 65.262017 120.493151
57955.606336 65.571675 120.493151
58037.426766 65.393385 120.493151
58120.428062 65.215349 120.493151
58204.610226 65.037568 120.493151
57983.585253 65.184145 120.493151
58067.865277 65.006177 120.493151
57846.938165 65.152868 120.493151
57778.688016 65.137201 120.493151
57710.486799 65.121516 120.493151
57642.334512 65.105813 120.493151
57726.859189 64.927377 120.493151
57506.176729 65.074350 120.493151
57744.559237 64.733296 120.493151
57522.842702 64.879874 120.493151
57150.810936 65.190465 120.493151
57082.952232 65.174725 120.493151
57166.638556 64.995367 120.493151
57098.877713 64.979514 120.493151
57031.165801 64.963643 120.493151
56963.502819 64.947752 120.493151
56744.392670 65.095748 120.493151
56526.463388 65.244315 120.493151
56913.435490 64.736349 120.493151
56845.968230 64.720307 120.493151
56778.549901 64.704246 120.493151
56864.940472 64.524762 120.493151
56491.232000 64.835988 120.493151
56730.348466 64.492394 120.493151
56356.737855 64.803884 120.493151
56289.564178 64.787804 120.493151
56375.067466 64.607478 120.493151
56461.751620 64.427428 120.493151
56240.964765 64.575069 120.493151
56021.358776 64.723288 120.493151
55954.429752 64.707111 120.493151
55288.356887 65.353813 120.493151
56127.106500 64.345786 120.493151
55753.936263 64.658464 120.493151
55839.830995 64.477375 120.493151
56081.798500 64.132561 120.493151
55706.511182 64.444655 120.493151
55948.576549 64.099501 120.493151
55882.038969 64.082941 120.493151
55660.658413 64.230666 120.493151
55749.110600 64.049762 120.493151
55838.743655 63.869147 120.493151
55929.557576 63.688823 120.493151
56021.552364 63.508794 120.493151
55955.308367 63.491895 120.493151
55889.113301 63.474975 120.493151
55822.967165 63.458036 120.493151
55598.582244 63.604590 120.493151
55690.821685 63.424097 120.493151
55784.241993 63.243903 120.493151
55718.291579 63.226811 120.493151
55812.941684 63.046830 120.493151
55427.117891 63.355976 120.493151
55203.026553 63.502848 120.493151
55295.559577 63.321795 120.493151
55229.853816 63.304673 120.493151
55484.168226 62.960605 120.493151
55418.560326 62.943298 120.493151
55192.449768 63.089342 120.493151
55287.491317 62.908624 120.493151
55222.030208 62.891257 120.493151
55156.618030 62.873868 120.493151
55091.254783 62.856459 120.493151
55025.940466 62.839030 120.493151
54800.123491 62.985381 120.493151
54260.043888 63.462477 120.493151
54669.739510 62.950561 120.493151
54445.201263 63.097619 120.493151
54539.551251 62.915659 120.493151
54156.823149 63.227947 120.493151
54409.558713 62.880674 120.493151
54026.928473 63.193212 120.493151
54279.761898 62.845604 120.493151
54214.936886 62.828038 120.493151
54150.160805 62.810451 120.493151
53926.014002 62.957924 120.493151
53703.048067 63.106010 120.493151
53956.126144 62.757564 120.493151
53732.126133 62.905192 120.493151
53827.014357 62.722200 120.493151
53444.824491 63.035869 120.493151
53380.390923 63.018281 120.493151
53158.850507 63.167249 120.493151
53094.514800 63.149693 120.493151
53030.228024 63.132116 120.493151
52348.686425 63.786654 120.493151
52745.777421 63.264268 120.493151
52837.661279 63.079256 120.493151
52773.570225 63.061593 120.493151
52092.224348 63.717277 120.493151
52180.859189 63.530716 120.493151
51812.790795 63.852199 120.493151
52053.019595 63.495700 120.493151
52142.933163 63.309260 120.493151
52079.135692 63.291621 120.493151
51557.503051 63.782626 120.493151
51951.687542 63.256277 120.493151
51888.036863 63.238573 120.493151
51824.435114 63.220847 120.493151
51607.122326 63.372466 120.493151
51543.618438 63.354774 120.493151
51480.163481 63.337060 120.493151
51264.129420 63.489430 120.493151
51200.772324 63.471752 120.493151
50985.968061 63.624821 120.493151
51226.832957 63.265987 120.493151
51317.382622 63.078253 120.493151
51100.461278 63.230319 120.493151
51037.348835 63.212452 120.493151
50974.285321 63.194562 120.493151
50911.270739 63.176651 120.493151
50848.305087 63.158717 120.493151
50939.148335 62.970382 120.493151
50722.520574 63.122783 120.493151
50659.701714 63.104783 120.493151
50292.807652 63.429539 120.493151
50230.086653 63.411653 120.493151
50167.414584 63.393745 120.493151
50104.791446 63.375814 120.493151
49891.853077 63.530348 120.493151
49829.327799 63.512453 120.493151
50068.711711 63.149759 120.493151
50006.284295 63.131658 120.493151
50096.533843 62.941770 120.493151
49730.080156 63.267758 120.493151
49971.923663 62.905297 120.493151
49757.063935 63.059029 120.493151
49694.881171 63.040815 120.493151
49481.251240 63.195268 120.493151
49119.569952 63.524214 120.493151
49206.766204 63.332266 120.493151
49144.779163 63.314122 120.493151
48933.608827 63.470029 120.493151
49322.812129 62.931050 120.493151
48959.111621 63.259554 120.493151
49199.180560 62.894277 120.493151
48985.942073 63.049191 120.493151
49075.744712 62.857413 120.493151
49014.100184 62.838946 120.493151
48952.504587 62.820455 120.493151
48589.097661 63.149794 120.493151
38827.251759 85.765938 120.493151
38744.479536 85.980964 120.493151
38726.858431 85.540776 120.493151
48493.764459 62.901634 120.493151
48583.958543 62.709023 120.493151
48829.093463 62.343721 120.493151
48614.129339 62.498015 120.493151
48400.346083 62.652990 120.493151
48339.239790 62.634266 120.493151
48126.686331 62.789983 120.493151
48065.677900 62.771292 120.493151
48156.214497 62.577949 120.493151
47793.443668 62.909098 120.493151
47882.946189 62.715075 120.493151
47973.629577 62.521418 120.493151
47611.005540 62.852985 120.493151
47852.150951 62.483611 120.493151
47192.292261 63.168462 120.493151
47579.371948 62.620904 120.493151
47368.439731 62.777833 120.493151
47307.920605 62.758985 120.493151
47397.814570 62.564113 120.493151
47488.889403 62.369613 120.493151
47126.656810 62.702296 120.493151
47216.697567 62.507104 120.493151
47006.058932 62.664382 120.493151
47096.197550 62.468977 120.493151
37106.806562 86.565839 120.493151
37046.678880 86.563050 120.493151
46468.117830 62.943280 120.493151
46855.784684 62.392429 120.493151
46795.803793 62.373231 120.493151
46141.206807 63.065052 120.493151
36825.276478 85.652155 120.493151
36765.442379 85.648611 120.493151
46556.369537 62.296191 120.493151
46346.269138 62.454107 120.493151
46286.581831 62.434843 120.493151
46226.943454 62.415555 120.493151
46167.354008 62.396241 120.493151
36407.465327 85.627230 120.493151
36306.458844 86.074767 120.493151
36310.986441 85.394512 120.493151
36207.813946 85.842324 120.493151
36169.792570 85.612858 120.493151
36089.173290 85.835483 120.493151
36073.705128 85.379358 120.493151
35992.051772 85.602018 120.493151
35872.328259 86.279142 120.493151
35832.287662 86.048840 120.493151
35754.176907 86.272991 120.493151
35734.425652 85.814826 120.493151
35655.280822 86.039029 120.493151
35616.567884 85.807895 120.493151
35579.035812 85.576514 120.493151
45071.345195 62.263210 120.493151
45012.587568 62.243551 120.493151
35361.248033 86.022568 120.493151
35322.779747 85.790467 120.493151
35243.977431 86.015946 120.493151
35205.607006 85.783455 120.493151
35147.094031 85.779940 120.493151
35088.629987 85.776419 120.493151
35030.214873 85.772893 120.493151
34971.848690 85.769360 120.493151
44485.970795 62.065457 120.493151
34876.586532 85.532100 120.493151
34818.367141 85.528359 120.493151
34738.873263 85.755172 120.493151
34702.075149 85.520857 120.493151
34622.679132 85.748042 120.493151
34564.655462 85.744468 120.493151
34486.489243 85.972358 120.493151
34428.563434 85.968965 120.493151
34370.686556 85.965567 120.493151
34275.871456 86.426657 120.493151
34275.271072 85.726508 120.493151
34160.362353 86.420613 120.493151
34139.668349 85.951917 120.493151
34062.976580 86.181456 120.493151
34044.644310 85.712030 120.493151
33947.858920 86.174978 120.493151
33872.445878 86.405413 120.493151
33851.996527 85.934725 120.493151
33775.549410 86.165219 120.493151
33737.270312 85.927807 120.493151
33642.993448 86.393160 120.493151
33603.680275 86.155410 120.493151
33585.739449 85.682780 120.493151
33549.919946 85.444436 120.493151
33432.251514 86.145551 120.493151
33414.457480 85.671708 120.493151
33337.269871 85.903408 120.493151
33261.263128 86.135641 120.493151
33186.437253 86.368401 120.493151
33129.587916 86.365282 120.493151
33109.774661 85.889334 120.493151
33016.036033 86.359029 120.493151
32959.333488 86.355894 120.493151
32920.607481 86.115668 120.493151
32883.062340 85.875164 120.493151
32846.698067 85.634389 120.493151
32733.012611 86.343301 120.493151
32713.541870 85.864472 120.493151
32638.073363 86.098866 120.493151
32581.713331 86.095488 120.493151
32525.402230 86.092104 120.493151
32469.140059 86.088715 120.493151
32378.203539 86.563303 120.493151
32356.762509 86.081918 120.493151
32300.647130 86.078511 120.493151
32209.857401 86.554323 120.493151
32170.635555 86.311434 120.493151
32132.594575 86.068253 120.493151
32076.674918 86.064822 120.493151
31986.080912 86.542276 120.493151
31930.259115 86.539251 120.493151
31874.486250 86.536221 120.493151
31835.557986 86.292046 120.493151
40823.891436 61.697323 120.493151
40768.265362 61.676279 120.493151
31668.679764 86.282276 120.493151
31596.355879 86.520990 120.493151
31557.672268 86.275733 120.493151
31520.169524 86.030180 120.493151
31464.788103 86.026682 120.493151
31391.528004 86.265877 120.493151
31373.231596 85.776901 120.493151
31298.937421 86.016152 120.493151
31243.751722 86.012630 120.493151
31170.687345 86.252654 120.493151
31115.599507 86.249333 120.493151
31078.488207 86.002025 120.493151
31042.557774 85.754426 120.493151
30968.557183 85.994924 120.493151
30913.665066 85.991364 120.493151
30840.894273 86.232642 120.493151
30823.087170 85.739310 120.493151
30788.533325 85.490540 120.493151
30713.645451 85.731712 120.493151
30700.512885 85.237252 120.493151
30585.339909 85.969870 120.493151
30570.041332 85.474420 120.493151
30441.566355 86.455534 120.493151
39447.918740 61.162478 120.493151
39538.220408 60.950845 120.493151
39483.866527 60.928946 120.493151
39429.561577 60.907016 120.493151
39230.601078 61.075183 120.493151
39321.098469 60.863067 120.493151
38978.663288 61.222365 120.493151
38782.113453 61.392303 120.493151
38586.744485 61.563102 120.493151
38392.556384 61.734765 120.493151
38199.549150 61.907297 120.493151
37870.941858 62.276415 120.493151
37546.911242 62.648728 120.493151
37627.612649 62.430131 120.493151
37305.943767 62.804310 120.493151
36988.851560 63.181706 120.493151
36805.193400 63.361145 120.493151
36118.605989 64.353702 120.493151
36441.419681 63.722710 120.493151
36387.897619 63.701910 120.493151
29325.150862 86.136362 120.493151
29224.735455 86.887555 120.493151
29185.891984 86.632769 120.493151
29132.565644 86.629685 120.493151
28773.435559 87.372083 120.493151
30930.460114 74.280012 120.493151
31407.119752 72.627201 120.493151
31044.816721 73.545966 120.493151
32063.803427 70.529200 120.493151
32570.223575 69.161427 120.493151
35038.616809 64.188299 120.493151
35485.508939 63.343593 120.493151
37181.589305 60.724686 120.493151
37271.437530 60.507231 120.493151
39491.335541 57.651890 120.493151
42682.882314 54.277801 120.493151
42995.685418 53.915032 120.493151
45427.769066 51.765098 120.493151
45975.929419 51.265518 120.493151
49963.423170 48.381157 120.493151
49466.689062 48.644163 120.493151
54552.840751 45.569770 120.493151
54994.978183 45.280505 120.493151
59864.446074 42.875606 120.493151
63700.289938 41.222511 120.493151
64221.809706 40.971738 120.493151
65038.630418 40.612735 120.493151
65278.579269 40.476289 120.493151
65226.720844 40.449597 120.493151
65467.899492 40.313648 120.493151
64540.570314 40.616064 120.493151
65658.547375 40.151478 120.493151
65902.136687 40.016527 120.493151
66146.906866 39.882074 120.493151
65503.706060 40.071186 120.493151
65452.190150 40.044380 120.493151
64813.614951 40.235294 120.493151
65055.185043 40.099312 120.493151
64418.971577 40.291081 120.493151
64367.651389 40.264138 120.493151
64316.380131 40.237173 120.493151
63684.841202 40.430728 120.493151
64213.984407 40.183178 120.493151
64454.716146 40.046660 120.493151
64696.628751 39.910653 120.493151
64645.602146 39.883617 120.493151
65480.380514 39.532701 120.493151
65133.067819 39.613123 120.493151
65676.087843 39.371699 120.493151
65327.741073 39.451572 120.493151
65574.475007 39.317590 120.493151
64634.590133 39.612602 120.493151
66674.440805 38.840799 120.493151
66623.805644 38.813755 120.493151
66573.219413 38.786691 120.493151
66825.857682 38.655217 120.493151
67079.676817 38.524240 120.493151
67641.248197 38.290827 120.493151
66371.363796 38.678230 120.493151
66321.022218 38.651064 120.493151
66573.905139 38.519598 120.493151
66220.485853 38.596668 120.493151
65567.335739 38.779341 120.493151
64918.762300 38.963837 120.493151
63685.393445 39.365855 120.493151
63635.345450 39.338389 120.493151
63585.346386 39.310902 120.493151
62370.235304 39.720518 120.493151
63192.506907 39.364366 120.493151
63142.654634 39.336792 120.493151
63385.839434 39.200737 120.493151
62751.240675 39.390524 120.493151
63580.499619 39.037608 120.493151
62651.878643 39.335183 120.493151
63187.115370 39.090225 120.493151
63137.556680 39.062542 120.493151
63382.166999 38.927010 120.493151
62745.597951 39.115422 120.493151
63578.546286 38.764299 120.493151
62354.966880 39.168632 120.493151
62890.497190 38.923805 120.493151
62256.387736 39.112939 120.493151
62207.171560 39.085060 120.493151
61289.227318 39.386280 120.493151
24762.008913 85.794822 120.493151
24652.548460 86.885861 120.493151
24456.760228 86.873408 120.493151
24395.667570 87.145839 120.493151
24387.091356 86.315923 120.493151
24249.486957 87.137242 120.493151
24213.125873 86.857702 120.493151
24192.477456 86.301114 120.493151
24129.414508 86.574304 120.493151
23958.446856 87.119892 120.493151
23922.379356 86.838645 120.493151
23585.401424 86.816118 120.493151
23525.189515 87.093470 120.493151
23502.962252 86.528895 120.493151
23441.716268 86.806365 120.493151
23393.919077 86.803101 120.493151
23374.102478 86.236827 120.493151
23326.403148 86.232976 120.493151
23329.139763 85.384295 120.493151
255921.342144 17.495721 120.493151
254424.145886 17.530157 120.493151
23247.056590 84.524706 120.493151
23158.087015 85.083008 120.493151
23174.651519 84.231616 120.493151
23150.881993 83.943837 120.493151
23154.144495 83.374231 120.493151
23010.272509 84.496521 120.493151
23033.824353 83.642720 120.493151
22986.663259 83.636174 120.493151
22914.831869 83.912607 120.493151
22892.487862 83.623044 120.493151
22820.754333 83.900024 120.493151
22773.788961 83.893714 120.493151
22726.872519 83.887390 120.493151
22704.724234 83.596620 120.493151
22657.905654 83.589980 120.493151
22636.987166 83.298630 120.493151
22617.249546 83.007018 120.493151
22543.594658 83.284700 120.493151
22471.120637 83.563282 120.493151
22477.380970 82.985186 120.493151
22403.872874 83.263695 120.493151
22384.379906 82.970555 120.493151
23436.822997 75.678213 120.493151
23447.990171 75.390991 120.493151
23460.338212 75.103913 120.493151
23355.380551 75.361409 120.493151
23309.149137 75.346575 120.493151
24114.062804 71.838655 120.493151
24291.502528 71.032354 120.493151
24095.237117 71.538811 120.493151
24049.201425 71.520511 120.493151
24153.395451 70.976126 120.493151
24107.457620 70.957311 120.493151
23555.744849 72.796923 120.493151
23719.894919 71.977626 120.493151
23602.975263 72.226379 120.493151
23774.014813 71.409974 120.493151
23582.668592 71.923460 120.493151
23682.677386 71.372844 120.493151
23711.606494 71.088994 120.493151
23818.504767 70.541729 120.493151
23400.385183 71.850747 120.493151
23500.589699 71.298154 120.493151
23031.814213 72.893588 120.493151
23193.057780 72.064710 120.493151
23147.756045 72.046571 120.493151
23102.503241 72.028397 120.493151
23057.299368 72.010187 120.493151
22942.147745 72.262579 120.493151
22318.008747 74.718382 120.493151
22272.951665 74.702555 120.493151
22287.752767 74.408220 120.493151
22182.984293 74.670805 120.493151
20895.997980 83.023713 120.493151
261387.726904 16.280612 120.493151
262081.885539 16.240204 120.493151
263518.459977 16.176477 120.493151
262732.510472 16.183113 120.493151
248100.852729 16.648213 120.493151
262643.228127 16.149525 120.493151
21241.878042 77.679633 120.493151
21197.359196 77.666498 120.493151
21248.737123 77.075604 120.493151
21356.577424 76.199412 120.493151
21260.319671 76.471837 120.493151
21430.330959 75.312335 120.493151
21330.775258 75.582265 120.493151
21398.244946 74.996229 120.493151
21470.291311 74.412101 120.493151
21546.914351 73.829991 120.493151
21628.114067 73.250010 120.493151
21584.084526 73.232430 120.493151
21669.909849 72.654130 120.493151
21760.311848 72.078178 120.493151
21516.626485 72.898191 120.493151
21672.595279 72.040712 120.493151
21911.060984 70.913937 120.493151
22015.241941 70.345103 120.493151
22047.211276 70.051418 120.493151
22003.573179 70.030805 120.493151
22036.772311 69.737279 120.493151
22071.152310 69.444203 120.493151
22027.661005 69.423001 120.493151
21984.218630 69.401758 120.493151
22100.061464 68.837714 120.493151
22220.480974 68.276678 120.493151
22345.477160 67.718730 120.493151
22563.157684 66.899485 120.493151
22791.074565 66.088288 120.493151
22840.561181 65.803521 120.493151
22797.461320 65.779193 120.493151
23039.108229 64.978004 120.493151
22805.175733 65.470194 120.493151
23348.597388 63.905868 120.493151
23510.206981 63.375221 120.493151
23467.351773 63.349004 120.493151
23739.805616 62.572789 120.493151
23697.048268 62.545973 120.493151
23761.690431 62.271032 120.493151
24047.874302 61.506007 120.493151
24117.142072 61.234538 120.493151
24187.590708 60.963854 120.493151
24259.220211 60.693964 120.493151
24448.436651 60.185120 120.493151
24523.559824 59.917849 120.493151
24599.863864 59.651402 120.493151
24920.348340 58.915799 120.493151
24878.080297 58.886464 120.493151
25208.850061 58.159992 120.493151
25420.998811 57.671000 120.493151
25251.152127 57.870048 120.493151
25726.773161 56.929980 120.493151
25817.002951 56.674737 120.493151
25642.775312 56.868904 120.493151
26001.005131 56.166943 120.493151
26508.516106 55.256606 120.493151
26466.688438 55.225212 120.493151
26565.086435 54.976622 120.493151
26807.105905 54.514018 120.493151
26908.997572 54.268343 120.493151
27157.906522 53.811933 120.493151
27411.392148 53.359724 120.493151
27519.090288 53.118990 120.493151
27627.969295 52.879201 120.493151
27738.029169 52.640360 120.493151
28003.029880 52.198384 120.493151
28272.607268 51.760605 120.493151
29191.231557 50.539129 120.493151
29149.991055 50.505769 120.493151
28945.984023 50.667777 120.493151
29231.604242 50.244542 120.493151
29355.589865 50.017682 120.493151
29149.465753 50.177405 120.493151
29607.103714 49.566846 120.493151
29566.156796 49.533044 120.493151
29693.733951 49.308987 120.493151
29822.491973 49.085895 120.493151
30124.301814 48.676726 120.493151
30782.353788 47.904959 120.493151
30919.182156 47.688894 120.493151
31236.985897 47.294053 120.493151
30660.393783 47.802030 120.493151
31155.826019 47.225181 120.493151
32217.857176 46.133576 120.493151
32177.399563 46.098955 120.493151
32324.708942 45.891644 120.493151
32473.199187 45.685280 120.493151
32813.984169 45.310200 120.493151
32965.968084 45.106712 120.493151
33119.132866 44.904163 120.493151
33273.478515 44.702552 120.493151
33625.778583 44.337115 120.493151
33783.617902 44.138346 120.493151
34142.807448 43.778634 120.493151
34506.573671 43.422710 120.493151
34670.219463 43.228628 120.493151
34630.349016 43.193539 120.493151
34795.224606 43.000348 120.493151
35376.334957 42.496606 120.493151
35336.611301 42.461455 120.493151
