125782.603138 56.479578 337.479452
125690.132382 56.465618 337.479452
126189.346522 56.249392 337.479452
125800.589677 56.336401 337.479452
124534.049275 56.728974 337.479452
123861.457640 56.919805 337.479452
123769.231537 56.905901 337.479452
125136.335391 56.381645 337.479452
125044.207149 56.367614 337.479452
124073.163413 56.659185 337.479452
124860.097457 56.339519 337.479452
124768.116007 56.325457 337.479452
124382.063409 56.413078 337.479452
123705.335474 56.603168 337.479452
124787.717254 56.181711 337.479452
124400.679511 56.269102 337.479452
124308.942714 56.254988 337.479452
124512.506861 56.139305 337.479452
124125.615910 56.226727 337.479452
124034.025904 56.212581 337.479452
123648.364751 56.300286 337.479452
123850.992684 56.184258 337.479452
124054.801483 56.068420 337.479452
123668.155185 56.155893 337.479452
123872.061846 56.039993 337.479452
123780.765423 56.025764 337.479452
123100.145839 56.215253 337.479452
123008.947277 56.201044 337.479452
123211.917723 56.084797 337.479452
123416.069036 55.968742 337.479452
123325.017266 55.954460 337.479452
123530.398377 55.838566 337.479452
123143.060517 55.925864 337.479452
123348.539489 55.809909 337.479452
122961.299490 55.897227 337.479452
122870.492372 55.882892 337.479452
122779.734185 55.868547 337.479452
122689.024928 55.854191 337.479452
122894.748553 55.738081 337.479452
122507.753207 55.825447 337.479452
122121.938727 55.913089 337.479452
122623.061157 55.694857 337.479452
121940.960589 55.884323 337.479452
122145.796929 55.767832 337.479452
121760.178172 55.855513 337.479452
121669.860359 55.841093 337.479452
121579.591477 55.826661 337.479452
121784.623540 55.710047 337.479452
122288.352357 55.491932 337.479452
121604.330429 55.681090 337.479452
121810.641219 55.564610 337.479452
121424.233039 55.652089 337.479452
121630.641691 55.535548 337.479452
121540.715323 55.521001 337.479452
121450.837885 55.506444 337.479452
121064.625427 55.593960 337.479452
120974.845850 55.579401 337.479452
121181.499154 55.462706 337.479452
121091.817439 55.448105 337.479452
120116.428611 55.740740 337.479452
120616.216848 55.521056 337.479452
120823.065874 55.404237 337.479452
120733.579881 55.389593 337.479452
120941.658704 55.272945 337.479452
120554.754685 55.360272 337.479452
120465.415483 55.345595 337.479452
120376.125211 55.330908 337.479452
120286.883870 55.316209 337.479452
120197.691459 55.301500 337.479452
120108.547979 55.286779 337.479452
120019.453430 55.272048 337.479452
119930.407811 55.257306 337.479452
119841.411122 55.242552 337.479452
119456.079414 55.330231 337.479452
119367.180586 55.315476 337.479452
119278.330689 55.300710 337.479452
119189.529723 55.285932 337.479452
119100.777687 55.271144 337.479452
119012.074582 55.256345 337.479452
118923.420407 55.241534 337.479452
118539.563148 55.329550 337.479452
118746.258849 55.211880 337.479452
118954.135416 55.094416 337.479452
118274.040998 55.285079 337.479452
118480.883490 55.167316 337.479452
118097.270884 55.255376 337.479452
116839.270530 55.654912 337.479452
118215.948507 55.122653 337.479452
118127.734706 55.107743 337.479452
117450.197745 55.299112 337.479452
117362.081806 55.284219 337.479452
117568.134875 55.166001 337.479452
118071.752761 54.945173 337.479452
117983.783614 54.930188 337.479452
117599.479446 55.018047 337.479452
117511.608160 55.003059 337.479452
117128.533789 55.091214 337.479452
117336.012378 54.973049 337.479452
116658.915791 55.164675 337.479452
117456.996269 54.840040 337.479452
117369.369635 54.824976 337.479452
117281.791932 54.809901 337.479452
116308.507116 55.104633 337.479452
117106.783317 54.779717 337.479452
116722.968454 54.867659 337.479452
116046.214381 55.059483 337.479452
116548.253422 54.837445 337.479452
115286.752863 55.237382 337.479452
116078.482098 54.910578 337.479452
115697.175761 54.999124 337.479452
115904.158510 54.880313 337.479452
116112.322126 54.761714 337.479452
115730.030644 54.850003 337.479452
115643.040106 54.834830 337.479452
115261.978422 54.923419 337.479452
115764.457838 54.700925 337.479452
115677.614092 54.685699 337.479452
115590.819277 54.670461 337.479452
115208.821378 54.758798 337.479452
115417.376438 54.639952 337.479452
115330.728415 54.624681 337.479452
114654.757230 54.816951 337.479452
114862.327145 54.697766 337.479452
115071.077927 54.578797 337.479452
114395.253534 54.771149 337.479452
114015.862021 54.860114 337.479452
114516.615800 54.636549 337.479452
114430.310290 54.621216 337.479452
114344.053711 54.605872 337.479452
113963.725984 54.694582 337.479452
114171.687344 54.575148 337.479452
114380.829570 54.455932 337.479452
113999.516699 54.544378 337.479452
114208.756786 54.425100 337.479452
113827.541775 54.513561 337.479452
114036.879724 54.394222 337.479452
113951.014589 54.378765 337.479452
113275.826292 54.571471 337.479452
113779.431110 54.347817 337.479452
113398.460752 54.436316 337.479452
113608.043353 54.316822 337.479452
112640.062637 54.614206 337.479452
113436.851318 54.285781 337.479452
113056.076682 54.374309 337.479452
112383.494772 54.567764 337.479452
111715.489537 54.762377 337.479452
111052.060979 54.958153 337.479452
111544.786808 54.731413 337.479452
110881.456110 54.927247 337.479452
111374.279800 54.700402 337.479452
111289.099692 54.684879 337.479452
111203.968515 54.669343 337.479452
111118.886268 54.653796 337.479452
110744.260619 54.743868 337.479452
109797.290854 55.046928 337.479452
110863.933110 54.607083 337.479452
109913.665397 54.909392 337.479452
110116.156263 54.787581 337.479452
110609.420327 54.560262 337.479452
109946.627865 54.756412 337.479452
109861.937063 54.740810 337.479452
110646.072188 54.407820 337.479452
109981.162645 54.603479 337.479452
73130.058148 87.554480 337.479452
109523.663157 54.678280 337.479452
109439.217007 54.662617 337.479452
109354.819787 54.646943 337.479452
109558.931894 54.525064 337.479452
109474.632535 54.509345 337.479452
109390.382107 54.493614 337.479452
109017.720214 54.584123 337.479452
108933.567646 54.568387 337.479452
107990.874440 54.873207 337.479452
109634.186301 54.218787 337.479452
108394.075069 54.627723 337.479452
108885.907080 54.398972 337.479452
109091.591498 54.277065 337.479452
109007.732514 54.261217 337.479452
108058.541272 54.564595 337.479452
107688.583626 54.655782 337.479452
108756.449145 54.213599 337.479452
108094.733154 54.410364 337.479452
108589.171552 54.181792 337.479452
107640.224963 54.485409 337.479452
107556.708492 54.469535 337.479452
108049.029808 54.240259 337.479452
107389.822343 54.437750 337.479452
107882.241520 54.208369 337.479452
108088.513105 54.086078 337.479452
107715.648954 54.176429 337.479452
107632.426067 54.160441 337.479452
107260.791715 54.251112 337.479452
107466.127084 54.128428 337.479452
107094.590593 54.219114 337.479452
106438.038444 54.417421 337.479452
70403.493898 87.995274 337.479452
70367.555799 87.506909 337.479452
70252.216019 87.830383 337.479452
70201.843983 87.503966 337.479452
70102.265799 87.665137 337.479452
70019.532217 87.663757 337.479452
69921.183830 87.825250 337.479452
69871.007516 87.498060 337.479452
69689.087194 87.658222 337.479452
69576.402731 87.983389 337.479452
69540.953937 87.492126 337.479452
69426.103462 87.817506 337.479452
69343.761324 87.816210 337.479452
69293.927524 87.487657 337.479452
69194.887576 87.649869 337.479452
69129.487901 87.484669 337.479452
69030.545813 87.647072 337.479452
68932.784593 87.809707 337.479452
68836.204239 87.972571 337.479452
68784.400149 87.642863 337.479452
68702.449456 87.641457 337.479452
68604.883957 87.804476 337.479452
68555.490532 87.474154 337.479452
68441.227223 87.801852 337.479452
68375.135986 87.635816 337.479452
68347.212769 87.140187 337.479452
68246.496114 87.303268 337.479452
68183.947478 87.136763 337.479452
68065.401077 87.465071 337.479452
67983.890758 87.463550 337.479452
67885.633698 87.627302 337.479452
67774.025705 87.956739 337.479452
67739.653384 87.458979 337.479452
67676.266395 87.291923 337.479452
67595.000728 87.290294 337.479452
67495.856385 87.454391 337.479452
67432.616187 87.287031 337.479452
67316.774033 87.617292 337.479452
67270.427368 87.283760 337.479452
67208.465899 87.116041 337.479452
67090.506663 87.446707 337.479452
66992.787839 87.611534 337.479452
66928.709288 87.443621 337.479452
66865.811604 87.275548 337.479452
66767.107635 87.440527 337.479452
66704.307812 87.272249 337.479452
66605.701704 87.437426 337.479452
66525.072135 87.435872 337.479452
66462.419103 87.267286 337.479452
66381.887395 87.265628 337.479452
66301.404617 87.263968 337.479452
66220.970769 87.262305 337.479452
66159.645396 87.093252 337.479452
66079.309410 87.091484 337.479452
65979.962810 87.257306 337.479452
65938.975709 86.920298 337.479452
65838.595034 87.086168 337.479452
65739.395225 87.252288 337.479452
65608.916876 87.754883 337.479452
65598.321032 87.080831 337.479452
65538.519039 86.910895 337.479452
65479.897914 86.740804 337.479452
65400.002302 86.738812 337.479452
65278.640723 87.073686 337.479452
65179.783428 87.240509 337.479452
65160.609050 86.732820 337.479452
65103.364513 86.562159 337.479452
64979.934784 86.897633 337.479452
64921.656172 86.726807 337.479452
64888.145717 86.386920 337.479452
64741.275489 86.891914 337.479452
64705.599022 86.551596 337.479452
64674.499232 86.211102 337.479452
64524.379986 86.716735 337.479452
64423.748124 86.884257 337.479452
64411.854669 86.373569 337.479452
64309.056794 86.540967 337.479452
64229.895140 86.538834 337.479452
64150.782417 86.536698 337.479452
64071.718624 86.534559 337.479452
63948.924991 86.872699 337.479452
63849.767578 87.041095 337.479452
63812.365475 86.698448 337.479452
63779.540047 86.355613 337.479452
63654.678263 86.694357 337.479452
63598.363407 86.521671 337.479452
63519.642127 86.519513 337.479452
63464.557068 86.346568 337.479452
63362.346360 86.515190 337.479452
63283.771872 86.513025 337.479452
63182.790962 86.682022 337.479452
63082.990918 86.851287 337.479452
63004.563222 86.849326 337.479452
62993.550516 86.332916 337.479452
62915.220681 86.330631 337.479452
62813.352486 86.499976 337.479452
62783.427028 86.154378 337.479452
62634.482115 86.667514 337.479452
62627.109871 86.149575 337.479452
62500.718173 86.491222 337.479452
62400.226567 86.661258 337.479452
62368.281889 86.314555 337.479452
62244.300855 86.657074 337.479452
62263.024426 85.965161 337.479452
62111.026217 86.480218 337.479452
62056.821908 86.305305 337.479452
61979.079239 86.302985 337.479452
61926.104726 86.127810 337.479452
61874.311081 85.952486 337.479452
61770.864041 86.122940 337.479452
61746.151355 85.774361 337.479452
61696.768374 85.598639 337.479452
61591.204253 85.769040 337.479452
61541.919133 85.593094 337.479452
61409.469774 85.937170 337.479452
61359.150578 85.761032 337.479452
61310.012250 85.584751 337.479452
61262.054788 85.408331 337.479452
61155.652314 85.579171 337.479452
61138.171621 85.228761 337.479452
60946.389966 85.921739 337.479452
60953.726360 85.396707 337.479452
60876.766579 85.393792 337.479452
60770.608758 85.565160 337.479452
60784.883562 85.039417 337.479452
60708.070573 85.036272 337.479452
60631.306514 85.033122 337.479452
60408.356529 85.903586 337.479452
60446.414344 85.201473 337.479452
60310.171198 85.548230 337.479452
60293.228741 85.195367 337.479452
60216.709335 85.192308 337.479452
60109.859951 85.364437 337.479452
60095.328158 85.010966 337.479452
60018.955544 85.007785 337.479452
59911.121016 85.180034 337.479452
59747.105348 85.704121 337.479452
59790.131284 84.998217 337.479452
59622.817668 85.522590 337.479452
59637.826430 84.991818 337.479452
59530.236554 85.164602 337.479452
59454.206453 85.161504 337.479452
59378.225283 85.158402 337.479452
59366.446668 84.802741 337.479452
59257.920578 84.975749 337.479452
59214.728980 84.796069 337.479452
59106.300751 84.969292 337.479452
59096.981731 84.612801 337.479452
59021.294144 84.609338 337.479452
59016.600730 84.252575 337.479452
58904.972414 84.425585 337.479452
58829.431619 84.421996 337.479452
58753.939754 84.418402 337.479452
58678.496819 84.414804 337.479452
58603.102815 84.411201 337.479452
58639.269319 83.876122 337.479452
58488.500188 84.226599 337.479452
58450.423502 84.045485 337.479452
58375.225220 84.041637 337.479452
58300.075868 84.037784 337.479452
58224.975447 84.033926 337.479452
58149.923957 84.030063 337.479452
58074.921397 84.026196 337.479452
58118.270964 83.488838 337.479452
57963.365531 83.840383 337.479452
58010.208768 83.302589 337.479452
57893.703659 83.476167 337.479452
57700.642555 84.006781 337.479452
57785.935046 83.289545 337.479452
57711.275000 83.285186 337.479452
57636.663884 83.280821 337.479452
57648.894050 82.919870 337.479452
57530.418652 83.093603 337.479452
57413.124120 83.267693 337.479452
57425.501078 82.906041 337.479452
57396.228695 82.722879 337.479452
57321.911163 82.718138 337.479452
57115.756128 83.250109 337.479452
57128.328809 82.887519 337.479452
57099.252148 82.703877 337.479452
57071.356354 82.520143 337.479452
56997.283474 82.515256 337.479452
56970.617478 82.331314 337.479452
56803.058489 82.684775 337.479452
56775.358417 82.500558 337.479452
56748.839212 82.316253 337.479452
56581.427015 82.670384 337.479452
56553.873735 82.485803 337.479452
56527.501322 82.301134 337.479452
56406.461933 82.475934 337.479452
56380.187381 82.291021 337.479452
56213.019836 82.646272 337.479452
56233.069162 82.280882 337.479452
56159.583448 82.275803 337.479452
56184.258380 81.910320 337.479452
56110.870527 81.904996 337.479452
55939.419890 82.260525 337.479452
55964.241613 81.894328 337.479452
55841.378726 82.069565 337.479452
55868.562183 81.703095 337.479452
55695.043395 82.059086 337.479452
55573.459236 82.234927 337.479452
55701.165073 81.505931 337.479452
55628.168665 81.500319 337.479452
55555.221186 81.494699 337.479452
55482.322639 81.489072 337.479452
55357.587323 81.664619 337.479452
55389.689970 81.296668 337.479452
55111.659293 82.016895 337.479452
55244.235389 81.285129 337.479452
55281.012573 80.916927 337.479452
55153.126101 81.092143 337.479452
55080.570067 81.086230 337.479452
54953.913392 81.261960 337.479452
54990.886298 80.892795 337.479452
54918.477056 80.886742 337.479452
54846.116744 80.880681 337.479452
54718.523855 81.056549 337.479452
54757.956356 80.686667 337.479452
54743.288216 80.498669 337.479452
54557.164802 80.856357 337.479452
54541.462587 80.668036 337.479452
54469.395858 80.661810 337.479452
54454.923440 80.473311 337.479452
54325.409192 80.649332 337.479452
54369.711952 80.278279 337.479452
54297.840945 80.271785 337.479452
54285.828122 80.082944 337.479452
54214.054977 80.076315 337.479452
54023.844192 80.435023 337.479452
54070.655477 80.063031 337.479452
53999.029123 80.056376 337.479452
53988.392889 79.866992 337.479452
53916.864396 79.860202 337.479452
53845.384833 79.853402 337.479452
53773.954201 79.846594 337.479452
53764.645626 79.656796 337.479452
53631.239729 79.832950 337.479452
53685.234076 79.459896 337.479452
53678.336165 79.269913 337.479452
53479.608125 79.628964 337.479452
53601.482071 79.072576 337.479452
53275.309832 79.798682 337.479452
53393.885831 79.241030 337.479452
53388.364508 79.050518 337.479452
53317.423181 79.043146 337.479452
53246.530785 79.035764 337.479452
53175.687319 79.028373 337.479452
53104.892784 79.020971 337.479452
53100.748051 78.829933 337.479452
52897.981571 79.190112 337.479452
53027.136440 78.631216 337.479452
52956.537627 78.623539 337.479452
52818.254937 78.799717 337.479452
52815.486792 78.608155 337.479452
52813.899515 78.416585 337.479452
52674.631680 78.592730 337.479452
52743.138943 78.217049 337.479452
52533.972289 78.577263 337.479452
52602.577414 78.201091 337.479452
52462.373365 78.377303 337.479452
52462.211606 78.185089 337.479452
52185.507867 78.731136 337.479452
52252.044841 78.353608 337.479452
52252.029874 78.161007 337.479452
52182.067158 78.152959 337.479452
52183.281989 77.960232 337.479452
52185.677686 77.767511 337.479452
52189.254250 77.574802 337.479452
52046.094767 77.750865 337.479452
51832.987534 78.112552 337.479452
51763.318401 78.104438 337.479452
51985.004282 77.356349 337.479452
51767.516095 77.717438 337.479452
51998.355328 76.970255 337.479452
51928.881917 76.961388 337.479452
51707.012776 77.321843 337.479452
51713.293588 77.128267 337.479452
51643.966969 77.119482 337.479452
51499.032918 77.295841 337.479452
51660.169054 76.732155 337.479452
51590.989226 76.723099 337.479452
51600.910499 76.529357 337.479452
51531.828532 76.520160 337.479452
51383.743325 76.695861 337.479452
51236.838984 76.872066 337.479452
51324.876214 76.492497 337.479452
51099.017564 76.854057 337.479452
51267.336762 76.288903 337.479452
51118.364271 76.464722 337.479452
51129.808925 76.270115 337.479452
51142.434446 76.075553 337.479452
51073.792853 76.066010 337.479452
51087.648172 75.871369 337.479452
50855.340417 76.232386 337.479452
50950.609640 75.851986 337.479452
50481.243233 76.772413 337.479452
50813.766830 75.832551 337.479452
50828.998737 75.637448 337.479452
50760.699658 75.627581 337.479452
50777.161363 75.432409 337.479452
50624.248292 75.607807 337.479452
50556.096005 75.597900 337.479452
50572.704501 75.402338 337.479452
50336.358306 75.764115 337.479452
50609.464094 75.011419 337.479452
50454.531804 75.186469 337.479452
50300.780380 75.362055 337.479452
50405.741191 74.980448 337.479452
50250.955692 75.155805 337.479452
50097.351060 75.331700 337.479452
50290.566323 74.763736 337.479452
50222.903341 74.753226 337.479452
50244.528888 74.557183 337.479452
49999.616507 74.918130 337.479452
50109.447577 74.535862 337.479452
50132.351852 74.339646 337.479452
49974.561988 74.514484 337.479452
49997.564123 74.318008 337.479452
49930.243655 74.307168 337.479452
49772.600583 74.482308 337.479452
49705.377976 74.471554 337.479452
49912.714711 73.903126 337.479452
49845.589965 73.891996 337.479452
49685.878742 74.066626 337.479452
49527.348386 74.241815 337.479452
49460.370432 74.230871 337.479452
49577.580285 73.847328 337.479452
49326.561314 74.208940 337.479452
49537.636372 73.638905 337.479452
49192.947918 74.186948 337.479452
49499.020118 73.430316 337.479452
49151.033715 73.977850 337.479452
49270.801025 73.593413 337.479452
49110.447171 73.768576 337.479452
49232.576215 73.384242 337.479452
49166.087565 73.372685 337.479452
49099.647846 73.361112 337.479452
49033.257058 73.349523 337.479452
49160.109569 72.965427 337.479452
49192.111730 72.767772 337.479452
49027.572644 72.941713 337.479452
48768.183209 73.303011 337.479452
48798.068290 73.104455 337.479452
48635.939868 73.279660 337.479452
48861.381051 72.707719 337.479452
48315.225626 73.631820 337.479452
48533.973052 73.057165 337.479452
48565.234721 72.858209 337.479452
48499.382168 72.846215 337.479452
48531.873635 72.647259 337.479452
48367.823854 72.822178 337.479452
48400.413182 72.622960 337.479452
48236.461263 72.798075 337.479452
48170.853362 72.786000 337.479452
48303.016507 72.399251 337.479452
48039.784354 72.761799 337.479452
48172.045360 72.374557 337.479452
48007.206156 72.549665 337.479452
47941.842909 72.537391 337.479452
47975.955617 72.337391 337.479452
48112.940090 71.950496 337.479452
47845.473775 72.312528 337.479452
47780.306249 72.300072 337.479452
47815.746616 72.099821 337.479452
47750.676951 72.087216 337.479452
47787.347116 71.886985 337.479452
47722.375312 71.874231 337.479452
47760.275274 71.674025 337.479452
47490.887599 72.036622 337.479452
47630.576320 71.648202 337.479452
47565.800238 71.635265 337.479452
47398.250253 71.810200 337.479452
47540.349638 71.421742 337.479452
47475.720348 71.408638 337.479452
47516.226696 71.208107 337.479452
47557.913911 71.007750 337.479452
47282.126062 71.369218 337.479452
47428.997845 70.980966 337.479452
47258.394565 71.154988 337.479452
47407.628081 70.766978 337.479452
47343.341305 70.753411 337.479452
46960.447529 71.303159 337.479452
47214.914545 70.726220 337.479452
46728.163859 71.465459 337.479452
47195.166022 70.511694 337.479452
47240.738351 70.310982 337.479452
47067.130706 70.484132 337.479452
47112.800896 70.283161 337.479452
47048.905564 70.269222 337.479452
46985.059162 70.255264 337.479452
46595.814143 70.805081 337.479452
46747.898699 70.414897 337.479452
46904.559930 70.026000 337.479452
46840.909251 70.011855 337.479452
46777.307502 69.997691 337.479452
46938.643271 69.609633 337.479452
46875.139383 69.595211 337.479452
46811.684426 69.580769 337.479452
46635.268137 69.753349 337.479452
46684.921303 69.551828 337.479452
46176.363709 70.289079 337.479452
46558.353902 69.522807 337.479452
46609.285795 69.321245 337.479452
46546.124421 69.306576 337.479452
46033.234804 70.043597 337.479452
46419.948464 69.277179 337.479452
45797.542256 70.204335 337.479452
46409.242364 69.060598 337.479452
46462.731713 68.858974 337.479452
46054.041519 69.405934 337.479452
46337.045061 68.828944 337.479452
46157.869061 69.000968 337.479452
45530.096754 69.928919 337.479452
46032.475992 68.971031 337.479452
46203.796932 68.581717 337.479452
45907.278646 68.941012 337.479452
46197.367390 68.364570 337.479452
46016.221099 68.535949 337.479452
45953.793683 68.520652 337.479452
45891.415197 68.505333 337.479452
45365.725232 69.243134 337.479452
45303.444608 69.228211 337.479452
45241.212913 69.213269 337.479452
45642.390559 68.443852 337.479452
45231.038514 68.993877 337.479452
45168.953612 68.978761 337.479452
45456.135851 68.397520 337.479452
45276.610803 68.570359 337.479452
45332.210698 68.366527 337.479452
45508.793341 67.975390 337.479452
45327.151211 68.147290 337.479452
45385.161771 67.943840 337.479452
45323.419382 67.928032 337.479452
45261.725923 67.912203 337.479452
45080.279516 68.084446 337.479452
45138.485798 67.880480 337.479452
45197.872947 67.676780 337.479452
45136.375210 67.660758 337.479452
44953.992589 67.832733 337.479452
45013.526529 67.628647 337.479452
44358.825868 68.558766 337.479452
44650.137874 67.973638 337.479452
44829.620486 67.580318 337.479452
44527.680637 67.941782 337.479452
44466.525414 67.925822 337.479452
44286.749179 68.099628 337.479452
44464.163640 67.704446 337.479452
44403.155208 67.688311 337.479452
44463.129524 67.483062 337.479452
44161.483258 67.845689 337.479452
44100.621618 67.829596 337.479452
44280.544605 67.434133 337.479452
43860.375187 67.987901 337.479452
44159.065978 67.401402 337.479452
44343.663501 67.007092 337.479452
44037.783073 67.368581 337.479452
43977.215017 67.352136 337.479452
43916.695890 67.335669 337.479452
44101.489136 66.940414 337.479452
44165.397496 66.734993 337.479452
43980.695536 66.906938 337.479452
44044.701757 66.701260 337.479452
43736.899970 67.062915 337.479452
43799.872116 66.856551 337.479452
43616.497815 67.029468 337.479452
43679.567822 66.822844 337.479452
43619.489070 66.805956 337.479452
43683.788874 66.599503 337.479452
43623.807984 66.582462 337.479452
43073.349142 67.327652 337.479452
43256.465681 66.928572 337.479452
43319.829271 66.721164 337.479452
43260.044103 66.704136 337.479452
43200.307865 66.687084 337.479452
43264.950183 66.479722 337.479452
43205.311806 66.462516 337.479452
43145.722360 66.445286 337.479452
43211.643406 66.237977 337.479452
43278.745318 66.030988 337.479452
43219.302664 66.013475 337.479452
43033.315442 66.185755 337.479452
42848.509087 66.358779 337.479452
43041.268283 65.960793 337.479452
42982.021350 65.943185 337.479452
43050.548782 65.735877 337.479452
42863.674277 65.907894 337.479452
42677.980638 66.080660 337.479452
42873.248360 65.682518 337.479452
42559.927148 66.045433 337.479452
42755.292730 65.646823 337.479452
42696.388311 65.628938 337.479452
42383.213891 65.992411 337.479452
42324.407333 65.974688 337.479452
42265.649706 65.956940 337.479452
42206.941009 65.939167 337.479452
42274.874740 65.729969 337.479452
42343.989339 65.521111 337.479452
42157.701999 65.694088 337.479452
42099.189025 65.676110 337.479452
42040.724980 65.658107 337.479452
41605.925182 66.217609 337.479452
41671.888624 66.006682 337.479452
34957.310208 85.305992 337.479452
34876.586532 85.532100 337.479452
34818.367141 85.528359 337.479452
34738.873263 85.755172 337.479452
34724.530502 85.290250 337.479452
34644.002549 85.517097 337.479452
34608.434233 85.282339 337.479452
34528.004140 85.509557 337.479452
34516.120975 85.043179 337.479452
34508.814485 84.576671 337.479452
41935.091616 64.464636 337.479452
34367.356358 84.799005 337.479452
41819.582513 64.426854 337.479452
41498.526934 64.789596 337.479452
34082.036124 85.948491 337.479452
41914.588005 63.990333 337.479452
41857.053641 63.971124 337.479452
41665.051155 64.141610 337.479452
41742.131703 63.932627 337.479452
41416.841963 64.293793 337.479452
41627.405488 63.894024 337.479452
41842.545690 63.496293 337.479452
41512.874995 63.855314 337.479452
33585.739449 85.682780 337.479452
33508.405048 85.913900 337.479452
33451.311059 85.910409 337.479452
33375.206455 86.142253 337.479452
33283.487047 86.610418 337.479452
33226.539849 86.607511 337.479452
33204.364861 86.132326 337.479452
33112.792244 86.601682 337.479452
33090.715117 86.125680 337.479452
33016.036033 86.359029 337.479452
32942.537816 86.592902 337.479452
32939.667025 85.878715 337.479452
32864.002796 86.112319 337.479452
32772.723763 86.584076 337.479452
32750.940219 86.105604 337.479452
32733.733351 85.626848 337.479452
32677.324388 85.623068 337.479452
32642.287773 85.381400 337.479452
32544.461774 85.853724 337.479452
32529.714501 85.373398 337.479452
32452.177844 85.607881 337.479452
32356.762509 86.081918 337.479452
32265.923850 86.557321 337.479452
32263.640225 85.835687 337.479452
32188.563163 86.071678 337.479452
32151.654119 85.828428 337.479452
32076.674918 86.064822 337.479452
32020.804191 86.061385 337.479452
31984.041939 85.817492 337.479452
31858.822514 86.777273 337.479452
31818.762315 86.533185 337.479452
31816.870134 85.806499 337.479452
31707.461236 86.527099 337.479452
31686.607372 86.040637 337.479452
31670.330184 85.553889 337.479452
31594.659421 85.791752 337.479452
31502.241916 86.272454 337.479452
31446.860495 86.269168 337.479452
31391.528004 86.265877 337.479452
31319.448772 86.505626 337.479452
31234.018608 86.989426 337.479452
31225.824114 86.255968 337.479452
31170.687345 86.252654 337.479452
31068.608301 86.981415 337.479452
31000.169531 87.223210 337.479452
30973.111215 86.731470 337.479452
30890.238506 87.218269 337.479452
30848.746253 86.970667 337.479452
30713.441023 87.456489 337.479452
30684.363487 86.962556 337.479452
30616.267230 87.205841 337.479452
30549.351840 87.449663 337.479452
30494.753307 87.447379 337.479452
30331.251291 87.440504 337.479452
30302.516268 86.943460 337.479452
30262.694186 86.693286 337.479452
30240.848643 86.195395 337.479452
30186.592624 86.191972 337.479452
30099.926128 86.684347 337.479452
30078.227376 86.185109 337.479452
30024.118148 86.181667 337.479452
29953.262179 86.426723 337.479452
29883.587077 86.672354 337.479452
29815.092842 86.918553 337.479452
29791.374870 86.417015 337.479452
29707.314760 86.912963 337.479452
29668.030914 86.660273 337.479452
29599.732401 86.907353 337.479452
29520.346829 87.405565 337.479452
29492.345764 86.901722 337.479452
29413.058052 87.400834 337.479452
29359.487060 87.398462 337.479452
29331.632787 86.893237 337.479452
29264.759793 87.141997 337.479452
29224.735455 86.887555 337.479452
29171.360185 86.884706 337.479452
29092.366057 87.386538 337.479452
29064.756436 86.878992 337.479452
29026.059756 86.623500 337.479452
29023.267223 85.862654 337.479452
35099.098803 64.976313 337.479452
35165.818995 64.747816 337.479452
34874.314416 65.144865 337.479452
34472.112378 65.756551 337.479452
34887.065638 64.895131 337.479452
34834.179673 64.874758 337.479452
34662.672695 65.063934 337.479452
34609.884591 65.043624 337.479452
34439.607411 65.233830 337.479452
28533.413945 85.315344 337.479452
28460.581152 85.565656 337.479452
32456.723617 68.867035 337.479452
33770.307358 66.004075 337.479452
33830.823098 65.770165 337.479452
34360.407861 64.690006 337.479452
35298.120456 63.010148 337.479452
36446.238770 61.177797 337.479452
37391.024218 59.788229 337.479452
39337.653962 57.323227 337.479452
40105.190011 56.393165 337.479452
41074.076288 55.305815 337.479452
41547.773494 54.759173 337.479452
43891.908620 52.549451 337.479452
45010.357286 51.555955 337.479452
46790.487529 50.125411 337.479452
47369.650537 49.643034 337.479452
49050.451615 48.430272 337.479452
49892.138345 47.826140 337.479452
52629.532342 46.128696 337.479452
53788.075738 45.431983 337.479452
56756.482612 43.858613 337.479452
57747.780662 43.334586 337.479452
58757.238625 42.819558 337.479452
61716.920173 41.495737 337.479452
62794.392178 41.013069 337.479452
62459.041478 41.099193 337.479452
63838.654976 40.511725 337.479452
64952.495735 40.045516 337.479452
64901.224478 40.018586 337.479452
65735.758193 39.667494 337.479452
64505.840612 40.073672 337.479452
65633.460330 39.613640 337.479452
64990.748829 39.802172 337.479452
64645.602146 39.883617 337.479452
64009.780125 40.074930 337.479452
62802.745923 40.490497 337.479452
62465.669586 40.575211 337.479452
62414.838703 40.547965 337.479452
60670.648273 41.202907 337.479452
61179.856998 40.946058 337.479452
62548.836160 40.354238 337.479452
62498.200999 40.326920 337.479452
61876.353658 40.523734 337.479452
63262.458657 39.939876 337.479452
63502.694556 39.802798 337.479452
64037.099464 39.557511 337.479452
63693.720814 39.638904 337.479452
64822.123420 39.179775 337.479452
64475.446822 39.259659 337.479452
64721.587055 39.125161 337.479452
64375.008318 39.204961 337.479452
64029.610448 39.285192 337.479452
63979.513523 39.257768 337.479452
63635.345450 39.338389 337.479452
63000.502039 39.528494 337.479452
62081.774908 39.831070 337.479452
61744.545245 39.914484 337.479452
61408.496449 39.998355 337.479452
60789.695869 40.195253 337.479452
61308.938695 39.942901 337.479452
61545.429737 39.803654 337.479452
61495.773186 39.775891 337.479452
61159.969043 39.859552 337.479452
61396.606876 39.720297 337.479452
60209.102642 40.141239 337.479452
60159.641813 40.113307 337.479452
60962.027867 39.748104 337.479452
60343.667662 39.944450 337.479452
60578.286275 39.804093 337.479452
60529.021169 39.776109 337.479452
60195.872342 39.860438 337.479452
60430.637747 39.720072 337.479452
60381.519432 39.692020 337.479452
60617.514635 39.552198 337.479452
59999.496943 39.748100 337.479452
59950.525420 39.719959 337.479452
59337.133335 39.917818 337.479452
58728.317925 40.117726 337.479452
58401.220224 40.204298 337.479452
57799.294294 40.407298 337.479452
24354.028220 86.036597 337.479452
24249.486957 87.137242 337.479452
24152.277868 87.131482 337.479452
24129.414508 86.574304 337.479452
24006.831213 87.122798 337.479452
24031.105851 85.731234 337.479452
23982.770424 85.726926 337.479452
23917.688256 86.000549 337.479452
23869.450691 85.996503 337.479452
23855.985335 85.435657 337.479452
23773.122351 85.988387 337.479452
23759.754856 85.426403 337.479452
23693.785405 85.700898 337.479452
23585.401424 86.816118 337.479452
23655.027142 84.853725 337.479452
23628.455507 84.569210 337.479452
23539.094488 85.123061 337.479452
23491.297297 85.118090 337.479452
23443.549037 85.113109 337.479452
23238.553161 87.075584 337.479452
257233.002785 17.394063 337.479452
257185.597039 17.377200 337.479452
23063.324452 85.072892 337.479452
23079.986817 84.219758 337.479452
23010.272509 84.496521 337.479452
22941.739067 84.774116 337.479452
23012.514421 83.353781 337.479452
23020.500391 82.782567 337.479452
23002.684130 82.493191 337.479452
22926.422856 82.767695 337.479452
22798.508187 83.609859 337.479452
22804.426007 83.035919 337.479452
22814.920502 82.462185 337.479452
22768.101922 82.454394 337.479452
22692.085300 82.730247 337.479452
22645.364581 82.722711 337.479452
22864.362781 80.452485 337.479452
22817.739923 80.442644 337.479452
22809.468457 80.151347 337.479452
22724.640997 80.422903 337.479452
22604.955815 80.978389 337.479452
22923.625693 78.437733 337.479452
22970.831457 77.868614 337.479452
22830.918212 78.413957 337.479452
22739.543787 78.682041 337.479452
24087.984735 72.120545 337.479452
23900.676955 72.633451 337.479452
23854.543402 72.616132 337.479452
24095.237117 71.538811 337.479452
24276.170511 70.733335 337.479452
24077.739089 71.238741 337.479452
24184.245918 70.695305 337.479452
24061.568719 70.938461 337.479452
24170.437282 70.395526 337.479452
23969.937709 70.900653 337.479452
24000.983898 70.618809 337.479452
23878.502421 70.862700 337.479452
23909.646472 70.580342 337.479452
23864.051154 70.561054 337.479452
23896.425002 70.278816 337.479452
23929.979716 69.996966 337.479452
23805.479019 70.239615 337.479452
23919.315702 69.695430 337.479452
23793.780930 69.937345 337.479452
23439.062129 70.975164 337.479452
23245.892411 71.490551 337.479452
23200.688537 71.471872 337.479452
23012.144425 71.991941 337.479452
22564.037377 73.611086 337.479452
22455.775233 73.870169 337.479452
22410.767082 73.853538 337.479452
21796.013740 76.642235 337.479452
21802.989148 76.344191 337.479452
21557.376613 77.470962 337.479452
21018.976545 80.942462 337.479452
21009.119700 80.639053 337.479452
20964.405132 80.628985 337.479452
262687.844835 16.166320 337.479452
264126.829938 16.102868 337.479452
262598.660351 16.132727 337.479452
259600.521120 16.209858 337.479452
262509.671589 16.099121 337.479452
250759.434957 16.463838 337.479452
252887.830577 16.373870 337.479452
21375.049451 75.597527 337.479452
21330.775258 75.582265 337.479452
21232.400424 75.853450 337.479452
21297.655170 75.265624 337.479452
21309.941212 74.964443 337.479452
21382.085437 74.379163 337.479452
21397.865149 74.078880 337.479452
21540.103916 73.214814 337.479452
21432.967174 73.479020 337.479452
21516.626485 72.898191 337.479452
21538.261601 72.599513 337.479452
21429.007778 72.862185 337.479452
21585.074433 72.003096 337.479452
21610.252150 71.705388 337.479452
21779.999902 70.854368 337.479452
21809.803225 70.558736 337.479452
21692.870500 70.814456 337.479452
21872.952472 69.968722 337.479452
21906.298395 69.674369 337.479452
21862.904951 69.653316 337.479452
21897.480672 69.359145 337.479452
22094.737411 68.523753 337.479452
22217.518655 67.963524 337.479452
22174.320933 67.940944 337.479452
22388.703508 67.117463 337.479452
22433.711309 66.829058 337.479452
22661.774982 66.015898 337.479452
22527.269511 66.254019 337.479452
22484.316441 66.229952 337.479452
23007.412173 64.645528 337.479452
22964.556964 64.620204 337.479452
23321.722660 63.574947 337.479452
23381.788147 63.296426 337.479452
23548.121208 62.768307 337.479452
23611.680365 62.492195 337.479452
23784.902905 61.969561 337.479452
23962.702121 61.450769 337.479452
23920.189426 61.423076 337.479452
24216.756446 60.665775 337.479452
23947.189153 61.123062 337.479452
24481.193921 59.889139 337.479452
24557.546892 59.622507 337.479452
24635.080729 59.356709 337.479452
24713.795433 59.091752 337.479452
24671.625252 59.062444 337.479452
25124.558629 58.100338 337.479452
25336.805241 57.610782 337.479452
25423.639221 57.352396 337.479452
25775.028492 56.644069 337.479452
25733.102963 56.613351 337.479452
26094.777522 55.914404 337.479452
25782.783813 56.327780 337.479452
26424.909701 55.193768 337.479452
25969.441311 55.820905 337.479452
26622.984423 54.697240 337.479452
26867.365627 54.236414 337.479452
26970.487091 53.991545 337.479452
26784.248528 54.172406 337.479452
27033.304269 53.715385 337.479452
27436.168911 53.054047 337.479452
27394.781618 53.021502 337.479452
27961.691518 52.165534 337.479452
27614.014082 52.542183 337.479452
27879.161585 52.099690 337.479452
28148.885764 51.661421 337.479452
29396.683575 50.051268 337.479452
29190.510532 50.210997 337.479452
29149.465753 50.177405 337.479452
29439.760508 49.758065 337.479452
29734.631939 49.342871 337.479452
29863.341030 49.119859 337.479452
29822.491973 49.085895 337.479452
30297.304702 48.490751 337.479452
30782.353788 47.904959 337.479452
30919.182156 47.688894 337.479452
31057.191391 47.473788 337.479452
31196.381493 47.259639 337.479452
31336.752461 47.046448 337.479452
31845.816864 46.481861 337.479452
31621.036999 46.622935 337.479452
31397.438001 46.765013 337.479452
31910.045005 46.203244 337.479452
32244.038368 45.822170 337.479452
32582.608408 45.445050 337.479452
31789.259332 46.098881 337.479452
32693.345288 45.205629 337.479452
33429.005031 44.501878 337.479452
33388.938862 44.466898 337.479452
33545.695175 44.267121 337.479452
34102.839140 43.743595 337.479452
34062.919763 43.708515 337.479452
34426.783847 43.352548 337.479452
33983.227800 43.638231 337.479452
34961.281063 42.808073 337.479452
35336.611301 42.461455 337.479452
