97955.112098 58.499891 140.219178
97654.633861 58.593620 140.219178
97132.775371 58.795557 140.219178
97951.759051 58.351644 140.219178
96759.109405 58.876541 140.219178
97574.397812 58.431434 140.219178
96828.448841 58.741045 140.219178
96752.469249 58.727390 140.219178
96898.895768 58.605646 140.219178
96600.632514 58.700048 140.219178
96303.354303 58.794742 140.219178
97118.887608 58.348934 140.219178
96818.858350 58.442833 140.219178
96519.814135 58.537024 140.219178
96891.683526 58.307539 140.219178
96591.776718 58.401484 140.219178
96516.164473 58.387680 140.219178
95553.020318 58.807641 140.219178
96141.752911 58.468132 140.219178
96289.572636 58.346201 140.219178
95768.448841 58.548899 140.219178
95471.619609 58.643770 140.219178
96063.348146 58.304624 140.219178
95542.346800 58.507448 140.219178
96136.989649 58.168851 140.219178
95614.181482 58.371229 140.219178
95762.286922 58.249036 140.219178
95911.377404 58.127033 140.219178
95388.691686 58.329535 140.219178
95536.919575 58.207231 140.219178
95686.132506 58.085117 140.219178
95163.569237 58.287742 140.219178
94866.244759 58.382507 140.219178
95237.001208 58.151336 140.219178
68645.888453 -89.699482 140.219178
95536.738643 57.907004 140.219178
95236.744751 58.000987 140.219178
95161.989649 57.986927 140.219178
94863.021616 58.081221 140.219178
95012.601894 57.958773 140.219178
95163.167214 57.836519 140.219178
94863.377404 57.930576 140.219178
94788.826383 57.916460 140.219178
94490.062432 58.010828 140.219178
94639.846792 57.888196 140.219178
94790.616194 57.765757 140.219178
94266.776718 57.968460 140.219178
94192.429779 57.954315 140.219178
94342.377404 57.831533 140.219178
94268.112098 57.817340 140.219178
93969.633861 57.911812 140.219178
94344.901908 57.680476 140.219178
93821.307330 57.883421 140.219178
93523.895768 57.978223 140.219178
93897.397812 57.746205 140.219178
93153.448841 58.059144 140.219178
93525.144065 57.826504 140.219178
93675.459037 57.703389 140.219178
93377.307330 57.797978 140.219178
92857.775371 58.002303 140.219178
93229.633861 57.769407 140.219178
93380.112098 57.646143 140.219178
93082.123656 57.740790 140.219178
93232.683526 57.617452 140.219178
92711.467197 57.821431 140.219178
92415.489657 57.916700 140.219178
93011.846792 57.574330 140.219178
92938.316179 57.559934 140.219178
92640.572636 57.654668 140.219178
92567.123656 57.640275 140.219178
92717.969241 57.516676 140.219178
92420.348146 57.611454 140.219178
92347.021616 57.597026 140.219178
92497.989649 57.473315 140.219178
92424.744751 57.458838 140.219178
91903.977401 57.663263 140.219178
92054.123656 57.539200 140.219178
91757.691686 57.634356 140.219178
91907.919575 57.510218 140.219178
91834.878759 57.495710 140.219178
91761.878759 57.481190 140.219178
91913.173322 57.357181 140.219178
91616.001208 57.452115 140.219178
91097.448841 57.657423 140.219178
91024.612106 57.642910 140.219178
91397.491003 57.408417 140.219178
91324.735901 57.393828 140.219178
91028.712095 57.489128 140.219178
90956.038625 57.474541 140.219178
91330.969241 57.240307 140.219178
91483.575378 57.116207 140.219178
91411.024357 57.101508 140.219178
90665.752911 57.416078 140.219178
90593.283523 57.401433 140.219178
90968.418220 57.166883 140.219178
90896.030465 57.152163 140.219178
90823.683526 57.137431 140.219178
90527.123656 57.232576 140.219178
90454.858350 57.217846 140.219178
89715.537976 57.534558 140.219178
90310.450187 57.188352 140.219178
90014.997809 57.283850 140.219178
90390.459037 57.048794 140.219178
90094.144065 57.144021 140.219178
89798.814135 57.239562 140.219178
89950.144065 57.114409 140.219178
89654.895768 57.209977 140.219178
90030.561077 56.974605 140.219178
89734.450187 57.069901 140.219178
88775.061134 57.498575 140.219178
89815.112098 56.929950 140.219178
89743.377404 56.915041 140.219178
89671.683526 56.900120 140.219178
89375.776718 56.995483 140.219178
89080.854952 57.091162 140.219178
89009.283523 57.076257 140.219178
89161.062432 56.950689 140.219178
88866.263115 57.046409 140.219178
89018.123656 56.920767 140.219178
89170.969241 56.795338 140.219178
88875.348146 56.890796 140.219178
88580.712095 56.986571 140.219178
88732.735901 56.860777 140.219178
88438.181482 56.956579 140.219178
88590.286922 56.830710 140.219178
88743.377404 56.705057 140.219178
88448.001208 56.800595 140.219178
88601.173322 56.674867 140.219178
88530.132506 56.659754 140.219178
87567.782874 57.089125 140.219178
88163.919575 56.740218 140.219178
87647.326392 56.947445 140.219178
88022.123656 56.709957 140.219178
87951.286922 56.694808 140.219178
87657.181482 56.790758 140.219178
87586.426380 56.775611 140.219178
87293.346800 56.871896 140.219178
87222.673330 56.856750 140.219178
86930.619609 56.953372 140.219178
86860.027772 56.938227 140.219178
86568.999910 57.035188 140.219178
85626.024600 57.471482 140.219178
60820.602932 -88.882504 140.219178
60765.281982 -88.562506 140.219178
60686.868303 -88.721430 140.219178
60609.439667 -88.880559 140.219178
60539.133544 -88.879909 140.219178
60468.868238 -88.879258 140.219178
60405.725446 -88.718458 140.219178
60322.322604 -89.038214 140.219178
95938.740823 52.407562 140.219178
96651.874502 52.090483 140.219178
96319.790478 52.174360 140.219178
96511.792869 52.058106 140.219178
59972.016482 -89.035409 140.219178
96371.874502 52.025683 140.219178
59838.317218 -88.873368 140.219178
95448.883680 52.294427 140.219178
95639.201700 52.177524 140.219178
59628.868238 -88.871391 140.219178
95760.770070 52.044593 140.219178
94652.427257 52.431818 140.219178
59426.868303 -88.707945 140.219178
59365.281982 -88.545651 140.219178
59287.684630 -88.706429 140.219178
95412.708845 51.963103 140.219178
95343.219049 51.946770 140.219178
59072.133544 -88.866084 140.219178
94943.283333 52.014630 140.219178
95397.017359 51.797397 140.219178
94804.589455 51.981908 140.219178
94996.382314 51.864923 140.219178
94666.058843 51.949138 140.219178
94857.933335 51.832101 140.219178
94527.691496 51.916320 140.219178
94719.647621 51.799231 140.219178
93870.162947 52.085641 140.219178
94320.446598 51.867003 140.219178
58344.880793 -88.206886 140.219178
58249.011160 -88.694945 140.219178
94374.647621 51.716846 140.219178
58119.241165 -88.530140 140.219178
58035.296810 -88.855999 140.219178
94168.137417 51.667270 140.219178
94099.382314 51.650721 140.219178
57836.113201 -88.690294 140.219178
93700.915986 51.718401 140.219178
93632.283333 51.701829 140.219178
57647.211315 -88.360106 140.219178
92717.570114 51.972910 140.219178
93687.708845 51.551170 140.219178
93619.239457 51.534536 140.219178
94075.800711 51.316939 140.219178
94007.412956 51.300253 140.219178
93414.076192 51.484560 140.219178
93345.770070 51.467877 140.219178
93016.426190 51.552134 140.219178
93209.280274 51.434474 140.219178
93403.119400 51.317059 140.219178
93072.953743 51.401023 140.219178
92743.773129 51.485285 140.219178
56780.004702 -88.017031 140.219178
92607.691496 51.451787 140.219178
55763.984294 -87.999040 140.219178
55629.208784 -87.996617 140.219178
55397.608512 -88.494459 140.219178
55330.404431 -88.493544 140.219178
54928.037084 -88.488036 140.219178
54880.003242 -88.151129 140.219178
54823.984294 -87.981952 140.219178
54746.288957 -88.148871 140.219178
54669.578662 -88.316026 140.219178
54602.823560 -88.314997 140.219178
54556.882253 -87.977016 140.219178
54423.576131 -87.974539 140.219178
54336.211315 -88.310867 140.219178
54279.574671 -88.140927 140.219178
54203.150091 -88.308794 140.219178
54127.710553 -88.476896 140.219178
54091.025110 -87.968320 140.219178
54013.778753 -88.136357 140.219178
53814.860385 -88.132915 140.219178
53759.494498 -87.962062 140.219178
53663.567696 -88.470322 140.219178
53616.309365 -88.129460 140.219178
53561.065927 -87.958289 140.219178
53363.004702 -87.954502 140.219178
53286.207324 -88.123673 140.219178
53708.946478 84.214518 140.219178
53709.185176 83.872943 140.219178
53069.751369 -88.461786 140.219178
53012.946009 -88.289909 140.219178
52947.211315 -88.288848 140.219178
53317.749990 84.535905 140.219178
53380.511707 83.854036 140.219178
53281.379428 84.019812 140.219178
53215.807999 84.016116 140.219178
53117.701580 84.182298 140.219178
51726.780212 -87.922388 140.219178
51661.861845 -87.921083 140.219178
51596.984294 -87.919776 140.219178
51532.147559 -87.918467 140.219178
51391.737936 -88.089389 140.219178
51308.139125 -88.435596 140.219178
51235.439732 -88.608468 140.219178
51178.833002 -88.433620 140.219178
51114.241165 -88.432630 140.219178
51079.433274 -87.909259 140.219178
51004.064467 -88.082139 140.219178
50950.453682 -87.906613 140.219178
50821.637355 -87.903960 140.219178
50682.125691 -88.076055 140.219178
50607.946009 -88.249735 140.219178
50534.751369 -88.423667 140.219178
50479.537846 -88.247509 140.219178
50425.309365 -88.071160 140.219178
50351.292948 -88.245278 140.219178
50278.261574 -88.419651 140.219178
50233.125691 -88.067473 140.219178
50150.261574 -88.417635 140.219178
50095.292948 -88.240799 140.219178
50031.394989 -88.239676 140.219178
49958.567696 -88.414601 140.219178
49886.725446 -88.589780 140.219178
49822.949936 -88.588877 140.219178
49759.215242 -88.587973 140.219178
49712.517438 -88.234037 140.219178
49658.778753 -88.056325 140.219178
49595.166508 -88.055078 140.219178
49504.684630 -88.584347 140.219178
49458.150091 -88.229500 140.219178
49394.660295 -88.228362 140.219178
49322.241165 -88.404404 140.219178
49258.833002 -88.403377 140.219178
49180.358034 -88.757255 140.219178
49124.113201 -88.578873 140.219178
49068.853410 -88.400289 140.219178
48990.500891 -88.754849 140.219178
49622.247370 83.090842 140.219178
49559.084105 83.086419 140.219178
49424.200457 83.433579 140.219178
49396.527310 83.253397 140.219178
48689.996267 -88.394075 140.219178
48645.880793 -88.036186 140.219178
48556.011160 -88.570582 140.219178
48486.011095 -88.748387 140.219178
48430.215242 -88.568726 140.219178
48360.296810 -88.746761 140.219178
48297.500891 -88.745946 140.219178
48249.853410 -88.386765 140.219178
48216.882253 -87.848063 140.219178
48124.465655 -88.384664 140.219178
48053.807078 -88.563131 140.219178
47999.241165 -88.382558 140.219178
47945.660295 -88.201782 140.219178
47903.923069 -87.841042 140.219178
48429.124921 83.005831 140.219178
47705.778753 -88.016923 140.219178
47643.431814 -88.015625 140.219178
48356.807601 82.459143 140.219178
47095.004702 -87.822571 140.219178
47033.065927 -87.821137 140.219178
46950.394989 -88.182816 140.219178
46826.721519 -88.180417 140.219178
46755.975859 -88.361189 140.219178
46713.125691 -87.995955 140.219178
47508.317185 82.027105 140.219178
46579.864376 -88.175600 140.219178
47385.051879 82.016674 140.219178
47282.406607 82.190741 140.219178
46415.923069 -87.806693 140.219178
47159.386198 82.180498 140.219178
47139.011063 81.995731 140.219178
47119.620970 81.810885 140.219178
46149.435805 -88.167109 140.219178
46954.909022 81.979951 140.219178
45986.351641 -87.796467 140.219178
45914.288957 -87.978589 140.219178
45843.211315 -88.160996 140.219178
45773.118716 -88.343683 140.219178
46807.339597 81.047312 140.219178
46611.746532 81.581795 140.219178
45581.970344 -88.524677 140.219178
45529.037084 -88.339248 140.219178
46563.421230 81.023700 140.219178
46502.543679 81.017778 140.219178
46488.446146 80.831501 140.219178
46427.650228 80.825449 140.219178
46414.578554 80.638995 140.219178
46353.864269 80.632811 140.219178
46245.507371 80.807243 140.219178
46184.874718 80.801158 140.219178
46124.282881 80.795065 140.219178
44906.582524 -88.699453 140.219178
44853.154017 -88.512736 140.219178
44792.684630 -88.511733 140.219178
44740.281982 -88.324669 140.219178
45918.247025 80.401806 140.219178
45857.900087 80.395432 140.219178
45748.966309 80.570526 140.219178
45786.900539 80.201265 140.219178
45677.104168 80.376263 140.219178
45666.492376 80.188227 140.219178
45606.349519 80.181696 140.219178
44250.296874 -88.502637 140.219178
44198.261574 -88.314424 140.219178
44138.241165 -88.313278 140.219178
44070.235650 -88.499581 140.219178
44048.065927 -87.748483 140.219178
43958.424839 -88.309831 140.219178
43928.310825 -87.745414 140.219178
43830.725446 -88.495486 140.219178
43778.975859 -88.306370 140.219178
43711.215242 -88.493430 140.219178
43644.439667 -88.680779 140.219178
43591.868303 -88.491369 140.219178
43532.256058 -88.490336 140.219178
43465.602932 -88.678067 140.219178
43406.072320 -88.677161 140.219178
43380.574671 -87.920370 140.219178
43321.125691 -87.918943 140.219178
43234.807078 -88.485150 140.219178
43168.358034 -88.673523 140.219178
43102.894033 -88.862183 140.219178
43064.853410 -88.292381 140.219178
42990.500891 -88.670781 140.219178
42938.378507 -88.479929 140.219178
42916.984294 -87.718991 140.219178
42828.118716 -88.287667 140.219178
42747.791992 -88.857467 140.219178
42709.996267 -88.285300 140.219178
42629.751176 -88.855886 140.219178
42570.791992 -88.855094 140.219178
42525.092793 -88.472559 140.219178
42493.125691 -87.898756 140.219178
42415.404431 -88.279353 140.219178
44075.100387 78.483859 140.219178
44074.415203 78.292328 140.219178
44074.715061 78.100796 140.219178
42172.439732 -88.466184 140.219178
42121.833002 -88.273366 140.219178
42055.215242 -88.464048 140.219178
42004.690145 -88.270959 140.219178
41938.154017 -88.461905 140.219178
41879.684630 -88.460831 140.219178
41814.174361 -88.652211 140.219178
43727.331130 77.667787 140.219178
43668.984191 77.659421 140.219178
43549.775472 77.835328 140.219178
43552.412763 77.642656 140.219178
41556.635896 -87.875202 140.219178
43375.102003 77.810483 140.219178
41440.309365 -87.872220 140.219178
41372.292948 -88.064142 140.219178
43386.336349 77.231356 140.219178
43265.524892 77.407245 140.219178
43145.698477 77.583625 140.219178
43276.132849 77.020703 140.219178
43282.914392 76.827472 140.219178
41000.460075 -88.638899 140.219178
43102.561421 76.994139 140.219178
40884.868238 -88.636976 140.219178
40842.241165 -88.246518 140.219178
40776.521364 -88.440145 140.219178
40711.786606 -88.634082 140.219178
40648.036890 -88.828324 140.219178
40590.465461 -88.827494 140.219178
40527.741604 -89.022176 140.219178
40470.251808 -89.021482 140.219178
40412.802829 -89.020787 140.219178
40351.145647 -89.216045 140.219178
40298.027319 -89.019393 140.219178
40252.031504 -88.626301 140.219178
40194.745789 -88.625323 140.219178
40126.170176 -89.017295 140.219178
40064.717076 -89.213247 140.219178
40016.996073 -88.819121 140.219178
39954.680380 -89.015188 140.219178
39902.791992 -88.817432 140.219178
39836.308912 -89.210995 140.219178
39794.888647 -88.618432 140.219178
39726.598747 -89.012365 140.219178
39688.092793 -88.418895 140.219178
39608.553810 -89.208729 140.219178
39551.717076 -89.208161 140.219178
39504.363420 -88.811483 140.219178
42302.948664 74.895831 140.219178
42320.356143 74.700706 140.219178
39324.778300 -89.205879 140.219178
42207.050021 74.679681 140.219178
39220.996073 -88.807196 140.219178
39155.002790 -89.204160 140.219178
39121.154017 -88.407477 140.219178
39046.272217 -89.003797 140.219178
38995.036890 -88.803745 140.219178
38933.455890 -89.002355 140.219178
41664.465003 74.977548 140.219178
41681.336419 74.780916 140.219178
41625.071113 74.770384 140.219178
41642.968388 74.573704 140.219178
41512.662950 74.749278 140.219178
41311.109242 75.112430 140.219178
41400.418052 74.728115 140.219178
41418.478592 74.530911 140.219178
41437.524175 74.333796 140.219178
41306.478592 74.509428 140.219178
41176.418052 74.685616 140.219178
41194.641858 74.487887 140.219178
38222.541772 -88.388861 140.219178
41082.968388 74.466287 140.219178
40879.893574 74.830645 140.219178
40971.458184 74.444628 140.219178
40990.830298 74.246461 140.219178
40712.811942 74.798801 140.219178
40879.564992 74.224478 140.219178
40674.805807 74.589145 140.219178
40768.462951 74.202436 140.219178
40563.785399 74.567546 140.219178
40508.336419 74.556724 140.219178
40678.126230 73.981470 140.219178
40622.758883 73.970264 140.219178
40567.432352 73.959042 140.219178
40436.136420 74.135949 140.219178
40456.901740 73.936553 140.219178
40401.697658 73.925285 140.219178
40195.458184 74.291352 140.219178
39920.803119 74.849300 140.219178
40085.254102 74.269215 140.219178
40105.279277 74.068913 140.219178
40050.279277 74.057687 140.219178
39846.132337 74.425698 140.219178
36935.873625 -88.770847 140.219178
39736.336419 74.403649 140.219178
39906.697658 73.823178 140.219178
40006.754854 73.433712 140.219178
39646.070429 74.180054 140.219178
39591.356143 74.168840 140.219178
39764.713326 73.587829 140.219178
39710.080673 73.576224 140.219178
39502.524175 73.944571 140.219178
39447.973155 73.933174 140.219178
39469.473168 73.731352 140.219178
39338.993563 73.910331 140.219178
39515.428323 73.328050 140.219178
39306.187454 73.696655 140.219178
36171.302196 -88.757922 140.219178
36116.996073 -88.756988 140.219178
39298.122201 73.280667 140.219178
39322.740607 73.078656 140.219178
39189.714037 73.256878 140.219178
39057.672510 73.435703 140.219178
39160.312036 73.042540 140.219178
39027.407915 73.221070 140.219178
38818.534393 73.591694 140.219178
38764.554801 73.579951 140.219178
38787.570469 73.376461 140.219178
38811.571180 73.173095 140.219178
38679.815367 73.352649 140.219178
38549.044597 73.532813 140.219178
38344.192878 73.906566 140.219178
38365.524175 73.701868 140.219178
38387.840515 73.497287 140.219178
38567.883464 72.908824 140.219178
38435.428323 73.088493 140.219178
38381.856895 73.076340 140.219178
38173.473168 73.449686 140.219178
38043.973155 73.631208 140.219178
38143.488837 73.232586 140.219178
38013.126230 73.413810 140.219178
38193.454893 72.822661 140.219178
38061.285466 73.003062 140.219178
38166.629771 72.605389 140.219178
37876.856184 73.171921 140.219178
38060.180791 72.580304 140.219178
38007.017526 72.567735 140.219178
37953.895077 72.555148 140.219178
37821.026322 72.735652 140.219178
37767.985505 72.723153 140.219178
37714.985505 72.710635 140.219178
37741.813444 72.504625 140.219178
37609.107954 72.685548 140.219178
37556.230403 72.672978 140.219178
37424.550772 72.854644 140.219178
37611.116222 72.260266 140.219178
37640.036695 72.054142 140.219178
37424.915485 72.428308 140.219178
37135.713326 72.999771 140.219178
37239.822240 72.597184 140.219178
37187.230403 72.584489 140.219178
37134.679383 72.571777 140.219178
37003.326282 72.754294 140.219178
36950.856895 72.741670 140.219178
36820.529653 72.924942 140.219178
36846.040568 72.716368 140.219178
36715.794959 72.899856 140.219178
36900.017526 72.299668 140.219178
36767.965097 72.482281 140.219178
36406.034379 73.256431 140.219178
36584.714037 72.652799 140.219178
36454.672510 72.836829 140.219178
36559.312036 72.430740 140.219178
36428.407915 72.614439 140.219178
36455.230403 72.404859 140.219178
36403.250811 72.391891 140.219178
36194.570469 72.773350 140.219178
36220.571180 72.563036 140.219178
36247.556934 72.352876 140.219178
36195.740607 72.339833 140.219178
36143.965097 72.326772 140.219178
35782.524175 73.106843 140.219178
32766.431814 -87.606959 140.219178
32663.166508 -87.603177 140.219178
32508.574671 -87.597482 140.219178
32467.984294 -87.377286 140.219178
32386.833002 -88.030802 140.219178
34882.516112 74.202436 140.219178
34831.189582 74.190497 140.219178
34850.248727 73.975645 140.219178
34728.658969 74.166565 140.219178
34608.054254 74.358152 140.219178
34369.799952 74.743323 140.219178
34318.718320 74.731696 140.219178
31910.888647 -88.457139 140.219178
34216.677503 74.708391 140.219178
33905.111859 75.521628 140.219178
34048.231998 74.890793 140.219178
34131.434582 74.467788 140.219178
34013.085666 74.661572 140.219178
34029.801929 74.444025 140.219178
31578.823560 -87.784070 140.219178
31511.113201 -88.225511 140.219178
31460.439732 -88.224082 140.219178
31386.125691 -87.554873 140.219178
33725.883562 74.372309 140.219178
33813.230398 73.947957 140.219178
31207.684630 -88.216903 140.219178
31174.252132 -87.769731 140.219178
31144.637355 -87.322106 140.219178
31073.517438 -87.766117 140.219178
30999.133544 -88.434608 140.219178
30963.975859 -87.986047 140.219178
30943.494498 -87.313410 140.219178
30882.452222 -87.535003 140.219178
30832.309365 -87.532998 140.219178
30755.296874 -88.203832 140.219178
30692.984294 -87.302460 140.219178
30643.004702 -87.300260 140.219178
30572.292948 -87.747870 140.219178
30532.309365 -87.520900 140.219178
30472.537846 -87.744185 140.219178
30432.635896 -87.516841 140.219178
30393.718988 -87.289203 140.219178
30323.211315 -87.738634 140.219178
30264.547288 -87.962899 140.219178
30223.864376 -87.734919 140.219178
30195.025110 -87.280292 140.219178
30085.064467 -87.502529 140.219178
29947.576131 -87.269070 140.219178
29898.208784 -87.266815 140.219178
29848.882253 -87.264556 140.219178
29602.861845 -87.253204 140.219178
29553.780212 -87.250922 140.219178
29162.596539 -87.232531 140.219178
26802.823560 -87.594624 140.219178
26747.139125 -87.833029 140.219178
26709.435805 -87.590420 140.219178
26638.725381 -88.311310 140.219178
26607.241165 -87.827337 140.219178
26539.445053 -88.549902 140.219178
26492.934849 -88.548629 140.219178
26446.465461 -88.547355 140.219178
26406.174361 -88.303888 140.219178
26359.786606 -88.302396 140.219178
26313.439667 -88.300901 140.219178
26255.802829 -88.785114 140.219178
26227.949936 -88.054922 140.219178
26163.313033 -88.782968 140.219178
26117.129359 -88.781892 140.219178
26070.986502 -88.780815 140.219178
26036.215177 -88.291877 140.219178
25984.016482 -88.534482 140.219178
25944.133544 -88.288848 140.219178
25905.235650 -88.042840 140.219178
25840.884461 -88.775398 140.219178
25794.986502 -88.774309 140.219178
25767.541772 -88.037616 140.219178
25729.751369 -87.790581 140.219178
25668.868238 -88.279694 140.219178
25638.241165 -87.786640 140.219178
25577.439667 -88.276621 140.219178
25546.894227 -87.782684 140.219178
25510.252132 -87.534402 140.219178
25447.684630 -88.025316 140.219178
25395.072320 -88.270443 140.219178
25349.582524 -88.268891 140.219178
25311.215242 -88.019998 140.219178
25258.725381 -88.265779 140.219178
25220.439732 -88.016437 140.219178
25175.113201 -88.014651 140.219178
25129.827487 -88.012862 140.219178
25077.500891 -88.259523 140.219178
25039.378507 -88.009275 140.219178
25011.211315 -87.509910 140.219178
24716.984294 -86.993727 140.219178
24661.288957 -87.241339 140.219178
26202.793230 75.496532 140.219178
24561.823560 -87.487219 140.219178
24482.350181 -87.231268 140.219178
24448.576131 -86.977254 140.219178
24383.211315 -87.478027 140.219178
24348.574671 -87.223667 140.219178
24304.064467 -87.221124 140.219178
25790.658032 75.631747 140.219178
25691.936448 75.857003 140.219178
25757.078945 75.368807 140.219178
25657.494767 75.593705 140.219178
25613.188645 75.580981 140.219178
25680.342042 75.092401 140.219178
25579.936088 75.317098 140.219178
25591.933879 75.066075 140.219178
25604.916714 74.815174 140.219178
25503.688981 75.039658 140.219178
25459.627757 75.026416 140.219178
25415.607349 75.013150 140.219178
25260.209053 75.478388 140.219178
25271.507516 75.225743 140.219178
25283.791022 74.973216 140.219178
25183.752414 75.199437 140.219178
24977.057050 75.908732 140.219178
25096.160577 75.173040 140.219178
24997.188645 75.400502 140.219178
24953.494767 75.387441 140.219178
24909.841706 75.374357 140.219178
24866.229461 75.361251 140.219178
24715.016234 75.832676 140.219178
24619.081061 76.063183 140.219178
24575.591266 76.050607 140.219178
23142.241165 -87.670272 140.219178
23117.717528 -87.150656 140.219178
23047.439732 -87.924994 140.219178
23729.279003 79.722323 140.219178
23724.234454 79.461349 140.219178
23801.378410 78.699000 140.219178
23717.100484 78.939260 140.219178
25673.336419 70.458783 140.219178
25855.411944 69.749546 140.219178
26125.813444 68.817946 140.219178
28384.324246 63.344965 140.219178
29771.354985 60.671816 140.219178
31971.877501 57.192119 140.219178
32744.770661 56.070406 140.219178
33122.545929 55.506852 140.219178
34242.996002 54.078908 140.219178
36381.362847 51.713007 140.219178
36338.607745 51.686402 140.219178
41025.050907 47.540081 140.219178
44313.135728 45.167644 140.219178
47436.021761 43.217968 140.219178
47831.550930 42.944165 140.219178
48453.263115 42.551403 140.219178
48634.062432 42.403339 140.219178
49041.044765 42.136285 140.219178
49224.758394 41.989883 140.219178
49182.370639 41.962451 140.219178
49140.023700 41.934995 140.219178
48871.575378 42.026461 140.219178
48604.112098 42.118430 140.219178
48787.085582 41.971406 140.219178
48519.703934 42.063303 140.219178
48253.307330 42.155708 140.219178
48211.205289 42.128073 140.219178
47723.469249 42.342052 140.219178
47681.448841 42.314346 140.219178
47639.469249 42.286615 140.219178
47155.632563 42.502692 140.219178
48001.307330 41.989536 140.219178
47959.450187 41.961756 140.219178
48141.887608 41.814046 140.219178
48100.112098 41.786230 140.219178
47834.123656 41.878270 140.219178
47792.429779 41.850393 140.219178
48200.228439 41.583345 140.219178
47933.418220 41.674726 140.219178
48343.186965 41.408816 140.219178
48301.656353 41.380883 140.219178
48944.258515 41.000215 140.219178
49132.728641 40.855825 140.219178
49322.183809 40.711989 140.219178
49280.816462 40.684041 140.219178
49239.489931 40.656069 140.219178
49430.011775 40.512774 140.219178
49156.959319 40.600055 140.219178
49347.562795 40.456749 140.219178
48843.728641 40.659739 140.219178
48572.687086 40.747954 140.219178
48531.605454 40.719806 140.219178
47806.472680 41.043815 140.219178
47765.472680 41.015569 140.219178
47498.371296 41.105777 140.219178
47008.001208 41.316087 140.219178
46967.123656 41.287720 140.219178
46702.977401 41.379462 140.219178
46662.181482 41.351031 140.219178
47068.989649 41.082939 140.219178
47028.275363 41.054490 140.219178
46763.348146 41.145514 140.219178
46722.715493 41.116999 140.219178
46458.814135 41.208498 140.219178
46641.572636 41.059894 140.219178
46825.316179 40.911871 140.219178
46784.846792 40.883274 140.219178
46969.616194 40.735826 140.219178
46704.030465 40.826004 140.219178
46216.120258 41.036636 140.219178
46623.377404 40.768635 140.219178
46358.858350 40.859242 140.219178
45872.959045 41.070836 140.219178
19468.494498 -86.612231 140.219178
19407.946009 -87.172959 140.219178
19309.637355 -86.598308 140.219178
19270.025110 -86.594809 140.219178
19209.680703 -87.158395 140.219178
19161.179941 -87.439519 140.219178
19130.660295 -87.152528 140.219178
19067.133544 -88.003870 140.219178
19021.587910 -88.287075 140.219178
18977.027319 -88.570953 140.219178
18942.894033 -88.283520 140.219178
18909.745789 -87.995577 140.219178
18864.363420 -88.279950 140.219178
18815.717076 -88.851914 140.219178
18785.996073 -88.276365 140.219178
18760.092793 -87.699963 140.219178
18738.007234 -87.122823 140.219178
197797.923455 17.883237 140.219178
197758.923455 17.865721 140.219178
18612.037084 -87.401994 140.219178
18551.873625 -88.265520 140.219178
18512.996073 -88.263699 140.219178
200523.351465 17.661276 140.219178
202247.898171 17.564257 140.219178
202209.143069 17.546904 140.219178
201581.703682 17.555957 140.219178
18304.112942 -89.418019 140.219178
18267.840855 -89.126143 140.219178
18229.249018 -89.125219 140.219178
18216.664221 -87.665890 140.219178
18149.827228 -89.415551 140.219178
18111.357840 -89.414930 140.219178
18075.289835 -89.121501 140.219178
18034.541514 -89.413685 140.219178
17994.306122 90.000000 140.219178
17957.888453 -89.412435 140.219178
17964.946009 -87.061517 140.219178
17879.510204 90.000000 140.219178
17841.326531 90.000000 140.219178
17803.183673 90.000000 140.219178
17769.330651 -89.113969 140.219178
17935.222308 83.814776 140.219178
17700.802829 -88.520321 140.219178
17900.768266 83.216517 140.219178
17862.829490 83.209283 140.219178
17894.332164 82.325311 140.219178
17881.497019 82.025369 140.219178
17843.680692 82.016868 140.219178
17780.883185 82.300719 140.219178
17768.170488 81.999812 140.219178
17705.454613 82.284236 140.219178
17643.723781 82.569662 140.219178
17630.189307 82.267684 140.219178
17568.540108 82.553690 140.219178
17580.109264 81.956853 140.219178
17493.519700 82.537650 140.219178
17954.622209 77.863486 140.219178
17520.638998 81.341896 140.219178
17841.605534 78.125866 140.219178
17695.220865 78.982087 140.219178
17657.935151 78.970315 140.219178
17692.451452 78.377520 140.219178
17851.174328 76.921959 140.219178
17814.011063 76.908083 140.219178
17735.814770 77.182089 140.219178
17581.176962 78.036953 140.219178
17506.839207 78.315207 140.219178
17469.839207 78.302665 140.219178
17508.418128 77.707422 140.219178
17395.961656 78.277501 140.219178
17359.084105 78.264879 140.219178
17436.970866 77.376532 140.219178
17400.174948 77.362971 140.219178
17324.234454 77.641223 140.219178
17287.520168 77.627899 140.219178
16940.668358 80.274365 140.219178
16845.493674 80.861647 140.219178
16384.472113 89.692439 140.219178
16355.002790 -88.768558 140.219178
16322.741604 -88.459111 140.219178
199515.275111 16.594998 140.219178
199478.846540 16.577435 140.219178
193607.140221 16.814878 140.219178
194150.076120 16.771250 140.219178
191802.304004 16.857109 140.219178
193498.221854 16.761443 140.219178
194041.280202 16.717877 140.219178
16228.528431 83.496331 140.219178
16192.385574 83.489045 140.219178
16101.046294 84.406531 140.219178
16120.222308 83.474425 140.219178
16104.502766 83.158882 140.219178
16184.190896 81.614762 140.219178
16148.252121 81.605370 140.219178
16221.884413 80.372750 140.219178
16157.228368 80.667336 140.219178
16150.210944 80.351208 140.219178
16206.497498 79.425783 140.219178
16170.762804 79.413972 140.219178
16235.629028 78.491007 140.219178
16309.034105 77.571964 140.219178
16236.124921 77.859862 140.219178
16315.276989 76.942391 140.219178
16240.560985 77.228813 140.219178
16244.256580 76.913373 140.219178
16332.029134 75.998674 140.219178
16213.529056 76.583114 140.219178
15385.011613 85.870322 140.219178
15349.685082 85.865564 140.219178
16277.510199 75.337769 140.219178
16379.650228 74.428780 140.219178
16540.845218 73.232138 140.219178
16609.546846 72.628843 140.219178
16627.773183 72.318513 140.219178
16592.691550 72.299214 140.219178
16667.180986 71.698919 140.219178
16688.362451 71.389689 140.219178
16597.221802 71.659018 140.219178
16975.402443 69.631160 140.219178
16757.817102 70.464477 140.219178
17096.893984 68.740775 140.219178
17194.289748 68.158534 140.219178
17295.503234 67.579646 140.219178
17330.189582 67.279486 140.219178
17365.860972 66.979934 140.219178
17331.228319 66.955621 140.219178
17513.336419 66.110148 140.219178
17478.785399 66.085075 140.219178
17593.462951 65.517404 140.219178
17635.003781 65.222060 140.219178
17677.529653 64.927419 140.219178
17879.670587 64.101421 140.219178
17765.536526 64.340299 140.219178
17891.748875 63.783204 140.219178
18275.303709 62.450050 140.219178
18414.816859 61.907717 140.219178
18293.292252 62.136001 140.219178
18524.004874 61.340717 140.219178
18312.388288 61.822270 140.219178
18729.195124 60.526055 140.219178
18244.306655 61.765040 140.219178
18478.015221 60.971068 140.219178
18720.262639 60.187255 140.219178
19165.559530 58.924080 140.219178
19131.702387 58.893534 140.219178
19396.733686 58.137073 140.219178
19464.462503 57.866444 140.219178
19430.727809 57.835211 140.219178
19602.875266 57.328032 140.219178
19673.559212 57.060263 140.219178
19851.453659 56.559674 140.219178
20142.223966 55.833459 140.219178
20782.870936 54.445735 140.219178
20749.381140 54.412694 140.219178
20831.599882 54.157873 140.219178
20567.800501 54.569504 140.219178
20881.436321 53.870690 140.219178
20731.497842 54.058011 140.219178
20932.380251 53.584200 140.219178
21257.469236 52.898987 140.219178
21467.875541 52.436684 140.219178
21312.434969 52.616264 140.219178
21774.087104 51.734587 140.219178
21615.895486 51.910348 140.219178
21707.964655 51.665777 140.219178
22184.846859 50.802347 140.219178
22281.718792 50.563303 140.219178
22511.295338 50.123345 140.219178
22611.081583 49.887526 140.219178
22445.581052 50.053290 140.219178
22545.448930 49.817282 140.219178
22380.030032 49.983029 140.219178
23020.076988 48.954693 140.219178
23263.117600 48.530115 140.219178
23369.758327 48.301693 140.219178
23337.166490 48.266051 140.219178
23728.100967 47.658510 140.219178
23982.635560 47.247108 140.219178
24095.104910 47.025083 140.219178
24503.157910 46.437400 140.219178
24176.171547 46.768063 140.219178
24290.651799 46.548052 140.219178
24855.096701 45.787211 140.219178
24822.831395 45.750984 140.219178
24942.155227 45.536260 140.219178
