124903.638713 56.784619 322.684932
125690.132382 56.465618 322.684932
125303.590480 56.553133 322.684932
125211.217585 56.539174 322.684932
124825.905480 56.626970 322.684932
124733.630447 56.613012 322.684932
124641.404344 56.599043 322.684932
124842.215313 56.483235 322.684932
125044.207149 56.367614 322.684932
123204.386416 56.966959 322.684932
86587.264740 88.192375 322.684932
123889.151582 56.631197 322.684932
123216.902462 56.822260 322.684932
123414.611205 56.705605 322.684932
124198.345162 56.384943 322.684932
123521.715087 56.575097 322.684932
124014.822636 56.356766 322.684932
123047.566153 56.649507 322.684932
122955.927217 56.635457 322.684932
123155.061480 56.518829 322.684932
123063.520404 56.504736 322.684932
122972.028259 56.490632 322.684932
123465.429391 56.271984 322.684932
123081.046966 56.359984 322.684932
122989.701612 56.345827 322.684932
123485.513409 56.127486 322.684932
123394.265916 56.113267 322.684932
123303.067354 56.099037 322.684932
122332.953299 56.391613 322.684932
122826.696944 56.172595 322.684932
123029.765252 56.056285 322.684932
122644.642334 56.144103 322.684932
122847.808503 56.027731 322.684932
122756.903524 56.013438 322.684932
121787.083051 56.306327 322.684932
122281.120280 56.086993 322.684932
122779.734185 55.868547 322.684932
122099.652836 56.058374 322.684932
122598.364602 55.839824 322.684932
121918.381115 56.029712 322.684932
122121.938727 55.913089 322.684932
122326.677207 55.796661 322.684932
121940.960589 55.884323 322.684932
120971.580490 56.177680 322.684932
121466.058094 55.957872 322.684932
121375.740282 55.943472 322.684932
121579.591477 55.826661 322.684932
121195.251448 55.914639 322.684932
121399.200505 55.797766 322.684932
121604.330429 55.681090 322.684932
120924.885177 55.871310 322.684932
121128.981025 55.754343 322.684932
121039.005726 55.739847 322.684932
120654.959280 55.827884 322.684932
120859.201920 55.710823 322.684932
121064.625427 55.593960 322.684932
120385.473758 55.784361 322.684932
120589.863190 55.667206 322.684932
120206.061396 55.755291 322.684932
120705.800703 55.535658 322.684932
120320.964834 55.623491 322.684932
119937.309832 55.711606 322.684932
119847.823838 55.697022 322.684932
119758.386775 55.682427 322.684932
119668.998642 55.667822 322.684932
119873.779518 55.550416 322.684932
120079.741261 55.433212 322.684932
119695.247905 55.521110 322.684932
117570.985613 56.231720 322.684932
119222.791937 55.594630 322.684932
118548.853041 55.786502 322.684932
118169.083153 55.875536 322.684932
118370.810733 55.757210 322.684932
119160.827400 55.432929 322.684932
118484.820353 55.624392 322.684932
118104.114251 55.713188 322.684932
118015.313284 55.698493 322.684932
118218.417453 55.580242 322.684932
118716.822567 55.359142 322.684932
118334.048315 55.447424 322.684932
118245.443070 55.432643 322.684932
118451.006834 55.314737 322.684932
118362.499451 55.299914 322.684932
118569.293013 55.182182 322.684932
118480.883490 55.167316 322.684932
117510.162665 55.462022 322.684932
118304.211237 55.137552 322.684932
117920.696492 55.225629 322.684932
117832.482692 55.210739 322.684932
117450.197745 55.299112 322.684932
117656.201883 55.180925 322.684932
117863.386889 55.062945 322.684932
117775.368811 55.047990 322.684932
117392.147649 55.136120 322.684932
116717.119213 55.328171 322.684932
116922.236068 55.209588 322.684932
116541.425570 55.298303 322.684932
116746.640286 55.179658 322.684932
115783.347176 55.476604 322.684932
116278.252085 55.253417 322.684932
116483.613593 55.134677 322.684932
116396.035889 55.119661 322.684932
116602.627194 55.001099 322.684932
116810.399366 54.882748 322.684932
116427.716440 54.970971 322.684932
116340.334459 54.955889 322.684932
115665.893188 55.148287 322.684932
116165.717287 54.925693 322.684932
116078.482098 54.910578 322.684932
115991.295838 54.895451 322.684932
115904.158510 54.880313 322.684932
115522.950034 54.968876 322.684932
115435.910566 54.953735 322.684932
114764.075682 55.146881 322.684932
115261.978422 54.923419 322.684932
114590.241399 55.116622 322.684932
115088.242000 54.893057 322.684932
114708.459044 54.981955 322.684932
114621.713159 54.966765 322.684932
114243.160000 55.055967 322.684932
114448.368181 54.936351 322.684932
114654.757230 54.816951 322.684932
114568.207067 54.801695 322.684932
114188.717694 54.890644 322.684932
114395.253534 54.771149 322.684932
114015.862021 54.860114 322.684932
113929.507581 54.844832 322.684932
114136.190212 54.725244 322.684932
114049.933633 54.709919 322.684932
113088.157369 55.008393 322.684932
113584.579124 54.783588 322.684932
113206.613131 54.872892 322.684932
113705.396621 54.648503 322.684932
113913.504772 54.528975 322.684932
113533.421698 54.617725 322.684932
112862.663285 54.811495 322.684932
113361.642497 54.586900 322.684932
112982.838150 54.675963 322.684932
112897.070876 54.660541 322.684932
112228.772058 54.854985 322.684932
112143.102645 54.839580 322.684932
111767.889830 54.929551 322.684932
112554.491085 54.598737 322.684932
112761.956604 54.478647 322.684932
112383.494772 54.567764 322.684932
111715.489537 54.762377 322.684932
112505.682323 54.432076 322.684932
112127.367282 54.521217 322.684932
111750.233108 54.610658 322.684932
111665.004069 54.595127 322.684932
111579.823961 54.579584 322.684932
111494.692784 54.564028 322.684932
111409.610537 54.548461 322.684932
74034.878766 87.093712 322.684932
73910.643355 87.408733 322.684932
73747.389224 88.200080 322.684932
73408.136708 88.195924 322.684932
73351.377566 87.876733 322.684932
73238.804033 88.193839 322.684932
73167.610953 88.033521 322.684932
73069.667080 88.191749 322.684932
72985.171999 88.190703 322.684932
72914.125711 88.030105 322.684932
72816.328629 88.188605 322.684932
72745.380203 88.027820 322.684932
72691.276378 87.707116 322.684932
72576.830416 88.025531 322.684932
72507.160717 87.864402 322.684932
72395.076489 88.183341 322.684932
72338.904514 87.861919 322.684932
72254.849808 87.860675 322.684932
72156.312233 88.019783 322.684932
72072.355388 88.018630 322.684932
71975.047611 88.178046 322.684932
71878.920701 88.337677 322.684932
71807.378574 88.175920 322.684932
71751.549112 87.853181 322.684932
71639.905259 88.173788 322.684932
71569.641859 88.011681 322.684932
71486.027528 88.010518 322.684932
71416.993926 87.848157 322.684932
71305.545794 88.169510 322.684932
71209.810328 88.329884 322.684932
71126.391719 88.328904 322.684932
70959.701292 88.326942 322.684932
70876.429474 88.325959 322.684932
70818.874376 88.001165 322.684932
70710.032630 88.323990 322.684932
70652.575393 87.998813 322.684932
70543.831509 88.322016 322.684932
70460.804344 88.321028 322.684932
70390.094035 88.157641 322.684932
70307.164731 88.156555 322.684932
70212.016431 88.318055 322.684932
70141.452915 88.154378 322.684932
70072.070265 87.990537 322.684932
69975.936820 88.152196 322.684932
69880.984242 88.314075 322.684932
69798.348522 88.313077 322.684932
69741.429520 87.985778 322.684932
69673.423459 87.821385 322.684932
69576.402731 87.983389 322.684932
69480.562869 88.145618 322.684932
69458.562869 87.490638 322.684932
69359.425060 87.652660 322.684932
69277.131852 87.651266 322.684932
69194.887576 87.649869 322.684932
69069.096833 88.140101 322.684932
69047.341485 87.483172 322.684932
68948.448328 87.645671 322.684932
68850.736038 87.808402 322.684932
68768.736414 87.807095 322.684932
68658.854059 88.134550 322.684932
68604.883957 87.804476 322.684932
68495.099463 88.132321 322.684932
68441.227223 87.801852 322.684932
68344.940452 87.965295 322.684932
68310.225617 87.469620 322.684932
68228.568506 87.468106 322.684932
68086.569258 88.126724 322.684932
68018.409871 87.960415 322.684932
67951.431351 87.793940 322.684932
67842.038301 88.123350 322.684932
67788.557504 87.791290 322.684932
67692.662178 87.955511 322.684932
67641.543115 87.623023 322.684932
67544.613714 87.787303 322.684932
67479.060713 87.620161 322.684932
67367.697374 87.950584 322.684932
67273.178636 88.115429 322.684932
67205.508554 87.948111 322.684932
67124.487541 87.946873 322.684932
67073.710991 87.612977 322.684932
66992.787839 87.611534 322.684932
66896.249881 87.776601 322.684932
66787.492928 88.108587 322.684932
66706.716567 88.107442 322.684932
66639.388999 87.939410 322.684932
66573.242297 87.771211 322.684932
66478.080929 87.936911 322.684932
66397.500290 87.935659 322.684932
66316.968581 87.934405 322.684932
66236.485803 87.933150 322.684932
66170.583754 87.764436 322.684932
66105.862573 87.595556 322.684932
66009.862851 87.761715 322.684932
65901.644133 88.095912 322.684932
65849.337669 87.758987 322.684932
65769.148474 87.757620 322.684932
65661.076549 88.092426 322.684932
65608.916876 87.754883 322.684932
65544.538208 87.585276 322.684932
65420.949338 88.088927 322.684932
65368.936457 87.750763 322.684932
65274.509047 87.917969 322.684932
65181.262503 88.085416 322.684932
65101.464752 88.084242 322.684932
65021.715932 88.083067 322.684932
64942.016042 88.081891 322.684932
64890.296744 87.742479 322.684932
64810.694715 87.741092 322.684932
64746.805352 87.570437 322.684932
64651.637450 87.738314 322.684932
64587.845948 87.567447 322.684932
64492.775906 87.735528 322.684932
64413.418530 87.734133 322.684932
64334.110084 87.732736 322.684932
64254.850569 87.731338 322.684932
64175.639984 87.729937 322.684932
64081.946531 87.898676 322.684932
64033.029342 87.556925 322.684932
63923.770015 87.896077 322.684932
63874.950686 87.553902 322.684932
63780.321019 87.722909 322.684932
63686.872219 87.892166 322.684932
63638.199682 87.549353 322.684932
63559.380542 87.547833 322.684932
63464.946597 87.717256 322.684932
63436.612332 87.202822 322.684932
63357.939983 87.201085 322.684932
63261.388957 87.370516 322.684932
63150.355062 87.711574 322.684932
63104.288912 87.367243 322.684932
63025.812285 87.365603 322.684932
62900.393383 87.879023 322.684932
62852.210151 87.534068 322.684932
62790.675988 87.360672 322.684932
62712.395083 87.359024 322.684932
62634.163109 87.357374 322.684932
62555.980065 87.355722 322.684932
62445.386545 87.698686 322.684932
62382.965098 87.524806 322.684932
62304.928846 87.523255 322.684932
62211.277789 87.694357 322.684932
62183.726413 87.174761 322.684932
62105.836952 87.172989 322.684932
62010.068814 87.344099 322.684932
61950.204823 87.169437 322.684932
61872.462154 87.167658 322.684932
61813.827959 86.992717 322.684932
61699.195999 87.337412 322.684932
61658.587274 86.988931 322.684932
61561.980783 87.160519 322.684932
61449.759487 87.506070 322.684932
61426.093225 86.983232 322.684932
61348.693070 86.981328 322.684932
61312.856742 86.631748 322.684932
61194.039550 86.977512 322.684932
61136.977667 86.801516 322.684932
61059.773234 86.799492 322.684932
61003.941148 86.623221 322.684932
60949.289929 86.446789 322.684932
60849.776934 86.618941 322.684932
60772.768223 86.616797 322.684932
60718.263796 86.440027 322.684932
60664.940235 86.263101 322.684932
60588.078316 86.260728 322.684932
60535.984553 86.083534 322.684932
60485.071657 85.906189 322.684932
60334.198850 86.428700 322.684932
60331.690331 85.900980 322.684932
60229.221902 86.073557 322.684932
60127.934339 86.246427 322.684932
60076.134159 86.068550 322.684932
59999.663684 86.066041 322.684932
59949.093301 85.887898 322.684932
59899.703785 85.709606 322.684932
59796.397003 85.882642 322.684932
59775.220383 85.528313 322.684932
59698.994560 85.525454 322.684932
59622.817668 85.522590 322.684932
59546.689706 85.519723 322.684932
59499.857646 85.340683 322.684932
59423.827546 85.337697 322.684932
59347.846375 85.334707 322.684932
59242.667164 85.508219 322.684932
59166.783855 85.505333 322.684932
59090.949476 85.502444 322.684932
59015.164028 85.499551 322.684932
58968.674482 85.319698 322.684932
58863.739923 85.493754 322.684932
58847.727146 85.136576 322.684932
58712.511540 85.487943 322.684932
58636.970745 85.485031 322.684932
58561.478880 85.482116 322.684932
58545.661824 85.124015 322.684932
58439.888913 85.298524 322.684932
58426.433591 84.940031 322.684932
58319.626604 85.114552 322.684932
58308.533016 84.755674 322.684932
58138.802202 85.286338 322.684932
58158.185383 84.748881 322.684932
58050.442181 84.923628 322.684932
57975.390691 84.920335 322.684932
57966.805628 84.560381 322.684932
57962.797242 84.200387 322.684932
57925.063069 84.018445 322.684932
57888.509763 83.836386 322.684932
57775.400463 84.010674 322.684932
57778.379416 83.650093 322.684932
57744.236775 83.467693 322.684932
57669.576728 83.463447 322.684932
57636.663884 83.280821 322.684932
57562.101699 83.276451 322.684932
57487.588444 83.272075 322.684932
57291.425115 83.804226 322.684932
57425.501078 82.906041 322.684932
57307.172471 83.080098 322.684932
57232.854938 83.075585 322.684932
57247.642561 82.713390 322.684932
57128.328809 82.887519 322.684932
57054.158068 82.882873 322.684932
56980.036257 82.878222 322.684932
56951.057457 82.694338 322.684932
56877.033508 82.689560 322.684932
56757.964409 82.864231 322.684932
56775.358417 82.500558 322.684932
56748.839212 82.316253 322.684932
56675.010985 82.311220 322.684932
56553.873735 82.485803 322.684932
56527.501322 82.301134 322.684932
56502.309775 82.116381 322.684932
56332.829428 82.470989 322.684932
56306.603806 82.285955 322.684932
56331.180877 81.920948 322.684932
56360.334624 81.556114 322.684932
56134.636554 82.090440 322.684932
56213.509988 81.545013 322.684932
56140.171065 81.539452 322.684932
56174.048280 81.174113 322.684932
56046.657647 81.348222 322.684932
56027.615088 81.162495 322.684932
55900.322317 81.336818 322.684932
55881.377618 81.150846 322.684932
55863.613787 80.964814 322.684932
55735.335871 81.139167 322.684932
55717.669900 80.952889 322.684932
55535.340274 81.308177 322.684932
55628.335179 80.760457 322.684932
55555.534493 80.754352 322.684932
55599.005434 80.387385 322.684932
55586.111861 80.200780 322.684932
55453.648714 80.374675 322.684932
55440.853002 80.187824 322.684932
55308.487715 80.361932 322.684932
55295.789865 80.174834 322.684932
55284.272881 79.987695 322.684932
55337.141827 79.620179 322.684932
55139.503327 79.974424 322.684932
55192.470134 79.606433 322.684932
55184.544681 79.419072 322.684932
55112.331161 79.412062 322.684932
55040.166571 79.405043 322.684932
54903.713914 79.578832 322.684932
54895.984183 79.390977 322.684932
54889.435320 79.203098 322.684932
54817.466452 79.195928 322.684932
54812.147386 79.007904 322.684932
54808.009187 78.819865 322.684932
54668.454303 78.993288 322.684932
54664.413965 78.805001 322.684932
54592.689750 78.797554 322.684932
54589.879209 78.609131 322.684932
54659.378152 78.240084 322.684932
54377.810688 78.775155 322.684932
54445.143619 78.405282 322.684932
54303.667376 78.578749 322.684932
54373.362041 78.208752 322.684932
54374.240892 78.019948 322.684932
54230.647569 78.193024 322.684932
54088.235112 78.366558 322.684932
54308.306286 77.634128 322.684932
54162.595881 77.806797 322.684932
54091.458832 77.798658 322.684932
54020.370714 77.790509 322.684932
54099.512314 77.420102 322.684932
54105.310355 77.230849 322.684932
54034.369028 77.222327 322.684932
53963.476632 77.213795 322.684932
53970.553401 77.024317 322.684932
53821.838631 77.196697 322.684932
53908.065432 76.826075 322.684932
53837.368758 76.817272 322.684932
53846.905121 76.627605 322.684932
53857.622352 76.437974 322.684932
53787.072469 76.428912 322.684932
53635.255473 76.600756 322.684932
53728.567476 76.230001 322.684932
53741.744301 76.040207 322.684932
53587.810224 76.211571 322.684932
53601.084910 76.021531 322.684932
53530.828611 76.012174 322.684932
53460.621242 76.002805 322.684932
53647.994171 75.451721 322.684932
53490.908937 75.622383 322.684932
53507.824085 75.432257 322.684932
53525.920100 75.242193 322.684932
53455.957384 75.232320 322.684932
53386.043598 75.222433 322.684932
53405.418341 75.032190 322.684932
53425.973951 74.842019 322.684932
53356.206956 74.831874 322.684932
53470.627771 74.461906 322.684932
53494.725981 74.271972 322.684932
53331.338435 74.441115 322.684932
53450.433786 74.071496 322.684932
53192.244821 74.420269 322.684932
53311.438033 74.050192 322.684932
53338.044769 73.860075 322.684932
53172.638002 74.028832 322.684932
53296.505752 73.659141 322.684932
53130.064910 73.827651 322.684932
53060.836151 73.816815 322.684932
53088.819476 73.626311 322.684932
53317.969654 73.078055 322.684932
53350.578585 72.888225 322.684932
53179.854651 73.055432 322.684932
53110.870545 73.044098 322.684932
53246.449102 72.675413 322.684932
52872.490163 73.200675 322.684932
52904.211810 73.010009 322.684932
52937.114324 72.819460 322.684932
53180.239183 72.272250 322.684932
52902.507182 72.617399 322.684932
52937.820361 72.426976 322.684932
52765.272928 72.594088 322.684932
52905.770675 72.224794 322.684932
53050.845097 71.856496 322.684932
52982.399227 71.844372 322.684932
52914.002287 71.832233 322.684932
53063.751246 71.464517 322.684932
52995.452168 71.452141 322.684932
52817.587567 71.617551 322.684932
52969.747191 71.249811 322.684932
52901.594904 71.237286 322.684932
52945.369872 71.047384 322.684932
52654.690732 71.390025 322.684932
52809.309951 71.022052 322.684932
52854.363647 70.832076 322.684932
52786.456013 70.819269 322.684932
52832.739506 70.629340 322.684932
52764.929733 70.616400 322.684932
52928.849095 70.249993 322.684932
52629.456977 70.590470 322.684932
52561.793996 70.577479 322.684932
52843.398156 70.033991 322.684932
52658.295028 70.197205 322.684932
52708.316845 70.007333 322.684932
52523.311578 70.170709 322.684932
52692.101199 69.804174 322.684932
52624.731800 69.790687 322.684932
52557.411332 69.777183 322.684932
52609.941673 69.587336 322.684932
52785.718635 69.222067 322.684932
52596.479205 69.383930 322.684932
53151.002584 68.495243 322.684932
53211.652203 68.307149 322.684932
53403.471995 67.946185 322.684932
53467.615283 67.758860 322.684932
53532.939439 67.571761 322.684932
53733.961513 67.213241 322.684932
53667.130350 67.198259 322.684932
53872.778031 66.840900 322.684932
53806.044729 66.825705 322.684932
53739.360357 66.810492 322.684932
54089.859309 66.284223 322.684932
54164.581469 66.099167 322.684932
54098.043889 66.083556 322.684932
54031.555240 66.067926 322.684932
54107.556127 65.882922 322.684932
54475.278777 65.361548 322.684932
54555.905271 65.177810 322.684932
54786.944857 64.827454 322.684932
54571.468636 64.978130 322.684932
55108.994086 64.296440 322.684932
55351.499827 63.949750 322.684932
55285.402622 63.933012 322.684932
55375.378190 63.751736 322.684932
55944.793581 63.081177 322.684932
56040.526692 62.901685 322.684932
56137.440670 62.722500 322.684932
56400.614848 62.382570 322.684932
56005.784495 62.687790 322.684932
56269.056534 62.347543 322.684932
56369.562043 62.169211 322.684932
56471.248419 61.991199 322.684932
56405.640519 61.973479 322.684932
56508.556692 61.795702 322.684932
56274.571510 61.937976 322.684932
56547.192624 61.600335 322.684932
56652.519461 61.423126 322.684932
56932.030054 61.087871 322.684932
56013.020659 61.866723 322.684932
56628.447462 61.210015 322.684932
56563.231006 61.191867 322.684932
57020.467954 60.699265 322.684932
57131.748057 60.523652 322.684932
57066.678392 60.505192 322.684932
57001.657658 60.486711 322.684932
57114.216489 60.311278 322.684932
57049.293616 60.292695 322.684932
57163.082243 60.117529 322.684932
57098.257232 60.098843 322.684932
57213.275657 59.923947 322.684932
56968.754000 60.061408 322.684932
57083.870286 59.886351 322.684932
57382.225818 59.556270 322.684932
56954.660637 59.848670 322.684932
57436.304345 59.363316 322.684932
57188.631531 59.499305 322.684932
57491.710531 59.170545 322.684932
57799.366206 58.843528 322.684932
57922.748560 58.670997 322.684932
57858.461784 58.651624 322.684932
57794.223939 58.632231 322.684932
57918.885021 58.459919 322.684932
58044.726970 58.287979 322.684932
58171.749786 58.116414 322.684932
58107.707662 58.096777 322.684932
58235.960275 57.925515 322.684932
58172.016013 57.905784 322.684932
58301.498424 57.734829 322.684932
57852.028473 58.018012 322.684932
58173.854551 57.695158 322.684932
58304.615690 57.524441 322.684932
58046.406401 57.655400 322.684932
57406.018303 58.091365 322.684932
58309.305267 57.314068 322.684932
58442.526000 57.143982 322.684932
58576.927601 56.974285 322.684932
58712.510068 56.804979 322.684932
58450.066617 56.933879 322.684932
58386.709520 56.913644 322.684932
57733.080700 57.344200 322.684932
58459.179544 56.723807 322.684932
58797.439897 56.406296 322.684932
58734.278523 56.385835 322.684932
58671.166079 56.365353 322.684932
58608.102566 56.344849 322.684932
58545.087983 56.324322 322.684932
58684.555565 56.155735 322.684932
58621.638843 56.135120 322.684932
58558.771052 56.114484 322.684932
58699.517361 55.946167 322.684932
58433.182262 56.073144 322.684932
58574.026432 55.904697 322.684932
58307.789193 56.031715 322.684932
58448.731225 55.863137 322.684932
57980.158614 56.138586 322.684932
58734.157888 55.527207 322.684932
58465.852499 55.653189 322.684932
58816.215103 55.338851 322.684932
58546.875639 55.464315 322.684932
58484.546084 55.443306 322.684932
58837.319353 55.129649 322.684932
57949.507616 55.696005 322.684932
58712.904895 55.087359 322.684932
58029.888125 55.506262 322.684932
58588.686159 55.044978 322.684932
58735.875038 54.878021 322.684932
58673.887996 54.856736 322.684932
58194.632119 55.127572 322.684932
58550.060705 54.814097 322.684932
58698.577242 54.647377 322.684932
58636.785923 54.625963 322.684932
58155.461894 54.895938 322.684932
58513.350075 54.583068 322.684932
58663.194271 54.416590 322.684932
58390.109950 54.540082 322.684932
58328.563283 54.518555 322.684932
58691.174931 54.207315 322.684932
58417.105464 54.330287 322.684932
58568.326250 54.163999 322.684932
58294.354644 54.286999 322.684932
58659.425887 53.976391 322.684932
58598.172803 53.954618 322.684932
58536.968650 53.932822 322.684932
58262.060830 54.055312 322.684932
57776.845153 54.323785 322.684932
58353.649773 53.867297 322.684932
57866.268084 54.134772 322.684932
58446.566374 53.679580 322.684932
58170.771271 53.801567 322.684932
58540.810634 53.492163 322.684932
58263.981455 53.613608 322.684932
57988.333143 53.735630 322.684932
57927.618295 53.713605 322.684932
57866.952378 53.691557 322.684932
58021.219924 53.525323 322.684932
57960.651867 53.503194 322.684932
57900.132741 53.481042 322.684932
58055.679015 53.315138 322.684932
58212.406156 53.149679 322.684932
57718.868946 53.414447 322.684932
57443.661009 53.536570 322.684932
57169.633938 53.659279 322.684932
57754.061995 53.203747 322.684932
57477.868913 53.325328 322.684932
58069.186449 52.872720 322.684932
58009.107698 52.850261 322.684932
58389.034370 52.543499 322.684932
58329.053480 52.520932 322.684932
58937.545783 52.075766 322.684932
58877.662754 52.053066 322.684932
58817.828655 52.030342 322.684932
58983.115447 51.867724 322.684932
58698.307249 51.984827 322.684932
58414.679918 52.102498 322.684932
58355.041541 52.079710 322.684932
58519.392119 51.916379 322.684932
58459.851603 51.893517 322.684932
58625.431978 51.730595 322.684932
58116.977339 51.988325 322.684932
58281.523639 51.824790 322.684932
57998.238822 51.942493 322.684932
58162.882983 51.778855 322.684932
58328.708010 51.615682 322.684932
58044.438048 51.732827 322.684932
58210.360937 51.569553 322.684932
57702.248812 51.827500 322.684932
57867.137625 51.663608 322.684932
56919.166867 52.207178 322.684932
57749.181996 51.617344 322.684932
57915.349537 51.453820 322.684932
57631.422088 51.570986 322.684932
57572.615531 51.547771 322.684932
57289.917879 51.665518 322.684932
57008.401095 51.783845 322.684932
57396.489440 51.477985 322.684932
56891.130493 51.737358 322.684932
56832.568587 51.714078 322.684932
57445.875685 51.267419 322.684932
57387.411640 51.244012 322.684932
57103.924566 51.361198 322.684932
57496.834240 51.057037 322.684932
56763.301106 51.455539 322.684932
57154.044769 51.150145 322.684932
56870.753417 51.267338 322.684932
57037.654916 51.103068 322.684932
57205.737282 50.939280 322.684932
57147.664682 50.915657 322.684932
57089.641012 50.892010 322.684932
56580.390416 51.149471 322.684932
56747.536568 50.984955 322.684932
56689.659690 50.961260 322.684932
56631.831743 50.937540 322.684932
56125.040741 51.196249 322.684932
56291.250679 51.030998 322.684932
55786.821411 51.290913 322.684932
34102.227604 85.715659 322.684932
34065.967727 85.479145 322.684932
34008.433362 85.475315 322.684932
33872.445878 86.405413 322.684932
33832.936983 86.168477 322.684932
33836.123852 85.463784 322.684932
33778.785210 85.459928 322.684932
33700.172081 85.690130 322.684932
53315.557228 52.383563 322.684932
33585.739449 85.682780 322.684932
33471.417896 86.383915 322.684932
33381.864500 86.851725 322.684932
33324.819440 86.849029 322.684932
52608.241768 52.562041 322.684932
52342.069718 52.687824 322.684932
52285.171450 52.664067 322.684932
51607.439177 53.092732 322.684932
52591.103346 52.317774 322.684932
51906.677316 52.742924 322.684932
52477.649324 52.269946 322.684932
51793.321155 52.695245 322.684932
52364.391025 52.222015 322.684932
52519.323995 52.049396 322.684932
52675.437832 51.877288 322.684932
51984.513767 52.299203 322.684932
52138.461592 52.125841 322.684932
52082.101560 52.101732 322.684932
51606.208820 52.376955 322.684932
51969.528288 52.053437 322.684932
51913.315048 52.029250 322.684932
51857.150738 52.005037 322.684932
52012.524083 51.831901 322.684932
51117.294355 52.406970 322.684932
32138.176148 86.791325 322.684932
32114.666967 86.308217 322.684932
32041.951638 86.545295 322.684932
32002.876583 86.301765 322.684932
31947.054787 86.298531 322.684932
31909.209529 86.054493 322.684932
31835.557986 86.292046 322.684932
31779.882982 86.288795 322.684932
31742.184515 86.044110 322.684932
31651.884092 86.524047 322.684932
31596.355879 86.520990 322.684932
31575.599876 86.033672 322.684932
31502.241916 86.272454 322.684932
31446.860495 86.269168 322.684932
31428.515156 85.780623 322.684932
31336.244443 86.262580 322.684932
31338.188446 85.530343 322.684932
31243.751722 86.012630 322.684932
31207.674497 85.765693 322.684932
31083.140100 86.737266 322.684932
31078.488207 86.002025 322.684932
31084.072671 85.266795 322.684932
31029.131625 85.262597 322.684932
30932.724611 85.746882 322.684932
30919.396322 85.254178 322.684932
30823.087170 85.739310 322.684932
30788.533325 85.490540 322.684932
30755.160348 85.241495 322.684932
30679.189468 85.482494 322.684932
30645.914351 85.233001 322.684932
30549.849851 85.720264 322.684932
30559.319430 84.978759 322.684932
30440.897437 85.712597 322.684932
30450.464877 84.969769 322.684932
30295.153593 86.198811 322.684932
30365.393336 84.714342 322.684932
30287.550027 84.956223 322.684932
30256.930228 84.704849 322.684932
49386.186425 51.140036 322.684932
48707.798452 51.570811 322.684932
48653.738154 51.545557 322.684932
29994.548534 85.181397 322.684932
29919.262680 85.425362 322.684932
29886.672591 85.172688 322.684932
29878.850659 84.671357 322.684932
29801.447724 84.915147 322.684932
29747.681010 84.910541 322.684932
29742.269742 84.408021 322.684932
29557.264578 85.900262 322.684932
29453.257640 86.648105 322.684932
29385.154849 86.896070 322.684932
41147.026207 57.382958 322.684932
41258.681340 57.180435 322.684932
41371.517340 56.978462 322.684932
41485.534207 56.777042 322.684932
41432.256797 56.752919 322.684932
41379.028319 56.728765 322.684932
41325.848771 56.704581 322.684932
41105.374947 56.858020 322.684932
40886.081990 57.012282 322.684932
39701.264560 58.258075 322.684932
28720.451733 87.369659 322.684932
28468.534487 87.102271 322.684932
28415.844244 87.099584 322.684932
28441.521608 85.820481 322.684932
32959.518426 67.759675 322.684932
33010.929745 67.521414 322.684932
35531.820077 62.849536 322.684932
36140.640384 61.819207 322.684932
35820.341556 62.198350 322.684932
37887.623882 59.237284 322.684932
38137.185342 58.834480 322.684932
41178.429233 55.356091 322.684932
41829.559211 54.637610 322.684932
43614.970039 52.929348 322.684932
47790.194199 49.598966 322.684932
49258.178895 48.537443 322.684932
49206.173679 48.510693 322.684932
50729.721117 47.480787 322.684932
55484.875785 44.756565 322.684932
56193.128468 44.345628 322.684932
56396.953216 44.191770 322.684932
59771.444006 42.567602 322.684932
61365.599524 41.834703 322.684932
61313.936822 41.807737 322.684932
61820.000924 41.549731 322.684932
62330.641703 41.293839 322.684932
62845.859158 41.040043 322.684932
62794.392178 41.013069 322.684932
63028.038715 40.873463 322.684932
62691.605010 40.959054 322.684932
63211.545932 40.707366 322.684932
62874.078150 40.792387 322.684932
61971.057871 41.104502 322.684932
62202.685188 40.963803 322.684932
61027.149483 41.393969 322.684932
60976.073947 41.366743 322.684932
61484.989089 41.109852 322.684932
61434.011414 41.082610 322.684932
61383.082670 41.055345 322.684932
61051.666015 41.142570 322.684932
61845.841465 40.773318 322.684932
61512.258798 40.859454 322.684932
62313.323728 40.493405 322.684932
62262.639637 40.466092 322.684932
62498.200999 40.326920 322.684932
62734.943228 40.188272 322.684932
62397.077468 40.272217 322.684932
62346.589099 40.244832 322.684932
62871.938516 39.995430 322.684932
62533.087611 40.078762 322.684932
62195.417573 40.162546 322.684932
62720.913782 39.913187 322.684932
62094.881209 40.107577 322.684932
62044.686423 40.080059 322.684932
62570.329422 39.830747 322.684932
62231.772101 39.913833 322.684932
61039.201885 40.333792 322.684932
62131.725042 39.858680 322.684932
61508.249925 40.053718 322.684932
61458.348722 40.026048 322.684932
61408.496449 39.998355 322.684932
61073.628519 40.082685 322.684932
60457.140743 40.280553 322.684932
61259.233214 39.915141 322.684932
61495.773186 39.775891 322.684932
61733.494026 39.637177 322.684932
61396.606876 39.720297 322.684932
61922.885973 39.471208 322.684932
61297.636289 39.664613 322.684932
60676.963280 39.859993 322.684932
61198.861423 39.608839 322.684932
61149.547386 39.580918 322.684932
60814.085756 39.664280 322.684932
60195.872342 39.860438 322.684932
60146.705097 39.832388 322.684932
59814.786067 39.917141 322.684932
24862.203448 83.881869 322.684932
24788.463768 84.148019 322.684932
24598.151880 86.056345 322.684932
23455.116130 86.525352 322.684932
23381.651150 87.084554 322.684932
23346.170816 86.799830 322.684932
23342.066883 85.951455 322.684932
23329.139763 85.384295 322.684932
23281.538294 85.379569 322.684932
23253.045300 85.093083 322.684932
23205.541692 85.088051 322.684932
23158.087015 85.083008 322.684932
23130.872749 84.795584 322.684932
22993.877893 86.205796 322.684932
23057.531464 84.502181 322.684932
23010.272509 84.496521 322.684932
23009.105127 83.925137 322.684932
22874.386492 85.052535 322.684932
22891.244579 84.195896 322.684932
22800.402576 84.757899 322.684932
22797.167043 84.183891 322.684932
22750.201671 84.177870 322.684932
22703.285230 84.171836 322.684932
22680.005008 83.881054 322.684932
22633.186428 83.874704 322.684932
22611.136004 83.583326 322.684932
22493.653415 84.433482 322.684932
22517.743495 83.569978 322.684932
22471.120637 83.563282 322.684932
23464.556246 76.266934 322.684932
23529.726200 75.707117 322.684932
23371.555182 76.239101 322.684932
23270.978474 76.499578 322.684932
23334.031347 75.937110 322.684932
23232.420564 76.197143 322.684932
23241.421727 75.908542 322.684932
23139.908805 76.169032 322.684932
23149.007829 75.879860 322.684932
23216.833099 75.316817 322.684932
23113.203096 75.576140 322.684932
23010.753960 75.836622 322.684932
22909.485691 76.098259 322.684932
22863.547860 76.084020 322.684932
23228.400175 74.147881 322.684932
22883.513940 75.502355 322.684932
23199.974228 73.843506 322.684932
22626.136269 76.304853 322.684932
22746.287613 75.457729 322.684932
23259.301496 72.980012 322.684932
23350.303730 72.423386 322.684932
23304.757343 72.405658 322.684932
23400.385183 71.850747 322.684932
23010.612938 73.182551 322.684932
23031.814213 72.893588 322.684932
22726.851682 73.969260 322.684932
22498.726380 74.781371 322.684932
22636.297144 73.936362 322.684932
22529.020145 74.195805 322.684932
22304.437443 75.012611 322.684932
22090.091099 75.837494 322.684932
21737.115635 77.523707 322.684932
21740.597373 77.225142 322.684932
20733.333782 86.003987 322.684932
20851.136620 83.016175 322.684932
20833.307289 82.712206 322.684932
20845.905797 82.112056 322.684932
20895.723762 81.217412 322.684932
20955.778084 80.325117 322.684932
20840.216134 80.903370 322.684932
20903.764126 80.010391 322.684932
21019.246747 78.828373 322.684932
21017.607039 78.524706 322.684932
21062.242278 77.930271 322.684932
21064.096240 77.626930 322.684932
21019.773116 77.613684 322.684932
21071.346765 77.020369 322.684932
21076.743328 76.717184 322.684932
21188.224091 75.838403 322.684932
21091.079054 76.111090 322.684932
21154.167789 75.520897 322.684932
21165.419756 75.218622 322.684932
21235.397969 74.630912 322.684932
21133.920909 74.900474 322.684932
21389.084425 73.461594 322.684932
21222.236291 74.011379 322.684932
21494.476713 72.581233 322.684932
21385.271820 72.844127 322.684932
21610.252150 71.705388 322.684932
21566.614053 71.686232 322.684932
21736.410736 70.834432 322.684932
21692.870500 70.814456 322.684932
21649.379195 70.794440 322.684932
21906.298395 69.674369 322.684932
21786.116653 69.927127 322.684932
21897.480672 69.359145 322.684932
19367.250743 83.687931 322.684932
19301.548737 83.989217 322.684932
22008.293036 68.479520 322.684932
22301.727783 67.383385 322.684932
22258.627922 67.360285 322.684932
22570.271511 66.278040 322.684932
22618.772982 65.991677 322.684932
22668.455320 65.705934 322.684932
22814.217804 65.161308 322.684932
22964.556964 64.620204 322.684932
23119.472801 64.082684 322.684932
23177.274415 63.802299 322.684932
23339.079730 63.270065 322.684932
23296.420244 63.243655 322.684932
23676.420389 62.216833 322.684932
23211.248063 63.190691 322.684932
23809.443037 61.668393 322.684932
23877.725662 61.395334 322.684932
23947.189153 61.123062 322.684932
23792.944925 61.339702 322.684932
24204.932871 60.339583 322.684932
24635.080729 59.356709 322.684932
24713.795433 59.091752 322.684932
24430.889556 59.535523 322.684932
24629.504001 59.033087 322.684932
25209.079806 57.840029 322.684932
25294.781851 57.580598 322.684932
25125.081958 57.779840 322.684932
25469.728541 57.064391 322.684932
25691.226365 56.582584 322.684932
25649.398698 56.551766 322.684932
26011.171117 55.852121 322.684932
25969.441311 55.820905 322.684932
26202.454221 55.349208 322.684932
26581.352477 54.665474 322.684932
26682.210069 54.418472 322.684932
26928.953007 53.959439 322.684932
27033.304269 53.715385 322.684932
27138.836397 53.472276 322.684932
27394.781618 53.021502 322.684932
27204.211031 53.197591 322.684932
27462.517985 52.748655 322.684932
27725.401615 52.303959 322.684932
29108.799484 50.472361 322.684932
28743.157858 50.830927 322.684932
29026.563134 50.405405 322.684932
29149.465753 50.177405 322.684932
29108.469904 50.143766 322.684932
29232.602319 49.916642 322.684932
29525.258808 49.499194 322.684932
29317.066545 49.656626 322.684932
29781.691846 49.051884 322.684932
30256.553506 48.456605 322.684932
30042.848352 48.608444 322.684932
30349.332729 48.203186 322.684932
30134.593500 48.353893 322.684932
30976.031513 47.404952 322.684932
31115.319475 47.190678 322.684932
31255.788305 46.977366 322.684932
31034.453180 47.121538 322.684932
31357.078249 46.730346 322.684932
31684.279995 46.343188 322.684932
32203.776477 45.787368 322.684932
31789.259332 46.098881 322.684932
32502.231418 45.375298 322.684932
32653.230188 45.170687 322.684932
33193.297247 44.632628 322.684932
33153.280009 44.597602 322.684932
33308.953316 44.396811 322.684932
33862.750402 43.870371 322.684932
34023.049316 43.673394 322.684932
34184.529097 43.477345 322.684932
34550.754914 43.123239 322.684932
34921.557408 42.772890 322.684932
