98180.310071 58.392764 347.342466
98330.227782 58.272161 347.342466
98254.044108 58.258429 347.342466
97726.561077 58.458849 347.342466
97875.657010 58.337916 347.342466
97574.397812 58.431434 347.342466
97498.377404 58.417711 347.342466
97422.397812 58.403977 347.342466
97346.459037 58.390232 347.342466
97046.307330 58.484086 347.342466
97194.703934 58.362711 347.342466
96007.061134 58.889729 347.342466
97268.310071 58.227708 347.342466
97418.717578 58.106669 347.342466
97343.023700 58.092809 347.342466
96816.030465 58.293719 347.342466
96965.616194 58.172346 347.342466
96664.846792 58.266046 347.342466
96589.316179 58.252194 347.342466
96739.024357 58.130712 347.342466
96889.717578 58.009418 347.342466
96814.309414 57.995481 347.342466
96738.942067 57.981534 347.342466
96212.275363 58.182769 347.342466
95912.735901 58.276852 347.342466
96061.744751 58.154923 347.342466
95762.286922 58.249036 347.342466
96136.575378 58.019208 347.342466
96287.595129 57.897622 347.342466
95313.610054 58.315615 347.342466
95911.330480 57.977214 347.342466
95611.132506 58.071123 347.342466
95536.173322 58.057117 347.342466
95686.452929 57.935121 347.342466
95386.377404 58.029074 347.342466
95536.738643 57.907004 347.342466
95236.744751 58.000987 347.342466
95161.989649 57.986927 347.342466
95312.473337 57.864746 347.342466
95012.601894 57.958773 347.342466
95163.167214 57.836519 347.342466
95088.575378 57.822389 347.342466
95014.024357 57.808248 347.342466
94939.514153 57.794095 347.342466
94415.593044 57.996717 347.342466
94790.616194 57.765757 347.342466
94266.776718 57.968460 347.342466
94868.023700 57.629292 347.342466
94793.717578 57.615059 347.342466
94493.310071 57.708948 347.342466
94419.085582 57.694717 347.342466
94119.703934 57.788919 347.342466
94270.759051 57.666223 347.342466
94422.799210 57.543724 347.342466
94348.737986 57.529424 347.342466
94274.717578 57.515112 347.342466
93749.397812 57.717672 347.342466
94353.885636 57.378378 347.342466
94052.901251 57.472109 347.342466
94206.130534 57.349626 347.342466
93905.227782 57.443384 347.342466
93380.112098 57.646143 347.342466
93984.804004 57.306413 347.342466
93457.881500 57.508701 347.342466
93384.228439 57.494313 347.342466
93536.758394 57.371374 347.342466
93237.044765 57.465503 347.342466
93389.656353 57.342491 347.342466
93316.166557 57.328032 347.342466
93242.717578 57.313562 347.342466
92943.167214 57.407746 347.342466
93095.942067 57.284587 347.342466
92796.473337 57.378799 347.342466
92949.329822 57.255567 347.342466
92649.942724 57.349807 347.342466
92576.738643 57.335293 347.342466
92503.575378 57.320768 347.342466
92430.452929 57.306232 347.342466
92357.371296 57.291684 347.342466
92284.330480 57.277124 347.342466
91538.569237 57.590909 347.342466
91688.919575 57.466658 347.342466
92065.452929 57.233377 347.342466
91543.123656 57.437561 347.342466
92145.880843 57.095135 347.342466
91174.181482 57.518266 347.342466
91548.989649 57.284222 347.342466
91701.473337 57.160232 347.342466
91628.799867 57.145569 347.342466
91556.167214 57.130894 347.342466
91034.123656 57.335354 347.342466
90961.572636 57.320707 347.342466
91338.514153 57.086798 347.342466
91266.044765 57.072076 347.342466
90520.854952 57.386776 347.342466
90896.030465 57.152163 347.342466
91048.881500 57.027840 347.342466
90976.575378 57.013071 347.342466
91130.452271 56.888921 347.342466
90832.085582 56.983499 347.342466
90310.450187 57.188352 347.342466
90238.307330 57.173587 347.342466
90390.459037 57.048794 347.342466
90318.397812 57.033980 347.342466
90471.575378 56.909361 347.342466
90399.595786 56.894498 347.342466
90327.657010 56.879623 347.342466
90030.561077 56.974605 347.342466
89958.703934 56.959732 347.342466
89439.324339 57.165511 347.342466
89815.112098 56.929950 347.342466
89968.575378 56.805071 347.342466
89896.881500 56.790125 347.342466
89375.776718 56.995483 347.342466
89979.758394 56.650428 347.342466
89682.044765 56.745215 347.342466
89610.514153 56.730221 347.342466
89089.572636 56.935734 347.342466
88351.027772 57.253705 347.342466
88723.405972 57.016514 347.342466
89324.799867 56.670126 347.342466
88580.712095 56.986571 347.342466
88509.426380 56.971581 347.342466
88215.816188 57.067688 347.342466
88814.540669 56.720134 347.342466
87852.027772 57.149142 347.342466
88224.691686 56.911501 347.342466
88376.919575 56.785519 347.342466
61810.888647 -88.891493 347.342466
61739.888647 -88.890856 347.342466
61676.011160 -88.731726 347.342466
88093.001208 56.725094 347.342466
61527.133544 -88.888940 347.342466
61456.296810 -88.888300 347.342466
61392.582589 -88.728802 347.342466
61308.608318 -89.045983 347.342466
61251.113201 -88.727334 347.342466
61180.439732 -88.726599 347.342466
61102.725381 -88.885087 347.342466
61025.996073 -89.043776 347.342466
60961.582524 -88.883797 347.342466
60884.934849 -89.042669 347.342466
87539.846792 56.446888 347.342466
87469.418220 56.431592 347.342466
60694.894227 -88.561673 347.342466
87104.429779 56.512067 347.342466
60554.241165 -88.560003 347.342466
60468.868238 -88.879258 347.342466
60422.721519 -88.398223 347.342466
60328.460075 -88.877955 347.342466
60265.398915 -88.716967 347.342466
60182.077706 -89.037094 347.342466
60112.016482 -89.036533 347.342466
60041.996073 -89.035972 347.342466
59978.153953 -88.874682 347.342466
59908.215177 -88.874026 347.342466
59832.179747 -89.034283 347.342466
59762.322604 -89.033718 347.342466
59698.643749 -88.872051 347.342466
59622.730767 -89.032588 347.342466
59552.996073 -89.032021 347.342466
59489.439667 -88.870069 347.342466
59419.786606 -88.869407 347.342466
59344.036890 -89.030318 347.342466
59280.602932 -88.868080 347.342466
59204.934849 -89.029180 347.342466
86086.024357 55.965007 347.342466
59065.996073 -89.028039 347.342466
59017.833002 -88.541376 347.342466
58933.358034 -88.864750 347.342466
58864.031504 -88.864082 347.342466
58801.827487 -88.701095 347.342466
58719.363420 -89.025174 347.342466
58671.404431 -88.537075 347.342466
58621.125691 -88.211117 347.342466
57325.637355 -88.026494 347.342466
57246.431814 -88.189759 347.342466
57168.211315 -88.353248 347.342466
57099.946009 -88.352264 347.342466
57031.721519 -88.351278 347.342466
56954.567696 -88.515184 347.342466
56850.072126 -89.669773 347.342466
56780.553746 -89.834786 347.342466
56713.908861 -89.669377 347.342466
56711.984294 -88.015842 347.342466
56576.065927 -88.013459 347.342466
56508.167967 -88.012265 347.342466
56440.310825 -88.011070 347.342466
56361.635896 -88.175600 347.342466
56293.860385 -88.174502 347.342466
56236.984294 -88.007476 347.342466
56148.517438 -88.338358 347.342466
56101.637355 -88.005073 347.342466
56034.025110 -88.003870 347.342466
55945.680703 -88.335348 347.342466
55483.737936 -88.161219 347.342466
55349.288957 -88.158986 347.342466
55215.003242 -88.156748 347.342466
55091.268032 89.832272 347.342466
55070.966417 -88.322176 347.342466
55013.880793 -88.153381 347.342466
54891.684371 -89.663934 347.342466
54890.861845 -87.983183 347.342466
54756.472113 -89.831760 347.342466
54689.635378 89.831657 347.342466
54622.839460 89.831555 347.342466
54555.612245 90.000000 347.342466
54490.786412 89.662700 347.342466
54424.112942 89.662493 347.342466
54356.063950 89.831142 347.342466
54289.472113 -89.831038 347.342466
54224.337432 89.661872 347.342466
54156.410889 89.830831 347.342466
54093.718406 89.492192 347.342466
54024.929269 89.661249 347.342466
53994.894227 -88.475024 347.342466
53892.194575 89.660832 347.342466
53824.472113 89.830310 347.342466
53759.623146 89.660414 347.342466
53691.982317 89.830101 347.342466
53627.214983 89.659995 347.342466
53561.072126 89.659785 347.342466
53493.553746 -89.829786 347.342466
53434.574219 89.318753 347.342466
53368.553810 89.318332 347.342466
53302.574219 89.317910 347.342466
53229.081633 90.000000 347.342466
53170.737484 89.317065 347.342466
53101.575549 89.487470 347.342466
53099.494498 -87.949431 347.342466
52967.623146 89.657884 347.342466
52900.000000 90.000000 347.342466
52834.306122 90.000000 347.342466
52772.902080 89.485877 347.342466
52707.289835 89.485557 347.342466
52645.023198 89.313663 347.342466
52602.154017 -88.626668 347.342466
52553.660295 -88.282451 347.342466
52471.215242 -88.624955 347.342466
52405.807078 -88.624097 347.342466
52314.473508 89.483629 347.342466
52252.451770 89.311090 347.342466
52180.084358 89.827657 347.342466
52118.616365 89.482660 347.342466
52060.966094 89.137268 347.342466
51995.802829 89.136727 347.342466
51930.680380 89.136186 347.342466
51861.349729 89.308497 347.342466
51811.888647 -88.789231 347.342466
51761.996267 -88.442471 347.342466
51681.929463 -88.787709 347.342466
51598.126569 89.480057 347.342466
51545.996073 88.959545 347.342466
51487.296810 88.785420 347.342466
51422.500891 88.784655 347.342466
51342.166055 89.305009 347.342466
51286.894033 88.956920 347.342466
51228.358034 88.782354 347.342466
51157.587910 88.955602 347.342466
51087.802829 89.129089 347.342466
51023.251808 89.128538 347.342466
50958.741604 89.127987 347.342466
50894.272217 89.127435 347.342466
50829.843645 89.126882 347.342466
50770.649135 88.951629 347.342466
50696.859933 89.300600 347.342466
50648.133544 88.775398 347.342466
50583.868238 88.774620 347.342466
50508.313033 89.124107 347.342466
50455.460075 88.773061 347.342466
50385.179747 88.947626 347.342466
50334.296874 88.596065 347.342466
50251.823237 89.121874 347.342466
50206.215242 88.594275 347.342466
50159.231723 88.241921 347.342466
50086.322798 88.416625 347.342466
50014.398915 88.591581 347.342466
49950.541772 88.590681 347.342466
49886.725446 88.589780 347.342466
49822.949936 88.588877 347.342466
49767.241165 88.411556 347.342466
49695.521364 88.587069 347.342466
49639.894227 88.409519 347.342466
49576.281982 88.408498 347.342466
49504.684630 88.584347 347.342466
49458.150091 88.229500 347.342466
49394.660295 88.228362 347.342466
49314.215242 88.581616 347.342466
49258.833002 88.403377 347.342466
49187.439732 88.579788 347.342466
49124.113201 88.578873 347.342466
49060.827487 88.577957 347.342466
48997.582589 88.577039 347.342466
48934.378507 88.576120 347.342466
48864.133544 88.753240 347.342466
48845.861845 87.861970 347.342466
48771.921610 88.038726 347.342466
48698.966417 88.215749 347.342466
48645.880793 88.036186 347.342466
48582.921610 88.034913 347.342466
48520.003242 88.033639 347.342466
48457.125691 88.032363 347.342466
48394.288957 88.031086 347.342466
48321.578662 88.208793 347.342466
48249.853410 88.386765 347.342466
48179.113201 88.565001 347.342466
48133.435805 88.205294 347.342466
48053.807078 88.563131 347.342466
48018.125691 88.023386 347.342466
47966.433274 87.842450 347.342466
47883.150091 88.200608 347.342466
47811.710553 88.379388 347.342466
47779.025110 87.838221 347.342466
47716.637355 87.836807 347.342466
47643.431814 88.015625 347.342466
47616.534178 87.473405 347.342466
47541.521817 87.652130 347.342466
47467.494498 87.831135 347.342466
47417.113653 87.649050 347.342466
47354.970796 87.647507 347.342466
47260.292948 88.188786 347.342466
47243.554586 87.463445 347.342466
47168.787123 87.642866 347.342466
47119.554586 87.460107 347.342466
47057.615811 87.458435 347.342466
47009.409133 87.275366 347.342466
46947.551990 87.273570 347.342466
46885.735663 87.271772 347.342466
46838.595661 87.088273 347.342466
46808.964661 86.722894 347.342466
46715.167089 87.084425 347.342466
46653.514028 87.082498 347.342466
46591.901783 87.080568 347.342466
46562.434049 86.714220 347.342466
46518.371624 86.529815 347.342466
46456.881828 86.527517 347.342466
46361.440701 86.890222 347.342466
46334.024685 86.522910 347.342466
46255.189151 86.703314 347.342466
46193.862621 86.701124 347.342466
46150.045093 86.515978 347.342466
46107.212608 86.330658 347.342466
46046.008526 86.328217 347.342466
45966.432848 86.509018 347.342466
45923.722812 86.323325 347.342466
45881.997819 86.137462 347.342466
45820.957002 86.134886 347.342466
45722.187950 86.499694 347.342466
45679.641179 86.313502 347.342466
45658.380317 85.943317 347.342466
45597.502766 85.940606 347.342466
45516.365166 86.121955 347.342466
45436.212608 86.303626 347.342466
45375.457506 86.301149 347.342466
45314.743220 86.298668 347.342466
45235.657338 86.480897 347.342466
45193.437098 86.293697 347.342466
45172.502766 85.921522 347.342466
45091.650880 86.103706 347.342466
45031.140676 86.101085 347.342466
44932.902236 86.469047 347.342466
44930.543582 85.910537 347.342466
44891.400919 85.722446 347.342466
44831.053980 85.719563 347.342466
44749.502766 85.902259 347.342466
44689.237460 85.899492 347.342466
44650.258062 85.710890 347.342466
44590.074388 85.707991 347.342466
44552.120849 85.519097 347.342466
44448.584398 85.888387 347.342466
44431.957584 85.513030 347.342466
44371.937176 85.509990 347.342466
44311.957584 85.506946 347.342466
44252.018808 85.503898 347.342466
44192.120849 85.500845 347.342466
44132.263706 85.497789 347.342466
44072.447380 85.494728 347.342466
44035.805414 85.304640 347.342466
43976.070720 85.301445 347.342466
43916.376843 85.298245 347.342466
43856.723781 85.295041 347.342466
43773.977992 85.479363 347.342466
43737.540108 85.288621 347.342466
43654.875951 85.473188 347.342466
43642.597471 85.094374 347.342466
43434.432848 86.408576 347.342466
43499.662557 85.275727 347.342466
43464.372981 85.084301 347.342466
43405.046450 85.080935 347.342466
43345.760736 85.077564 347.342466
43217.115205 85.640218 347.342466
43252.333753 84.882212 347.342466
43219.136711 84.690086 347.342466
43134.048039 84.875180 347.342466
43127.843080 84.494035 347.342466
43015.925590 84.868130 347.342466
42982.891814 84.675471 347.342466
42950.843080 84.482667 347.342466
42891.924712 84.478867 347.342466
42833.047161 84.475062 347.342466
42802.065102 84.281847 347.342466
42715.414508 84.467436 347.342466
42629.748956 84.653399 347.342466
42495.968679 85.220134 347.342466
42539.271651 84.455957 347.342466
42453.728548 84.642294 347.342466
42478.700739 84.068044 347.342466
42420.149719 84.063937 347.342466
42391.382644 83.869642 347.342466
42303.170127 84.055706 347.342466
42244.741556 84.051582 347.342466
42186.353801 84.047452 347.342466
42157.749990 83.852614 347.342466
42069.700739 84.039175 347.342466
41982.636531 84.226125 347.342466
41982.954072 83.839780 347.342466
41924.770399 83.835491 347.342466
41780.230835 84.405664 347.342466
41839.212856 83.635543 347.342466
41781.151631 83.631104 347.342466
41754.762804 83.435189 347.342466
41696.783212 83.430606 347.342466
41607.212856 83.617750 347.342466
41549.314896 83.613286 347.342466
41523.089335 83.416820 347.342466
41433.641427 83.604340 347.342466
41407.497498 83.407597 347.342466
41318.131223 83.595369 347.342466
41292.068927 83.398348 347.342466
41266.991673 83.201204 347.342466
41176.803620 83.389073 347.342466
41151.807999 83.191651 347.342466
41094.277387 83.186865 347.342466
41070.307625 82.989185 347.342466
41012.858645 82.984252 347.342466
40955.450482 82.979312 347.342466
40932.547395 82.781240 347.342466
40840.756605 82.969411 347.342466
40783.470890 82.964450 347.342466
40660.130151 83.347014 347.342466
40635.501877 83.148329 347.342466
40578.338612 83.143481 347.342466
40624.608943 82.556848 347.342466
40567.527310 82.551584 347.342466
40475.078008 82.740341 347.342466
40418.078008 82.735196 347.342466
40396.527310 82.535746 347.342466
40339.608943 82.530452 347.342466
40282.731392 82.525150 347.342466
40225.894657 82.519841 347.342466
40169.098739 82.514525 347.342466
40112.343637 82.509200 347.342466
40091.982064 82.308934 347.342466
40072.605534 82.108568 347.342466
40015.972881 82.102950 347.342466
39885.731392 82.487828 347.342466
39865.533084 82.286988 347.342466
39772.670168 82.477097 347.342466
39752.553493 82.275969 347.342466
39624.363722 82.662400 347.342466
39677.034105 82.069075 347.342466
39620.687166 82.063401 347.342466
39527.084105 82.253836 347.342466
39470.818799 82.248283 347.342466
39490.132413 81.850129 347.342466
39473.134131 81.648139 347.342466
39265.915066 82.428426 347.342466
39321.703842 81.832574 347.342466
39265.642617 81.826706 347.342466
39209.622209 81.820829 347.342466
39153.642617 81.814944 347.342466
39059.462676 82.006216 347.342466
39041.805883 81.803149 347.342466
38985.948740 81.797239 347.342466
38969.317805 81.593936 347.342466
38913.542295 81.587870 347.342466
38897.937219 81.384336 347.342466
38802.113723 81.575712 347.342466
38786.590280 81.371884 347.342466
38651.663025 81.761598 347.342466
38596.091597 81.755628 347.342466
38465.022880 82.146958 347.342466
38605.460043 81.148787 347.342466
38468.807601 81.539029 347.342466
38494.602900 81.135949 347.342466
38398.161709 81.328019 347.342466
38383.909022 81.123074 347.342466
38370.641378 80.918056 347.342466
38358.358777 80.712970 347.342466
38218.174328 81.103691 347.342466
38205.029134 80.898226 347.342466
38107.888614 81.090723 347.342466
38094.825052 80.884958 347.342466
38126.653056 80.480168 347.342466
38027.746532 80.672327 347.342466
37929.825052 80.864984 347.342466
37961.775505 80.459324 347.342466
37906.897954 80.452356 347.342466
37852.061219 80.445378 347.342466
37797.265301 80.438390 347.342466
37742.510199 80.431391 347.342466
37687.795913 80.424383 347.342466
37589.215920 80.617586 347.342466
37491.620970 80.811295 347.342466
37523.897954 80.403296 347.342466
37514.197683 80.195837 347.342466
37327.967909 80.790999 347.342466
37405.218091 80.181424 347.342466
37305.938770 80.375037 347.342466
37342.196740 79.966235 347.342466
37197.204076 80.360845 347.342466
37280.282881 79.750687 347.342466
37133.483397 80.145207 347.342466
37171.793085 79.735579 347.342466
37070.870209 79.929202 347.342466
37063.466554 79.720427 347.342466
36916.830336 80.116042 347.342466
36908.564087 79.906851 347.342466
36901.282881 79.697616 347.342466
36847.303289 79.689990 347.342466
36655.979586 80.289261 347.342466
36739.466554 79.674705 347.342466
36733.292840 79.464969 347.342466
36679.476513 79.457155 347.342466
36625.701003 79.449329 347.342466
36477.543679 79.846767 347.342466
36423.849801 79.839207 347.342466
36513.247025 79.223256 347.342466
36459.634780 79.215241 347.342466
36309.752269 79.613112 347.342466
36256.221656 79.605362 347.342466
36155.992658 79.801238 347.342466
36245.593964 79.183062 347.342466
36095.874718 79.582042 347.342466
36090.190799 79.370437 347.342466
35851.795913 80.179888 347.342466
36032.206209 79.150692 347.342466
36028.533192 78.938876 347.342466
35975.329110 78.930596 347.342466
35823.966309 79.330553 347.342466
35770.843860 79.322540 347.342466
35717.762228 79.314516 347.342466
35713.349066 79.101777 347.342466
35660.349066 79.093582 347.342466
35607.389882 79.085375 347.342466
35654.559503 78.667724 347.342466
35551.165845 78.863918 347.342466
35448.757229 79.060681 347.342466
35445.533192 78.847124 347.342466
35294.578554 79.249889 347.342466
35241.864269 79.241757 347.342466
35189.190799 79.233612 347.342466
35136.558146 79.225455 347.342466
35232.681952 78.599175 347.342466
35180.130932 78.590549 347.342466
35077.104621 78.787951 347.342466
34926.435697 79.192704 347.342466
34972.206661 78.770930 347.342466
34970.335014 78.555915 347.342466
34867.471968 78.753858 347.342466
34815.165845 78.745303 347.342466
34617.017575 79.359299 347.342466
34612.476513 79.143207 347.342466
34465.870209 79.551428 347.342466
34606.349519 78.710953 347.342466
34408.364514 79.326708 347.342466
34403.986718 79.109960 347.342466
34351.966309 79.101617 347.342466
34348.614372 78.884679 347.342466
34346.247478 78.667724 347.342466
34294.349519 78.659039 347.342466
34242.492376 78.650341 347.342466
34241.192156 78.433045 347.342466
34240.876980 78.215744 347.342466
34137.681952 78.415279 347.342466
34137.448408 78.197649 347.342466
34085.795347 78.188581 347.342466
34034.183102 78.179500 347.342466
33931.151340 78.379586 347.342466
33683.221656 79.211069 347.342466
33777.614825 78.571460 347.342466
33676.593964 78.772896 347.342466
33725.273789 78.343675 347.342466
33573.818454 78.755502 347.342466
33726.444805 77.905767 347.342466
33622.754531 78.106348 347.342466
33623.914193 77.887062 347.342466
33468.845218 78.298478 347.342466
33417.681952 78.289397 347.342466
33366.559503 78.280302 347.342466
33366.938204 78.060173 347.342466
33368.301948 77.840049 347.342466
33213.437054 78.252934 347.342466
33319.691550 77.610324 347.342466
33268.773183 77.600696 347.342466
33164.546846 77.802179 347.342466
33009.845218 78.216246 347.342466
32959.049299 78.207039 347.342466
33012.159091 77.773624 347.342466
32909.040245 77.976162 347.342466
32658.190799 78.819023 347.342466
32807.734123 77.957334 347.342466
32655.165845 78.374011 347.342466
32655.130932 78.151495 347.342466
32708.485621 77.716118 347.342466
32605.611674 77.919504 347.342466
32607.587662 77.696830 347.342466
32610.548693 77.474173 347.342466
32506.852968 77.677483 347.342466
32456.546846 77.667787 347.342466
32406.281540 77.658076 347.342466
32409.405836 77.434730 347.342466
32305.873377 77.638608 347.342466
32309.079306 77.414917 347.342466
32258.977265 77.404987 347.342466
32103.162694 77.823897 347.342466
32158.895632 77.385082 347.342466
32108.916040 77.375106 347.342466
31953.223919 77.794923 347.342466
31955.730519 77.569993 347.342466
31959.222163 77.345084 347.342466
31909.405836 77.335046 347.342466
31859.630326 77.324991 347.342466
31809.895632 77.314922 347.342466
31654.448408 77.736567 347.342466
31502.818906 78.160263 347.342466
31660.936448 77.284618 347.342466
31505.611674 77.707183 347.342466
31508.485621 77.480665 347.342466
31458.995825 77.470661 347.342466
31462.895632 77.243990 347.342466
31307.734123 77.667787 347.342466
31258.366776 77.657899 347.342466
31209.040245 77.647995 347.342466
31108.294197 77.856109 347.342466
31059.049299 77.846338 347.342466
31061.305551 77.618191 347.342466
31012.142286 77.608225 347.342466
30911.559503 77.816934 347.342466
30862.477871 77.807102 347.342466
30813.437054 77.797253 347.342466
30713.920947 78.006942 347.342466
30715.477871 77.777510 347.342466
30666.559503 77.767615 347.342466
30567.165845 77.977757 347.342466
30518.329110 77.967998 347.342466
30419.961311 78.178975 347.342466
30420.778090 77.948433 347.342466
30322.491923 78.159717 347.342466
30273.818454 78.150065 347.342466
30128.874718 78.584330 347.342466
30127.966309 78.352674 347.342466
30128.042944 78.121014 347.342466
30079.532740 78.111299 347.342466
29934.752269 78.546876 347.342466
28729.174361 -88.373925 347.342466
28674.649135 -88.604947 347.342466
29697.054826 78.966385 347.342466
28577.996073 -88.602589 347.342466
28535.868238 -88.368426 347.342466
28481.506278 -88.600224 347.342466
29504.075234 78.929906 347.342466
28398.398915 -88.130757 347.342466
28337.077706 -88.596660 347.342466
28279.574219 -89.063541 347.342466
28231.553810 -89.062745 347.342466
28193.016482 -88.593079 347.342466
28135.635443 -89.061149 347.342466
28091.986502 -88.825495 347.342466
28039.880341 -89.059547 347.342466
27996.313033 -88.823490 347.342466
27959.868238 -88.351701 347.342466
27912.133544 -88.350291 347.342466
27871.521364 -88.113165 347.342466
27840.864376 -87.639918 347.342466
27784.281982 -87.873878 347.342466
27728.684630 -88.108310 347.342466
27681.154017 -88.106686 347.342466
27615.251808 -88.815399 347.342466
27579.133544 -88.340359 347.342466
27525.587910 -88.576120 347.342466
27491.439732 -88.100162 347.342466
27471.023651 -87.386325 347.342466
27404.853410 -87.859203 347.342466
27349.582589 -88.095240 347.342466
27302.378507 -88.093593 347.342466
27292.984294 -87.139237 347.342466
27130.966417 -87.609223 347.342466
27083.966417 -87.607148 347.342466
27046.921610 -87.365899 347.342466
26963.984294 -87.121823 347.342466
26906.288957 -87.359019 347.342466
26870.351641 -87.116808 347.342466
26823.596539 -87.114294 347.342466
26739.113201 -88.073611 347.342466
26700.465655 -87.831135 347.342466
26645.807078 -88.070240 347.342466
26599.215242 -88.068550 347.342466
26560.690145 -87.825433 347.342466
26506.154017 -88.065161 347.342466
26459.684630 -88.063462 347.342466
26440.166508 -87.335825 347.342466
23021.109274 -87.404440 347.342466
23476.375049 81.229864 347.342466
23465.705959 80.967724 347.342466
23389.926069 81.213544 347.342466
23379.338612 80.950916 347.342466
23272.008774 81.452189 347.342466
23326.654564 80.679503 347.342466
23353.486494 80.162395 347.342466
23384.136146 79.645923 347.342466
23499.806981 78.625757 347.342466
23498.906685 78.363453 347.342466
23776.593964 76.602019 347.342466
23733.757229 76.589708 347.342466
24002.555992 75.094213 347.342466
24490.928186 72.892354 347.342466
24708.820360 71.919519 347.342466
25013.150058 70.720221 347.342466
24970.517405 70.703118 347.342466
25612.017526 68.596182 347.342466
25814.493232 67.893189 347.342466
26650.113491 65.639477 347.342466
26607.644103 65.618780 347.342466
26847.067084 64.941618 347.342466
27293.316441 63.841230 347.342466
27453.033932 63.392915 347.342466
28256.754579 61.695685 347.342466
28435.438228 61.261566 347.342466
29434.223239 59.427498 347.342466
29272.594938 59.601278 347.342466
30339.445876 57.822703 347.342466
30684.004507 57.227133 347.342466
31037.101991 56.638296 347.342466
32231.545929 54.964648 347.342466
32763.655930 54.226330 347.342466
33162.198726 53.673854 347.342466
33873.321245 52.785810 347.342466
34139.281877 52.419649 347.342466
35204.570893 51.228985 347.342466
35981.911702 50.392884 347.342466
36442.977516 49.888897 347.342466
36401.283638 49.861257 347.342466
38097.006978 48.292080 347.342466
38595.020066 47.815549 347.342466
39101.572007 47.345179 347.342466
39992.464871 46.593524 347.342466
40521.759876 46.139335 347.342466
41059.593735 45.691088 347.342466
42604.485763 44.571453 347.342466
42969.135728 44.276753 347.342466
44589.647493 43.207696 347.342466
45401.942359 42.673709 347.342466
45793.153108 42.396189 347.342466
46188.181579 42.121041 347.342466
46366.550930 41.970223 347.342466
46545.905323 41.819987 347.342466
46948.610054 41.549532 347.342466
47130.878759 41.401040 347.342466
47089.878759 41.372747 347.342466
46825.610054 41.464609 347.342466
46120.428481 41.800201 347.342466
46967.123656 41.287720 347.342466
45600.593190 41.988815 347.342466
46218.395119 41.592997 347.342466
45737.630559 41.808773 347.342466
45916.448889 41.657823 347.342466
46096.252262 41.507461 347.342466
45615.610151 41.723076 347.342466
46015.027772 41.450312 347.342466
45534.467294 41.665818 347.342466
45493.957090 41.637150 347.342466
45893.497160 41.364399 347.342466
46296.854952 41.094023 347.342466
46704.030465 40.826004 347.342466
46663.683526 40.797332 347.342466
47301.804004 40.414028 347.342466
47261.538698 40.385361 347.342466
47449.344861 40.239640 347.342466
47409.161187 40.210944 347.342466
47140.987677 40.299216 347.342466
46873.799210 40.387990 347.342466
46158.144065 40.715171 347.342466
46118.123656 40.686282 347.342466
45632.469249 40.897515 347.342466
45371.109405 40.989474 347.342466
44891.201988 41.204065 347.342466
45291.354303 40.931411 347.342466
44811.528518 41.145883 347.342466
44991.285624 40.994702 347.342466
339874.499756 13.793722 347.342466
338280.609381 13.812331 347.342466
44872.203991 40.907209 347.342466
44832.591746 40.877993 347.342466
44793.020318 40.848752 347.342466
342014.814975 13.677610 347.342466
343538.963940 13.632276 347.342466
343499.514960 13.618704 347.342466
341896.468036 13.636805 347.342466
344203.975170 13.575786 347.342466
343381.412919 13.577978 347.342466
340218.626589 13.627719 347.342466
342520.590814 13.566581 347.342466
341700.039465 13.568767 347.342466
341660.876200 13.555155 347.342466
340841.350710 13.557330 347.342466
342364.019385 13.512187 347.342466
338427.684496 13.577566 347.342466
337612.058360 13.579778 347.342466
18621.007234 -87.113791 347.342466
18582.088866 -87.110768 347.342466
18563.984294 -86.530581 347.342466
18486.351641 -86.523295 347.342466
18447.596539 -86.519640 347.342466
18408.882253 -86.515978 347.342466
18359.350181 -86.802319 347.342466
18331.576131 -86.508630 347.342466
18292.984294 -86.504945 347.342466
17622.394989 -87.033070 347.342466
17560.460075 -87.919962 347.342466
17516.506278 -88.214979 347.342466
17469.288504 -88.808485 347.342466
17431.553810 -88.807196 347.342466
17390.555141 -89.104372 347.342466
17350.541514 -89.402240 347.342466
17311.512929 -89.700787 347.342466
17277.718406 -89.101451 347.342466
17243.492586 -88.800708 347.342466
17202.697998 -89.099494 347.342466
17161.472113 -89.699482 347.342466
17127.840855 -89.097528 347.342466
17088.112942 -89.397667 347.342466
17169.758926 85.187238 347.342466
17012.084358 89.698165 347.342466
17095.228314 85.176733 347.342466
17043.388725 85.471951 347.342466
17036.440701 84.865637 347.342466
16983.738518 85.160890 347.342466
16932.021378 85.457053 347.342466
16881.289280 85.754113 347.342466
16857.980561 85.447066 347.342466
16807.330096 85.744764 347.342466
16798.738518 85.134254 347.342466
16761.860967 85.128891 347.342466
16696.697443 85.730663 347.342466
17400.174948 77.362971 347.342466
17176.935151 78.814987 347.342466
17140.220865 78.802859 347.342466
17069.083135 79.086288 347.342466
16934.723060 79.965564 347.342466
16679.070720 82.356563 347.342466
16691.619468 81.744106 347.342466
16349.179941 -87.227895 347.342466
16312.710553 -87.224796 347.342466
188472.472618 17.069020 347.342466
190724.889426 16.945264 347.342466
204738.629902 16.319346 347.342466
205299.546917 16.277595 347.342466
204666.058473 16.284619 347.342466
194621.507266 16.692207 347.342466
196331.670143 16.597953 347.342466
196295.527286 16.580248 347.342466
198014.269833 16.486882 347.342466
16120.222308 83.474425 347.342466
16147.937176 82.543673 347.342466
16111.957584 82.535305 347.342466
16099.152353 82.219279 347.342466
16112.354162 81.595956 347.342466
16129.373692 80.973216 347.342466
16150.210944 80.351208 347.342466
16057.781855 80.952948 347.342466
16078.700739 80.329569 347.342466
16135.068927 79.402134 347.342466
16131.991673 79.085610 347.342466
16199.772208 78.162254 347.342466
16200.553493 77.846338 347.342466
16165.022880 77.832785 347.342466
16284.386198 76.612880 347.342466
16290.011063 76.297961 347.342466
16254.602900 76.282754 347.342466
16261.253623 75.967614 347.342466
16357.646662 75.056179 347.342466
16277.510199 75.337769 347.342466
15203.616365 -89.042114 347.342466
15285.024232 84.898398 347.342466
16309.282881 74.394370 347.342466
16274.160432 74.377110 347.342466
16335.389882 73.766568 347.342466
16557.650734 72.279873 347.342466
16469.301948 72.552674 347.342466
16597.221802 71.659018 347.342466
16733.680509 70.772451 347.342466
16757.817102 70.464477 347.342466
16968.479206 69.304093 347.342466
16997.418564 68.999427 347.342466
16836.137137 69.543334 347.342466
16992.628678 68.672474 347.342466
17090.146891 68.088653 347.342466
17191.482826 67.508218 347.342466
17296.636482 66.931259 347.342466
17053.883562 67.738796 347.342466
17227.575258 66.882388 347.342466
17558.993563 65.491806 347.342466
17524.564992 65.466157 347.342466
17643.141898 64.901306 347.342466
17531.840515 65.144337 347.342466
17811.017526 64.047845 347.342466
17857.483569 63.756145 347.342466
18071.118484 62.941190 347.342466
18206.895546 62.393936 347.342466
18259.149395 62.107690 347.342466
18225.047354 62.079327 347.342466
18455.841608 61.282925 347.342466
18511.994812 61.000260 347.342466
18569.133059 60.718459 347.342466
18444.076445 60.941822 347.342466
18686.364680 60.157486 347.342466
18841.352798 59.630255 347.342466
19097.886060 58.862935 347.342466
19162.782199 58.588940 347.342466
19430.727809 57.835211 347.342466
19397.033932 57.803925 347.342466
19569.222205 57.296446 347.342466
19535.609960 57.264806 347.342466
19711.656771 56.761534 347.342466
19678.126159 56.729551 347.342466
19858.031508 56.230526 347.342466
20601.208664 54.602564 347.342466
20682.523997 54.346452 347.342466
20764.824372 54.091352 347.342466
20731.497842 54.058011 347.342466
20814.824076 53.803789 347.342466
20664.967229 53.991169 347.342466
20748.375096 53.736674 347.342466
21070.713035 53.047268 347.342466
21279.312520 52.582196 347.342466
21491.729726 52.121702 347.342466
21707.964655 51.665777 347.342466
21302.467377 52.265741 347.342466
22023.000785 50.973075 347.342466
21735.141315 51.353007 347.342466
22346.698217 50.290344 347.342466
22313.861483 50.255336 347.342466
22813.609200 49.419019 347.342466
22646.301850 49.582323 347.342466
22347.315746 49.947822 347.342466
22447.306072 49.711533 347.342466
22682.833690 49.277603 347.342466
23477.384096 48.074316 347.342466
23585.994908 47.847983 347.342466
23695.590763 47.622696 347.342466
23950.166172 47.211204 347.342466
24062.676338 46.989113 347.342466
24030.288583 46.953095 347.342466
24143.824609 46.731981 347.342466
24258.345677 46.511909 347.342466
24672.227299 45.930517 347.342466
24942.155227 45.536260 347.342466
