97955.112098 58.499891 302.958904
97431.324339 58.701266 302.958904
97802.703934 58.472540 302.958904
96835.211446 58.890137 302.958904
97202.895768 58.660350 302.958904
97574.397812 58.431434 302.958904
96828.448841 58.741045 302.958904
96974.834544 58.619338 302.958904
97122.205289 58.497815 302.958904
96600.632514 58.700048 302.958904
96524.775371 58.686361 302.958904
96227.537976 58.781072 302.958904
96595.548829 58.550770 302.958904
95855.550930 58.862409 302.958904
70187.547288 -88.662488 302.958904
96146.101902 58.617765 302.958904
96292.854952 58.495721 302.958904
96664.846792 58.266046 302.958904
96365.062432 58.360038 302.958904
96289.572636 58.346201 302.958904
95990.814135 58.440500 302.958904
96138.715493 58.318494 302.958904
95175.775420 58.738936 302.958904
95988.021616 58.290743 302.958904
95912.735901 58.276852 302.958904
96286.942724 58.047149 302.958904
96211.738643 58.033184 302.958904
95241.448841 58.452028 302.958904
95388.691686 58.329535 302.958904
95536.919575 58.207231 302.958904
95461.878759 58.193273 302.958904
95386.878759 58.179305 302.958904
95536.173322 58.057117 302.958904
95461.254955 58.043101 302.958904
94716.448841 58.354622 302.958904
95087.286922 58.123323 302.958904
95461.942724 57.892929 302.958904
94937.735901 58.095266 302.958904
94863.021616 58.081221 302.958904
94788.348146 58.067164 302.958904
94713.715493 58.053097 302.958904
95088.575378 57.822389 302.958904
95014.024357 57.808248 302.958904
94490.062432 58.010828 302.958904
94865.044765 57.779932 302.958904
94790.616194 57.765757 302.958904
94043.467197 58.077291 302.958904
93969.120258 58.063172 302.958904
94118.123656 57.940158 302.958904
94043.858350 57.925991 302.958904
94193.887608 57.803135 302.958904
94119.703934 57.788919 302.958904
94045.561077 57.774692 302.958904
93747.205289 57.869209 302.958904
93897.397812 57.746205 302.958904
93823.377404 57.731944 302.958904
93749.397812 57.717672 302.958904
93451.205289 57.812247 302.958904
93153.997809 57.907123 302.958904
92857.775371 58.002303 302.958904
93229.633861 57.769407 302.958904
93605.310071 57.537443 302.958904
93306.377404 57.631803 302.958904
93457.881500 57.508701 302.958904
93159.030465 57.603089 302.958904
93085.418220 57.588716 302.958904
93011.846792 57.574330 302.958904
92490.752911 57.778431 302.958904
92640.572636 57.654668 302.958904
92791.377404 57.531107 302.958904
92717.969241 57.516676 302.958904
92644.601894 57.502234 302.958904
92571.275363 57.487780 302.958904
92050.426380 57.692123 302.958904
92424.744751 57.458838 302.958904
91903.977401 57.663263 302.958904
92503.575378 57.320768 302.958904
91981.001208 57.524715 302.958904
92357.371296 57.291684 302.958904
91834.878759 57.495710 302.958904
91761.878759 57.481190 302.958904
91913.173322 57.357181 302.958904
91392.691686 57.561887 302.958904
91319.814135 57.547358 302.958904
91470.286922 57.422995 302.958904
91621.744751 57.298837 302.958904
91548.989649 57.284222 302.958904
91701.473337 57.160232 302.958904
91628.799867 57.145569 302.958904
91106.715493 57.349990 302.958904
90367.027772 57.666101 302.958904
90961.572636 57.320707 302.958904
91338.514153 57.086798 302.958904
91266.044765 57.072076 302.958904
90968.418220 57.166883 302.958904
90896.030465 57.152163 302.958904
91048.881500 57.027840 302.958904
90976.575378 57.013071 302.958904
90679.112098 57.107932 302.958904
90382.633861 57.203105 302.958904
90310.450187 57.188352 302.958904
90014.997809 57.283850 302.958904
90166.205289 57.158810 302.958904
90094.144065 57.144021 302.958904
89576.448841 57.350177 302.958904
89504.469249 57.335417 302.958904
90102.459037 56.989467 302.958904
89582.997809 57.195167 302.958904
89958.703934 56.959732 302.958904
89886.887608 56.944847 302.958904
89815.112098 56.929950 302.958904
89073.448841 57.246605 302.958904
89671.683526 56.900120 302.958904
89375.776718 56.995483 302.958904
89304.164473 56.980564 302.958904
89009.283523 57.076257 302.958904
88053.957090 57.506717 302.958904
88866.263115 57.046409 302.958904
88130.550930 57.365242 302.958904
88946.715493 56.905787 302.958904
88875.348146 56.890796 302.958904
89253.473337 56.655072 302.958904
88956.989649 56.750252 302.958904
88885.744751 56.735199 302.958904
88590.286922 56.830710 302.958904
88519.123656 56.815658 302.958904
87780.905323 57.134156 302.958904
88601.173322 56.674867 302.958904
88082.569237 56.881388 302.958904
88234.878759 56.755331 302.958904
88163.919575 56.740218 302.958904
87869.691686 56.836128 302.958904
87134.550930 57.155891 302.958904
87951.286922 56.694808 302.958904
87434.816188 56.902152 302.958904
61293.500698 -89.681968 302.958904
61221.370072 -89.840891 302.958904
61150.696603 -89.840799 302.958904
61081.480289 -89.681417 302.958904
61009.472113 -89.840615 302.958904
60938.448980 90.000000 302.958904
60867.938776 90.000000 302.958904
60797.941501 -89.840338 302.958904
60728.929269 -89.680493 302.958904
60658.541514 -89.680308 302.958904
60588.194575 -89.680122 302.958904
60517.888453 -89.679937 302.958904
60446.206807 -89.839874 302.958904
60379.759222 -89.519353 302.958904
60309.575549 -89.519073 302.958904
60237.072126 -89.679191 302.958904
60165.081633 90.000000 302.958904
60096.908861 -89.678817 302.958904
60025.472113 -89.839314 302.958904
59955.492521 -89.839220 302.958904
59885.081633 90.000000 302.958904
59815.183673 90.000000 302.958904
59747.214983 -89.677879 302.958904
59677.398657 89.677691 302.958904
59613.288504 89.355024 302.958904
59537.888453 -89.677313 302.958904
59489.439667 -88.870069 302.958904
59453.778753 -88.223692 302.958904
59395.025110 -88.061192 302.958904
59106.125691 -88.218474 302.958904
58770.351641 -88.050912 302.958904
58701.147559 -88.049763 302.958904
58011.351641 -88.038197 302.958904
57394.025110 -88.027671 302.958904
57314.778753 -88.190839 302.958904
57246.431814 -88.189759 302.958904
56236.984294 -88.007476 302.958904
56169.290416 -88.006276 302.958904
56090.778753 -88.171199 302.958904
56013.252132 -88.336352 302.958904
55955.595079 -88.168991 302.958904
55878.150091 -88.334342 302.958904
55810.660295 -88.333335 302.958904
55734.241165 -88.499013 302.958904
55675.803152 -88.331317 302.958904
55618.350181 -88.163446 302.958904
55532.139125 -88.496284 302.958904
55464.853410 -88.495372 302.958904
55389.582589 -88.661676 302.958904
55330.404431 -88.493544 302.958904
55272.211315 -88.325234 302.958904
55225.861845 -87.989311 302.958904
55138.007234 -88.323197 302.958904
55080.880793 -88.154504 302.958904
54994.996267 -88.488957 302.958904
54937.007234 -88.320131 302.958904
54880.003242 -88.151129 302.958904
54803.211315 -88.318081 302.958904
54757.147559 -87.980721 302.958904
54679.493038 -88.147741 302.958904
54469.435805 -88.312934 302.958904
54412.717528 -88.143204 302.958904
54336.211315 -88.310867 302.958904
54290.433274 -87.972056 302.958904
54223.923069 -87.970812 302.958904
54157.453682 -87.969567 302.958904
54091.025110 -87.968320 302.958904
53958.290416 -87.965821 302.958904
53871.211315 -88.303590 302.958904
53795.975859 -88.472206 302.958904
53738.721519 -88.301500 302.958904
53693.310825 -87.960806 302.958904
53550.207324 -88.128305 302.958904
53457.235650 -88.637698 302.958904
53408.211315 -88.296251 302.958904
53363.004702 -87.954502 302.958904
53286.207324 -88.123673 302.958904
53099.494498 -87.949431 302.958904
53012.946009 -88.289909 302.958904
52938.241165 -88.459876 302.958904
52872.547288 -88.458919 302.958904
52825.778753 -88.115511 302.958904
52741.281982 -88.457002 302.958904
52660.602932 -88.799029 302.958904
52619.150091 -88.283520 302.958904
52553.660295 -88.282451 302.958904
52488.211315 -88.281380 302.958904
52443.576131 -87.936642 302.958904
52367.350181 -88.107277 302.958904
52292.109274 -88.278159 302.958904
52217.853410 -88.449286 302.958904
52161.578662 -88.276006 302.958904
52096.374581 -88.274927 302.958904
52022.241165 -88.446373 302.958904
51976.003242 -88.100162 302.958904
51892.037084 -88.444424 302.958904
51826.996267 -88.443448 302.958904
51780.880793 -88.096585 302.958904
51697.037084 -88.441492 302.958904
51624.092793 -88.613717 302.958904
51559.215242 -88.612845 302.958904
51502.404431 -88.438550 302.958904
51437.608512 -88.437566 302.958904
51372.853410 -88.436582 302.958904
51300.113201 -88.609346 302.958904
51252.435805 -88.260778 302.958904
51178.833002 -88.433620 302.958904
51123.211315 -88.258580 302.958904
51049.690145 -88.431640 302.958904
50977.154017 -88.604947 302.958904
50912.684630 -88.604064 302.958904
50841.174361 -88.777725 302.958904
50783.868303 -88.602294 302.958904
50719.521364 -88.601407 302.958904
50648.133544 -88.775398 302.958904
50590.949936 -88.599631 302.958904
50526.725446 -88.598741 302.958904
50455.460075 -88.773061 302.958904
50391.317218 -88.772281 302.958904
50327.215177 -88.771499 302.958904
50278.261574 -88.419651 302.958904
50199.133544 -88.769932 302.958904
50142.235650 -88.593378 302.958904
50078.296874 -88.592480 302.958904
50022.424839 -88.415613 302.958904
49958.567696 -88.414601 302.958904
49924.494498 -87.885203 302.958904
49822.949936 -88.588877 302.958904
49767.241165 -88.411556 302.958904
49682.302196 -88.940208 302.958904
49618.649135 -88.939528 302.958904
49561.174361 -88.762040 302.958904
49497.602932 -88.761245 302.958904
49441.154017 -88.583438 302.958904
49377.664221 -88.582527 302.958904
49341.125691 -88.050076 302.958904
49243.725381 -88.758055 302.958904
49195.465655 -88.402349 302.958904
49117.031504 -88.756454 302.958904
49077.823560 -88.222651 302.958904
48984.363420 -88.932683 302.958904
48927.296810 -88.754045 302.958904
48879.241165 -88.397188 302.958904
48801.011095 -88.752434 302.958904
48745.011160 -88.573357 302.958904
48674.888647 -88.750818 302.958904
48611.888647 -88.750009 302.958904
48564.037084 -88.391993 302.958904
48501.118716 -88.390951 302.958904
48423.133544 -88.747575 302.958904
48367.378507 -88.567797 302.958904
48321.578662 -88.208793 302.958904
48268.737936 -88.028526 302.958904
48154.208784 -87.846663 302.958904
48091.576131 -87.845260 302.958904
48008.211315 -88.202954 302.958904
47945.660295 -88.201782 302.958904
47903.923069 -87.841042 302.958904
47779.025110 -87.838221 302.958904
47322.394989 -88.189975 302.958904
47270.207324 -88.007804 302.958904
47084.146100 -88.003870 302.958904
46965.081633 90.000000 302.958904
46903.183673 90.000000 302.958904
46841.798644 -89.818101 302.958904
46781.398657 89.635966 302.958904
46719.623146 89.635725 302.958904
46656.472113 89.817740 302.958904
46594.778236 89.817620 302.958904
46540.206872 89.270033 302.958904
46482.843645 89.086964 302.958904
46411.357840 89.634518 302.958904
46349.827228 89.634275 302.958904
46286.921093 89.817014 302.958904
46220.717528 -87.985304 302.958904
46170.208784 -87.800861 302.958904
45975.493038 -87.979936 302.958904
45895.404431 -88.345892 302.958904
45834.241165 -88.344788 302.958904
45765.092793 88.527632 302.958904
45704.011160 88.526648 302.958904
45642.970344 88.525663 302.958904
45581.970344 88.524677 302.958904
45538.007234 -88.154841 302.958904
45497.861845 -87.784664 302.958904
45426.125691 -87.967753 302.958904
45346.404431 -88.335906 302.958904
45294.578662 -88.149888 302.958904
45216.827487 -88.518731 302.958904
45173.109274 88.147401 302.958904
45133.208784 -87.775728 302.958904
45072.576131 -87.774232 302.958904
44982.241165 -88.329182 302.958904
44913.664221 -88.513739 302.958904
44880.064467 -87.955421 302.958904
44809.680703 -88.139901 302.958904
44749.252132 -88.138645 302.958904
44734.187239 87.393224 302.958904
44673.840300 87.391462 302.958904
44578.125691 -87.948506 302.958904
44490.949936 -88.506693 302.958904
44447.721519 -88.132340 302.958904
44387.537846 -88.131074 302.958904
44318.424839 -88.316712 302.958904
44258.322798 -88.315569 302.958904
44228.004702 -87.753070 302.958904
44270.432848 86.442692 302.958904
44210.453256 86.440277 302.958904
44168.926894 86.250898 302.958904
44128.385574 86.061344 302.958904
44049.171792 86.245798 302.958904
43970.943052 86.430582 302.958904
43808.718988 -87.742337 302.958904
43738.125691 -87.928891 302.958904
43689.290416 -87.739252 302.958904
43599.894227 -88.302894 302.958904
43751.788674 85.666990 302.958904
43692.217245 85.664032 302.958904
43654.875951 85.473188 302.958904
43618.519700 85.282183 302.958904
43513.747858 85.655132 302.958904
43548.762325 84.899706 302.958904
43515.361201 84.708241 302.958904
43380.968679 85.269254 302.958904
43396.748956 84.700994 302.958904
43337.504058 84.697363 302.958904
43305.210426 84.505357 302.958904
43302.700739 84.124955 302.958904
43214.779388 84.309308 302.958904
43214.239786 83.928510 302.958904
43125.455841 84.112852 302.958904
43096.198970 83.920169 302.958904
43037.239786 83.915990 302.958904
42978.321419 83.911806 302.958904
42950.131223 83.718727 302.958904
42860.607133 83.903419 302.958904
42832.498570 83.710073 302.958904
42656.659406 84.463615 302.958904
42715.029182 83.701395 302.958904
42656.355713 83.697047 302.958904
42629.354641 83.503173 302.958904
42636.858645 83.119820 302.958904
42480.580203 83.683968 302.958904
42554.261681 82.920845 302.958904
42531.200780 82.726515 302.958904
42472.772208 82.721487 302.958904
42378.975967 82.906145 302.958904
42392.390227 82.521748 302.958904
42334.084105 82.516570 302.958904
42169.593339 83.081621 302.958904
42254.891248 82.316312 302.958904
42159.410635 82.500995 302.958904
42215.991274 81.925887 302.958904
42157.889233 81.920288 302.958904
42060.642617 82.104732 302.958904
42123.011063 81.529249 302.958904
42065.031471 81.523371 302.958904
41925.889233 81.897814 302.958904
41991.212807 81.321576 302.958904
41891.337594 81.505686 302.958904
41918.501635 81.119429 302.958904
41860.726124 81.113253 302.958904
41760.029134 81.297401 302.958904
41789.204076 80.910612 302.958904
41731.551015 80.904282 302.958904
41718.789519 80.707627 302.958904
41707.013067 80.510914 302.958904
41649.482454 80.504302 302.958904
41591.992658 80.497681 302.958904
41581.282881 80.300641 302.958904
41523.874718 80.293873 302.958904
41466.507371 80.287097 302.958904
41505.491923 79.899379 302.958904
41305.155924 80.464437 302.958904
41440.533192 79.694883 302.958904
41333.757229 79.878197 302.958904
41376.681952 79.490069 302.958904
41170.843860 80.055021 302.958904
41262.477871 79.475370 302.958904
41009.037983 80.232544 302.958904
41199.897388 79.269947 302.958904
41091.477871 79.453243 302.958904
41138.424397 79.064215 302.958904
41189.188645 78.675649 302.958904
41132.351910 78.667724 302.958904
41130.793230 78.469461 302.958904
41074.038128 78.461388 302.958904
41073.505308 78.262983 302.958904
41016.831838 78.254762 302.958904
40960.199185 78.246530 302.958904
41198.678069 77.288822 302.958904
41142.127048 77.279943 302.958904
41210.254717 76.892723 302.958904
41282.200106 76.506160 302.958904
41357.963218 76.120288 302.958904
41369.087643 75.922729 302.958904
41312.740704 75.912934 302.958904
41188.922401 76.091264 302.958904
41408.371176 75.330404 302.958904
40879.561421 76.638819 302.958904
41225.618153 75.497559 302.958904
41100.074663 75.675450 302.958904
41043.972622 75.665454 302.958904
41057.312031 75.467212 302.958904
41215.158881 74.893946 302.958904
38371.823237 -88.995079 302.958904
38321.077706 -88.793270 302.958904
38259.986502 -88.993612 302.958904
38204.129359 -88.992876 302.958904
38148.313033 -88.992140 302.958904
38088.288504 -89.193091 302.958904
38032.553810 -89.192500 302.958904
37981.108951 -88.989923 302.958904
37925.455890 -88.989182 302.958904
37875.036890 -88.786184 302.958904
37810.023198 -89.190127 302.958904
37758.741604 -88.986953 302.958904
37699.002790 -89.188936 302.958904
37647.802829 -88.985461 302.958904
37592.394666 -88.984714 302.958904
37537.027319 -88.983965 302.958904
37477.451770 -89.186542 302.958904
37422.166055 -89.185941 302.958904
37382.500891 -88.574542 302.958904
37311.717076 -89.184737 302.958904
52545.466137 57.347308 302.958904
53004.474911 56.896204 302.958904
52949.393279 56.876777 302.958904
53241.827743 56.571611 302.958904
53715.122360 56.126862 302.958904
53838.149835 55.966329 302.958904
53962.162352 55.806165 302.958904
53550.367258 56.067720 302.958904
54394.906079 55.347855 302.958904
54340.110160 55.327890 302.958904
54468.062848 55.169209 302.958904
54413.348562 55.149167 302.958904
54542.327109 54.990804 302.958904
54672.290699 54.832817 302.958904
54617.698862 54.812644 302.958904
54935.173006 54.517972 302.958904
55256.464871 54.225008 302.958904
55201.995483 54.204642 302.958904
55336.884286 54.048547 302.958904
55472.758131 53.892833 302.958904
55228.149592 54.007650 302.958904
55555.310897 53.716962 302.958904
55886.289923 53.427990 302.958904
55255.615274 53.810754 302.958904
55777.881760 53.386690 302.958904
55530.644623 53.500072 302.958904
55863.675367 53.211684 302.958904
55809.614143 53.190935 302.958904
55950.576467 53.036949 302.958904
56092.523833 52.883351 302.958904
56038.585058 52.862486 302.958904
55788.760140 52.974437 302.958904
56127.701140 52.688299 302.958904
56073.884814 52.667347 302.958904
56217.924714 52.514390 302.958904
55966.374609 52.625383 302.958904
55912.680732 52.604371 302.958904
56255.602719 52.319678 302.958904
55805.415426 52.562285 302.958904
56148.419045 52.277449 302.958904
56294.592296 52.125098 302.958904
56041.398637 52.235139 302.958904
56388.301611 51.951909 302.958904
56334.893447 51.930655 302.958904
56483.118417 51.779009 302.958904
56429.791886 51.757691 302.958904
55774.561902 52.129012 302.958904
56323.261274 51.714995 302.958904
56068.464876 51.824081 302.958904
56419.430469 51.542197 302.958904
56774.213784 51.262070 302.958904
56721.132151 51.240564 302.958904
56668.091335 51.219038 302.958904
56820.460556 51.068784 302.958904
56767.501372 51.047197 302.958904
56714.583005 51.025589 302.958904
56456.336233 51.132732 302.958904
56608.868719 50.982313 302.958904
56350.703580 51.089457 302.958904
56709.631147 50.810592 302.958904
56245.234192 51.046102 302.958904
56604.243391 50.767114 302.958904
56345.297291 50.873770 302.958904
56706.276576 50.595580 302.958904
56446.467881 50.701745 302.958904
56393.957677 50.679915 302.958904
56341.488289 50.658065 302.958904
56082.746270 50.764719 302.958904
56443.929637 50.486230 302.958904
56391.582698 50.464299 302.958904
56132.018902 50.570459 302.958904
55873.440148 50.677110 302.958904
56234.786780 50.398385 302.958904
56182.603106 50.376372 302.958904
56130.460249 50.354339 302.958904
56495.706235 50.077295 302.958904
56443.645010 50.055186 302.958904
56391.624602 50.033055 302.958904
56130.498884 50.138217 302.958904
56287.706235 49.988734 302.958904
56235.808276 49.966542 302.958904
56394.041486 49.817440 302.958904
56342.225159 49.795190 302.958904
56080.359296 49.899845 302.958904
56449.749534 49.624163 302.958904
56610.034462 49.475827 302.958904
56135.368016 49.705988 302.958904
56719.692188 49.305512 302.958904
56032.184343 49.661263 302.958904
56403.667115 49.386251 302.958904
55929.163935 49.616456 302.958904
56088.749534 49.467443 302.958904
55826.306792 49.571567 302.958904
55985.974024 49.422481 302.958904
55934.647493 49.399969 302.958904
55883.361779 49.377436 302.958904
55621.082302 49.481540 302.958904
55992.891605 49.206115 302.958904
55941.728340 49.183505 302.958904
55467.592506 49.413801 302.958904
55206.420521 49.518381 302.958904
55155.379704 49.495755 302.958904
55104.379704 49.473108 302.958904
55474.545453 49.196428 302.958904
55212.592506 49.300487 302.958904
55797.651371 48.898828 302.958904
55746.814637 48.876038 302.958904
56124.697461 48.602957 302.958904
55859.130874 48.705008 302.958904
56238.983784 48.432780 302.958904
55972.554604 48.534323 302.958904
56137.677661 48.386937 302.958904
55871.330114 48.488463 302.958904
55392.100351 48.715927 302.958904
55555.457405 48.567504 302.958904
55504.988017 48.544514 302.958904
55454.559446 48.521503 302.958904
55190.304433 48.623976 302.958904
55353.824752 48.475418 302.958904
55303.518629 48.452344 302.958904
55468.064808 48.304192 302.958904
55417.840318 48.281064 302.958904
55583.412355 48.133321 302.958904
55102.702303 48.359837 302.958904
55052.600262 48.336658 302.958904
55649.806169 47.939572 302.958904
54952.518629 48.290237 302.958904
54902.539038 48.266994 302.958904
55283.167457 47.993920 302.958904
55233.269498 47.970613 302.958904
54752.845160 48.197139 302.958904
54917.840318 48.048629 302.958904
54653.253323 48.150464 302.958904
54818.330114 48.001889 302.958904
54127.034462 48.355615 302.958904
54934.738886 47.830328 302.958904
55101.826578 47.682618 302.958904
55052.255149 47.659132 302.958904
55220.368700 47.511841 302.958904
55389.467294 47.364998 302.958904
54687.085824 47.712842 302.958904
54637.677661 47.689281 302.958904
54372.554604 47.790504 302.958904
54538.983784 47.642095 302.958904
54706.398006 47.494139 302.958904
54874.797272 47.346636 302.958904
54175.493379 47.696000 302.958904
54776.429925 47.299244 302.958904
54945.895865 47.152136 302.958904
54678.225843 47.251767 302.958904
55067.306032 46.981697 302.958904
54798.773416 47.080801 302.958904
54969.346848 46.934062 302.958904
54920.428481 46.910213 302.958904
54871.550930 46.886342 302.958904
54822.714195 46.862450 302.958904
54554.385661 46.961483 302.958904
54945.640017 46.692143 302.958904
54676.448889 46.790647 302.958904
54408.242804 46.889636 302.958904
54579.142767 46.742672 302.958904
53658.085824 47.213557 302.958904
54043.878904 46.941079 302.958904
53345.268889 47.290505 302.958904
53512.555212 47.141453 302.958904
53680.826578 46.992869 302.958904
53415.738886 47.093275 302.958904
53367.391947 47.069153 302.958904
52888.518629 47.295587 302.958904
52413.463034 47.524072 302.958904
53006.840318 47.121707 302.958904
52529.977902 47.349150 302.958904
52695.702303 47.198856 302.958904
51797.796588 47.682092 302.958904
52385.671780 47.276461 302.958904
51491.624602 47.761806 302.958904
52289.671780 47.227891 302.958904
51605.796588 47.585062 302.958904
51768.933208 47.433056 302.958904
51721.076065 47.408710 302.958904
51252.134806 47.640286 302.958904
51837.463034 47.232752 302.958904
51156.624602 47.591520 302.958904
51954.957494 47.057191 302.958904
51061.277664 47.542662 302.958904
51434.790351 47.262160 302.958904
51387.218922 47.237656 302.958904
51551.667115 47.085880 302.958904
51504.177319 47.061322 302.958904
51669.651371 46.910002 302.958904
50567.070313 47.524400 302.958904
51149.974024 47.114794 302.958904
51314.626299 46.962865 302.958904
51267.340585 46.938194 302.958904
51220.095687 46.913500 302.958904
50960.912800 47.016095 302.958904
51125.728340 46.864044 302.958904
51078.605891 46.839282 302.958904
51031.524258 46.814496 302.958904
51197.406473 46.662877 302.958904
50937.483442 46.764858 302.958904
50678.545453 46.867359 302.958904
51056.528922 46.588296 302.958904
51009.651371 46.563390 302.958904
51176.681895 46.412148 302.958904
50703.095687 46.640359 302.958904
50869.263616 46.488535 302.958904
50822.549331 46.463537 302.958904
51204.554604 46.186376 302.958904
50729.243208 46.413473 302.958904
51111.330114 46.136246 302.958904
51064.779093 46.111147 302.958904
50376.667115 46.465093 302.958904
51187.555212 45.935581 302.958904
51141.126641 45.910410 302.958904
51094.738886 45.885215 302.958904
51482.736047 45.610966 302.958904
50786.330114 45.960069 302.958904
51172.520455 45.684708 302.958904
50693.840318 45.909526 302.958904
51080.112292 45.634107 302.958904
50172.835045 46.111147 302.958904
50771.167457 45.708210 302.958904
49444.735363 46.442894 302.958904
50895.785761 45.532630 302.958904
50633.106233 45.632006 302.958904
50587.167457 45.606558 302.958904
50541.269498 45.581088 302.958904
50279.656644 45.680938 302.958904
50019.028833 45.781309 302.958904
48913.359296 46.393376 302.958904
49288.749534 46.111147 302.958904
49032.021078 46.213651 302.958904
49197.402595 46.059981 302.958904
48940.755771 46.162446 302.958904
48475.947864 46.394647 302.958904
48222.215351 46.498755 302.958904
47763.154434 46.734300 302.958904
47307.911238 46.972111 302.958904
46856.485763 47.212211 302.958904
46609.526100 47.320281 302.958904
46163.847617 47.563860 302.958904
45721.986854 47.809792 302.958904
25058.616365 -89.253894 302.958904
25013.412284 -89.253220 302.958904
43660.152948 49.126947 302.958904
44182.982621 48.676593 302.958904
44137.900988 48.650868 302.958904
43713.281198 48.907710 302.958904
43292.479128 49.167049 302.958904
43623.322014 48.856194 302.958904
43578.403647 48.830397 302.958904
43345.152948 48.946859 302.958904
42372.613869 49.641872 302.958904
41782.527259 50.056228 302.958904
41557.897046 50.178507 302.958904
40979.222785 50.600713 302.958904
40758.451110 50.725665 302.958904
40191.189197 51.155873 302.958904
39974.276060 51.283556 302.958904
39587.915117 51.566592 302.958904
39373.916291 51.696364 302.958904
38993.302339 51.983573 302.958904
24181.174361 -88.227549 302.958904
35021.355334 56.076551 302.958904
37553.329868 53.186022 302.958904
37830.060689 52.836713 302.958904
35617.851787 55.138436 302.958904
35722.342940 54.942770 302.958904
35529.443624 55.088794 302.958904
35634.016410 54.892958 302.958904
35441.198726 55.039029 302.958904
35249.366085 55.185894 302.958904
35205.345677 55.160989 302.958904
34868.655930 55.482028 302.958904
33147.771237 57.594993 302.958904
32837.601460 57.937629 302.958904
33060.016135 57.546744 302.958904
32882.591787 57.705719 302.958904
32972.424299 57.498367 302.958904
32141.204867 58.585087 302.958904
23395.521364 -87.940495 302.958904
23351.868303 -87.938570 302.958904
23316.281982 -87.678988 302.958904
23302.453682 -86.903739 302.958904
22651.888647 -88.168675 302.958904
25917.026322 68.990852 302.958904
26198.921803 68.064466 302.958904
26324.116534 67.595461 302.958904
28274.069416 63.026530 302.958904
28336.554730 62.796047 302.958904
28945.315779 61.539150 302.958904
30933.160161 58.169677 302.958904
30763.488254 58.335764 302.958904
32866.137765 55.353441 302.958904
33690.345677 54.269326 302.958904
34548.586551 53.211940 302.958904
36906.771727 50.723925 302.958904
37540.368373 50.068014 302.958904
40353.280147 47.636700 302.958904
43207.306582 45.510562 302.958904
45004.784598 44.291972 302.958904
45171.624602 44.135057 302.958904
45339.449649 43.978721 302.958904
45720.238544 43.695477 302.958904
46104.845160 43.414593 302.958904
46277.513787 43.261181 302.958904
46451.167457 43.108342 302.958904
46193.350522 43.205714 302.958904
45722.651371 43.429905 302.958904
45680.671780 43.402093 302.958904
45425.809972 43.501109 302.958904
45596.835045 43.346394 302.958904
45768.845160 43.192259 302.958904
45727.028833 43.164353 302.958904
45258.463034 43.389477 302.958904
45643.518629 43.108464 302.958904
45387.957494 43.206696 302.958904
45774.983175 42.926857 302.958904
45733.370930 42.898832 302.958904
45691.799501 42.870781 302.958904
46300.368700 42.469472 302.958904
46258.878904 42.441401 302.958904
46876.027772 42.045378 302.958904
46834.619609 42.017292 302.958904
47460.348146 41.626499 302.958904
46973.346800 41.839592 302.958904
47827.187622 41.331387 302.958904
48467.202003 40.949177 302.958904
47744.738643 41.275131 302.958904
47254.123656 41.485771 302.958904
47213.001208 41.457552 302.958904
46726.244759 41.670329 302.958904
46907.569237 41.521249 302.958904
46644.203943 41.613709 302.958904
46381.823691 41.706692 302.958904
45682.307476 42.045743 302.958904
45423.785761 42.140932 302.958904
44521.814637 42.612915 302.958904
45125.453171 42.208136 302.958904
45084.698069 42.179582 302.958904
45043.983784 42.151003 302.958904
45003.310314 42.122398 302.958904
44532.110466 42.343882 302.958904
44922.085824 42.065110 302.958904
44450.967609 42.286493 302.958904
45057.724537 41.883600 302.958904
44584.799501 42.103690 302.958904
44976.826578 41.826132 302.958904
45154.082986 41.673880 302.958904
44463.636236 42.017292 302.958904
45073.429925 41.616285 302.958904
44598.820518 41.834922 302.958904
44558.596028 41.806032 302.958904
43661.054870 42.279217 302.958904
43620.912013 42.250221 302.958904
42947.706235 42.604169 302.958904
19663.153953 -88.034367 302.958904
19349.290416 -86.601799 302.958904
19309.637355 -86.598308 302.958904
19192.684630 -87.726045 302.958904
19151.433274 -86.584270 302.958904
19051.803152 -87.146636 302.958904
18988.358034 -87.999732 302.958904
18942.894033 -88.283520 302.958904
18933.823560 -87.137753 302.958904
18877.582589 -87.707135 302.958904
18825.159339 -88.278159 302.958904
18792.133544 -87.989311 302.958904
18753.011095 -87.987214 302.958904
18721.011160 -87.697562 302.958904
18681.970344 -87.695156 302.958904
18650.996267 -87.404711 302.958904
199469.143500 17.767150 302.958904
200015.173329 17.722860 302.958904
197642.168353 17.813150 302.958904
199352.510847 17.714777 302.958904
18430.170176 -88.549902 302.958904
18383.861263 -89.128905 302.958904
18348.451770 -88.837385 302.958904
200368.412690 17.591581 302.958904
200329.780037 17.574148 302.958904
199705.295778 17.583287 302.958904
200839.473828 17.512801 302.958904
18147.938776 90.000000 302.958904
18109.941501 -89.707457 302.958904
18071.512929 -89.707147 302.958904
18033.125174 89.706835 302.958904
17994.306122 90.000000 302.958904
17960.249018 -89.118692 302.958904
17917.734694 90.000000 302.958904
17879.510204 90.000000 302.958904
17841.798644 89.705267 302.958904
17803.655787 -89.704952 302.958904
17765.553746 89.704636 302.958904
17731.269427 -89.113019 302.958904
17690.888453 -89.408018 302.958904
17651.492521 -89.703683 302.958904
17862.829490 83.209283 302.958904
17870.254394 82.617171 302.958904
17856.475022 82.317131 302.958904
17794.580924 82.601402 302.958904
17756.805414 82.593492 302.958904
17695.937176 82.879036 302.958904
17705.454613 82.284236 302.958904
17773.554898 81.105418 302.958904
17681.177528 81.680923 302.958904
17617.639876 81.965482 302.958904
17507.875951 82.840694 302.958904
17542.619468 81.948206 302.958904
17531.136711 81.645146 302.958904
17467.762325 81.930857 302.958904
17430.394978 81.922155 302.958904
17563.029182 80.148510 302.958904
17589.950857 79.553027 302.958904
17488.498570 80.127331 302.958904
17769.970866 77.497302 302.958904
17383.443868 80.400213 302.958904
17818.906685 76.606937 302.958904
17472.118824 78.911080 302.958904
17334.517906 79.779447 302.958904
17398.078008 78.887210 302.958904
17326.654564 79.168699 302.958904
17256.216163 79.451342 302.958904
17252.858645 79.145279 302.958904
17182.501877 79.428480 302.958904
16964.414508 81.199992 302.958904
16780.360103 82.992613 302.958904
16722.400725 83.287055 302.958904
16474.220563 -88.159359 302.958904
16458.833002 -87.237152 302.958904
16520.440701 84.785851 302.958904
16347.921093 -89.692095 302.958904
16315.187794 89.075324 302.958904
16291.465461 88.149060 302.958904
16261.174361 87.838423 302.958904
190151.271945 16.971578 302.958904
191838.610126 16.874994 302.958904
192956.148548 16.805131 302.958904
194077.504692 16.735672 302.958904
195202.678557 16.666613 302.958904
192847.475079 16.751602 302.958904
16137.148335 84.412812 302.958904
196843.429215 16.537246 302.958904
197392.316186 16.494363 302.958904
16084.201900 83.467090 302.958904
16048.222308 83.459739 302.958904
16076.018808 82.526918 302.958904
16063.254394 82.210536 302.958904
16076.497019 81.586521 302.958904
16093.557365 80.963093 302.958904
16085.636531 80.646405 302.958904
16078.700739 80.329569 302.958904
16072.749990 80.012607 302.958904
16131.991673 79.085610 302.958904
16199.772208 78.162254 302.958904
16128.792293 78.452430 302.958904
16240.560985 77.228813 302.958904
16244.256580 76.913373 302.958904
16248.937219 76.598013 302.958904
16173.399438 76.884227 302.958904
16304.215920 75.668498 302.958904
16268.889390 75.652613 302.958904
16277.510199 75.337769 302.958904
15211.170176 -88.403788 302.958904
15168.412284 -89.041003 302.958904
16309.282881 74.394370 302.958904
16370.471515 73.784452 302.958904
16335.389882 73.766568 302.958904
16451.897388 72.864616 302.958904
16576.943747 71.969261 302.958904
16653.403267 71.369448 302.958904
16675.610591 71.060310 302.958904
16817.775472 70.178379 302.958904
16782.938737 70.156955 302.958904
16809.045416 69.849902 302.958904
16962.663462 68.976904 302.958904
16927.949176 68.954336 302.958904
17023.578936 68.368589 302.958904
16858.643053 68.909059 302.958904
17226.291622 67.207225 302.958904
17262.085462 66.906848 302.958904
17371.097656 66.332955 302.958904
17483.927572 65.762714 302.958904
17600.575209 65.196203 302.958904
17566.187454 65.170295 302.958904
17686.693629 64.607128 302.958904
17731.230403 64.313682 302.958904
17540.223531 64.822660 302.958904
17987.554456 63.202595 302.958904
18121.443065 62.653092 302.958904
18259.149395 62.107690 302.958904
18053.198167 62.597123 302.958904
18455.841608 61.282925 302.958904
18603.112651 60.747811 302.958904
18569.133059 60.718459 302.958904
18444.076445 60.941822 302.958904
18780.315197 59.908306 302.958904
19033.974964 59.137856 302.958904
19097.886060 58.862935 302.958904
19262.398074 58.346854 302.958904
19329.223482 58.074916 302.958904
19095.353628 58.527199 302.958904
19363.380871 57.772584 302.958904
19432.217180 57.502366 302.958904
19502.038532 57.233111 302.958904
19678.126159 56.729551 302.958904
19539.355130 56.932903 302.958904
20601.208664 54.602564 302.958904
20682.523997 54.346452 302.958904
20534.433154 54.536391 302.958904
20848.109790 53.837267 302.958904
20698.212127 54.024617 302.958904
20899.135353 53.550589 302.958904
20865.931271 53.516924 302.958904
20951.268407 53.264618 302.958904
21157.979440 52.797154 302.958904
21246.230887 52.548076 302.958904
21458.688910 52.087395 302.958904
21425.688910 52.053036 302.958904
22023.000785 50.973075 302.958904
22118.969308 50.732783 302.958904
22346.698217 50.290344 302.958904
22313.861483 50.255336 302.958904
22412.785134 50.018185 302.958904
22380.030032 49.983029 302.958904
22479.979542 49.746834 302.958904
23124.788446 48.724099 302.958904
22954.770866 48.883742 302.958904
23337.166490 48.266051 302.958904
23444.833076 48.038598 302.958904
23553.484704 47.812192 302.958904
23806.171661 47.398452 302.958904
23773.743089 47.362519 302.958904
24030.288583 46.953095 302.958904
23853.002907 47.103201 302.958904
24406.117093 46.329080 302.958904
24522.567430 46.111147 302.958904
24490.342940 46.074887 302.958904
