125195.494918 56.682701 12.000000
124811.167958 56.770723 12.000000
124428.021864 56.859017 12.000000
125211.217585 56.539174 12.000000
124534.049275 56.728974 12.000000
124151.049973 56.817301 12.000000
124349.548139 56.701090 12.000000
124842.215313 56.483235 12.000000
123874.518456 56.775493 12.000000
123492.846812 56.864128 12.000000
123690.408764 56.747569 12.000000
124181.007788 56.529044 12.000000
123797.219063 56.617188 12.000000
123997.191679 56.500971 12.000000
123613.500815 56.589137 12.000000
123813.571292 56.472857 12.000000
123139.254020 56.663547 12.000000
123338.290422 56.546984 12.000000
123538.507691 56.430608 12.000000
124034.025904 56.212581 12.000000
123355.376609 56.402390 12.000000
123850.992684 56.184258 12.000000
122880.585045 56.476518 12.000000
123668.155185 56.155893 12.000000
123282.689754 56.243640 12.000000
123191.393331 56.229452 12.000000
122515.301492 56.419956 12.000000
122715.959135 56.303295 12.000000
122917.797645 56.186825 12.000000
122241.852598 56.377425 12.000000
123029.765252 56.056285 12.000000
122351.654193 56.246438 12.000000
122847.808503 56.027731 12.000000
122756.903524 56.013438 12.000000
122371.927398 56.101286 12.000000
122281.120280 56.086993 12.000000
122484.482171 55.970495 12.000000
122689.024928 55.854191 12.000000
122598.364602 55.839824 12.000000
122507.753207 55.825447 12.000000
122417.190741 55.811060 12.000000
121737.305115 56.001008 12.000000
122236.212603 55.782252 12.000000
121556.424837 55.972261 12.000000
121466.058094 55.957872 12.000000
121375.740282 55.943472 12.000000
120700.627053 56.134606 12.000000
121195.251448 55.914639 12.000000
121105.080427 55.900207 12.000000
119849.797389 56.298101 12.000000
119183.935373 56.491442 12.000000
119381.239603 56.373104 12.000000
119003.935845 56.462759 12.000000
120654.959280 55.827884 12.000000
120859.201920 55.710823 12.000000
120475.253335 55.798880 12.000000
120092.485617 55.887217 12.000000
119710.898765 55.975835 12.000000
120206.061396 55.755291 12.000000
118375.478807 56.362024 12.000000
119442.000409 55.932307 12.000000
119937.309832 55.711606 12.000000
119262.979491 55.903233 12.000000
119758.386775 55.682427 12.000000
119963.118720 55.565053 12.000000
119873.779518 55.550416 12.000000
119784.489246 55.535769 12.000000
118235.966879 56.037792 12.000000
119311.935417 55.609291 12.000000
118929.803795 55.697754 12.000000
118840.709246 55.683104 12.000000
118459.807422 55.771862 12.000000
118662.666938 55.653770 12.000000
118573.719180 55.639086 12.000000
117902.239879 55.831610 12.000000
118688.958597 55.506439 12.000000
118307.169489 55.594969 12.000000
117926.561248 55.683786 12.000000
117547.133874 55.772888 12.000000
117749.203968 55.654339 12.000000
117952.454929 55.535992 12.000000
117863.898615 55.521221 12.000000
117775.391232 55.506437 12.000000
117686.932779 55.491643 12.000000
117891.511398 55.373407 12.000000
116927.582191 55.669698 12.000000
117129.994799 55.550924 12.000000
79622.195987 88.420597 12.000000
79589.845509 87.808789 12.000000
79501.680640 87.807573 12.000000
79413.564700 87.806357 12.000000
79269.634369 88.417087 12.000000
79237.479614 87.803920 12.000000
79119.314932 88.108959 12.000000
79061.590249 87.801477 12.000000
78958.055227 87.953539 12.000000
78902.692278 87.645690 12.000000
115581.479338 55.596002 12.000000
115493.754843 55.581102 12.000000
115695.671611 55.461671 12.000000
115608.044977 55.446728 12.000000
114942.414545 55.641159 12.000000
119912.655850 53.879399 12.000000
119825.176008 53.864137 12.000000
119431.173718 53.949577 12.000000
119343.791737 53.934310 12.000000
119870.733378 53.717797 12.000000
114706.436262 55.446492 12.000000
119388.510753 53.787662 12.000000
119301.324494 53.772334 12.000000
77605.658004 88.400203 12.000000
77544.237394 88.089843 12.000000
118428.048480 53.928241 12.000000
118036.750438 54.014290 12.000000
77330.256988 87.621860 12.000000
77226.568641 87.775497 12.000000
77109.529361 88.084464 12.000000
77037.266345 87.928173 12.000000
118212.278656 53.734824 12.000000
118739.856394 53.517723 12.000000
76777.175482 87.924665 12.000000
76690.576389 87.923493 12.000000
117865.784423 53.673060 12.000000
117779.283191 53.657590 12.000000
76446.736429 87.764174 12.000000
76344.669322 87.918792 12.000000
76273.978617 87.761642 12.000000
76187.673107 87.760374 12.000000
76101.416528 87.759105 12.000000
75999.545144 87.914070 12.000000
75929.050161 87.756561 12.000000
75859.736044 87.598908 12.000000
75773.675187 87.597544 12.000000
116916.962050 53.502270 12.000000
116221.252107 53.689916 12.000000
116745.084988 53.471069 12.000000
75397.461656 87.905754 12.000000
75283.713790 88.218546 12.000000
75241.541912 87.746330 12.000000
75172.619240 87.587953 12.000000
75070.154156 87.743757 12.000000
74984.533673 87.742469 12.000000
74898.962121 87.741179 12.000000
74830.235171 87.582438 12.000000
74727.965808 87.738595 12.000000
74626.877312 87.894965 12.000000
74541.501482 87.893759 12.000000
74488.633990 87.576897 12.000000
74403.356021 87.575508 12.000000
74285.667575 87.890133 12.000000
74200.487467 87.888922 12.000000
74131.020025 87.729503 12.000000
74002.342382 88.203184 12.000000
73930.708928 88.043700 12.000000
73875.920076 87.725584 12.000000
73775.320885 87.882845 12.000000
109342.404287 55.122715 12.000000
73480.608515 88.355899 12.000000
73484.050867 85.329820 12.000000
73399.555786 85.327127 12.000000
72635.413055 88.346359 12.000000
72945.171560 85.472676 12.000000
72466.961130 88.344438 12.000000
72776.817496 85.467432 12.000000
72240.318009 88.020936 12.000000
72130.644444 88.340581 12.000000
72086.887187 87.858183 12.000000
72325.277774 85.614041 12.000000
72272.929634 85.451625 12.000000
72189.119581 85.448980 12.000000
71723.617451 88.174855 12.000000
71639.905259 88.173788 12.000000
71556.241997 88.172721 12.000000
71460.359739 88.332815 12.000000
71416.993926 87.848157 12.000000
71318.945657 88.008188 12.000000
71222.078254 88.168438 12.000000
70377.826109 88.320038 12.000000
70294.896805 88.319047 12.000000
70224.284358 88.155467 12.000000
70141.452915 88.154378 12.000000
70058.670402 88.153287 12.000000
69963.668894 88.315071 12.000000
69880.984242 88.314075 12.000000
69798.348522 88.313077 12.000000
70211.094815 84.895400 12.000000
69645.491797 88.147816 12.000000
69550.734942 88.310076 12.000000
69221.268529 88.306058 12.000000
69056.828906 88.304041 12.000000
68974.682491 88.303031 12.000000
68822.804377 88.136774 12.000000
68728.536827 88.299994 12.000000
68658.854059 88.134550 12.000000
68401.027635 88.295928 12.000000
68319.272663 88.294909 12.000000
68237.566622 88.293888 12.000000
68582.561225 85.165431 12.000000
68569.634416 84.834499 12.000000
67992.742082 88.290818 12.000000
67911.231763 88.289792 12.000000
67855.438163 87.957966 12.000000
68243.691001 84.822144 12.000000
67666.994389 88.286708 12.000000
67585.679792 88.285677 12.000000
67516.682052 88.118832 12.000000
67423.197390 88.283612 12.000000
67367.697374 87.950584 12.000000
67273.178636 88.115429 12.000000
67711.212439 84.635414 12.000000
67559.246182 84.962409 12.000000
67549.219342 84.628966 12.000000
67505.466715 84.460565 12.000000
67387.421967 84.622503 12.000000
67235.651432 84.950270 12.000000
67189.781724 84.781582 12.000000
66653.920798 87.772561 12.000000
66959.694424 85.107054 12.000000
66478.080929 87.936911 12.000000
66371.832501 88.270067 12.000000
66291.300792 88.269016 12.000000
66671.244445 84.928885 12.000000
66625.717251 84.759477 12.000000
66510.425680 84.922742 12.000000
65969.663263 88.264800 12.000000
65889.376207 88.263743 12.000000
66269.564512 84.913499 12.000000
66297.491086 84.410167 12.000000
66109.235053 84.907318 12.000000
66029.143719 84.904223 12.000000
65949.101316 84.901123 12.000000
65904.014496 84.730780 12.000000
65935.581531 84.226103 12.000000
65817.383457 84.389752 12.000000
65737.536776 84.386335 12.000000
65515.848540 85.053299 12.000000
65577.990205 84.379488 12.000000
64955.415904 87.912859 12.000000
65381.468830 84.540387 12.000000
65265.828212 84.705008 12.000000
65117.593743 85.038158 12.000000
65142.809535 84.530364 12.000000
65100.524824 84.358848 12.000000
65059.420980 84.187221 12.000000
64904.590615 84.520305 12.000000
64900.755158 84.180096 12.000000
64821.495643 84.176526 12.000000
64742.285058 84.172953 12.000000
64112.142065 87.558434 12.000000
64545.708218 84.334576 12.000000
64393.435310 84.669157 12.000000
63831.355290 88.065269 12.000000
63740.121432 88.234704 12.000000
63686.872219 87.892166 12.000000
63594.604285 88.061670 12.000000
64034.888892 84.483105 12.000000
63993.289208 84.310095 12.000000
63914.567929 84.306580 12.000000
63913.632441 83.963746 12.000000
63795.574624 84.129725 12.000000
63756.434535 83.956281 12.000000
63677.908978 83.952542 12.000000
63559.997952 84.118818 12.000000
63481.570256 84.115174 12.000000
62822.014617 87.877700 12.000000
62773.880316 87.532529 12.000000
62679.935676 87.702998 12.000000
62587.171903 87.873720 12.000000
62555.980065 87.355722 12.000000
62445.386545 87.698686 12.000000
62382.965098 87.524806 12.000000
62304.928846 87.523255 12.000000
62817.357262 83.911104 12.000000
62821.683477 83.565301 12.000000
62071.113673 87.518592 12.000000
62544.254481 84.071084 12.000000
61871.886146 88.034860 12.000000
62428.154611 83.892081 12.000000
62391.027208 83.716676 12.000000
62313.382400 83.712747 12.000000
62320.315002 83.365561 12.000000
62117.673241 83.876778 12.000000
62122.439831 83.529034 12.000000
62044.990745 83.524980 12.000000
61294.910246 87.502920 12.000000
61848.541093 83.689069 12.000000
61855.767278 83.340582 12.000000
61693.985435 83.681136 12.000000
61701.309481 83.332214 12.000000
61539.625499 83.673184 12.000000
61504.217198 83.496454 12.000000
60738.815478 87.666562 12.000000
61267.886239 83.834296 12.000000
61316.021272 83.311203 12.000000
61239.110422 83.306985 12.000000
61162.248503 83.302761 12.000000
61174.491738 82.952363 12.000000
61097.727679 82.947915 12.000000
61067.238568 82.770354 12.000000
60944.346354 82.939001 12.000000
60778.672862 83.281564 12.000000
60791.160750 82.930065 12.000000
60669.547264 83.099254 12.000000
60549.114644 83.268782 12.000000
60516.655244 83.090500 12.000000
60396.320485 83.260233 12.000000
60319.996801 83.255951 12.000000
60379.004289 82.729046 12.000000
60302.778466 82.724427 12.000000
60226.601574 82.719802 12.000000
60150.473612 82.715172 12.000000
60121.752534 82.536162 12.000000
59952.138463 82.880511 12.000000
59922.383309 82.701245 12.000000
59755.130973 83.046396 12.000000
58936.570640 87.275677 12.000000
59648.507365 82.862319 12.000000
59618.947934 82.682593 12.000000
59639.059258 82.327785 12.000000
59467.523829 82.673232 12.000000
59345.659155 82.844035 12.000000
59316.295446 82.663847 12.000000
59336.602493 82.308138 12.000000
59165.262785 82.654438 12.000000
59235.289519 82.122771 12.000000
58923.105750 82.997230 12.000000
58986.438726 82.464263 12.000000
59060.008061 81.931915 12.000000
58835.895371 82.454573 12.000000
58809.186978 82.273514 12.000000
58783.659453 82.092376 12.000000
58658.937206 82.263565 12.000000
58684.261304 81.905954 12.000000
58558.504982 82.077090 12.000000
58433.929526 82.248593 12.000000
58408.646653 82.066868 12.000000
58284.169059 82.238579 12.000000
58209.362221 82.233563 12.000000
58184.226140 82.051484 12.000000
58109.517163 82.046343 12.000000
58085.610879 81.864070 12.000000
57960.246001 82.036042 12.000000
57936.437578 81.853532 12.000000
57913.810022 81.670949 12.000000
57736.706237 82.020539 12.000000
57612.669018 82.193199 12.000000
57638.678143 81.832373 12.000000
57513.606848 82.004977 12.000000
57541.977706 81.643889 12.000000
57415.872336 81.816433 12.000000
57393.587294 81.633017 12.000000
57319.465483 81.627570 12.000000
57093.131317 82.157536 12.000000
57119.482955 81.795082 12.000000
56994.754174 81.968429 12.000000
56971.581848 81.784366 12.000000
56701.481259 82.495646 12.000000
56875.762161 81.594740 12.000000
56750.097166 81.768238 12.000000
56575.991211 82.121549 12.000000
56602.685363 81.757452 12.000000
56428.677270 82.111206 12.000000
56404.715521 81.926251 12.000000
56281.559051 82.100837 12.000000
56360.334624 81.556114 12.000000
56339.915475 81.370940 12.000000
56213.509988 81.545013 12.000000
56193.188700 81.359596 12.000000
56119.898709 81.353913 12.000000
56046.657647 81.348222 12.000000
55920.447882 81.522725 12.000000
55847.304682 81.517134 12.000000
55722.324714 81.692138 12.000000
55701.165073 81.505931 12.000000
55681.186299 81.319656 12.000000
55608.238821 81.313921 12.000000
55535.340274 81.308177 12.000000
55462.490657 81.302427 12.000000
55336.672335 81.477795 12.000000
55212.034881 81.653561 12.000000
55298.384960 81.103945 12.000000
55118.563859 81.460825 12.000000
55098.976530 81.273560 12.000000
55080.570067 81.086230 12.000000
54849.010059 81.625788 12.000000
54881.455219 81.256148 12.000000
54809.045977 81.250329 12.000000
54790.835236 81.062500 12.000000
54559.470951 81.603437 12.000000
54646.261404 81.050589 12.000000
54519.898313 81.226975 12.000000
54501.883294 81.038645 12.000000
54429.767635 81.032662 12.000000
54357.700906 81.026670 12.000000
54231.533537 81.203497 12.000000
54159.564669 81.197608 12.000000
54141.794303 81.008648 12.000000
54069.923297 81.002625 12.000000
53943.951650 81.179894 12.000000
53981.609583 80.807320 12.000000
53800.454289 81.168045 12.000000
53782.928576 80.978451 12.000000
53657.152650 81.156165 12.000000
53639.724798 80.966316 12.000000
53461.029099 81.328454 12.000000
53496.716743 80.954148 12.000000
53480.567618 80.763984 12.000000
53409.185917 80.757760 12.000000
53282.571638 80.935836 12.000000
53157.138227 81.114333 12.000000
53251.747840 80.554683 12.000000
53124.148416 80.732781 12.000000
53053.011367 80.726515 12.000000
52872.492170 81.090253 12.000000
52967.297505 80.529122 12.000000
52896.307248 80.522711 12.000000
52713.670970 80.886641 12.000000
52642.778574 80.880455 12.000000
52627.216615 80.688743 12.000000
52612.835524 80.496978 12.000000
52599.635300 80.305162 12.000000
52471.393245 80.484059 12.000000
52458.290882 80.291983 12.000000
52330.146689 80.471106 12.000000
52147.901854 80.836914 12.000000
52132.682410 80.644289 12.000000
52234.866529 80.079636 12.000000
52105.786122 80.258881 12.000000
52094.109278 80.066107 12.000000
51965.126731 80.245578 12.000000
51953.547748 80.052541 12.000000
51883.340379 80.045745 12.000000
51813.181941 80.038939 12.000000
51743.072433 80.032124 12.000000
51673.011856 80.025300 12.000000
51603.000209 80.018466 12.000000
51533.037492 80.011624 12.000000
51463.123706 80.004772 12.000000
51393.258851 79.997910 12.000000
51383.252179 79.803778 12.000000
51313.485185 79.796775 12.000000
51243.767121 79.789762 12.000000
51174.097988 79.782740 12.000000
51104.477785 79.775708 12.000000
51034.906513 79.768666 12.000000
50965.384171 79.761615 12.000000
50895.910760 79.754554 12.000000
50766.677027 79.935736 12.000000
50697.301477 79.928781 12.000000
50748.725299 79.545037 12.000000
50679.447610 79.537813 12.000000
50672.291977 79.342283 12.000000
50541.039024 79.523336 12.000000
50410.966937 79.704858 12.000000
50341.884970 79.697720 12.000000
50154.365364 80.069301 12.000000
50203.867827 79.683413 12.000000
50075.123399 79.865750 12.000000
50066.046407 79.669068 12.000000
49937.399840 79.851637 12.000000
49928.420709 79.654683 12.000000
49859.681255 79.647475 12.000000
49790.990732 79.640258 12.000000
49783.290329 79.442997 12.000000
49714.697668 79.435633 12.000000
49585.212747 79.618546 12.000000
49516.717946 79.611288 12.000000
49509.213265 79.413480 12.000000
49502.889451 79.215644 12.000000
49434.541442 79.208102 12.000000
49366.242363 79.200550 12.000000
49297.992215 79.192987 12.000000
49167.717872 79.376354 12.000000
49161.638710 79.177830 12.000000
49031.462228 79.361431 12.000000
48963.407802 79.353954 12.000000
48957.475432 79.155015 12.000000
48827.445741 79.338969 12.000000
48821.611233 79.139752 12.000000
48691.679403 79.323942 12.000000
48503.119187 79.701069 12.000000
48618.181912 79.116779 12.000000
48613.675062 78.917123 12.000000
48359.792703 79.486360 12.000000
48478.398028 78.901475 12.000000
48347.627845 79.085997 12.000000
48343.316717 78.885783 12.000000
48212.644395 79.070542 12.000000
48022.211751 79.449049 12.000000
48077.856667 79.055043 12.000000
48010.536199 79.047277 12.000000
47943.264661 79.039501 12.000000
47876.042054 79.031713 12.000000
47746.795251 79.217570 12.000000
47804.948693 78.822574 12.000000
47737.872877 78.814622 12.000000
47484.626615 79.388804 12.000000
47478.589850 79.186793 12.000000
47473.733951 78.984758 12.000000
47470.058919 78.782706 12.000000
47403.227756 78.774699 12.000000
47336.445524 78.766680 12.000000
47334.049220 78.564330 12.000000
47332.833783 78.361971 12.000000
47136.392409 78.742557 12.000000
47006.600837 78.929473 12.000000
47003.268319 78.726418 12.000000
47001.116668 78.523350 12.000000
46870.339950 78.710233 12.000000
46868.286160 78.506877 12.000000
46674.402242 78.889647 12.000000
46671.314377 78.685869 12.000000
46605.070380 78.677725 12.000000
46538.875313 78.669569 12.000000
46409.524116 78.857582 12.000000
46406.631972 78.653222 12.000000
46404.920696 78.448853 12.000000
46338.921352 78.440516 12.000000
46272.970938 78.432168 12.000000
46207.069455 78.423808 12.000000
46141.216902 78.415435 12.000000
46075.413280 78.407051 12.000000
46009.658588 78.398655 12.000000
45943.952827 78.390247 12.000000
45878.295996 78.381827 12.000000
45812.688096 78.373395 12.000000
45747.129127 78.364951 12.000000
45617.282089 78.554157 12.000000
45426.542793 78.942249 12.000000
45423.203741 78.735692 12.000000
45485.382553 78.331052 12.000000
45355.731238 78.520755 12.000000
45354.802850 78.314030 12.000000
45225.249396 78.503982 12.000000
45224.418869 78.296959 12.000000
45224.769208 78.089935 12.000000
45029.893611 78.478731 12.000000
45029.209875 78.271259 12.000000
44964.238072 78.262668 12.000000
44964.784134 78.055046 12.000000
44834.441257 78.245448 12.000000
44642.074185 78.636269 12.000000
44704.840164 78.228179 12.000000
44575.776015 78.419384 12.000000
44511.097795 78.410857 12.000000
44446.468505 78.402317 12.000000
44381.888146 78.393765 12.000000
44447.162650 77.984662 12.000000
44317.211217 78.176068 12.000000
44125.235589 78.569019 12.000000
44124.056014 78.359432 12.000000
44059.720307 78.350818 12.000000
43995.433531 78.342190 12.000000
43995.532684 78.132294 12.000000
43803.801709 78.526588 12.000000
43867.203785 78.114695 12.000000
43738.775732 78.307555 12.000000
43488.514232 78.906077 12.000000
43485.462228 78.694967 12.000000
43546.796153 78.281445 12.000000
43482.900821 78.272716 12.000000
43419.054420 78.263975 12.000000
43355.256949 78.255220 12.000000
43228.303347 78.449423 12.000000
43164.603737 78.440786 12.000000
43038.879932 78.635689 12.000000
42914.336994 78.831159 12.000000
42911.725365 78.618639 12.000000
42973.499665 78.202421 12.000000
42784.766520 78.601539 12.000000
42783.433619 78.388695 12.000000
42537.252955 78.994111 12.000000
42533.754042 78.780656 12.000000
42531.435996 78.567187 12.000000
42407.284502 78.763722 12.000000
42405.064317 78.549934 12.000000
42341.951874 78.541288 12.000000
42278.888361 78.532630 12.000000
42277.946904 78.318515 12.000000
42214.981252 78.309683 12.000000
42089.991405 78.506576 12.000000
42089.196739 78.291981 12.000000
41964.304753 78.489142 12.000000
41840.593634 78.686888 12.000000
41777.872634 78.678287 12.000000
41715.200565 78.669673 12.000000
41592.768174 78.868274 12.000000
41650.944408 78.445328 12.000000
41588.419131 78.436526 12.000000
41588.015910 78.220640 12.000000
41402.574179 78.626407 12.000000
41340.195693 78.617715 12.000000
41101.834188 79.234295 12.000000
41215.585513 78.600291 12.000000
41153.353818 78.591560 12.000000
41031.361802 78.791399 12.000000
40969.227968 78.782793 12.000000
40907.143066 78.774173 12.000000
40786.429777 78.974884 12.000000
40842.929305 78.547703 12.000000
40721.181941 78.748236 12.000000
40719.102013 78.530067 12.000000
40538.775193 78.940835 12.000000
40476.983874 78.932291 12.000000
40415.241485 78.923733 12.000000
40296.002646 79.125884 12.000000
40291.903498 78.906578 12.000000
40172.762521 79.109014 12.000000
40168.761234 78.889371 12.000000
39993.304673 79.303737 12.000000
39988.269311 79.083611 12.000000
39815.174484 79.499332 12.000000
39809.105047 79.278727 12.000000
39804.216476 79.058091 12.000000
39742.963393 79.049558 12.000000
39681.759239 79.041012 12.000000
39564.190573 79.245200 12.000000
39503.084280 79.236786 12.000000
39498.440362 79.015295 12.000000
39381.018487 79.219918 12.000000
39210.627908 79.639132 12.000000
39203.866909 79.416843 12.000000
39088.855698 79.622828 12.000000
39082.192560 79.400192 12.000000
39076.710289 79.177521 12.000000
38906.564362 79.598276 12.000000
38792.880809 79.805313 12.000000
38785.281457 79.581844 12.000000
38724.713400 79.573609 12.000000
38664.194274 79.565361 12.000000
38498.820746 79.989190 12.000000
38490.285179 79.764888 12.000000
38378.027146 79.973286 12.000000
38266.949980 80.182291 12.000000
38157.053681 80.391901 12.000000
38249.089424 79.732319 12.000000
38188.912812 79.724144 12.000000
38128.785130 79.715957 12.000000
38016.820680 79.925271 12.000000
38115.843764 79.265090 12.000000
38111.144381 79.039606 12.000000
37888.763707 79.683079 12.000000
37776.994980 79.893007 12.000000
37666.407119 80.103554 12.000000
37709.261411 79.658283 12.000000
37702.542808 79.431614 12.000000
37697.005072 79.204907 12.000000
37530.199489 79.633370 12.000000
37470.610043 79.625039 12.000000
37464.087162 79.397645 12.000000
37351.577942 79.608337 12.000000
37292.135288 79.599966 12.000000
37180.855865 79.811446 12.000000
37226.414405 79.363461 12.000000
36961.839620 80.236294 12.000000
37107.871609 79.346287 12.000000
36747.546843 80.663640 12.000000
36784.245614 80.212522 12.000000
35795.300510 86.503416 12.000000
35703.789892 86.955917 12.000000
35677.247019 86.497629 12.000000
35618.293670 86.494728 12.000000
35512.398045 87.176751 12.000000
36582.640013 79.498466 12.000000
35409.267798 86.943271 12.000000
35350.510171 86.940729 12.000000
36254.105844 80.140511 12.000000
36295.821666 79.686633 12.000000
35159.999073 87.162627 12.000000
35131.632702 86.700880 12.000000
35042.924193 87.157887 12.000000
35730.166234 81.223319 12.000000
35715.713264 80.990672 12.000000
35570.554729 81.434688 12.000000
35737.707879 80.300215 12.000000
35585.855587 80.742675 12.000000
35573.862212 80.509472 12.000000
35469.465734 80.727366 12.000000
35322.287979 81.172388 12.000000
35264.215379 81.165064 12.000000
35206.191709 81.157728 12.000000
35237.273195 80.696595 12.000000
35134.253306 80.915802 12.000000
35076.376428 80.908247 12.000000
35018.548480 80.900679 12.000000
35052.089560 80.438439 12.000000
34948.133457 80.657845 12.000000
34758.565869 81.334458 12.000000
34700.933644 81.327210 12.000000
34775.236781 80.634442 12.000000
33897.471906 86.875785 12.000000
34615.122902 80.847355 12.000000
34602.780479 80.610922 12.000000
34545.392907 80.603056 12.000000
34488.054264 80.595176 12.000000
34430.764553 80.587284 12.000000
33538.761461 87.094800 12.000000
33496.101410 86.857104 12.000000
34085.604297 81.484815 12.000000
34202.095011 80.555584 12.000000
33296.887779 87.320760 12.000000
33283.487047 86.610418 12.000000
33210.876114 86.843623 12.000000
33929.114277 80.754487 12.000000
33872.264940 80.746663 12.000000
33728.672181 81.202120 12.000000
33671.920705 81.194650 12.000000
32886.674493 87.542020 12.000000
33645.356897 80.715238 12.000000
33544.790068 80.939606 12.000000
33488.234314 80.931894 12.000000
33431.727491 80.924169 12.000000
33464.325822 80.451079 12.000000
33407.916860 80.442945 12.000000
33306.462747 80.667701 12.000000
33121.661023 81.360861 12.000000
33238.983556 80.418462 12.000000
33137.676235 80.643751 12.000000
33126.606005 80.402070 12.000000
33025.396546 80.627717 12.000000
33014.424177 80.385622 12.000000
32826.520227 81.081073 12.000000
32857.343991 80.603563 12.000000
32672.933711 81.301282 12.000000
32701.591463 80.822544 12.000000
32689.731811 80.579285 12.000000
32589.996801 80.806708 12.000000
32534.272866 80.798770 12.000000
32613.880103 80.083988 12.000000
32512.028012 80.310913 12.000000
32411.356788 80.538545 12.000000
32355.828575 80.530355 12.000000
32256.387148 80.758876 12.000000
32200.956796 80.750856 12.000000
31374.201500 87.483433 12.000000
31318.869009 87.481210 12.000000
31992.129115 80.964552 12.000000
32023.686837 80.480919 12.000000
31968.501138 80.472630 12.000000
31869.402225 80.702444 12.000000
31042.940512 87.470033 12.000000
30987.901604 87.467786 12.000000
31704.285501 80.678049 12.000000
31606.514247 80.909137 12.000000
30823.078464 87.461020 12.000000
30780.503204 87.213311 12.000000
30713.441023 87.456489 12.000000
31387.239365 80.877167 12.000000
31332.542970 80.869140 12.000000
30549.351840 87.449663 12.000000
30507.021233 87.200838 12.000000
30480.403292 86.705129 12.000000
30397.970958 87.195818 12.000000
31146.587309 80.346555 12.000000
30963.693875 81.062502 12.000000
30993.868473 80.570855 12.000000
30193.857438 86.937960 12.000000
30113.933629 87.431279 12.000000
30099.926128 86.684347 12.000000
30005.568382 87.426642 12.000000
30680.002820 80.771708 12.000000
29937.598444 86.675360 12.000000
29883.587077 86.672354 12.000000
29789.425053 87.417317 12.000000
29775.711135 86.666324 12.000000
30288.491633 81.463839 12.000000
30356.374993 80.722215 12.000000
30345.438487 80.469716 12.000000
29546.014617 86.904540 12.000000
29478.945901 87.152407 12.000000
29468.921375 86.397439 12.000000
29371.754986 87.147211 12.000000
29331.632787 86.893237 12.000000
29264.759793 87.141997 12.000000
29224.735455 86.887555 12.000000
29171.360185 86.884706 12.000000
29863.739931 80.392439 12.000000
29645.933309 81.371128 12.000000
29714.403835 80.621633 12.000000
29748.016639 80.120014 12.000000
29566.395398 80.851977 12.000000
29641.804334 80.102151 12.000000
29633.865658 79.846534 12.000000
29627.107849 79.590854 12.000000
29875.299717 78.109663 12.000000
30104.480972 76.883431 12.000000
30362.009566 75.667070 12.000000
30719.014115 74.224597 12.000000
30811.927984 73.738088 12.000000
31064.127061 72.784695 12.000000
31418.065967 71.608219 12.000000
31711.112614 70.673537 12.000000
31838.180296 70.200993 12.000000
32549.407759 68.385513 12.000000
32699.212029 67.924037 12.000000
32749.638203 67.684701 12.000000
33560.622858 65.924499 12.000000
34203.364673 64.627857 12.000000
34270.916685 64.396732 12.000000
34709.242629 63.541329 12.000000
35692.477331 61.885906 12.000000
36324.278879 60.866306 12.000000
36553.710137 60.449624 12.000000
36787.718071 60.035576 12.000000
37620.967707 58.857258 12.000000
38181.836361 58.078311 12.000000
39409.862898 56.579933 12.000000
39689.344008 56.193978 12.000000
39973.401794 55.810753 12.000000
41132.710379 54.555196 12.000000
41258.578311 54.356729 12.000000
42481.373192 53.141629 12.000000
43566.304143 52.124419 12.000000
43514.788232 52.098042 12.000000
43851.208674 51.746910 12.000000
45601.314870 50.294181 12.000000
45962.735772 49.958117 12.000000
46963.199523 49.170115 12.000000
47125.680862 48.992882 12.000000
48380.744779 48.078817 12.000000
49905.075105 47.046985 12.000000
50314.281987 46.738464 12.000000
50728.065544 46.432457 12.000000
51620.340362 45.855412 12.000000
53018.272912 45.022284 12.000000
53955.923045 44.469940 12.000000
53408.489920 44.703588 12.000000
55371.038754 43.645612 12.000000
56615.407056 42.993180 12.000000
57090.657691 42.719711 12.000000
58374.741626 42.087288 12.000000
58865.937230 41.821719 12.000000
59636.586670 41.441275 12.000000
61541.883707 40.609172 12.000000
61208.594623 40.695075 12.000000
62296.149660 40.217426 12.000000
62533.087611 40.078762 12.000000
62771.206429 39.940623 12.000000
63010.506114 39.803009 12.000000
63250.986666 39.665918 12.000000
62910.067611 39.748110 12.000000
63150.646024 39.611014 12.000000
62809.824830 39.693122 12.000000
61894.395646 39.997372 12.000000
62709.777770 39.638047 12.000000
61794.446448 39.942136 12.000000
62031.873705 39.803438 12.000000
61982.021432 39.775783 12.000000
61644.889630 39.859114 12.000000
61882.463678 39.720408 12.000000
61545.429737 39.803654 12.000000
61783.101646 39.664943 12.000000
62021.954422 39.526766 12.000000
62261.988065 39.389121 12.000000
62503.202574 39.252007 12.000000
63332.706170 38.899307 12.000000
62989.174194 38.979365 12.000000
63529.183319 38.736575 12.000000
62890.497190 38.923805 12.000000
63726.988126 38.574347 12.000000
63677.771950 38.546582 12.000000
64825.459870 38.097062 12.000000
64776.341555 38.069351 12.000000
64126.580715 38.251405 12.000000
63481.396551 38.435307 12.000000
62840.789063 38.621080 12.000000
63383.502435 38.379540 12.000000
61864.028383 38.889285 12.000000
61815.203651 38.861229 12.000000
60897.650852 39.161735 12.000000
61426.976710 38.914038 12.000000
61378.298770 38.885892 12.000000
61040.077427 38.967181 12.000000
431406.274509 13.669151 12.000000
430398.044707 13.671404 12.000000
431309.261142 13.642632 12.000000
430301.129201 13.644854 12.000000
430252.744844 13.631577 12.000000
431164.108071 13.602843 12.000000
431115.821574 13.589576 12.000000
431067.584009 13.576309 12.000000
431019.395374 13.563040 12.000000
429052.990300 13.580604 12.000000
428047.464745 13.582760 12.000000
430875.123051 13.523224 12.000000
426995.127145 13.571589 12.000000
60075.948599 38.679778 12.000000
59454.528564 38.872046 12.000000
58554.884490 39.178588 12.000000
23381.651150 87.084554 12.000000
22109.622731 87.001785 12.000000
22103.395182 86.130007 12.000000
22072.680712 85.836467 12.000000
22026.351436 85.832083 12.000000
21996.866763 85.537830 12.000000
21933.839677 85.823287 12.000000
21961.631498 84.658446 12.000000
21895.306464 84.942846 12.000000
21890.736739 84.357100 12.000000
21890.743690 83.771294 12.000000
21895.327316 83.185548 12.000000
21904.487619 82.599987 12.000000
21830.483683 82.881480 12.000000
21661.047583 84.327164 12.000000
21637.711896 84.029545 12.000000
21591.969787 84.023201 12.000000
21546.276609 84.016843 12.000000
22142.351981 78.528386 12.000000
21849.962845 80.231251 12.000000
21731.207342 80.797265 12.000000
21650.803232 81.076697 12.000000
21342.131963 83.691424 12.000000
21273.145078 83.978415 12.000000
21276.100929 83.384200 12.000000
21256.650357 83.083440 12.000000
21160.827164 83.664346 12.000000
21345.071317 81.311071 12.000000
21046.881058 83.946014 12.000000
20957.996276 84.531663 12.000000
20855.760561 85.417130 12.000000
255651.438969 16.522847 12.000000
253423.524646 16.578833 12.000000
251928.970636 16.610728 12.000000
246130.811852 16.792115 12.000000
244658.994430 16.825121 12.000000
245327.167459 16.782613 12.000000
248145.518367 16.665450 12.000000
21152.950077 78.864188 12.000000
21195.125721 78.271289 12.000000
21195.652025 77.968886 12.000000
21244.717149 77.377594 12.000000
21152.889280 77.653336 12.000000
21253.937963 76.773679 12.000000
21312.205369 76.184768 12.000000
21375.049451 75.597527 12.000000
21442.470209 75.012073 12.000000
21514.467643 74.428519 12.000000
21530.100564 74.129143 12.000000
21485.973162 74.112423 12.000000
21564.909005 73.531082 12.000000
21584.084526 73.232430 12.000000
21736.510720 72.375061 12.000000
21829.176591 71.800590 12.000000
21855.290522 71.504673 12.000000
21882.585320 71.209117 12.000000
21911.060984 70.913937 12.000000
21795.064474 71.170009 12.000000
22047.211276 70.051418 12.000000
22003.573179 70.030805 12.000000
22036.772311 69.737279 12.000000
19540.439194 84.336160 12.000000
19496.947889 84.329826 12.000000
19453.505514 84.323477 12.000000
22347.405404 68.031003 12.000000
22388.772743 67.741439 12.000000
22606.404336 66.922871 12.000000
22563.157684 66.899485 12.000000
22883.709972 65.827802 12.000000
22840.561181 65.803521 12.000000
22986.127943 65.260629 12.000000
23333.993496 64.210896 12.000000
23290.991496 64.185348 12.000000
23348.597388 63.905868 12.000000
23510.206981 63.375221 12.000000
23467.351773 63.349004 12.000000
23633.586972 62.821658 12.000000
23912.881364 62.051266 12.000000
23761.690431 62.271032 12.000000
23827.513461 61.996845 12.000000
24230.152333 60.991798 12.000000
24074.580446 61.206743 12.000000
24374.494345 60.453207 12.000000
24565.974658 59.946509 12.000000
24882.965463 59.208483 12.000000
24719.665744 59.414814 12.000000
25043.546028 58.682532 12.000000
25125.607611 58.420832 12.000000
25335.443559 57.929937 12.000000
25166.679880 58.130190 12.000000
25768.845481 56.960443 12.000000
25726.773161 56.929980 12.000000
26084.905119 56.228733 12.000000
26042.930660 56.197863 12.000000
26136.654120 55.945471 12.000000
26369.471308 55.474723 12.000000
26606.865172 55.008153 12.000000
27137.112734 54.119478 12.000000
27241.219344 53.876052 12.000000
27346.506820 53.633559 12.000000
27452.975163 53.392003 12.000000
27560.624372 53.151388 12.000000
27074.789423 53.747617 12.000000
27932.093427 52.467902 12.000000
28355.332923 51.826487 12.000000
29111.043890 50.800942 12.000000
29069.705527 50.767722 12.000000
28866.732571 50.930874 12.000000
29149.991055 50.505769 12.000000
29437.826216 50.084807 12.000000
29396.683575 50.051268 12.000000
29689.144342 49.634311 12.000000
29648.099563 49.600602 12.000000
29775.578857 49.376709 12.000000
29904.239018 49.153777 12.000000
30553.088710 48.374044 12.000000
30512.239653 48.339964 12.000000
31000.635618 47.757421 12.000000
31138.546992 47.542444 12.000000
31458.565675 47.149737 12.000000
31417.912340 47.115352 12.000000
31559.366315 46.903236 12.000000
32071.777596 46.341782 12.000000
32405.575237 45.960945 12.000000
32365.117624 45.926316 12.000000
32324.708942 45.891644 12.000000
33046.540796 45.176301 12.000000
33199.607717 44.973837 12.000000
33159.345827 44.939021 12.000000
33313.642545 44.737452 12.000000
33273.478515 44.702552 12.000000
34222.890855 43.848588 12.000000
34182.824687 43.813631 12.000000
34142.807448 43.778634 12.000000
34506.573671 43.422710 12.000000
35080.745612 42.913382 12.000000
35455.929059 42.566790 12.000000
35416.107542 42.531717 12.000000
35168.242042 42.651880 12.000000
35336.611301 42.461455 12.000000
