96843.285624 59.039218 155.013699
96987.537976 58.917296 155.013699
96471.344845 59.120794 155.013699
97056.632514 58.781945 155.013699
97426.205289 58.552625 155.013699
96904.469249 58.754689 155.013699
97274.123656 58.525241 155.013699
96752.469249 58.727390 155.013699
96898.895768 58.605646 155.013699
97270.561077 58.376477 155.013699
70499.537846 -88.517137 155.013699
96894.633861 58.456595 155.013699
96595.548829 58.550770 155.013699
95636.018314 58.971371 155.013699
96221.754963 58.631506 155.013699
96146.101902 58.617765 155.013699
96292.854952 58.495721 155.013699
95773.497160 58.698820 155.013699
95919.387616 58.576478 155.013699
95843.897820 58.562694 155.013699
95768.448841 58.548899 155.013699
96362.969241 58.210572 155.013699
95617.673330 58.521276 155.013699
96212.275363 58.182769 155.013699
96136.989649 58.168851 155.013699
95391.816188 58.479760 155.013699
95762.286922 58.249036 155.013699
94580.018314 58.779303 155.013699
95388.691686 58.329535 155.013699
95536.919575 58.207231 155.013699
95461.878759 58.193273 155.013699
95163.569237 58.287742 155.013699
95536.173322 58.057117 155.013699
95237.001208 58.151336 155.013699
95162.123656 58.137335 155.013699
93761.593190 58.778407 155.013699
94566.816188 58.326692 155.013699
94492.061086 58.312711 155.013699
95087.275363 57.972856 155.013699
95237.799867 57.850638 155.013699
94937.969241 57.944680 155.013699
95088.575378 57.822389 155.013699
95014.024357 57.808248 155.013699
93822.966548 58.337858 155.013699
94639.846792 57.888196 155.013699
93895.489657 58.200461 155.013699
94266.776718 57.968460 155.013699
94416.683526 57.845716 155.013699
93451.027772 58.267585 155.013699
94043.858350 57.925991 155.013699
93969.633861 57.911812 155.013699
94119.703934 57.788919 155.013699
94045.561077 57.774692 155.013699
93523.895768 57.978223 155.013699
93449.834544 57.964026 155.013699
93599.123656 57.840750 155.013699
93749.397812 57.717672 155.013699
93451.205289 57.812247 155.013699
92931.632514 58.016530 155.013699
93303.450187 57.783698 155.013699
92562.537976 58.097786 155.013699
93155.858350 57.755104 155.013699
66564.472113 -89.847410 155.013699
92785.120258 57.835741 155.013699
92711.467197 57.821431 155.013699
92861.164473 57.697781 155.013699
92564.283523 57.792776 155.013699
92938.316179 57.559934 155.013699
93090.024357 57.436647 155.013699
92791.377404 57.531107 155.013699
92717.969241 57.516676 155.013699
92644.601894 57.502234 155.013699
92347.021616 57.597026 155.013699
92050.426380 57.692123 155.013699
92424.744751 57.458838 155.013699
92127.286922 57.553674 155.013699
92054.123656 57.539200 155.013699
91535.326392 57.744263 155.013699
91462.244759 57.729819 155.013699
91834.878759 57.495710 155.013699
91761.878759 57.481190 155.013699
91688.919575 57.466658 155.013699
91616.001208 57.452115 155.013699
91767.377404 57.328032 155.013699
91694.540669 57.313440 155.013699
91397.491003 57.408417 155.013699
91324.735901 57.393828 155.013699
91476.275363 57.269595 155.013699
91403.601894 57.254957 155.013699
90883.405972 57.459943 155.013699
91034.123656 57.335354 155.013699
90961.572636 57.320707 155.013699
91113.316179 57.196287 155.013699
91040.846792 57.181591 155.013699
90520.854952 57.386776 155.013699
90226.101902 57.482488 155.013699
90599.429779 57.247293 155.013699
90303.814135 57.342736 155.013699
63936.734694 90.000000 155.013699
90159.324339 57.313316 155.013699
89864.775371 57.409100 155.013699
90462.561077 57.063596 155.013699
90166.205289 57.158810 155.013699
90318.397812 57.033980 155.013699
90022.123656 57.129221 155.013699
89950.144065 57.114409 155.013699
89654.895768 57.209977 155.013699
89806.307330 57.084749 155.013699
89734.450187 57.069901 155.013699
89439.324339 57.165511 155.013699
89815.112098 56.929950 155.013699
89743.377404 56.915041 155.013699
89224.120258 57.120938 155.013699
89375.776718 56.995483 155.013699
89528.418220 56.870242 155.013699
89232.593044 56.965632 155.013699
88937.752911 57.061339 155.013699
89089.572636 56.935734 155.013699
88351.027772 57.253705 155.013699
88946.715493 56.905787 155.013699
88875.348146 56.890796 155.013699
88358.346800 57.097628 155.013699
88509.426380 56.971581 155.013699
62150.921157 -89.368329 155.013699
88590.286922 56.830710 155.013699
88743.377404 56.705057 155.013699
87780.905323 57.134156 155.013699
88153.610054 56.896451 155.013699
88305.878759 56.770431 155.013699
87789.203943 56.977578 155.013699
87940.610054 56.851227 155.013699
87869.691686 56.836128 155.013699
87134.550930 57.155891 155.013699
87727.977401 56.805894 155.013699
87434.816188 56.902152 155.013699
87364.061086 56.887030 155.013699
87071.925731 56.983625 155.013699
87001.252262 56.968505 155.013699
87152.040677 56.841591 155.013699
86201.429925 57.275359 155.013699
87010.897820 56.811237 155.013699
87162.752911 56.684467 155.013699
86869.918228 56.780833 155.013699
87245.164473 56.542647 155.013699
87174.776718 56.527363 155.013699
87104.429779 56.512067 155.013699
86810.814135 56.608175 155.013699
86518.183535 56.704608 155.013699
86670.324339 56.577572 155.013699
86600.140666 56.562252 155.013699
86529.997809 56.546919 155.013699
86016.109405 56.755524 155.013699
90553.872548 54.551781 155.013699
90965.407555 54.323373 155.013699
85147.450333 57.047897 155.013699
85077.511557 57.032633 155.013699
59853.424839 -88.551595 155.013699
59762.322604 -89.033718 155.013699
59698.643749 -88.872051 155.013699
59643.975859 -88.549054 155.013699
59552.996073 -89.032021 155.013699
59489.439667 -88.870069 155.013699
59434.894227 -88.546503 155.013699
59350.174361 -88.868744 155.013699
59287.684630 -88.706429 155.013699
59245.064467 -88.220565 155.013699
89577.301119 54.329728 155.013699
89507.852139 54.313774 155.013699
89199.082608 54.404851 155.013699
89850.632045 54.068566 155.013699
89781.305514 54.052536 155.013699
58801.827487 -88.701095 155.013699
58732.582589 -88.700329 155.013699
58671.404431 -88.537075 155.013699
58587.133544 -88.861400 155.013699
58533.118716 -88.535347 155.013699
58456.011160 -88.697258 155.013699
58413.880793 -88.207946 155.013699
58310.888647 -88.858706 155.013699
89159.203473 53.907708 155.013699
88849.035285 53.998257 155.013699
89021.407555 53.875386 155.013699
88952.570820 53.859207 155.013699
88642.525081 53.949777 155.013699
89057.213847 53.720320 155.013699
88264.750099 54.024485 155.013699
88196.076629 54.008295 155.013699
88851.193439 53.671574 155.013699
88299.157734 53.868726 155.013699
88957.188855 53.532720 155.013699
88403.346330 53.729320 155.013699
88577.070990 53.606404 155.013699
88508.642418 53.590080 155.013699
88440.254663 53.573743 155.013699
88371.907725 53.557394 155.013699
57144.133544 -88.847112 155.013699
88235.336296 53.524658 155.013699
88410.250080 53.401827 155.013699
88098.928133 53.491870 155.013699
88518.006049 53.262790 155.013699
88449.904008 53.246328 155.013699
87894.622010 53.442594 155.013699
87826.601602 53.426144 155.013699
87516.427963 53.516530 155.013699
87690.683235 53.393204 155.013699
87865.923549 53.270124 155.013699
87554.928133 53.360213 155.013699
87730.250080 53.237070 155.013699
87419.336296 53.327171 155.013699
87351.601602 53.310631 155.013699
87283.907725 53.294078 155.013699
86974.060616 53.384510 155.013699
86906.448371 53.367950 155.013699
86838.876943 53.351377 155.013699
86289.790915 53.549795 155.013699
55820.574671 -88.166777 155.013699
55753.125691 -88.165668 155.013699
55696.576131 -87.997829 155.013699
55629.208784 -87.996617 155.013699
55473.823560 -88.328281 155.013699
55349.288957 -88.158986 155.013699
55282.125691 -88.157868 155.013699
55215.003242 -88.156748 155.013699
55158.780212 -87.988089 155.013699
55091.739396 -87.986864 155.013699
54690.351641 -87.979487 155.013699
54623.596539 -87.978253 155.013699
54490.208784 -87.975778 155.013699
54423.576131 -87.974539 155.013699
54336.211315 -88.310867 155.013699
54392.881828 86.791106 155.013699
54292.379477 87.126526 155.013699
54259.902236 86.787173 155.013699
54080.166508 -88.137502 155.013699
54003.864376 -88.305676 155.013699
53958.290416 -87.965821 155.013699
53891.984294 -87.964570 155.013699
53627.167967 -87.959548 155.013699
53561.065927 -87.958289 155.013699
53495.004702 -87.957028 155.013699
53165.310825 -87.950701 155.013699
53099.494498 -87.949431 155.013699
53012.946009 -88.289909 155.013699
52947.211315 -88.288848 155.013699
52987.270784 86.920065 155.013699
52905.093762 87.089064 155.013699
52823.901783 87.258324 155.013699
52705.453682 -87.941776 155.013699
52574.433274 -87.939212 155.013699
52498.125691 -88.109637 155.013699
52405.807078 -88.624097 155.013699
52333.358034 -88.795279 155.013699
52292.109274 -88.278159 155.013699
52236.737936 -88.104911 155.013699
52219.596113 86.724942 155.013699
52031.211315 -88.273847 155.013699
51986.861845 -87.927594 155.013699
51780.880793 -88.096585 155.013699
51726.780212 -87.922388 155.013699
51782.722812 86.537837 155.013699
51681.964661 86.881375 155.013699
51511.374581 -88.265156 155.013699
51446.578662 -88.264063 155.013699
51402.596539 -87.915844 155.013699
51308.139125 -88.435596 155.013699
51273.208784 -87.913215 155.013699
51170.807078 -88.607590 155.013699
51114.241165 -88.432630 155.013699
51041.664221 -88.605829 155.013699
50994.150091 -88.256377 155.013699
50920.710553 -88.429654 155.013699
50971.005478 86.859679 155.013699
50810.778753 -88.078494 155.013699
50859.738970 86.681399 155.013699
50795.432848 86.679296 155.013699
50607.946009 -88.249735 155.013699
50553.635896 -88.073611 155.013699
50602.759379 86.672973 155.013699
50406.424839 -88.421661 155.013699
50351.292948 -88.245278 155.013699
50270.235650 -88.595170 155.013699
50346.432848 86.664505 155.013699
50248.461109 87.013036 155.013699
50105.207324 -88.065007 155.013699
50120.624375 87.009226 155.013699
49950.541772 -88.590681 155.013699
50064.712104 86.302565 155.013699
50000.936594 86.300204 155.013699
49937.201900 86.297841 155.013699
49854.151383 86.471423 155.013699
49809.854961 86.293104 155.013699
49726.886077 86.466905 155.013699
49702.972154 86.112141 155.013699
49581.371624 86.638840 155.013699
49394.660295 -88.228362 155.013699
49351.984294 -87.872966 155.013699
49373.556498 86.809230 155.013699
49214.350181 -88.047565 155.013699
49124.113201 -88.578873 155.013699
49068.853410 -88.400289 155.013699
48997.582589 -88.577039 155.013699
48942.404431 -88.398223 155.013699
48871.215242 -88.575200 155.013699
48986.079451 86.262022 155.013699
48922.997819 86.259609 155.013699
48840.600363 86.434951 155.013699
48759.187950 86.610588 155.013699
48678.760580 86.786516 155.013699
48671.079451 86.249928 155.013699
48628.502766 86.069357 155.013699
48586.911123 85.888629 155.013699
48482.569247 86.242634 155.013699
48419.814145 86.240196 155.013699
48337.743220 86.416432 155.013699
48154.208784 -87.846663 155.013699
48080.717528 -88.024673 155.013699
48028.984294 -87.843856 155.013699
47945.660295 -88.201782 155.013699
47874.179941 -88.380446 155.013699
47841.453682 -87.839632 155.013699
47768.166508 -88.018219 155.013699
47686.894227 -88.377268 155.013699
47616.521364 -88.556547 155.013699
47562.241165 -88.375143 155.013699
47711.482551 85.851017 155.013699
47649.258062 85.848304 155.013699
47507.759379 86.566184 155.013699
47524.931531 85.842867 155.013699
47421.283533 86.200761 155.013699
47181.235650 -88.549902 155.013699
47112.133544 -88.730266 155.013699
47050.153953 -88.729429 155.013699
47173.283533 86.190773 155.013699
46941.424839 -88.364430 155.013699
46898.452222 -87.999920 155.013699
46817.751369 -88.362271 155.013699
46747.949936 -88.543196 155.013699
46694.241165 -88.360106 155.013699
46632.547288 -88.359021 155.013699
46589.778753 -87.993303 155.013699
46501.256058 -88.539336 155.013699
46447.710553 -88.355758 155.013699
46386.179941 -88.354668 155.013699
46316.664221 -88.536427 155.013699
46255.215242 -88.535455 155.013699
46210.803152 -88.168327 155.013699
46330.727256 85.972909 155.013699
46229.743220 86.335531 155.013699
46187.814145 86.150289 155.013699
46107.212608 86.330658 155.013699
46065.365166 86.145168 155.013699
45863.984294 -87.793528 155.013699
45984.625409 85.773692 155.013699
45721.007234 -88.158539 155.013699
45820.957002 86.134886 155.013699
45801.502960 85.765237 155.013699
45698.997819 86.129724 155.013699
45487.003242 -87.969114 155.013699
45436.984294 -87.783179 155.013699
45376.147559 -87.781693 155.013699
45315.351641 -87.780205 155.013699
45243.737936 -87.963659 155.013699
45149.031504 -88.702950 155.013699
45337.161666 85.558140 155.013699
45212.793737 86.108938 155.013699
44982.241165 -88.329182 155.013699
44913.664221 -88.513739 155.013699
44853.154017 -88.512736 155.013699
44800.710553 -88.325799 155.013699
44740.281982 -88.324669 155.013699
44709.637355 -87.765211 155.013699
44831.053980 85.719563 155.013699
44551.215242 -88.507704 155.013699
44507.946009 -88.133604 155.013699
44695.580924 85.339501 155.013699
44568.829296 85.893947 155.013699
44575.254394 85.333201 155.013699
44539.230124 85.144123 155.013699
44455.091128 85.326884 155.013699
44395.070720 85.323719 155.013699
44335.091128 85.320550 155.013699
44299.230124 85.130955 155.013699
44192.120849 85.500845 155.013699
44132.263706 85.497789 155.013699
44144.680692 84.934338 155.013699
43763.868238 -88.682580 155.013699
43719.241165 -88.305213 155.013699
43659.547288 -88.304054 155.013699
43599.894227 -88.302894 155.013699
43532.256058 -88.490336 155.013699
43480.710553 -88.300569 155.013699
43413.154017 -88.488266 155.013699
43380.574671 -87.920370 155.013699
43294.215242 -88.486190 155.013699
43251.803152 -88.106686 155.013699
43464.372981 85.084301 155.013699
43124.139125 -88.293555 155.013699
43064.853410 -88.292381 155.013699
43286.515838 85.074188 155.013699
43252.333753 84.882212 155.013699
43168.148491 85.067423 155.013699
43160.014262 84.686439 155.013699
43025.866639 85.249727 155.013699
43068.802263 84.490251 155.013699
42956.925590 84.864597 155.013699
42897.966406 84.861060 155.013699
42919.779388 84.289720 155.013699
42889.700739 84.096636 155.013699
42774.210426 84.471251 155.013699
42743.269184 84.277903 155.013699
42578.760736 85.033316 155.013699
42625.799796 84.269997 155.013699
42199.350181 -87.891452 155.013699
42130.803152 -88.081654 155.013699
42072.211315 -88.080318 155.013699
42004.690145 -88.270959 155.013699
41946.179941 -88.269753 155.013699
42303.170127 84.055706 155.013699
42244.741556 84.051582 155.013699
41755.786606 -88.651269 155.013699
42157.749990 83.852614 155.013699
42130.131223 83.657646 155.013699
42103.497498 83.462552 155.013699
41567.494498 -87.682240 155.013699
41924.770399 83.835491 155.013699
41897.314896 83.639976 155.013699
41808.525501 83.826893 155.013699
41750.464276 83.822586 155.013699
41754.762804 83.435189 155.013699
41696.783212 83.430606 155.013699
41638.844437 83.426017 155.013699
41092.309365 -87.863225 155.013699
41000.460075 -88.638899 155.013699
40949.725446 -88.443448 155.013699
40884.868238 -88.636976 155.013699
41415.858645 83.018640 155.013699
41392.629028 82.821683 155.013699
41300.511707 83.008849 155.013699
41242.899462 83.003944 155.013699
40603.684630 -88.436828 155.013699
40563.150091 -88.044922 155.013699
40481.582524 -88.630203 155.013699
40439.241165 -88.237800 155.013699
40955.450482 82.979312 155.013699
40831.987294 83.361093 155.013699
40259.113201 -88.430151 155.013699
40194.745789 -88.625323 155.013699
40171.493038 -87.838863 155.013699
40738.894657 82.567355 155.013699
40718.084105 82.368648 155.013699
40624.608943 82.556848 155.013699
40497.654564 82.939541 155.013699
40475.078008 82.740341 155.013699
39794.888647 -88.618432 155.013699
39745.011160 -88.420028 155.013699
39725.861845 -87.629095 155.013699
39648.211315 -88.022484 155.013699
39591.374581 -88.021064 155.013699
39525.608512 -88.217543 155.013699
39460.827487 -88.414348 155.013699
39441.882253 -87.620570 155.013699
39355.465655 -88.213693 155.013699
39298.833002 -88.212406 155.013699
39271.984294 -87.615426 155.013699
39185.690145 -88.209827 155.013699
39772.670168 82.477097 155.013699
39789.850432 82.080399 155.013699
39733.421860 82.074741 155.013699
39639.737166 82.264918 155.013699
39658.928332 81.867609 155.013699
38856.211315 -88.002423 155.013699
39470.818799 82.248283 155.013699
39490.132413 81.850129 155.013699
39433.948740 81.844286 155.013699
38622.424839 -88.196816 155.013699
38558.296874 -88.395892 155.013699
38502.235650 -88.394725 155.013699
38446.215242 -88.393555 155.013699
38383.153953 -88.593250 155.013699
38334.296874 -88.391211 155.013699
39121.120892 81.409133 155.013699
39025.134131 81.599993 155.013699
38930.132413 81.791320 155.013699
38127.946009 -87.983428 155.013699
38055.215242 -88.385321 155.013699
37999.521364 -88.384138 155.013699
37936.786606 -88.584996 155.013699
37875.036890 -88.786184 155.013699
37819.465461 -88.785292 155.013699
37763.934849 -88.784399 155.013699
37708.445053 -88.783505 155.013699
38550.011063 81.142373 155.013699
38536.620970 80.937800 155.013699
38398.161709 81.328019 155.013699
38468.889390 80.726439 155.013699
38328.623308 81.116622 155.013699
38273.378410 81.110162 155.013699
38218.174328 81.103691 155.013699
38205.029134 80.898226 155.013699
38192.868981 80.692692 155.013699
38181.693872 80.487096 155.013699
38082.746532 80.679126 155.013699
38027.746532 80.672327 155.013699
38016.693872 80.466282 155.013699
37961.775505 80.459324 155.013699
37862.991430 80.651874 155.013699
37852.061219 80.445378 155.013699
37797.265301 80.438390 155.013699
37787.360948 80.231686 155.013699
37732.646662 80.224537 155.013699
37677.973193 80.217378 155.013699
37534.583267 80.610699 155.013699
37523.897954 80.403296 155.013699
37425.440410 80.596894 155.013699
37459.687479 80.188635 155.013699
37273.498521 80.784214 155.013699
37305.938770 80.375037 155.013699
37296.401764 80.166969 155.013699
37242.054826 80.159725 155.013699
37056.029134 80.756975 155.013699
36959.745757 80.952255 155.013699
37079.258907 80.137932 155.013699
37070.870209 79.929202 155.013699
37016.727352 79.921762 155.013699
36962.625312 79.914312 155.013699
36817.918362 80.310846 155.013699
36719.991430 80.506171 155.013699
36666.011839 80.499121 155.013699
36527.092696 80.898376 155.013699
36602.081627 80.282044 155.013699
36548.224484 80.274817 155.013699
36494.408158 80.267579 155.013699
36353.763827 80.667336 155.013699
36386.897954 80.253072 155.013699
36423.849801 79.839207 155.013699
36370.196740 79.831636 155.013699
36270.789519 80.027515 155.013699
36309.752269 79.613112 155.013699
36209.482454 79.808854 155.013699
36155.992658 79.801238 155.013699
36149.282881 79.589827 155.013699
36095.874718 79.582042 155.013699
35995.768169 79.778321 155.013699
35807.889390 80.384885 155.013699
35889.155924 79.762987 155.013699
35790.116050 79.960082 155.013699
35605.192399 80.568854 155.013699
35638.897954 80.150309 155.013699
35676.421230 79.732181 155.013699
35623.339597 79.724451 155.013699
35435.746532 80.334046 155.013699
35426.653056 80.120552 155.013699
35418.544621 79.907007 155.013699
35276.868981 80.312095 155.013699
35312.748703 79.891740 155.013699
35259.911968 79.884090 155.013699
35118.358777 80.290044 155.013699
34980.623308 80.697616 155.013699
34969.927093 80.482787 155.013699
35094.768169 79.646512 155.013699
34907.583267 80.260489 155.013699
34898.897954 80.045377 155.013699
34846.346933 80.037797 155.013699
34749.930206 80.238205 155.013699
34786.218091 79.814717 155.013699
34733.789519 79.806951 155.013699
34592.644492 80.215820 155.013699
34629.054826 79.791384 155.013699
34622.543679 79.575360 155.013699
33459.868238 -88.493283 155.013699
34427.408158 79.976744 155.013699
34331.317961 80.178285 155.013699
34236.212807 80.380387 155.013699
34315.830336 79.744397 155.013699
34263.769111 79.736524 155.013699
34080.029134 80.358160 155.013699
34159.769111 79.720743 155.013699
34062.979586 79.922713 155.013699
34196.149983 79.076511 155.013699
34144.292840 79.068117 155.013699
34044.793085 79.269196 155.013699
33993.017575 79.260930 155.013699
33894.543679 79.462737 155.013699
33889.589003 79.244360 155.013699
33571.664124 80.502648 155.013699
33739.584495 79.438290 155.013699
33597.367341 79.852390 155.013699
33683.221656 79.211069 155.013699
33631.731861 79.202714 155.013699
33487.748703 79.616983 155.013699
33391.489790 79.820823 155.013699
33384.973193 79.600835 155.013699
33288.795913 79.804966 155.013699
33237.510199 79.797020 155.013699
33186.265301 79.789061 155.013699
33135.061219 79.781090 155.013699
33039.991430 79.986249 155.013699
32028.118716 -88.019801 155.013699
31961.929463 -88.458372 155.013699
32886.746532 79.962705 155.013699
32835.746532 79.954832 155.013699
32658.733137 80.590459 155.013699
31765.092793 -88.232622 155.013699
31731.211315 -87.789400 155.013699
32766.706944 79.280815 155.013699
32581.358777 79.915285 155.013699
31578.823560 -87.784070 155.013699
32479.889390 79.899379 155.013699
32517.973193 79.461551 155.013699
32378.583267 79.883424 155.013699
32201.937219 80.523344 155.013699
31346.433274 -87.330746 155.013699
31295.923069 -87.328591 155.013699
31971.091597 80.935076 155.013699
31882.421860 81.145581 155.013699
31909.460662 80.703003 155.013699
31744.390227 81.349765 155.013699
31731.381044 81.124363 155.013699
31798.671913 80.462885 155.013699
31748.447423 80.455274 155.013699
31618.948740 80.884310 155.013699
31568.805883 80.877012 155.013699
31480.462676 81.088774 155.013699
31356.751800 81.520893 155.013699
31306.731392 81.514072 155.013699
30613.261574 -87.974539 155.013699
31171.404538 81.720930 155.013699
31156.915066 81.493544 155.013699
31218.948740 80.825596 155.013699
31093.594309 81.259007 155.013699
31007.466086 81.472916 155.013699
30887.858645 81.909066 155.013699
30294.290416 -87.284754 155.013699
30822.975967 81.673937 155.013699
30174.252132 -87.733056 155.013699
30145.453682 -87.278055 155.013699
30606.277387 82.098932 155.013699
30624.771885 81.646845 155.013699
30540.858645 81.862923 155.013699
29947.576131 -87.269070 155.013699
30476.547395 81.626411 155.013699
29848.882253 -87.264556 155.013699
29602.861845 -87.253204 155.013699
29542.921610 -87.479703 155.013699
29504.739396 -87.248637 155.013699
29455.739396 -87.246347 155.013699
29065.208784 -87.227895 155.013699
29016.576131 -87.225571 155.013699
28947.211315 -87.685483 155.013699
28919.433274 -87.220912 155.013699
28822.453682 -87.216237 155.013699
28725.637355 -87.211546 155.013699
29106.762804 82.129646 155.013699
29124.593339 81.666053 155.013699
28532.494498 -87.202116 155.013699
28377.207324 -87.428424 155.013699
28340.004702 -87.192623 155.013699
28281.125691 -87.424056 155.013699
28244.004702 -87.187852 155.013699
28185.207324 -87.419674 155.013699
28118.424839 -87.886554 155.013699
28089.452222 -87.415277 155.013699
28004.718988 -87.175854 155.013699
27956.984294 -87.173442 155.013699
27766.453682 -87.163753 155.013699
27671.433274 -87.158883 155.013699
27623.984294 -87.156442 155.013699
27565.717528 -87.390821 155.013699
27518.350181 -87.388575 155.013699
27481.882253 -87.149094 155.013699
27434.596539 -87.146636 155.013699
26730.208784 -87.109253 155.013699
27069.292576 82.561427 155.013699
27114.762804 81.843770 155.013699
27100.787591 81.599993 155.013699
26514.179941 -87.823526 155.013699
26912.913256 82.297634 155.013699
26430.252132 -87.577720 155.013699
26374.894227 -87.817784 155.013699
26358.290416 -87.088913 155.013699
26311.984294 -87.086350 155.013699
26198.721519 -87.567033 155.013699
26173.310825 -87.078635 155.013699
26106.394989 -87.562732 155.013699
26070.207324 -87.316974 155.013699
26014.231723 -87.558416 155.013699
25988.984294 -87.068285 155.013699
25657.125691 -87.295446 155.013699
25592.547288 -87.784664 155.013699
25546.894227 -87.782684 155.013699
25493.256058 -88.027083 155.013699
25447.684630 -88.025316 155.013699
25419.150091 -87.529984 155.013699
25364.690145 -87.774731 155.013699
25338.125691 -87.278462 155.013699
25273.833002 -87.770732 155.013699
25213.358034 -88.264219 155.013699
25175.113201 -88.014651 155.013699
25129.827487 -88.012862 155.013699
25071.363420 -88.508040 155.013699
25047.404431 -87.760674 155.013699
24987.133544 -88.256377 155.013699
24949.092793 -88.005675 155.013699
24896.929463 -88.253220 155.013699
24858.970344 -88.002061 155.013699
24806.888647 -88.250052 155.013699
24769.011160 -87.998435 155.013699
24717.011095 -88.246872 155.013699
24679.215242 -87.994796 155.013699
24634.378507 -87.992971 155.013699
24616.493038 -87.238828 155.013699
24561.823560 -87.487219 155.013699
24486.894033 -88.490336 155.013699
24448.358034 -88.237264 155.013699
24403.725381 -88.235652 155.013699
24366.215242 -87.981952 155.013699
24338.660295 -87.475718 155.013699
24285.179941 -87.725785 155.013699
24225.602932 -88.229175 155.013699
24611.741556 82.196676 155.013699
24627.784284 81.692512 155.013699
24552.749990 81.933573 155.013699
24478.700739 82.175367 155.013699
24434.435433 82.168238 155.013699
24390.210944 82.161097 155.013699
24317.228368 82.404037 155.013699
23878.398915 -87.961434 155.013699
23827.215177 -88.214428 155.013699
23790.235650 -87.957659 155.013699
24199.443868 81.874507 155.013699
24125.721148 82.117973 155.013699
24081.782372 82.110740 155.013699
24037.884413 82.103494 155.013699
24023.770399 81.844651 155.013699
23979.954072 81.837153 155.013699
23906.435433 82.081675 155.013699
23892.443868 81.822116 155.013699
23819.006862 82.067063 155.013699
23805.096929 81.807023 155.013699
23731.741556 82.052397 155.013699
23717.913256 81.791875 155.013699
23615.840613 82.291387 155.013699
23630.892848 81.776672 155.013699
23587.443868 81.769049 155.013699
23061.063950 -89.740757 155.013699
23470.925229 82.008074 155.013699
23519.660763 81.238002 155.013699
24158.578554 76.970436 155.013699
24586.974696 74.756672 155.013699
25571.088833 70.939930 155.013699
25600.158881 70.690662 155.013699
26753.843273 67.264859 155.013699
26975.617119 66.582369 155.013699
27680.403536 64.825468 155.013699
28764.337630 62.493467 155.013699
32240.037772 56.823554 155.013699
33739.513073 54.825484 155.013699
36958.465292 51.283556 155.013699
37081.340274 51.097455 155.013699
39100.734605 49.211885 155.013699
41826.923142 46.999041 155.013699
46442.549331 43.898811 155.013699
47697.242804 43.121843 155.013699
47874.142767 42.971549 155.013699
48273.448841 42.700018 155.013699
48900.826383 42.310619 155.013699
49764.773432 41.808301 155.013699
49494.273392 41.898844 155.013699
49679.875473 41.753556 155.013699
49409.457065 41.844028 155.013699
49140.023700 41.934995 155.013699
48871.575378 42.026461 155.013699
48379.858350 42.238468 155.013699
47011.940129 42.942860 155.013699
48295.450187 42.183319 155.013699
48029.997809 42.276269 155.013699
47987.895768 42.248623 155.013699
47502.048180 42.463716 155.013699
47681.448841 42.314346 155.013699
47639.469249 42.286615 155.013699
48043.205289 42.017292 155.013699
47777.997809 42.110027 155.013699
48183.703934 41.841838 155.013699
47694.324339 42.054418 155.013699
49006.569350 41.312220 155.013699
48736.804004 41.402096 155.013699
48923.140779 41.256628 155.013699
48426.370639 41.464609 155.013699
48158.616194 41.555446 155.013699
47667.593044 41.766616 155.013699
48756.773432 41.145161 155.013699
48034.024357 41.471606 155.013699
47992.575378 41.443610 155.013699
47501.715493 41.654571 155.013699
47909.799867 41.387547 155.013699
48321.701963 41.122798 155.013699
48053.329822 41.212783 155.013699
48467.202003 40.949177 155.013699
47744.738643 41.275131 155.013699
48156.804004 41.010409 155.013699
48343.712207 40.864826 155.013699
48074.599922 40.954070 155.013699
47580.330480 41.162325 155.013699
47314.132506 41.253121 155.013699
47048.919575 41.344429 155.013699
46784.691686 41.436252 155.013699
46743.814135 41.407869 155.013699
46926.286922 41.259328 155.013699
46885.491003 41.230912 155.013699
47068.989649 41.082939 155.013699
46804.021616 41.174005 155.013699
46987.601894 41.026015 155.013699
46946.969241 40.997516 155.013699
46236.448841 41.329115 155.013699
46641.572636 41.059894 155.013699
47050.514153 40.793011 155.013699
46560.593044 41.002689 155.013699
46969.616194 40.735826 155.013699
46929.228439 40.707196 155.013699
46439.429779 40.916696 155.013699
46175.814135 41.007905 155.013699
45691.762466 41.220705 155.013699
44992.940129 41.558588 155.013699
19790.541772 -87.760674 155.013699
19508.310825 -86.615694 155.013699
19457.635896 -86.893967 155.013699
19209.680703 -87.158395 155.013699
19146.072320 -88.007991 155.013699
19095.251808 -88.575384 155.013699
19055.802829 -88.573910 155.013699
19008.840855 -89.143346 155.013699
18982.220563 -88.285300 155.013699
18933.451770 -88.855490 155.013699
18903.608318 -88.281737 155.013699
18864.363420 -88.279950 155.013699
18831.296810 -87.991404 155.013699
18785.996073 -88.276365 155.013699
18753.011095 -87.987214 155.013699
18729.037084 -87.410128 155.013699
199547.102684 17.802049 155.013699
200093.050880 17.757720 155.013699
199469.143500 17.767150 155.013699
18573.118716 -87.399272 155.013699
199976.295778 17.705425 155.013699
18461.412284 -89.130737 155.013699
200484.555547 17.643857 155.013699
18387.166055 -88.838610 155.013699
200993.922808 17.582444 155.013699
18306.473508 -89.127066 155.013699
18265.480289 -89.417404 155.013699
18225.000000 90.000000 155.013699
18186.448980 90.000000 155.013699
18148.410889 89.707768 155.013699
18111.357840 89.414930 155.013699
18072.929269 -89.414308 155.013699
18032.653061 90.000000 155.013699
18001.859933 -88.826245 155.013699
17957.888453 -89.412435 155.013699
17919.623146 -89.411808 155.013699
17883.759222 -89.116809 155.013699
17858.322604 -88.232150 155.013699
17803.655787 -89.704952 155.013699
17765.081633 90.000000 155.013699
17728.908861 -89.408653 155.013699
17689.000000 90.000000 155.013699
17995.190896 82.050764 155.013699
17932.230124 82.333474 155.013699
17824.931531 83.202034 155.013699
17809.263706 82.901846 155.013699
17818.658695 82.308934 155.013699
17733.671870 82.886656 155.013699
17794.136711 81.707557 155.013699
17783.353284 81.406574 155.013699
17692.823549 81.982683 155.013699
17708.087977 81.388193 155.013699
17592.617879 82.259381 155.013699
17531.009496 82.545679 155.013699
17681.892848 80.482334 155.013699
17739.338612 79.597600 155.013699
17917.214046 77.850630 155.013699
17664.563101 79.575360 155.013699
17766.982064 78.402263 155.013699
17495.056113 80.431172 155.013699
17552.705959 79.541824 155.013699
17583.486171 78.946696 155.013699
17693.622209 77.772926 155.013699
17441.216163 79.508074 155.013699
17698.733137 77.168440 155.013699
17506.839207 78.315207 155.013699
17469.839207 78.302665 155.013699
17508.418128 77.707422 155.013699
17256.216163 79.451342 155.013699
17434.622209 77.681026 155.013699
17397.785474 77.667787 155.013699
17360.989556 77.654519 155.013699
16927.659406 81.190368 155.013699
17072.236571 79.394001 155.013699
17002.987294 79.679205 155.013699
16424.840855 89.078416 155.013699
16407.133544 87.848063 155.013699
16351.697998 -89.076357 155.013699
16315.187794 -89.075324 155.013699
198340.657588 16.645491 155.013699
197133.388398 16.678626 155.013699
189578.598692 16.997970 155.013699
200584.506274 16.492244 155.013699
194113.769998 16.753463 155.013699
192919.883242 16.787291 155.013699
192883.658752 16.769448 155.013699
16173.291192 84.419078 155.013699
16233.931531 82.875054 155.013699
16197.829490 82.867077 155.013699
16183.957584 82.552023 155.013699
16147.937176 82.543673 155.013699
16237.067569 81.003451 155.013699
16201.128794 80.993395 155.013699
16193.085511 80.677767 155.013699
16186.027270 80.361991 155.013699
16179.954072 80.046087 155.013699
16174.865917 79.730074 155.013699
16170.762804 79.413972 155.013699
16167.644734 79.097798 155.013699
16235.384453 78.175432 155.013699
16311.663025 77.257148 155.013699
16315.276989 76.942391 155.013699
16360.949839 76.328277 155.013699
16284.386198 76.612880 155.013699
16248.937219 76.598013 155.013699
16213.529056 76.583114 155.013699
15385.011613 85.870322 155.013699
15286.894033 -88.089189 155.013699
16368.155924 74.742374 155.013699
16332.911026 74.725520 155.013699
16392.129575 74.115415 155.013699
16557.142286 72.920842 155.013699
16522.019837 72.902140 155.013699
16592.691550 72.299214 155.013699
16611.943747 71.988917 155.013699
16632.180986 71.678990 155.013699
16597.221802 71.659018 155.013699
16913.555620 69.914944 155.013699
16878.678069 69.893308 155.013699
17096.893984 68.740775 155.013699
17194.289748 68.158534 155.013699
17295.503234 67.579646 155.013699
17124.820360 68.111994 155.013699
17226.115479 67.532075 155.013699
17402.517405 66.681006 155.013699
17440.158881 66.382715 155.013699
17478.785399 66.085075 155.013699
17444.275195 66.059953 155.013699
17635.003781 65.222060 155.013699
17600.575209 65.196203 155.013699
17799.883464 64.366865 155.013699
17686.693629 64.607128 155.013699
17891.748875 63.783204 155.013699
17939.159144 63.492512 155.013699
18155.626738 62.680997 155.013699
18206.895546 62.393936 155.013699
18434.775488 61.595147 155.013699
18580.076445 61.058484 155.013699
18546.015221 61.029399 155.013699
18695.174716 60.496601 155.013699
18661.195124 60.467093 155.013699
18814.213157 59.938225 155.013699
19067.832107 59.168263 155.013699
19329.989911 58.408643 155.013699
19396.733686 58.137073 155.013699
19464.462503 57.866444 155.013699
19430.727809 57.835211 155.013699
19812.493506 56.857155 155.013699
19885.065904 56.591661 155.013699
19851.453659 56.559674 155.013699
20252.226331 55.604567 155.013699
20898.538658 54.224180 155.013699
20749.381140 54.412694 155.013699
20831.599882 54.157873 155.013699
20798.191719 54.124639 155.013699
20649.156650 54.313251 155.013699
20965.665965 53.617758 155.013699
21170.325280 53.148722 155.013699
21137.080382 53.114957 155.013699
21224.265154 52.865096 155.013699
21191.101889 52.831151 155.013699
21524.811359 52.155956 155.013699
21615.895486 51.910348 155.013699
21458.688910 52.087395 155.013699
21928.017304 51.214411 155.013699
22151.887676 50.767591 155.013699
22511.295338 50.123345 155.013699
22478.417787 50.088343 155.013699
22711.852870 49.652750 155.013699
22679.056952 49.617562 155.013699
22646.301850 49.582323 155.013699
22883.636287 49.150968 155.013699
23124.788446 48.724099 155.013699
23509.975933 48.109984 155.013699
23337.166490 48.266051 155.013699
23728.100967 47.658510 155.013699
23982.635560 47.247108 155.013699
24095.104910 47.025083 155.013699
23630.692804 47.550919 155.013699
24176.171547 46.768063 155.013699
24587.138859 46.183523 155.013699
24111.518486 46.695852 155.013699
25280.309040 45.218893 155.013699
25248.084550 45.182608 155.013699
