96843.285624 59.039218 238.849315
97208.959045 58.809158 238.849315
97355.140666 58.687638 238.849315
97278.997809 58.673999 238.849315
96980.530473 58.768322 238.849315
97126.834544 58.646690 238.849315
97498.377404 58.417711 238.849315
96974.834544 58.619338 238.849315
96676.530473 58.713724 238.849315
96822.997809 58.591943 238.849315
96303.354303 58.794742 238.849315
96894.633861 58.456595 238.849315
96595.548829 58.550770 238.849315
96967.377404 58.321348 238.849315
96891.683526 58.307539 238.849315
96591.776718 58.401484 238.849315
96516.164473 58.387680 238.849315
96440.593044 58.373864 238.849315
95697.966548 58.685074 238.849315
95843.897820 58.562694 238.849315
95768.448841 58.548899 238.849315
96138.715493 58.318494 238.849315
95396.252262 58.629980 238.849315
95988.021616 58.290743 238.849315
96136.989649 58.168851 238.849315
95614.181482 58.371229 238.849315
95316.612106 58.465900 238.849315
95463.814135 58.343444 238.849315
95612.001208 58.221177 238.849315
95761.173322 58.099100 238.849315
95686.132506 58.085117 238.849315
95386.878759 58.179305 238.849315
95536.173322 58.057117 238.849315
95013.691686 58.259826 238.849315
95162.123656 58.137335 238.849315
94641.612106 58.340663 238.849315
95461.942724 57.892929 238.849315
94714.426380 58.203861 238.849315
95312.473337 57.864746 238.849315
95012.601894 57.958773 238.849315
95163.167214 57.836519 238.849315
94863.377404 57.930576 238.849315
94788.826383 57.916460 238.849315
94714.316179 57.902333 238.849315
94192.283523 58.105495 238.849315
93674.068588 58.309782 238.849315
94266.776718 57.968460 238.849315
93746.754963 58.172287 238.849315
94118.123656 57.940158 238.849315
94043.858350 57.925991 238.849315
93523.959045 58.129943 238.849315
93449.775371 58.115806 238.849315
94045.561077 57.774692 238.849315
93523.895768 57.978223 238.849315
93006.048180 58.182888 238.849315
93823.377404 57.731944 238.849315
93749.397812 57.717672 238.849315
93900.657010 57.594791 238.849315
93826.759051 57.580471 238.849315
93303.450187 57.783698 238.849315
93006.324339 57.878604 238.849315
93380.112098 57.646143 238.849315
93082.123656 57.740790 238.849315
93232.683526 57.617452 238.849315
93384.228439 57.494313 238.849315
93085.418220 57.588716 238.849315
92341.918228 57.902394 238.849315
92714.062432 57.669051 238.849315
92640.572636 57.654668 238.849315
92343.814135 57.749708 238.849315
92717.969241 57.516676 238.849315
92420.348146 57.611454 238.849315
91679.925731 57.926354 238.849315
92273.735901 57.582587 238.849315
91754.816188 57.787527 238.849315
92351.540669 57.444350 238.849315
91830.814135 57.648815 238.849315
92205.254955 57.415340 238.849315
91907.919575 57.510218 238.849315
91611.569237 57.605403 238.849315
91761.878759 57.481190 238.849315
91021.823691 57.796697 238.849315
91616.001208 57.452115 238.849315
91992.575378 57.218771 238.849315
91694.540669 57.313440 238.849315
91397.491003 57.408417 238.849315
91324.735901 57.393828 238.849315
91252.021616 57.379227 238.849315
90956.038625 57.474541 238.849315
91330.969241 57.240307 238.849315
90810.814135 57.445333 238.849315
90738.263115 57.430711 238.849315
90889.062432 57.306048 238.849315
90816.593044 57.291377 238.849315
90744.164473 57.276694 238.849315
90448.467197 57.372108 238.849315
90599.429779 57.247293 238.849315
90081.448841 57.453168 238.849315
90231.548829 57.328032 238.849315
90606.887608 57.093165 238.849315
90534.703934 57.078387 238.849315
90462.561077 57.063596 238.849315
90166.205289 57.158810 238.849315
90318.397812 57.033980 238.849315
90022.123656 57.129221 238.849315
89726.834544 57.224775 238.849315
89878.205289 57.099585 238.849315
89582.997809 57.195167 238.849315
89067.354303 57.402059 238.849315
90112.085582 56.834927 238.849315
89590.858350 57.040170 238.849315
89073.448841 57.246605 238.849315
89671.683526 56.900120 238.849315
89152.467197 57.106056 238.849315
89304.164473 56.980564 238.849315
89232.593044 56.965632 238.849315
89161.062432 56.950689 238.849315
88201.999910 57.380105 238.849315
88794.814135 57.031468 238.849315
88723.405972 57.016514 238.849315
88652.038625 57.001549 238.849315
88580.712095 56.986571 238.849315
88732.735901 56.860777 238.849315
88661.491003 56.845750 238.849315
88366.977401 56.941565 238.849315
88519.123656 56.815658 238.849315
88002.326392 57.022688 238.849315
88153.610054 56.896451 238.849315
88082.569237 56.881388 238.849315
88234.878759 56.755331 238.849315
87496.823691 57.074090 238.849315
87647.326392 56.947445 238.849315
87576.448841 56.932359 238.849315
87727.977401 56.805894 238.849315
87657.181482 56.790758 238.849315
87586.426380 56.775611 238.849315
87739.021616 56.649289 238.849315
87668.348146 56.634091 238.849315
87152.040677 56.841591 238.849315
87081.448841 56.826420 238.849315
86568.999910 57.035188 238.849315
86718.966548 56.907900 238.849315
87092.283523 56.669233 238.849315
87021.854952 56.653987 238.849315
87174.776718 56.527363 238.849315
86658.754963 56.735135 238.849315
86588.448841 56.719878 238.849315
86296.762466 56.816624 238.849315
86006.061134 56.913696 238.849315
85497.756455 57.124028 238.849315
60265.398915 -88.716967 238.849315
60195.296874 -88.716220 238.849315
60118.153953 -88.875994 238.849315
60041.996073 -89.035972 238.849315
59993.261574 -88.553285 238.849315
82528.100534 58.412445 238.849315
82251.889128 58.514427 238.849315
82388.345432 58.382571 238.849315
82318.529106 58.367615 238.849315
82456.011269 58.235935 238.849315
84078.330114 57.297555 238.849315
81903.011577 58.439739 238.849315
82246.929637 58.190862 238.849315
81763.746270 58.409774 238.849315
82107.745963 58.160749 238.849315
81830.957677 58.262568 238.849315
81968.725555 58.130585 238.849315
81075.911238 58.585087 238.849315
81829.868412 58.100370 238.849315
81346.929944 58.319575 238.849315
58879.139125 -88.539658 238.849315
81830.090721 57.938172 238.849315
80933.703580 58.392007 238.849315
81691.641741 57.907768 238.849315
81414.276576 58.009418 238.849315
81553.356027 57.877313 238.849315
58464.037084 -88.534482 238.849315
58386.970344 -88.696488 238.849315
81346.233578 57.831533 238.849315
81069.072494 57.933269 238.849315
81417.502153 57.684198 238.849315
81348.624602 57.668856 238.849315
81070.641741 57.770312 238.849315
57966.500891 -88.855320 238.849315
57897.745789 -88.854641 238.849315
57829.031504 -88.853960 238.849315
81004.849092 57.591954 238.849315
80727.070313 57.693493 238.849315
80658.478476 57.678090 238.849315
80381.725555 57.779996 238.849315
80521.417251 57.647245 238.849315
80452.947864 57.631803 238.849315
80176.317392 57.733759 238.849315
80316.131537 57.600879 238.849315
80456.930725 57.468230 238.849315
81879.085824 56.640862 238.849315
82027.520455 56.510337 238.849315
80252.134806 57.421616 238.849315
80394.041486 57.289073 238.849315
81606.269498 56.577839 238.849315
81754.867394 56.447154 238.849315
81686.806169 56.431326 238.849315
81186.330114 56.645690 238.849315
80264.769942 57.094089 238.849315
81050.411746 56.614075 238.849315
80340.912013 56.946104 238.849315
56374.214983 -89.668382 238.849315
56312.064015 -89.336387 238.849315
56238.623146 -89.667983 238.849315
56176.553810 -89.335587 238.849315
56105.555141 -89.501380 238.849315
56037.902080 -89.501079 238.849315
55977.843645 -89.168001 238.849315
55902.718406 -89.500476 238.849315
55838.492586 -89.333579 238.849315
55767.697998 -89.499872 238.849315
55697.888453 -89.666375 238.849315
55636.145647 -89.332368 238.849315
55629.208784 -87.996617 238.849315
55501.451770 -89.331559 238.849315
55438.415074 -89.163963 238.849315
55406.578662 -88.327267 238.849315
55303.966094 -89.162947 238.849315
55255.215242 -88.660050 238.849315
55188.092793 -88.659235 238.849315
55098.349729 -89.329118 238.849315
55035.557931 -89.160908 238.849315
54964.308912 -89.328300 238.849315
54894.044937 -89.495908 238.849315
54824.766004 -89.663729 238.849315
54763.553810 -89.327070 238.849315
54706.159339 -88.990047 238.849315
54629.921157 -89.326247 238.849315
54563.166055 -89.325835 238.849315
54493.146978 -89.494057 238.849315
54429.778300 -89.325010 238.849315
54363.145647 -89.324596 238.849315
54296.553810 -89.324182 238.849315
54230.002790 -89.323768 238.849315
54163.492586 -89.323353 238.849315
54106.465461 -88.984465 238.849315
54040.036890 -88.983841 238.849315
53968.455890 -89.152653 238.849315
53897.859933 -89.321687 238.849315
53831.553810 -89.321269 238.849315
53780.868238 -88.811605 238.849315
53699.064015 -89.320433 238.849315
53642.322604 -88.980080 238.849315
53566.737484 -89.319594 238.849315
53500.635443 -89.319174 238.849315
53438.823237 -89.148464 238.849315
53368.553810 -89.318332 238.849315
53299.269427 -89.488422 238.849315
53233.330651 -89.488105 238.849315
53174.986502 -89.146354 238.849315
53104.880341 -89.316641 238.849315
53039.064015 -89.316217 238.849315
52969.983712 -89.486834 238.849315
52907.553810 -89.315368 238.849315
52841.859933 -89.314943 238.849315
52785.649135 -88.971836 238.849315
52733.256058 -88.628377 238.849315
52649.272217 -89.142102 238.849315
52579.492586 -89.313235 238.849315
52514.002790 -89.312807 238.849315
52457.996073 -88.968630 238.849315
52383.145647 -89.311949 238.849315
52317.778300 -89.311520 238.849315
52249.146978 -89.483306 238.849315
52196.608318 -88.966050 238.849315
52131.363420 -88.965404 238.849315
52056.717076 -89.309795 238.849315
51991.553810 -89.309363 238.849315
51926.431361 -89.308930 238.849315
51865.598747 -89.135644 238.849315
51805.751176 -88.962157 238.849315
51735.557931 -89.134559 238.849315
51675.791992 -88.960853 238.849315
51624.092793 -88.613717 238.849315
51545.996073 -88.959545 238.849315
51481.159339 -88.958890 238.849315
51411.170176 -89.131832 238.849315
51351.608318 -88.957577 238.849315
51286.894033 -88.956920 238.849315
51222.220563 -88.956261 238.849315
51157.587910 -88.955602 238.849315
51087.802829 -89.129089 238.849315
51028.445053 -88.954281 238.849315
50958.741604 -89.127987 238.849315
50912.684630 -88.604064 238.849315
50829.843645 -89.126882 238.849315
50791.894227 -88.427663 238.849315
50712.439667 -88.776175 238.849315
50641.996073 -88.950298 238.849315
50577.730767 -88.949632 238.849315
50513.506278 -88.948964 238.849315
50455.460075 -88.773061 238.849315
50385.179747 -88.947626 238.849315
50321.077706 -88.946956 238.849315
50270.235650 -88.595170 238.849315
50192.996073 -88.945613 238.849315
50123.823237 -89.120754 238.849315
50065.077706 -88.944267 238.849315
49995.986502 -89.119630 238.849315
49950.541772 -88.590681 238.849315
49868.313033 -89.118504 238.849315
49800.288504 -89.294332 238.849315
49740.802829 -89.117375 238.849315
49682.302196 -88.940208 238.849315
49613.455890 -89.116242 238.849315
49549.843645 -89.115675 238.849315
49521.680703 -88.230637 238.849315
49434.072320 -88.760449 238.849315
49370.582524 -88.759652 238.849315
49307.133544 -88.758854 238.849315
49237.587910 -88.935432 238.849315
49180.358034 -88.757255 238.849315
49110.894033 -88.934059 238.849315
49047.608318 -88.933372 238.849315
48979.170176 -89.110538 238.849315
48915.966094 -89.109963 238.849315
48852.802829 -89.109388 238.849315
48794.873625 -88.930613 238.849315
48726.598747 -89.108236 238.849315
48663.557931 -89.107658 238.849315
48600.557931 -89.107080 238.849315
48537.598747 -89.106501 238.849315
48479.873625 -88.927144 238.849315
48416.996073 -88.926447 238.849315
48375.404431 -88.388861 238.849315
48297.500891 -88.745946 238.849315
48228.608318 -88.924352 238.849315
48165.894033 -88.923652 238.849315
48098.027319 -89.102427 238.849315
48046.725381 -88.742678 238.849315
47977.996073 -88.921546 238.849315
47928.664221 -88.561256 238.849315
47852.934849 -88.920138 238.849315
47790.465461 -88.919432 238.849315
47779.025110 -87.838221 238.849315
47671.786606 -88.737742 238.849315
47598.108951 -89.097725 238.849315
47540.996073 -88.916600 238.849315
47469.288504 -89.277212 238.849315
47411.313033 -89.095949 238.849315
47354.322604 -88.914467 238.849315
47292.179747 -88.913754 238.849315
47230.077706 -88.913040 238.849315
47168.016482 -88.912325 238.849315
47100.802829 -89.092974 238.849315
47044.016482 -88.910892 238.849315
46972.635443 -89.273401 238.849315
46907.432692 -89.454678 238.849315
46848.880341 -89.272442 238.849315
46791.313033 -89.089979 238.849315
46755.975859 -88.361189 238.849315
46672.996073 -88.906571 238.849315
46611.302196 -88.905848 238.849315
46540.206872 -89.270033 238.849315
46482.843645 -89.086964 238.849315
46421.272217 -89.086359 238.849315
46355.492586 -89.268580 238.849315
46303.445053 -88.902216 238.849315
46232.553810 -89.267608 238.849315
46180.587910 -88.900757 238.849315
46125.358034 -88.716753 238.849315
46048.451770 -89.266145 238.849315
45983.861263 -89.449229 238.849315
45922.616365 -89.448862 238.849315
45861.412284 -89.448494 238.849315
45796.472113 -89.816037 238.849315
45735.349664 -89.815914 238.849315
45673.795918 90.000000 238.849315
45614.643555 -89.631340 238.849315
45552.227215 -89.815544 238.849315
45495.044937 -89.446278 238.849315
45430.349664 89.815297 238.849315
45369.472113 89.815173 238.849315
45308.163265 90.000000 238.849315
45249.255800 -89.629854 238.849315
45187.084358 -89.814801 238.849315
45125.897959 90.000000 238.849315
45067.112942 -89.629107 238.849315
45005.063950 -89.814427 238.849315
44944.472113 -89.814302 238.849315
44900.445053 -88.885195 238.849315
44824.827228 89.628106 238.849315
44762.469388 90.000000 238.849315
44703.929269 -89.627603 238.849315
44642.125174 89.813674 238.849315
44581.306122 90.000000 238.849315
44521.472113 89.813421 238.849315
44461.206807 89.813295 238.849315
44400.510204 90.000000 238.849315
44342.214983 89.626087 238.849315
44284.432692 89.438760 238.849315
44220.553746 89.812788 238.849315
44164.269427 89.437997 238.849315
44101.888453 89.625070 238.849315
44044.269427 89.437232 238.849315
43984.330651 89.436849 238.849315
43920.655787 89.812150 238.849315
43867.880341 89.248126 238.849315
43804.759222 89.435696 238.849315
43748.288504 89.247099 238.849315
43688.553810 89.246585 238.849315
43621.306122 90.000000 238.849315
43563.541514 89.622760 238.849315
43509.594627 89.245037 238.849315
43450.023198 89.244520 238.849315
43394.741604 89.055033 238.849315
43335.251808 89.054384 238.849315
43275.802829 89.053735 238.849315
43208.840855 89.431818 238.849315
43152.778300 89.241922 238.849315
43093.451770 89.241400 238.849315
43034.166055 89.240878 238.849315
42979.170176 89.050475 238.849315
42912.412284 89.429859 238.849315
42860.802829 89.049164 238.849315
42794.126569 89.429071 238.849315
42747.791992 88.857467 238.849315
42683.557931 89.047192 238.849315
42635.888647 88.665264 238.849315
42576.929463 88.664340 238.849315
42518.011095 88.663415 238.849315
42443.553810 89.235614 238.849315
42388.966094 89.043887 238.849315
42341.500891 88.660631 238.849315
42276.608318 88.851117 238.849315
42217.894033 88.850318 238.849315
42165.358034 88.657836 238.849315
42100.587910 88.848717 238.849315
42048.133544 88.655966 238.849315
41996.664221 88.462977 238.849315
41924.934849 88.846307 238.849315
41861.272217 89.037879 238.849315
41814.174361 88.652211 238.849315
41762.868303 88.458680 238.849315
41704.521364 88.457602 238.849315
41646.215242 88.456522 238.849315
41595.975859 88.262483 238.849315
41537.751369 88.261265 238.849315
41464.460075 88.646538 238.849315
41421.424839 88.258825 238.849315
41355.296874 88.451101 238.849315
41297.235650 88.450013 238.849315
41247.241165 88.255151 238.849315
41181.235650 88.447831 238.849315
41140.292948 88.058689 238.849315
41073.424839 88.251462 238.849315
41024.537846 88.055951 238.849315
40942.643749 88.637939 238.849315
40908.946009 88.053206 238.849315
40842.241165 88.246518 238.849315
40793.517438 88.050452 238.849315
40726.894227 88.244036 238.849315
40678.252132 88.047691 238.849315
40585.272217 89.022870 238.849315
40573.064467 87.849589 238.849315
40475.445053 88.825829 238.849315
40468.984294 87.650976 238.849315
40411.576131 87.649307 238.849315
40354.208784 87.647636 238.849315
40296.882253 87.645962 238.849315
40228.737936 87.840402 238.849315
40182.351641 87.642608 238.849315
40104.374581 88.033767 238.849315
40079.787123 87.442766 238.849315
40010.861845 87.637559 238.849315
39965.583041 87.439112 238.849315
39908.542225 87.437281 238.849315
39864.289280 87.238469 238.849315
39782.780212 87.630792 238.849315
39737.664674 87.431774 238.849315
39658.125691 87.824913 238.849315
39612.147559 87.625692 238.849315
39567.154470 87.426242 238.849315
39536.837704 87.028809 238.849315
39466.432137 87.224574 238.849315
39397.011613 87.420687 238.849315
39307.803152 88.013936 238.849315
39296.534178 87.218576 238.849315
39253.674439 87.018102 238.849315
39183.472953 87.214563 238.849315
39140.694847 87.013797 238.849315
39098.901783 86.812814 238.849315
39058.093762 86.611619 238.849315
39001.746823 86.609169 238.849315
38915.225459 87.005151 238.849315
38889.175395 86.604259 238.849315
38753.635896 87.799665 238.849315
38746.551990 86.998633 238.849315
38676.717851 87.196360 238.849315
38664.522334 86.594397 238.849315
38592.881375 86.791966 238.849315
38552.440701 86.589444 238.849315
38480.881375 86.787296 238.849315
38440.522334 86.584477 238.849315
38401.148335 86.381448 238.849315
38345.291192 86.378810 238.849315
38289.474865 86.376168 238.849315
38233.699355 86.373522 238.849315
38161.440701 86.571996 238.849315
38105.746823 86.569489 238.849315
38034.514028 86.768479 238.849315
38028.473664 86.161427 238.849315
37972.902236 86.158615 238.849315
37917.371624 86.155799 238.849315
37827.889681 86.556897 238.849315
37806.432848 86.150155 238.849315
37751.024685 86.147326 238.849315
37714.069751 85.942233 238.849315
37606.338660 86.546758 238.849315
37585.045093 86.138816 238.849315
37512.332008 86.338772 238.849315
37512.365166 85.727517 238.849315
37457.201900 85.724367 238.849315
37382.722812 85.924259 238.849315
37346.997819 85.718051 238.849315
37272.600363 85.918233 238.849315
37236.957002 85.711717 238.849315
37162.641179 85.912188 238.849315
37107.722812 85.909159 238.849315
37072.201900 85.702181 238.849315
37017.365166 85.698993 238.849315
36962.569247 85.695800 238.849315
36907.814145 85.692602 238.849315
36853.099859 85.689400 238.849315
36798.426390 85.686193 238.849315
36764.094602 85.478242 238.849315
36709.502766 85.474874 238.849315
36615.294241 85.881696 238.849315
36600.441541 85.468123 238.849315
36545.972154 85.464740 238.849315
36512.788674 85.255971 238.849315
36458.400919 85.252425 238.849315
36382.808888 85.454560 238.849315
36270.432848 86.069357 238.849315
36317.671870 85.035890 238.849315
36241.258062 85.238191 238.849315
36165.829296 85.440917 238.849315
36132.931531 85.231042 238.849315
36148.230124 84.608413 238.849315
36070.091128 84.810733 238.849315
36016.070720 84.806833 238.849315
35916.768266 85.216679 238.849315
35885.018808 85.005979 238.849315
35787.686439 85.416842 238.849315
35777.263706 84.998445 238.849315
35680.012970 85.409917 238.849315
35692.805414 84.783304 238.849315
35639.070720 84.779362 238.849315
35585.376843 84.775413 238.849315
35508.590237 84.979510 238.849315
35478.111537 84.767499 238.849315
35379.217245 85.180392 238.849315
35395.087267 84.551181 238.849315
35317.519700 84.755583 238.849315
35313.170488 84.334359 238.849315
35234.740328 84.538759 238.849315
35206.394978 84.325745 238.849315
35128.046450 84.530447 238.849315
35027.549421 84.945065 238.849315
34974.304523 84.941208 238.849315
34993.333753 84.308441 238.849315
34891.070720 84.723541 238.849315
34887.048039 84.299749 238.849315
34859.932630 84.085582 238.849315
34780.925590 84.291030 238.849315
34753.891814 84.076534 238.849315
34674.966406 84.282285 238.849315
34648.014262 84.067458 238.849315
34595.136711 84.062909 238.849315
34467.233986 84.691106 238.849315
34463.537835 84.264715 238.849315
34410.782733 84.260305 238.849315
34333.046450 84.467289 238.849315
34358.271651 83.828822 238.849315
34278.728548 84.035472 238.849315
34226.136711 84.030875 238.849315
34200.496141 83.814549 238.849315
34070.087267 84.445912 238.849315
34017.617879 84.441616 238.849315
34016.177528 84.012415 238.849315
33963.789773 84.007782 238.849315
33860.454613 84.428691 238.849315
33859.136711 83.998494 238.849315
33780.905182 84.206860 238.849315
33754.646916 83.989178 238.849315
33729.373692 83.771330 238.849315
33599.332164 84.407015 238.849315
33598.218344 83.975150 238.849315
33573.067569 83.756790 238.849315
33468.170488 84.179764 238.849315
33469.067569 83.747059 238.849315
33315.152353 84.599823 238.849315
33287.332164 84.380781 238.849315
33313.373692 83.732406 238.849315
33234.646916 83.942162 238.849315
33237.636531 83.507954 238.849315
33185.901837 83.502874 238.849315
33106.353284 83.712761 238.849315
33054.700222 83.707831 238.849315
33003.087977 83.702893 238.849315
32979.371225 83.482474 238.849315
32956.639515 83.261900 238.849315
32905.149719 83.256606 238.849315
32770.136711 83.899217 238.849315
32773.493674 83.461946 238.849315
32722.126327 83.456794 238.849315
32616.034671 83.884767 238.849315
32591.659406 83.663109 238.849315
32597.068086 83.224666 238.849315
32545.864005 83.219313 238.849315
32465.901837 83.430912 238.849315
32414.779388 83.425711 238.849315
32363.697756 83.420502 238.849315
32312.656939 83.415284 238.849315
32233.802263 83.627886 238.849315
32210.697756 83.404825 238.849315
32054.026042 84.273344 238.849315
32108.901837 83.394332 238.849315
32058.065102 83.389073 238.849315
32007.269184 83.383806 238.849315
31985.312984 83.159873 238.849315
31934.598699 83.154418 238.849315
31883.925229 83.148954 238.849315
31833.292576 83.143481 238.849315
31673.170488 84.016527 238.849315
31732.149719 83.132510 238.849315
31652.840613 83.346701 238.849315
31631.170127 83.121504 238.849315
31580.741556 83.115988 238.849315
31530.353801 83.110463 238.849315
31480.006862 83.104929 238.849315
31429.700739 83.099387 238.849315
31350.636531 83.314565 238.849315
31329.210944 83.088275 238.849315
31279.027270 83.082705 238.849315
31200.085511 83.298381 238.849315
31178.782372 83.071540 238.849315
31128.721148 83.065943 238.849315
31049.901837 83.282118 238.849315
31028.721148 83.054724 238.849315
30949.983470 83.271233 238.849315
30928.884413 83.043468 238.849315
30879.027270 83.037826 238.849315
30800.412041 83.254839 238.849315
30809.178562 82.803887 238.849315
30673.047161 83.467090 238.849315
30680.006862 83.015169 238.849315
30573.700222 83.456439 238.849315
30551.942653 83.227339 238.849315
30531.170127 82.998079 238.849315
30481.639515 82.992364 238.849315
30403.350817 83.210731 238.849315
30353.901837 83.205177 238.849315
30223.762325 83.874199 238.849315
30227.271651 83.418883 238.849315
30205.799796 83.188461 238.849315
30128.659406 83.408074 238.849315
30136.068086 82.952098 238.849315
30058.065102 83.171663 238.849315
29981.047161 83.391794 238.849315
29959.779388 83.160418 238.849315
29910.697756 83.154782 238.849315
29833.802263 83.375434 238.849315
29871.198970 82.691171 238.849315
29708.932630 83.591356 238.849315
29743.578290 82.905511 238.849315
29755.131223 82.446689 238.849315
29675.607133 82.666992 238.849315
29568.269184 83.115068 238.849315
29608.743468 82.427931 238.849315
29416.034671 83.559395 238.849315
29422.126327 83.097907 238.849315
29345.638998 83.320313 238.849315
29297.047161 83.314750 238.849315
29276.350817 83.080661 238.849315
29227.840613 83.074893 238.849315
29179.371225 83.069116 238.849315
29159.741556 82.834471 238.849315
29111.353801 82.828488 238.849315
29092.749990 82.593492 238.849315
29044.443868 82.587301 238.849315
28996.178562 82.581100 238.849315
28947.954072 82.574888 238.849315
28786.463242 83.489045 238.849315
28765.230835 83.252950 238.849315
28717.128794 83.247275 238.849315
28669.067569 83.241591 238.849315
28621.047161 83.235897 238.849315
28573.067569 83.230194 238.849315
28525.128794 83.224481 238.849315
28505.085511 82.987213 238.849315
28429.373692 83.213027 238.849315
28007.643749 -88.353108 238.849315
27953.730767 -88.587069 238.849315
27927.241165 -87.879329 238.849315
28160.454613 83.888850 238.849315
27850.778753 -87.404218 238.849315
27718.923069 -87.161320 238.849315
27623.984294 -87.156442 238.849315
27803.662557 84.087027 238.849315
27710.972347 84.552438 238.849315
27340.147559 -87.141708 238.849315
27292.984294 -87.139237 238.849315
27235.003242 -87.375016 238.849315
27198.780212 -87.134283 238.849315
27140.880793 -87.370466 238.849315
27074.996267 -87.846196 238.849315
27057.780212 -87.126820 238.849315
27000.003242 -87.363610 238.849315
26943.211315 -87.600902 238.849315
27144.233986 84.015376 238.849315
26719.350181 -87.349790 238.849315
26683.576131 -87.106726 238.849315
26497.453682 -87.096574 238.849315
26440.166508 -87.335825 238.849315
26383.864376 -87.575590 238.849315
25759.494498 -87.055243 238.849315
25713.718988 -87.052621 238.849315
25531.025110 -87.042085 238.849315
25474.595079 -87.285767 238.849315
24537.882253 -86.982765 238.849315
24493.208784 -86.980012 238.849315
24403.984294 -86.974491 238.849315
23960.310825 -86.946582 238.849315
23895.394989 -87.452397 238.849315
23842.322798 -87.704750 238.849315
23807.231723 -87.447681 238.849315
23754.241165 -87.700496 238.849315
24042.157120 82.872492 238.849315
23998.218344 82.865936 238.849315
23903.332164 83.364693 238.849315
23859.475022 83.358570 238.849315
23553.635896 -87.177168 238.849315
23822.871405 82.839593 238.849315
23779.136711 82.832976 238.849315
23735.442834 82.826348 238.849315
23691.789773 82.819707 238.849315
23675.087977 82.559205 238.849315
23604.606099 82.806389 238.849315
23561.075487 82.799712 238.849315
23466.597471 83.302953 238.849315
23501.047161 82.531548 238.849315
23379.740328 83.290468 238.849315
23387.361201 82.772878 238.849315
23370.945120 82.510670 238.849315
23508.950857 80.976105 238.849315
24644.100387 74.514716 238.849315
24838.841334 73.537902 238.849315
25114.354447 72.331999 238.849315
26010.265058 69.291511 238.849315
26288.220369 68.365133 238.849315
27392.886626 65.471291 238.849315
27833.802607 64.377478 238.849315
28829.492359 62.265551 238.849315
29005.634494 61.833983 238.849315
29759.211831 60.403134 238.849315
30435.875541 59.202581 238.849315
31934.056952 56.907687 238.849315
32297.791274 56.332235 238.849315
35026.853306 52.979780 238.849315
35295.774517 52.618930 238.849315
36048.652526 51.768914 238.849315
36991.832951 50.777807 238.849315
38667.773805 49.200314 238.849315
39339.098688 48.572316 238.849315
40395.708719 47.664141 238.849315
41295.145886 46.920959 238.849315
42218.229528 46.193997 238.849315
44589.325024 44.552356 238.849315
44962.478476 44.264342 238.849315
45339.449649 43.978721 238.849315
45933.161575 43.568580 238.849315
46104.845160 43.414593 238.849315
46493.269498 43.136055 238.849315
46235.411746 43.233460 238.849315
46625.806169 42.956074 238.849315
47020.018314 42.681012 238.849315
46759.450333 42.776606 238.849315
46499.867394 42.872733 238.849315
46675.613598 42.720989 238.849315
46633.756455 42.693143 238.849315
46591.940129 42.665272 238.849315
46768.753008 42.514069 238.849315
46508.429925 42.609454 238.849315
46249.091884 42.705374 238.849315
46425.082986 42.553537 238.849315
45949.126641 42.773816 238.849315
46560.487702 42.374265 238.849315
46518.957090 42.346230 238.849315
46477.467294 42.318169 238.849315
45352.518629 42.912045 238.849315
46176.021761 42.385182 238.849315
46572.775420 42.111219 238.849315
46311.916273 42.205675 238.849315
46710.640017 41.932882 238.849315
46448.918277 42.026697 238.849315
46407.714195 41.998473 238.849315
46587.027772 41.848248 238.849315
45887.307476 42.187619 238.849315
46064.814232 42.036180 238.849315
45805.185027 42.130945 238.849315
45546.540863 42.226247 238.849315
45073.126032 42.446943 238.849315
45032.207665 42.418481 238.849315
44562.651371 42.641450 238.849315
43675.787868 43.123075 238.849315
44481.018718 42.584353 238.849315
44015.361779 42.809582 238.849315
44186.626299 42.653744 238.849315
44358.875861 42.498511 238.849315
44532.110466 42.343882 238.849315
44491.518629 42.315201 238.849315
45098.234741 41.912296 238.849315
44625.268889 42.132438 238.849315
45017.255149 41.854879 238.849315
44976.826578 41.826132 238.849315
45154.082986 41.673880 238.849315
45113.736047 41.645095 238.849315
44639.085824 41.863787 238.849315
44168.253323 42.084807 238.849315
43701.238544 42.308186 238.849315
43873.977902 42.152774 238.849315
42987.808276 42.633227 238.849315
19737.207324 -86.916065 238.849315
19388.984294 -86.605283 238.849315
19113.664221 -87.721347 238.849315
19074.215242 -87.718991 238.849315
19034.807078 -87.716629 238.849315
18982.220563 -88.285300 238.849315
18949.031504 -87.997656 238.849315
18933.823560 -87.137753 238.849315
18877.582589 -87.707135 238.849315
18838.378507 -87.704750 238.849315
18799.215242 -87.702359 238.849315
18760.092793 -87.699963 238.849315
18713.929463 -87.985113 238.849315
197216.752164 17.910459 238.849315
198341.038971 17.838601 238.849315
199469.143500 17.767150 238.849315
199430.225133 17.749696 238.849315
18512.996073 -88.263699 238.849315
18464.717076 -88.841052 238.849315
18425.921157 -88.839832 238.849315
18387.166055 -88.838610 238.849315
18345.146978 -89.127987 238.849315
199782.520268 17.618200 238.849315
200329.780037 17.574148 238.849315
200878.024848 17.530217 238.849315
200839.473828 17.512801 238.849315
18149.827228 -89.415551 238.849315
18111.357840 -89.414930 238.849315
18075.289835 -89.121501 238.849315
18036.902080 -89.120566 238.849315
17998.555141 -89.119630 238.849315
17960.249018 -89.118692 238.849315
17921.983712 -89.117751 238.849315
17879.982317 -89.705582 238.849315
17843.214983 -89.410550 238.849315
17805.072126 -89.409919 238.849315
17765.553746 -89.704636 238.849315
17727.020408 90.000000 238.849315
17984.070720 82.640700 238.849315
17970.168899 82.341620 238.849315
18010.128794 81.461255 238.849315
17894.332164 82.325311 238.849315
17809.263706 82.901846 238.849315
17843.680692 82.016868 238.849315
17756.805414 82.593492 238.849315
17743.148491 82.292486 238.849315
17681.376843 82.577622 238.849315
17620.590237 82.863749 238.849315
17606.111537 82.561685 238.849315
17592.617879 82.259381 238.849315
17531.009496 82.545679 238.849315
17568.585691 81.654119 238.849315
17585.901837 81.057701 238.849315
17467.762325 81.930857 238.849315
17335.972347 83.106374 238.849315
17343.968679 82.505362 238.849315
17436.514082 81.019161 238.849315
17488.498570 80.127331 238.849315
17482.926069 79.823383 238.849315
17546.322906 78.934849 238.849315
17580.961656 78.340211 238.849315
17543.880023 78.327722 238.849315
17582.377311 77.733707 238.849315
17507.136146 78.011307 238.849315
17508.418128 77.707422 238.849315
17471.499760 77.694238 238.849315
17186.762804 79.735134 238.849315
17118.294488 80.020066 238.849315
17050.811215 80.306132 238.849315
16560.827487 87.551913 238.849315
16498.146978 -89.080466 238.849315
16469.027319 -88.465971 238.849315
16443.725381 -87.850460 238.849315
16592.201900 83.568305 238.849315
16370.582524 -87.845661 238.849315
16318.492586 88.767181 238.849315
16286.272217 88.457386 238.849315
189614.986447 17.015946 238.849315
190724.889426 16.945264 238.849315
192415.060285 16.848941 238.849315
191802.304004 16.857109 238.849315
192342.488857 16.813217 238.849315
16162.735663 85.349963 238.849315
16141.187498 85.035890 238.849315
16137.148335 84.412812 238.849315
16118.514481 84.097920 238.849315
16100.865669 83.782673 238.849315
16084.201900 83.467090 238.849315
16111.957584 82.535305 238.849315
16032.584398 83.143481 238.849315
16112.354162 81.595956 238.849315
16102.463242 81.279617 238.849315
16066.646916 81.269827 238.849315
16114.435433 80.340400 238.849315
16139.131223 79.718587 238.849315
16135.068927 79.402134 238.849315
16131.991673 79.085610 238.849315
16164.363722 78.465317 238.849315
16200.553493 77.846338 238.849315
16240.560985 77.228813 238.849315
16205.071189 77.214600 238.849315
16290.011063 76.297961 238.849315
16213.529056 76.583114 238.849315
16304.215920 75.668498 238.849315
16268.889390 75.652613 238.849315
16277.510199 75.337769 238.849315
16332.911026 74.725520 238.849315
16392.129575 74.115415 238.849315
16455.165845 73.507580 238.849315
16522.019837 72.902140 238.849315
16486.938204 72.883398 238.849315
16504.301948 72.571777 238.849315
16632.180986 71.678990 238.849315
16541.984563 71.949562 238.849315
16675.610591 71.060310 238.849315
16817.775472 70.178379 238.849315
16905.688157 69.587337 238.849315
16997.418564 68.999427 238.849315
17092.966692 68.414746 238.849315
17124.820360 68.111994 238.849315
17157.659072 67.809813 238.849315
17191.482826 67.508218 238.849315
17226.291622 67.207225 238.849315
17262.085462 66.906848 238.849315
17444.275195 66.059953 238.849315
17558.993563 65.491806 238.849315
17524.564992 65.466157 238.849315
17721.040568 64.633495 238.849315
17608.794959 64.875142 238.849315
17891.748875 63.783204 238.849315
17857.483569 63.756145 238.849315
17904.934655 63.465211 238.849315
18206.895546 62.393936 238.849315
18346.490328 61.850805 238.849315
18400.673447 61.566443 238.849315
18366.612223 61.537686 238.849315
18603.112651 60.747811 238.849315
18569.133059 60.718459 238.849315
18535.194283 60.689054 238.849315
18780.315197 59.908306 238.849315
18746.458054 59.878332 238.849315
19196.557709 58.619729 238.849315
19162.782199 58.588940 238.849315
19430.727809 57.835211 238.849315
19295.529604 58.043756 238.849315
19673.559212 57.060263 238.849315
19535.609960 57.264806 238.849315
19817.882231 56.527634 238.849315
19891.521304 56.262785 238.849315
20296.152513 55.311632 238.849315
20601.208664 54.602564 238.849315
20567.800501 54.569504 238.849315
20881.436321 53.870690 238.849315
20965.665965 53.617758 238.849315
20698.212127 54.024617 238.849315
20899.135353 53.550589 238.849315
21103.876300 53.081139 238.849315
21070.713035 53.047268 238.849315
20682.089382 53.669344 238.849315
21491.729726 52.121702 238.849315
21834.018866 51.456790 238.849315
21801.018866 51.422248 238.849315
21895.058121 51.179761 238.849315
22248.800425 50.528445 238.849315
22346.698217 50.290344 238.849315
22313.861483 50.255336 238.849315
22679.056952 49.617562 238.849315
22512.693828 49.782084 238.849315
22748.139812 49.348412 238.849315
22715.466343 49.313033 238.849315
23092.155793 48.688566 238.849315
23618.545929 47.883726 238.849315
23871.151252 47.470172 238.849315
23838.641048 47.434336 238.849315
23806.171661 47.398452 238.849315
23773.743089 47.362519 238.849315
24176.171547 46.768063 238.849315
24290.651799 46.548052 238.849315
24554.832736 46.147359 238.849315
24373.851787 46.292878 238.849315
25094.647775 45.358895 238.849315
