97507.548829 58.714883 56.383562
96987.537976 58.917296 56.383562
96911.354303 58.903722 56.383562
97056.632514 58.781945 56.383562
96319.099947 59.093723 56.383562
96904.469249 58.754689 56.383562
96607.027772 58.849318 56.383562
96531.048180 58.835690 56.383562
96676.530473 58.713724 56.383562
97046.307330 58.484086 56.383562
96082.877461 58.903372 56.383562
96448.959045 58.672664 56.383562
96373.183535 58.658955 56.383562
95417.429925 59.080582 56.383562
96667.429779 58.415278 56.383562
96146.101902 58.617765 56.383562
96516.164473 58.387680 56.383562
96440.593044 58.373864 56.383562
96589.316179 58.252194 56.383562
96513.826383 58.238331 56.383562
96438.377404 58.224457 56.383562
95915.405972 58.426667 56.383562
96287.601894 58.196676 56.383562
96212.275363 58.182769 56.383562
95912.735901 58.276852 56.383562
96061.744751 58.154923 56.383562
96211.738643 58.033184 56.383562
95911.377404 58.127033 56.383562
96061.452929 58.005220 56.383562
95986.371296 57.991222 56.383562
95686.132506 58.085117 56.383562
95386.878759 58.179305 56.383562
95536.173322 58.057117 56.383562
95686.452929 57.935121 56.383562
95611.575378 57.921068 56.383562
95536.738643 57.907004 56.383562
95688.084924 57.785127 56.383562
95161.989649 57.986927 56.383562
95312.473337 57.864746 56.383562
95237.799867 57.850638 56.383562
95163.167214 57.836519 56.383562
95088.575378 57.822389 56.383562
94564.572636 58.024929 56.383562
94939.514153 57.794095 56.383562
94865.044765 57.779932 56.383562
94790.616194 57.765757 56.383562
94491.030465 57.859887 56.383562
94416.683526 57.845716 56.383562
93894.814135 58.049042 56.383562
93376.762466 58.253497 56.383562
94193.887608 57.803135 56.383562
94119.703934 57.788919 56.383562
94045.561077 57.774692 56.383562
94422.799210 57.543724 56.383562
93673.144065 57.854985 56.383562
94274.717578 57.515112 56.383562
93749.397812 57.717672 56.383562
93900.657010 57.594791 56.383562
93601.561077 57.689094 56.383562
93752.901908 57.566140 56.383562
93679.085582 57.551797 56.383562
93831.452271 57.429005 56.383562
93757.717578 57.414614 56.383562
93684.023700 57.400212 56.383562
93159.030465 57.603089 56.383562
93085.418220 57.588716 56.383562
92787.593044 57.683421 56.383562
92938.316179 57.559934 56.383562
92417.263115 57.764075 56.383562
93016.575378 57.422202 56.383562
92493.715493 57.625870 56.383562
92869.799867 57.393278 56.383562
92571.275363 57.487780 56.383562
92273.735901 57.582587 56.383562
91977.181482 57.677699 56.383562
92351.540669 57.444350 56.383562
91387.027772 57.868844 56.383562
92205.254955 57.415340 56.383562
92132.173322 57.400817 56.383562
92284.330480 57.277124 56.383562
91986.132506 57.371738 56.383562
91688.919575 57.466658 56.383562
91840.254955 57.342612 56.383562
91767.377404 57.328032 56.383562
91470.286922 57.422995 56.383562
91621.744751 57.298837 56.383562
90879.061086 57.613847 56.383562
91476.275363 57.269595 56.383562
91403.601894 57.254957 56.383562
91330.969241 57.240307 56.383562
91258.377404 57.225646 56.383562
91411.024357 57.101508 56.383562
91338.514153 57.086798 56.383562
90816.593044 57.291377 56.383562
90520.854952 57.386776 56.383562
90671.776718 57.262000 56.383562
91048.881500 57.027840 56.383562
91202.717578 56.903727 56.383562
90679.112098 57.107932 56.383562
90606.887608 57.093165 56.383562
90759.901908 56.968695 56.383562
90014.997809 57.283850 56.383562
90615.657010 56.939051 56.383562
90543.595786 56.924212 56.383562
90246.377404 57.019154 56.383562
89726.834544 57.224775 56.383562
89878.205289 57.099585 56.383562
90255.759051 56.864736 56.383562
90183.901908 56.849838 56.383562
90112.085582 56.834927 56.383562
89815.112098 56.929950 56.383562
89968.575378 56.805071 56.383562
89224.120258 57.120938 56.383562
89375.776718 56.995483 56.383562
89304.164473 56.980564 56.383562
89456.846792 56.855285 56.383562
89161.062432 56.950689 56.383562
88866.263115 57.046409 56.383562
89018.123656 56.920767 56.383562
88946.715493 56.905787 56.383562
88652.038625 57.001549 56.383562
87916.448889 57.320581 56.383562
62216.500698 -89.684336 56.383562
62143.839460 -89.842076 56.383562
62074.051718 -89.683974 56.383562
62005.249018 -89.525695 56.383562
61929.877551 90.000000 56.383562
61858.795918 90.000000 56.383562
61787.755102 90.000000 56.383562
61717.227215 -89.841531 56.383562
61645.795918 90.000000 56.383562
61579.126569 -89.524057 56.383562
61504.472113 -89.841258 56.383562
61435.051718 -89.682335 56.383562
61364.255800 -89.682151 56.383562
61295.861263 -89.522958 56.383562
61244.031504 -88.886374 56.383562
61218.208784 -88.090292 56.383562
59813.310825 -88.067986 56.383562
59673.718988 -88.065727 56.383562
59574.241165 -88.548205 56.383562
59534.290416 -88.063462 56.383562
59186.433274 -88.057777 56.383562
59116.984294 -88.056636 56.383562
58967.350181 -88.216378 56.383562
58888.109274 -88.377481 56.383562
58818.823560 -88.376525 56.383562
58770.351641 -88.050912 56.383562
58671.404431 -88.537075 56.383562
58631.984294 -88.048612 56.383562
58542.088866 -88.372691 56.383562
58482.921610 -88.209004 56.383562
58413.880793 -88.207946 56.383562
58334.966417 -88.369804 56.383562
58266.007234 -88.368839 56.383562
58217.861845 -88.041681 56.383562
58148.984294 -88.040521 56.383562
58080.147559 -88.039360 56.383562
58011.351641 -88.038197 56.383562
55898.923069 -88.001458 56.383562
55820.574671 -88.166777 56.383562
55763.984294 -87.999040 56.383562
55685.717528 -88.164558 56.383562
55551.023651 -88.162333 56.383562
55483.737936 -88.161219 56.383562
55416.493038 -88.160103 56.383562
55339.374581 -88.326251 56.383562
55215.003242 -88.156748 56.383562
55158.780212 -87.988089 56.383562
55080.880793 -88.154504 56.383562
55024.739396 -87.985639 56.383562
54957.780212 -87.984411 56.383562
54870.088866 -88.319107 56.383562
54803.211315 -88.318081 56.383562
54736.374581 -88.317054 56.383562
54660.608512 -88.484341 56.383562
54612.737936 -88.146609 56.383562
54527.139125 -88.482486 56.383562
54479.350181 -88.144340 56.383562
54402.803152 -88.311901 56.383562
54346.125691 -88.142066 56.383562
54269.660295 -88.309831 56.383562
54194.179941 -88.477831 56.383562
54127.710553 -88.476896 56.383562
54061.281982 -88.475960 56.383562
53994.894227 -88.475024 56.383562
53920.521364 -88.643564 56.383562
53847.133544 -88.812336 56.383562
53787.949936 -88.641893 56.383562
53748.635896 -88.131765 56.383562
53663.567696 -88.470322 56.383562
53589.398915 -88.639379 56.383562
53523.296874 -88.638539 56.383562
53457.235650 -88.637698 56.383562
53399.241165 -88.466540 56.383562
53363.004702 -87.954502 56.383562
53276.292948 -88.294142 56.383562
53210.394989 -88.293086 56.383562
53135.567696 -88.462739 56.383562
53061.725446 -88.632629 56.383562
53003.975859 -88.460831 56.383562
52930.215242 -88.630932 56.383562
52864.521364 -88.630081 56.383562
52806.894227 -88.457961 56.383562
52741.281982 -88.457002 56.383562
52684.680703 -88.284588 56.383562
52602.154017 -88.626668 56.383562
52544.690145 -88.454118 56.383562
52457.996073 -88.968630 56.383562
52405.807078 -88.624097 56.383562
52357.435805 -88.279234 56.383562
52292.109274 -88.278159 56.383562
52226.823560 -88.277083 56.383562
52171.493038 -88.103726 56.383562
52079.378507 -88.619791 56.383562
52022.241165 -88.446373 56.383562
51966.088866 -88.272765 56.383562
52024.228766 86.718791 56.383562
51925.195803 87.061702 56.383562
51860.195803 87.059859 56.383562
51681.929463 -88.787709 56.383562
51782.722812 86.537837 56.383562
51665.440701 87.054318 56.383562
51600.603966 87.052466 56.383562
51552.332008 86.877453 56.383562
51364.827487 -88.610222 56.383562
51317.109274 -88.261874 56.383562
51235.439732 -88.608468 56.383562
51277.032538 87.043173 56.383562
51228.964661 86.867603 56.383562
51164.413641 86.865626 56.383562
51117.371624 86.689782 56.383562
50939.595079 -88.080926 56.383562
50856.281982 -88.428659 56.383562
50783.868303 -88.602294 56.383562
50719.521364 -88.601407 56.383562
50672.211315 -88.250845 56.383562
50590.949936 -88.599631 56.383562
50649.474865 86.849717 56.383562
50585.291192 86.847717 56.383562
50504.624375 87.020628 56.383562
50334.296874 -88.596065 56.383562
50278.261574 -88.419651 56.383562
50206.215242 -88.594275 56.383562
50159.231723 -88.241921 56.383562
50086.322798 -88.416625 56.383562
50031.394989 -88.239676 56.383562
50073.291192 86.831626 56.383562
49924.494498 -87.885203 56.383562
49830.975859 -88.412572 56.383562
49786.125691 -88.058813 56.383562
49712.517438 -88.234037 56.383562
49738.093762 86.997737 56.383562
49708.473664 86.643145 56.383562
49644.902236 86.640994 56.383562
49441.154017 -88.583438 56.383562
49468.309947 87.166788 56.383562
49454.432848 86.634524 56.383562
49373.556498 86.809230 56.383562
49346.069751 86.453281 56.383562
49282.743220 86.451000 56.383562
49201.045093 86.625859 56.383562
49137.800195 86.623686 56.383562
49074.596113 86.621510 56.383562
48871.215242 -88.575200 56.383562
48884.103010 87.328159 56.383562
48867.760580 86.792743 56.383562
48744.289280 87.502823 56.383562
48656.739396 -87.857817 56.383562
48582.921610 -88.034913 56.383562
48493.092793 -88.569655 56.383562
48570.432848 86.604001 56.383562
48473.603966 86.958794 56.383562
48444.800195 86.599595 56.383562
48364.576906 86.776084 56.383562
48285.338660 86.952865 56.383562
48256.657338 86.592965 56.383562
48176.556498 86.769793 56.383562
47991.215242 -88.562194 56.383562
47936.690145 -88.381503 56.383562
47988.903437 86.763477 56.383562
47943.902236 86.581857 56.383562
47768.166508 -88.018219 56.383562
47785.093762 86.936942 56.383562
47616.521364 -88.556547 56.383562
47571.211315 -88.194716 56.383562
47491.949936 -88.554654 56.383562
47535.950905 86.928917 56.383562
47443.551990 87.287870 56.383562
47322.394989 -88.189975 56.383562
47366.046294 86.742243 56.383562
47287.461109 86.920851 56.383562
47127.241165 -88.367659 56.383562
47074.231723 -88.185209 56.383562
46988.215177 -88.728592 56.383562
46941.424839 -88.364430 56.383562
46888.537846 -88.181617 56.383562
46836.635896 -87.998600 56.383562
46838.595661 87.088273 56.383562
46776.860967 87.086350 56.383562
46730.746823 86.902546 56.383562
46669.093762 86.900499 56.383562
46577.266276 87.262746 56.383562
46515.694847 87.260933 56.383562
46395.150091 -88.171971 56.383562
46407.309947 87.074762 56.383562
46263.241165 -88.352483 56.383562
46300.032538 86.888158 56.383562
46223.085457 87.068934 56.383562
46147.123418 87.250008 56.383562
46132.576906 86.698931 56.383562
46054.808048 86.879876 56.383562
45993.603966 86.877799 56.383562
45916.860967 87.059168 56.383562
45773.118716 -88.343683 56.383562
45794.656885 87.055243 56.383562
45705.289280 87.421084 56.383562
45672.616069 87.051308 56.383562
45627.236619 86.865277 56.383562
45582.842212 86.679063 56.383562
45475.225459 87.229751 56.383562
45461.127927 86.674615 56.383562
45400.332008 86.672387 56.383562
45339.576906 86.670155 56.383562
45278.862621 86.667921 56.383562
45235.657338 86.480897 56.383562
45157.556498 86.663444 56.383562
45080.440701 86.846304 56.383562
45019.889681 86.844182 56.383562
44959.379477 86.842056 56.383562
44883.330355 87.025471 56.383562
44725.174361 -88.696818 56.383562
44778.093762 86.835664 56.383562
44734.270784 86.647677 56.383562
44641.860967 87.017430 56.383562
44597.175395 86.829245 56.383562
44553.474865 86.640875 56.383562
44461.187498 87.011370 56.383562
44450.616521 86.449919 56.383562
44373.046294 86.634044 56.383562
44296.461109 86.818490 56.383562
44252.964661 86.629475 56.383562
44160.881375 87.001217 56.383562
44133.046294 86.624894 56.383562
44073.148335 86.622599 56.383562
43877.322604 -88.872271 56.383562
43847.721519 -88.119600 56.383562
43757.730767 -88.870730 56.383562
43711.215242 -88.493430 56.383562
43651.521364 -88.492400 56.383562
43584.786606 -88.679876 56.383562
43525.174361 -88.678972 56.383562
43472.684630 -88.489302 56.383562
43406.072320 -88.677161 56.383562
43370.660295 -88.109283 56.383562
43294.215242 -88.486190 56.383562
43242.833002 -88.295900 56.383562
43192.435805 -88.105385 56.383562
43124.139125 -88.293555 56.383562
43056.827487 -88.482022 56.383562
42990.500891 -88.670781 56.383562
42931.296810 -88.669865 56.383562
42969.860967 86.959903 56.383562
42942.842212 86.578386 56.383562
42867.236619 86.765832 56.383562
42694.888647 -88.666187 56.383562
42642.970344 -88.474672 56.383562
42576.929463 -88.664340 56.383562
42542.088866 -88.090953 56.383562
42466.215242 -88.471500 56.383562
42415.404431 -88.279353 56.383562
42454.808048 86.750144 56.383562
42282.745789 -88.659701 56.383562
42231.113201 -88.467250 56.383562
42189.435805 -88.082988 56.383562
42106.725381 -88.656902 56.383562
42055.215242 -88.464048 56.383562
41989.582524 -88.655029 56.383562
41938.154017 -88.461905 56.383562
41872.602932 -88.653152 56.383562
41814.174361 -88.652211 56.383562
41749.649135 -88.843888 56.383562
41691.302196 -88.843079 56.383562
41639.133544 -88.649380 56.383562
41574.730767 -88.841458 56.383562
41818.658695 84.988267 56.383562
41760.475022 84.984768 56.383562
41753.320385 84.597411 56.383562
41669.252121 84.785637 56.383562
41664.067569 84.397846 56.383562
41579.136711 84.586072 56.383562
41575.922245 84.197856 56.383562
41546.782372 84.001643 56.383562
41460.085511 84.189728 56.383562
41374.373692 84.378205 56.383562
41316.557365 84.374260 56.383562
41205.905182 84.756320 56.383562
41174.136711 84.559431 56.383562
41143.353284 84.362392 56.383562
41142.353801 83.972125 56.383562
41084.741556 83.967884 56.383562
40943.606099 84.544090 56.383562
40912.985937 84.346491 56.383562
40855.496141 84.342502 56.383562
40854.700739 83.950862 56.383562
40740.638998 84.334507 56.383562
40769.668358 83.748430 56.383562
40712.341827 83.744012 56.383562
40685.743468 83.545577 56.383562
40568.068086 83.929450 56.383562
40540.607133 83.730723 56.383562
40453.700739 83.920842 56.383562
40339.924712 84.306345 56.383562
40282.843080 84.302299 56.383562
40253.656939 84.102998 56.383562
40168.802263 84.294190 56.383562
40111.843080 84.290127 56.383562
40054.924712 84.286058 56.383562
40054.700739 83.890524 56.383562
39969.065102 84.081966 56.383562
39941.068086 83.881807 56.383562
39855.514082 84.073512 56.383562
39798.799796 84.069275 56.383562
39800.668358 83.672479 56.383562
39714.292576 83.864297 56.383562
39628.901837 84.056530 56.383562
39544.496141 84.249176 56.383562
39544.639515 83.851099 56.383562
39488.170127 83.846687 56.383562
39492.172039 83.448346 56.383562
39435.784284 83.443643 56.383562
39379.437345 83.438934 56.383562
39262.700739 83.828975 56.383562
39298.497498 83.232208 56.383562
39242.273008 83.227339 56.383562
39186.089335 83.222463 56.383562
39098.314896 83.415284 56.383562
39042.212856 83.410534 56.383562
39083.879054 82.812315 56.383562
39027.858645 82.807131 56.383562
38905.783212 83.197976 56.383562
38757.782372 83.788752 56.383562
38762.314896 83.386680 56.383562
38738.089335 83.183200 56.383562
38533.557365 84.173969 56.383562
38626.497498 83.173313 56.383562
38508.443868 83.566748 56.383562
38423.006862 83.761644 56.383562
38338.554898 83.956973 56.383562
38228.177528 84.353033 56.383562
38227.371225 83.948158 56.383562
38171.840613 83.943741 56.383562
38145.149719 83.738874 56.383562
38006.136711 84.336508 56.383562
38005.493674 83.930452 56.383562
37922.271651 84.127037 56.383562
37894.799796 83.921561 56.383562
37868.312984 83.715938 56.383562
37756.414508 84.114106 56.383562
37674.299977 84.311538 56.383562
37646.047161 84.105454 56.383562
37618.779388 83.899217 56.383562
37563.697756 83.894729 56.383562
37508.656939 83.890234 56.383562
37425.802263 84.088074 56.383562
37398.697756 83.881225 56.383562
37372.578290 83.674228 56.383562
37288.901837 83.872189 56.383562
37262.864005 83.664885 56.383562
37179.269184 83.863126 56.383562
37124.514082 83.858584 56.383562
37041.945120 84.057411 56.383562
37015.126327 83.849482 56.383562
37019.035705 83.438050 56.383562
36964.443868 83.433185 56.383562
36851.350817 83.835777 56.383562
36768.985937 84.035314 56.383562
36800.913256 83.418546 56.383562
36716.741556 83.617750 56.383562
36662.353801 83.612998 56.383562
36637.749990 83.403842 56.383562
36470.136711 84.218076 56.383562
36529.178562 83.394004 56.383562
36474.954072 83.389073 56.383562
36362.228368 83.794295 56.383562
36336.884413 83.584338 56.383562
36226.128794 83.990626 56.383562
36199.922245 83.780344 56.383562
36174.700739 83.569912 56.383562
36064.067569 83.977089 56.383562
36066.782372 83.560258 56.383562
35984.085511 83.761644 56.383562
35930.228368 83.756952 56.383562
35934.954072 83.339363 56.383562
35881.178562 83.334352 56.383562
35827.443868 83.329332 56.383562
35744.006862 83.531124 56.383562
35633.700222 83.940692 56.383562
35666.484684 83.314228 56.383562
35554.371225 83.723908 56.383562
35529.639515 83.511555 56.383562
35505.892848 83.299057 56.383562
35422.700739 83.501726 56.383562
35369.292576 83.496801 56.383562
35287.126327 83.700092 56.383562
35292.341827 83.278721 56.383562
35269.743468 83.065434 56.383562
35127.269184 83.685715 56.383562
35163.294488 83.054894 56.383562
35049.700739 83.467090 56.383562
35057.008774 83.044322 56.383562
35003.927141 83.039024 56.383562
34950.886325 83.033718 56.383562
34867.198970 83.237678 56.383562
34814.239786 83.232512 56.383562
34702.779388 83.647055 56.383562
34678.700739 83.432085 56.383562
34625.864005 83.427054 56.383562
34573.068086 83.422015 56.383562
34520.312984 83.416968 56.383562
34467.598699 83.411914 56.383562
34475.355713 82.985598 56.383562
34392.035705 83.190904 56.383562
34280.901837 83.607922 56.383562
34228.350817 83.602996 56.383562
34234.382644 83.175169 56.383562
34123.371225 83.593123 56.383562
34070.942653 83.588174 56.383562
34047.353801 83.371199 56.383562
33995.006862 83.366074 56.383562
34003.131223 82.936813 56.383562
33920.178562 83.143481 56.383562
33809.412041 83.563319 56.383562
33815.770399 83.132854 56.383562
33733.884413 83.340333 56.383562
33711.525501 83.122193 56.383562
33629.721148 83.329980 56.383562
33494.136711 83.965762 56.383562
33555.464276 83.106141 56.383562
33503.525501 83.100773 56.383562
33421.884413 83.309179 56.383562
33341.228368 83.518091 56.383562
33318.210944 83.298730 56.383562
33296.178562 83.079220 56.383562
33185.901837 83.502874 56.383562
33163.006862 83.282995 56.383562
33111.353801 83.277733 56.383562
33059.741556 83.272464 56.383562
32951.516549 83.697947 56.383562
32956.639515 83.261900 56.383562
32934.892848 83.041177 56.383562
32883.443868 83.035708 56.383562
32802.292576 83.245992 56.383562
32667.361201 83.889592 56.383562
32565.046450 84.318603 56.383562
32591.659406 83.663109 56.383562
32462.515838 84.309609 56.383562
32462.299977 83.870249 56.383562
32385.170488 84.082904 56.383562
32386.924712 83.643029 56.383562
32335.843080 83.637989 56.383562
32231.925590 84.068804 56.383562
32180.925590 84.064089 56.383562
32104.944409 84.277903 56.383562
32054.026042 84.273344 56.383562
32003.148491 84.268779 56.383562
31952.311756 84.264206 56.383562
31877.438067 84.479019 56.383562
31803.549421 84.694333 56.383562
31730.645817 84.910145 56.383562
31702.161666 84.685831 56.383562
31674.662557 84.461320 56.383562
31600.937176 84.677302 56.383562
31506.951745 85.114697 56.383562
31251.072320 -88.440933 56.383562
31207.684630 -88.216903 56.383562
31184.166508 -87.546964 56.383562
31133.778753 -87.544978 56.383562
31056.521364 -88.212567 56.383562
31014.241165 -87.987681 56.383562
30963.975859 -87.986047 56.383562
31104.012970 85.083078 56.383562
31097.263706 84.634245 56.383562
31047.120849 84.629901 56.383562
30953.584398 85.071115 56.383562
30970.091128 84.398472 56.383562
30833.201900 85.286477 56.383562
30613.261574 -87.974539 56.383562
30733.283533 85.278804 56.383562
30724.931531 84.827289 56.383562
30472.537846 -87.744185 56.383562
30583.712104 85.267247 56.383562
30620.805414 84.366512 56.383562
30595.148491 84.137934 56.383562
30264.547288 -87.962899 56.383562
30244.637355 -87.282525 56.383562
30165.281982 -87.959548 56.383562
30124.680703 -87.731191 56.383562
30066.179941 -87.956187 56.383562
30008.664221 -88.181617 56.383562
29967.241165 -87.952814 56.383562
29909.807078 -88.178614 56.383562
29887.350181 -87.494277 56.383562
29828.109274 -87.719934 56.383562
29769.853410 -87.946036 56.383562
29712.582589 -88.172577 56.383562
29882.911123 84.754718 56.383562
29641.125691 -87.483884 56.383562
29687.842212 85.883743 56.383562
29656.228766 85.652314 56.383562
29644.957002 85.192722 56.383562
29595.957002 85.188735 56.383562
29491.760580 85.870058 56.383562
29347.003242 -87.471299 56.383562
29308.984294 -87.239457 56.383562
29249.288957 -87.467076 56.383562
29211.351641 -87.234844 56.383562
29247.576906 85.852823 56.383562
29198.862621 85.849359 56.383562
29118.085457 86.306100 56.383562
29085.032538 86.072647 56.383562
28947.211315 -87.685483 56.383562
28908.574671 -87.452183 56.383562
28870.923069 -87.218576 56.383562
28822.453682 -87.216237 56.383562
28763.166508 -87.445747 56.383562
28704.864376 -87.675727 56.383562
28639.521364 -88.138645 56.383562
28599.241165 -87.904403 56.383562
28550.975859 -87.902632 56.383562
28502.751369 -87.900857 56.383562
28463.537846 -87.665890 56.383562
28425.309365 -87.430602 56.383562
28377.207324 -87.428424 56.383562
28319.231723 -87.659947 56.383562
28262.241165 -87.891940 56.383562
28233.146100 -87.421867 56.383562
28158.296874 -88.122802 56.383562
28148.167967 -87.183065 56.383562
28062.541772 -88.119600 56.383562
28031.721519 -87.647970 56.383562
27983.946009 -87.645962 56.383562
27927.241165 -87.879329 56.383562
27803.166508 -87.401994 56.383562
27736.710553 -87.872054 56.383562
27689.179941 -87.870228 56.383562
27671.433274 -87.158883 56.383562
27613.125691 -87.393064 56.383562
27576.576131 -87.153997 56.383562
27481.882253 -87.149094 56.383562
27434.596539 -87.146636 56.383562
27376.493038 -87.381813 56.383562
27340.147559 -87.141708 56.383562
27292.984294 -87.139237 56.383562
27245.861845 -87.136762 56.383562
27157.616069 86.174903 56.383562
27082.330096 86.648970 56.383562
27010.861845 -87.124323 56.383562
26963.984294 -87.121823 56.383562
26955.388725 86.400851 56.383562
26870.351641 -87.116808 56.383562
26876.473212 86.154918 56.383562
26801.432137 86.631435 56.383562
26798.665191 85.908267 56.383562
26736.452804 86.144848 56.383562
26648.787123 86.863341 56.383562
26628.674439 86.378810 56.383562
26568.472953 86.616682 56.383562
26486.595079 -87.338163 56.383562
26383.864376 -87.575590 56.383562
26265.718988 -87.083783 56.383562
26219.494498 -87.081211 56.383562
26173.310825 -87.078635 56.383562
26106.394989 -87.562732 56.383562
26060.292948 -87.560576 56.383562
26035.004702 -87.070879 56.383562
25988.984294 -87.068285 56.383562
25943.004702 -87.065686 56.383562
25897.065927 -87.063082 56.383562
25439.923069 -87.036788 56.383562
25383.574671 -87.280901 56.383562
25338.125691 -87.278462 56.383562
25292.717528 -87.276018 56.383562
25237.435805 -87.521103 56.383562
25202.023651 -87.271117 56.383562
25146.823560 -87.516638 56.383562
25122.351641 -87.018102 56.383562
25066.288957 -87.263733 56.383562
25070.225459 86.267799 56.383562
24976.003242 -87.258788 56.383562
24980.021378 86.261057 56.383562
24875.966417 -87.503146 56.383562
24904.616069 86.005360 56.383562
24831.330096 86.500195 56.383562
24732.118716 -87.746438 56.383562
24716.984294 -86.993727 56.383562
24672.147559 -86.990994 56.383562
24627.351641 -86.988256 56.383562
24571.737936 -87.236313 56.383562
24606.338660 85.729554 56.383562
24546.085457 85.976244 56.383562
24486.817296 86.223537 56.383562
24393.125691 -87.226205 56.383562
24348.574671 -87.223667 56.383562
24304.064467 -87.221124 56.383562
24259.595079 -87.218576 56.383562
24226.025110 -86.963389 56.383562
24181.637355 -86.960601 56.383562
24116.517438 -87.464111 56.383562
24063.241165 -87.715316 56.383562
24018.975859 -87.713210 56.383562
23983.721519 -87.457096 56.383562
23960.310825 -86.946582 56.383562
23895.394989 -87.452397 56.383562
23872.065927 -86.940938 56.383562
23807.231723 -87.447681 56.383562
23763.211315 -87.445317 56.383562
23710.261574 -87.698363 56.383562
23658.296874 -87.951970 56.383562
23631.394989 -87.438197 56.383562
23597.452222 -87.179792 56.383562
23534.751369 -87.689792 56.383562
23490.975859 -87.687639 56.383562
23456.211315 -87.428642 56.383562
23422.431814 -87.169266 56.383562
23389.637355 -86.909521 56.383562
23370.574994 86.392336 56.383562
23355.330355 85.874772 56.383562
23297.164235 86.128173 56.383562
23239.983157 86.382201 56.383562
23274.432848 85.091021 56.383562
23197.032538 85.601495 56.383562
23170.189151 85.339501 56.383562
23144.330807 85.077209 56.383562
23138.814145 84.556880 56.383562
23465.705959 80.967724 56.383562
23758.174328 78.688593 56.383562
23757.029134 78.427721 56.383562
24034.471515 76.675421 56.383562
24248.691550 75.433167 56.383562
24605.530574 73.719441 56.383562
24748.071043 72.984188 56.383562
25101.686907 71.543293 56.383562
25128.169173 71.291369 56.383562
25752.387507 69.183294 56.383562
26366.732280 67.352101 56.383562
26410.333069 67.109139 56.383562
26905.786960 65.762973 56.383562
27633.561339 64.014890 56.383562
27998.793634 63.147462 56.383562
28379.174365 62.291505 56.383562
28886.594351 61.243709 56.383562
29893.550868 59.424086 56.383562
30593.202540 58.237503 56.383562
31064.392262 57.453381 56.383562
31417.122399 56.866849 56.383562
32190.546171 55.739370 56.383562
32568.852051 55.172948 56.383562
33689.832736 53.738801 56.383562
35028.498401 52.186269 56.383562
34829.060231 52.326030 56.383562
35261.350276 51.801567 56.383562
36693.616794 50.321376 56.383562
37851.154273 49.204283 56.383562
39236.763221 47.973512 56.383562
39561.102620 47.651902 56.383562
40640.863878 46.758554 56.383562
41172.542582 46.306903 56.383562
42902.485284 45.042657 56.383562
43468.237768 44.614057 56.383562
44249.786780 44.060587 56.383562
45046.484228 43.516899 56.383562
46290.785761 42.733330 56.383562
46685.324437 42.458223 56.383562
46863.203991 42.307564 56.383562
46821.591746 42.279590 56.383562
47221.918228 42.007964 56.383562
47402.752911 41.859019 56.383562
47361.263115 41.831007 56.383562
47097.448841 41.923889 56.383562
47056.040677 41.895814 56.383562
47014.673330 41.867715 56.383562
46973.346800 41.839592 56.383562
46710.640017 41.932882 56.383562
46448.918277 42.026697 56.383562
47295.286922 41.513966 56.383562
46587.027772 41.848248 56.383562
47213.001208 41.457552 56.383562
47396.173322 41.309653 56.383562
47580.330480 41.162325 56.383562
47314.132506 41.253121 56.383562
48179.630575 40.752023 56.383562
48367.687086 40.606976 56.383562
48556.728641 40.462493 56.383562
48056.997922 40.667168 56.383562
48245.176882 40.522103 56.383562
47747.416249 40.727750 56.383562
47934.732616 40.582097 56.383562
47666.028494 40.670928 56.383562
47398.309414 40.760261 56.383562
48041.809535 40.380168 56.383562
48001.258515 40.351709 56.383562
47276.656353 40.674719 56.383562
47010.044765 40.764431 56.383562
46969.616194 40.735826 56.383562
46929.228439 40.707196 56.383562
46663.683526 40.797332 56.383562
46399.123656 40.887981 56.383562
46808.310071 40.621159 56.383562
46095.324339 40.950367 56.383562
46278.450187 40.801689 56.383562
46014.997809 40.892728 56.383562
46647.657010 40.506098 56.383562
46158.144065 40.715171 56.383562
46118.123656 40.686282 56.383562
341671.493567 13.843200 56.383562
341631.554791 13.829603 56.383562
343153.407140 13.783907 56.383562
45958.450187 40.570474 56.383562
46142.887608 40.422334 56.383562
45655.548829 40.632109 56.383562
346915.123197 13.650294 56.383562
346875.429320 13.636789 56.383562
346049.707860 13.639045 56.383562
346796.164014 13.609775 56.383562
346756.592585 13.596265 56.383562
345145.869402 13.614229 56.383562
342756.672446 13.648125 56.383562
341935.876200 13.650408 56.383562
19012.145647 -88.857861 56.383562
18967.112942 -89.428281 56.383562
18933.451770 -88.855490 56.383562
18894.166055 -88.854300 56.383562
18870.500891 -87.993493 56.383562
18876.147559 -86.559423 56.383562
18807.241165 -87.415521 56.383562
18721.011160 -87.697562 56.383562
18681.970344 -87.695156 56.383562
18650.996267 -87.404711 56.383562
18596.929463 -87.978782 56.383562
18582.088866 -87.110768 56.383562
18563.984294 -86.530581 56.383562
18475.493038 -86.812396 56.383562
18447.596539 -86.519640 56.383562
18408.882253 -86.515978 56.383562
18254.433274 -86.501252 56.383562
18079.864376 -87.070879 56.383562
18011.302196 -88.239676 56.383562
17979.133544 -87.944334 56.383562
17925.288504 -88.823741 56.383562
17887.064015 -88.822484 56.383562
17843.214983 89.410550 56.383562
17805.072126 89.409919 56.383562
17766.970085 89.409287 56.383562
17731.269427 89.113019 56.383562
17719.215242 87.633334 56.383562
17655.269427 89.111112 56.383562
17620.635443 88.813614 56.383562
17582.737484 88.812336 56.383562
17549.129359 88.513939 56.383562
17522.643749 87.917718 56.383562
17491.949936 87.618000 56.383562
17454.215242 87.615426 56.383562
17416.521364 87.612845 56.383562
17469.514028 85.228804 56.383562
17403.574994 85.818423 56.383562
17366.003566 85.813894 56.383562
18029.560985 77.889118 56.383562
18112.460043 77.018293 56.383562
18075.011063 77.004616 56.383562
17956.399438 77.563419 56.383562
17767.955882 78.703922 56.383562
17804.279003 78.113244 56.383562
17805.234454 77.811900 56.383562
17692.451452 78.377520 56.383562
17936.154696 76.349289 56.383562
17814.011063 76.908083 56.383562
17861.868981 76.320381 56.383562
17913.544621 75.734315 56.383562
17787.746532 76.291354 56.383562
17839.503805 75.704113 56.383562
17713.787349 76.262205 56.383562
17633.906685 76.535551 56.383562
17396.381044 77.972636 56.383562
17560.192399 76.506787 56.383562
17360.989556 77.654519 56.383562
17403.549464 77.058205 56.383562
17105.756605 79.098137 56.383562
205627.771407 16.433536 56.383562
207388.473525 16.342928 56.383562
207351.881688 16.325679 56.383562
207315.330668 16.308427 56.383562
205481.485693 16.364260 56.383562
204251.514256 16.395967 56.383562
205408.587734 16.329603 56.383562
201211.466766 16.484825 56.383562
200584.506274 16.492244 56.383562
193534.487160 16.779258 56.383562
16245.699355 84.431569 56.383562
16306.258062 82.890955 56.383562
16339.475022 81.966145 56.383562
16303.332164 81.957185 56.383562
16292.252121 81.642817 56.383562
16336.922245 80.719260 56.383562
16246.136711 81.318561 56.383562
16210.157120 81.308858 56.383562
16174.218344 81.299132 56.383562
16221.884413 80.372750 56.383562
16278.089335 79.449329 56.383562
16274.848816 79.134203 56.383562
16307.057599 78.516585 56.383562
16343.084105 77.900257 56.383562
16307.390227 77.886822 56.383562
16386.460662 76.971284 56.383562
16390.978035 76.657287 56.383562
16355.406607 76.642517 56.383562
16319.875994 76.627714 56.383562
16410.440410 75.715946 56.383562
16418.897954 75.402445 56.383562
16428.340540 75.089115 56.383562
16392.973193 75.072665 56.383562
16450.180840 74.463041 56.383562
16511.206209 73.855605 56.383562
16525.533192 73.543732 56.383562
16592.305551 72.939504 56.383562
16662.895632 72.337772 56.383562
16737.303434 71.738653 56.383562
16758.403267 71.430045 56.383562
16897.572204 70.548699 56.383562
16922.530574 70.242387 56.383562
17010.320810 69.653003 56.383562
17101.928768 69.066719 56.383562
17003.315941 69.326277 56.383562
17229.085666 68.181734 56.383562
17261.801929 67.880401 56.383562
17295.503234 67.579646 56.383562
17330.189582 67.279486 56.383562
17295.516112 67.255447 56.383562
17474.750717 66.407521 56.383562
17587.458184 65.838725 56.383562
17627.973155 65.542952 56.383562
17746.427612 64.979494 56.383562
17868.699791 64.419844 56.383562
17994.789691 63.864070 56.383562
18042.077512 63.574103 56.383562
18090.350375 63.284903 56.383562
18224.116534 62.736650 56.383562
18275.303709 62.450050 56.383562
18414.816859 61.907717 56.383562
18558.147731 61.369533 56.383562
18524.004874 61.340717 56.383562
18763.256348 60.555456 56.383562
18916.151932 60.027661 56.383562
18695.174716 60.496601 56.383562
19233.396264 58.985008 56.383562
19397.745013 58.470216 56.383562
19363.847054 58.439456 56.383562
19430.550012 58.168071 56.383562
19396.733686 58.137073 56.383562
19774.640844 57.155214 56.383562
19740.906151 57.123618 56.383562
19602.875266 57.328032 56.383562
19992.235590 56.359236 56.383562
20735.249480 54.734266 56.383562
20701.678052 54.701420 56.383562
20898.538658 54.224180 56.383562
20634.657644 54.635569 56.383562
20831.599882 54.157873 56.383562
21032.359843 53.684714 56.383562
20998.992496 53.651263 56.383562
20965.665965 53.617758 56.383562
21290.714134 52.932825 56.383562
21501.079622 52.470714 56.383562
21715.262833 52.013143 56.383562
21933.263764 51.560103 56.383562
21524.811359 52.155956 56.383562
22250.887676 50.871705 56.383562
22217.846859 50.837052 56.383562
22314.677976 50.598109 56.383562
22676.877501 49.957565 56.383562
22777.567156 49.722974 56.383562
22879.241853 49.489423 56.383562
22846.405118 49.454246 56.383562
23085.546376 49.025442 56.383562
23190.176201 48.795014 56.383562
23858.549947 47.801278 56.383562
23542.608586 48.145603 56.383562
23936.294110 47.541697 56.383562
23903.702273 47.505959 56.383562
24305.967466 46.911906 56.383562
24568.055869 46.509375 56.383562
24684.302124 46.291732 56.383562
24952.137517 45.895610 56.383562
24769.145667 46.039036 56.383562
24736.798728 46.002911 56.383562
24855.096701 45.787211 56.383562
25434.690041 45.043678 56.383562
25248.084550 45.182608 56.383562
