125195.494918 56.682701 95.835616
124811.167958 56.770723 95.835616
125010.602338 56.654856 95.835616
125505.337663 56.437668 95.835616
125708.265714 56.322390 95.835616
125615.990680 56.308368 95.835616
125523.764577 56.294336 95.835616
125431.587405 56.280294 95.835616
125339.459163 56.266242 95.835616
125247.379852 56.252179 95.835616
124860.097457 56.339519 95.835616
124768.116007 56.325457 95.835616
124676.183487 56.311384 95.835616
124290.179820 56.399015 95.835616
124492.465240 56.283206 95.835616
124400.679511 56.269102 95.835616
124014.822636 56.356766 95.835616
123630.146627 56.444702 95.835616
123538.507691 56.430608 95.835616
123446.917685 56.416504 95.835616
123942.484829 56.198425 95.835616
123556.872606 56.286140 95.835616
124054.801483 56.068420 95.835616
123668.155185 56.155893 95.835616
123872.061846 56.039993 95.835616
123485.513409 56.127486 95.835616
122807.157697 56.317483 95.835616
123008.947277 56.201044 95.835616
123507.169737 55.983013 95.835616
123120.817022 56.070546 95.835616
122735.645174 56.158354 95.835616
123234.014426 55.940167 95.835616
122847.808503 56.027731 95.835616
123052.155538 55.911551 95.835616
122961.299490 55.897227 95.835616
122870.492372 55.882892 95.835616
122484.482171 55.970495 95.835616
122099.652836 56.058374 95.835616
122598.364602 55.839824 95.835616
122804.137157 55.723684 95.835616
122417.190741 55.811060 95.835616
122326.677207 55.796661 95.835616
122236.212603 55.782252 95.835616
121556.424837 55.972261 95.835616
122351.814137 55.651538 95.835616
121669.860359 55.841093 95.835616
121579.591477 55.826661 95.835616
120902.263307 56.017308 95.835616
121694.452519 55.695573 95.835616
121604.330429 55.681090 95.835616
121514.257269 55.666595 95.835616
121424.233039 55.652089 95.835616
121334.257740 55.637573 95.835616
121244.331372 55.623046 95.835616
121154.453934 55.608509 95.835616
121064.625427 55.593960 95.835616
121271.229801 55.477296 95.835616
120589.863190 55.667206 95.835616
120500.181474 55.652645 95.835616
120705.800703 55.535658 95.835616
120616.216848 55.521056 95.835616
120526.681924 55.506442 95.835616
120141.943916 55.594294 95.835616
120052.506853 55.579679 95.835616
119963.118720 55.565053 95.835616
119286.671299 55.756247 95.835616
119490.369168 55.638578 95.835616
119695.247905 55.521110 95.835616
119018.947275 55.712394 95.835616
119222.791937 55.594630 95.835616
119427.817465 55.477069 95.835616
118751.663627 55.668442 95.835616
119249.775158 55.447653 95.835616
119160.827400 55.432929 95.835616
118777.808494 55.521165 95.835616
118983.078675 55.403447 95.835616
118015.313284 55.698493 95.835616
119100.777687 55.271144 95.835616
119012.074582 55.256345 95.835616
118628.168393 55.344352 95.835616
118834.815162 55.226713 95.835616
118156.886757 55.417851 95.835616
118362.499451 55.299914 95.835616
118274.040998 55.285079 95.835616
118185.631476 55.270233 95.835616
118392.522899 55.152440 95.835616
118008.959223 55.240508 95.835616
118215.948507 55.122653 95.835616
117832.482692 55.210739 95.835616
117744.317823 55.195837 95.835616
118247.837848 54.975111 95.835616
116981.026655 55.372889 95.835616
117775.368811 55.047990 95.835616
117098.027571 55.239474 95.835616
117304.227432 55.121163 95.835616
117216.356145 55.106194 95.835616
117128.533789 55.091214 95.835616
116161.795939 55.387308 95.835616
116953.035869 55.061221 95.835616
116278.252085 55.253417 95.835616
116190.625451 55.238432 95.835616
115811.191543 55.327474 95.835616
115432.938501 55.416807 95.835616
115928.039132 55.193410 95.835616
78169.415522 87.943237 95.835616
78114.492947 87.633835 95.835616
78027.159896 87.632510 95.835616
77957.803384 87.476937 95.835616
77835.844915 87.784225 95.835616
114243.554416 55.521446 95.835616
114156.417088 55.506431 95.835616
114069.328689 55.491404 95.835616
77487.393461 87.779246 95.835616
77400.402923 87.777998 95.835616
77313.461317 87.776748 95.835616
113434.135942 55.536567 95.835616
113347.292196 55.521504 95.835616
77069.725751 87.617842 95.835616
113173.751497 55.491343 95.835616
113662.843398 55.265572 95.835616
113576.195375 55.250420 95.835616
113201.135886 55.340502 95.835616
113114.585723 55.325348 95.835616
112740.756031 55.415738 95.835616
112941.632190 55.295006 95.835616
131104.041815 49.693628 95.835616
131017.687374 49.677612 95.835616
131638.475337 49.480474 95.835616
130845.125285 49.645548 95.835616
131466.011109 49.448356 95.835616
131735.097031 49.342068 95.835616
131293.742602 49.416197 95.835616
130148.739441 49.672258 95.835616
130767.557114 49.474477 95.835616
130681.594118 49.458369 95.835616
130949.792756 49.351751 95.835616
130156.834148 49.516870 95.835616
130071.017944 49.500738 95.835616
130692.344142 49.303306 95.835616
129899.532326 49.468441 95.835616
130166.843681 49.361493 95.835616
130081.223198 49.345310 95.835616
129642.670878 49.419915 95.835616
130264.241729 49.222352 95.835616
129119.825733 49.478574 95.835616
130093.343277 49.189896 95.835616
129300.873975 49.355065 95.835616
129568.527843 49.247988 95.835616
127729.665397 49.688448 95.835616
128693.191236 49.397417 95.835616
128608.011128 49.381154 95.835616
110625.915786 54.880799 95.835616
110540.833539 54.865293 95.835616
128704.613219 49.241165 95.835616
128972.609601 49.133958 95.835616
129241.786850 49.026975 95.835616
128802.787621 49.101282 95.835616
128717.950027 49.084927 95.835616
128280.180595 49.159484 95.835616
127843.592029 49.234296 95.835616
127758.901227 49.217924 95.835616
126278.183391 49.568841 95.835616
127941.515244 49.093945 95.835616
128209.952001 48.986574 95.835616
127420.627321 49.152329 95.835616
127688.030002 49.044677 95.835616
127603.632783 49.028232 95.835616
127167.435662 49.103018 95.835616
126732.419408 49.178060 95.835616
126648.168980 49.161598 95.835616
127619.513978 48.871335 95.835616
127182.380642 48.945847 95.835616
126395.711278 49.112146 95.835616
127367.203068 48.821784 95.835616
126930.216524 48.896285 95.835616
126143.693952 49.062595 95.835616
126410.502933 48.954495 95.835616
125626.342094 49.121330 95.835616
125892.117000 49.012946 95.835616
126159.072773 48.904790 95.835616
125026.605703 49.163739 95.835616
125640.980423 48.963197 95.835616
107437.593840 54.608333 95.835616
107640.224963 54.485409 95.835616
125040.699261 49.005224 95.835616
125657.533576 48.805083 95.835616
125925.963799 48.697049 95.835616
125842.594120 48.680374 95.835616
125056.707645 48.846729 95.835616
125676.001554 48.646992 95.835616
125592.778667 48.630284 95.835616
125862.585478 48.522409 95.835616
125779.460452 48.505673 95.835616
124991.554757 48.671521 95.835616
125260.376423 48.563343 95.835616
123776.794480 48.913887 95.835616
124742.620053 48.621252 95.835616
123610.984802 48.880384 95.835616
124226.191341 48.679401 95.835616
72629.032985 79.002454 95.835616
72546.299403 78.996107 95.835616
72541.534986 78.832659 95.835616
69824.016310 87.986970 95.835616
72298.392240 78.977021 95.835616
72293.774615 78.813293 95.835616
72133.365451 78.964261 95.835616
72050.925452 78.957870 95.835616
72046.454618 78.793860 95.835616
72043.164651 78.629842 95.835616
69261.468117 87.814913 95.835616
69151.292179 88.141207 95.835616
71562.671117 79.083935 95.835616
71480.524701 79.077587 95.835616
71632.187920 78.596835 95.835616
71550.139365 78.590211 95.835616
71468.139741 78.583579 95.835616
71229.216642 78.893556 95.835616
71147.314878 78.887084 95.835616
70988.673748 79.039347 95.835616
71061.578378 78.715459 95.835616
70979.823407 78.708877 95.835616
70977.169537 78.543629 95.835616
70816.460255 78.695689 95.835616
70734.852075 78.689084 95.835616
70498.584293 79.000842 95.835616
70493.862272 78.835037 95.835616
70490.321118 78.669223 95.835616
70330.988426 78.821950 95.835616
70249.624898 78.815396 95.835616
70246.230536 78.649293 95.835616
70087.044635 78.802263 95.835616
69929.039601 78.955580 95.835616
70081.632499 78.469666 95.835616
69921.461453 78.622612 95.835616
69610.026614 79.096407 95.835616
69681.450261 78.769298 95.835616
67017.847669 88.278428 95.835616
69597.475259 78.595806 95.835616
69595.653208 78.428924 95.835616
69435.775745 78.582357 95.835616
69434.051555 78.415280 95.835616
69274.271953 78.568876 95.835616
69115.673219 78.722825 95.835616
69192.016055 78.394755 95.835616
69032.383244 78.548595 95.835616
69030.903707 78.381031 95.835616
68871.368758 78.535036 95.835616
68869.987081 78.367276 95.835616
68789.602164 78.360386 95.835616
68552.293772 78.675970 95.835616
68709.163229 78.185530 95.835616
68628.925103 78.178526 95.835616
68311.579396 78.655771 95.835616
68388.411537 78.325816 95.835616
68308.320203 78.318878 95.835616
68228.277799 78.311931 95.835616
68228.468434 78.143382 95.835616
68148.523891 78.136329 95.835616
67831.471767 78.615160 95.835616
67988.781598 78.122197 95.835616
67828.799740 78.277076 95.835616
67749.050920 78.270080 95.835616
67830.851181 77.938990 95.835616
67833.648202 77.769954 95.835616
67671.598193 77.924593 95.835616
67510.729051 78.079602 95.835616
67431.224884 78.072473 95.835616
67271.585539 78.227933 95.835616
67272.363340 78.058191 95.835616
67193.005964 78.051037 95.835616
64293.910496 88.242326 95.835616
67034.438003 78.036704 95.835616
66875.043311 78.192582 95.835616
66957.381808 77.859385 95.835616
66796.953041 78.015141 95.835616
66881.653271 77.681864 95.835616
66720.190429 77.837495 95.835616
66723.672477 77.667061 95.835616
66728.335392 77.496637 95.835616
66483.439425 77.815527 95.835616
66487.068264 77.644790 95.835616
66244.534031 77.964529 95.835616
66329.576775 77.629899 95.835616
66087.140402 77.949991 95.835616
66008.516984 77.942708 95.835616
66093.706520 77.607495 95.835616
65932.732983 77.763962 95.835616
65692.756205 78.085261 95.835616
65694.512616 77.913493 95.835616
65779.897874 77.577500 95.835616
65619.120059 77.734303 95.835616
65540.839154 77.726866 95.835616
65462.607180 77.719421 95.835616
65550.452032 77.382965 95.835616
65306.290023 77.704503 95.835616
65228.204840 77.697030 95.835616
65150.168588 77.689549 95.835616
64990.865223 77.847246 95.835616
64912.926832 77.839841 95.835616
64998.801395 77.501882 95.835616
65004.540781 77.329219 95.835616
64760.721286 77.652007 95.835616
64765.426597 77.479020 95.835616
64443.784727 77.968646 95.835616
64778.379819 77.133092 95.835616
64700.783942 77.125246 95.835616
64538.525142 77.282792 95.835616
64461.027126 77.275021 95.835616
64217.550144 77.599068 95.835616
64390.889737 77.093768 95.835616
64228.826660 77.251654 95.835616
64067.944449 77.409937 95.835616
64158.982854 77.070061 95.835616
64081.778421 77.062139 95.835616
63919.911066 77.220365 95.835616
63927.516346 77.046267 95.835616
63850.458704 77.038317 95.835616
63605.158224 77.363463 95.835616
63696.490213 77.022388 95.835616
63451.287593 77.347896 95.835616
63291.977694 77.507268 95.835616
63465.904454 76.998421 95.835616
63304.428542 77.157334 95.835616
63227.713414 77.149412 95.835616
63321.602859 76.807481 95.835616
63074.429950 77.133539 95.835616
63255.392981 76.624356 95.835616
63178.873575 76.616107 95.835616
62929.583585 76.942160 95.835616
62853.162040 76.934084 95.835616
62862.633214 76.758536 95.835616
62615.753889 77.085688 95.835616
62624.190988 76.909796 95.835616
62547.965165 76.901680 95.835616
62303.496504 77.229936 95.835616
62310.948458 77.053593 95.835616
62068.841530 77.382768 95.835616
62158.839326 77.037487 95.835616
62253.413798 76.692717 95.835616
62177.481558 76.684445 95.835616
62101.598249 76.676162 95.835616
61689.180332 77.343360 95.835616
61779.422780 76.997048 95.835616
61537.658366 77.327529 95.835616
61627.998675 76.980802 95.835616
61552.360018 76.972665 95.835616
61229.426352 77.473646 95.835616
61401.229497 76.956360 95.835616
61410.449484 76.778746 95.835616
61420.850339 76.601161 95.835616
61432.432060 76.423608 95.835616
61184.267472 76.753887 95.835616
61281.790844 76.406611 95.835616
60782.984368 77.247785 95.835616
61044.369624 76.559135 95.835616
61056.195998 76.381039 95.835616
60981.095577 76.372493 95.835616
60819.068361 76.533794 95.835616
60744.065801 76.525327 95.835616
60669.112172 76.516848 95.835616
60594.207473 76.508360 95.835616
60606.327430 76.329609 95.835616
60531.520592 76.321000 95.835616
60369.786960 76.482831 95.835616
60382.053708 76.303751 95.835616
60220.417937 76.465759 95.835616
60145.806821 76.457207 95.835616
59985.400847 76.619739 95.835616
59996.731381 76.440072 95.835616
59922.267057 76.431488 95.835616
59934.827389 76.251746 95.835616
59948.568587 76.072044 95.835616
59874.251055 76.063228 95.835616
59799.982453 76.054401 95.835616
59725.762781 76.045564 95.835616
59476.508653 76.379761 95.835616
59489.362568 76.199352 95.835616
59503.397349 76.018985 95.835616
59341.265738 76.181801 95.835616
59094.471205 76.517364 95.835616
59281.472293 75.992307 95.835616
59207.595135 75.983392 95.835616
58958.683520 76.318921 95.835616
58971.879949 76.137730 95.835616
58898.149582 76.128882 95.835616
59001.815406 75.775477 95.835616
58838.943303 75.938650 95.835616
58765.359728 75.929668 95.835616
58346.186055 76.613042 95.835616
58707.578968 75.739122 95.835616
58544.902587 75.902654 95.835616
58471.514734 75.893627 95.835616
58310.068150 76.057703 95.835616
58414.125418 75.702586 95.835616
58431.255891 75.520635 95.835616
58449.567232 75.338738 95.835616
58376.424031 75.329350 95.835616
57944.107497 76.012851 95.835616
57959.169819 75.830119 95.835616
58065.784543 75.474140 95.835616
57992.837065 75.464806 95.835616
58011.441989 75.282233 95.835616
57667.477768 75.793576 95.835616
57774.288214 75.436733 95.835616
57611.164924 75.601158 95.835616
57720.337104 75.244325 95.835616
57465.808203 75.582566 95.835616
57667.713651 75.051739 95.835616
57688.924961 74.868726 95.835616
57616.417858 74.858980 95.835616
57543.959685 74.849222 95.835616
57471.550443 74.839452 95.835616
57399.190131 74.829669 95.835616
57326.878749 74.819874 95.835616
57254.616299 74.810066 95.835616
57182.402778 74.800247 95.835616
57110.238189 74.790415 95.835616
57038.122529 74.780570 95.835616
56872.288457 74.945112 95.835616
57084.968499 74.412711 95.835616
56916.968415 74.576648 95.835616
56656.381854 74.915773 95.835616
56773.177471 74.556642 95.835616
56894.549764 74.198263 95.835616
56822.776618 74.188026 95.835616
56653.889251 74.352008 95.835616
56777.672208 73.993477 95.835616
56607.750765 74.157235 95.835616
56733.895455 73.798777 95.835616
56562.939937 73.962306 95.835616
56296.002133 74.301069 95.835616
56321.734654 74.115999 95.835616
56250.352952 74.105657 95.835616
56277.315270 73.920559 95.835616
56206.031430 73.910089 95.835616
55939.338278 74.249805 95.835616
56063.610541 73.889109 95.835616
55894.178403 74.053751 95.835616
55921.385374 73.868077 95.835616
56050.332173 73.507762 95.835616
55878.782954 73.671843 95.835616
56010.091487 73.311623 95.835616
55837.508192 73.475462 95.835616
55766.664727 73.464668 95.835616
55900.383924 73.104336 95.835616
55524.565625 73.618381 95.835616
55758.941645 73.082276 95.835616
55688.293901 73.071225 95.835616
55617.695088 73.060160 95.835616
55547.145206 73.049081 95.835616
55373.821419 73.213194 95.835616
55510.147003 72.851899 95.835616
55544.830619 72.665924 95.835616
55265.434981 73.004623 95.835616
55195.129751 72.993473 95.835616
55124.873451 72.982309 95.835616
54951.843248 73.146947 95.835616
54984.507644 72.959938 95.835616
55229.658257 72.422669 95.835616
54948.292329 72.761721 95.835616
54878.280682 72.750384 95.835616
55019.623316 72.388055 95.835616
54949.709531 72.376487 95.835616
54987.195255 72.189726 95.835616
54917.379330 72.178029 95.835616
54847.612336 72.166317 95.835616
54777.894272 72.154590 95.835616
54600.874559 72.318429 95.835616
54531.254356 72.306772 95.835616
54569.033664 72.119320 95.835616
54607.993838 71.931999 95.835616
54538.520427 71.920097 95.835616
54469.095947 71.908181 95.835616
54399.720396 71.896248 95.835616
54330.393777 71.884301 95.835616
54261.116088 71.872338 95.835616
54191.887329 71.860361 95.835616
53695.569055 72.555420 95.835616
48951.894187 86.815389 95.835616
48864.884612 87.007829 95.835616
48832.838728 86.616126 95.835616
48710.071798 87.198627 95.835616
48657.932294 87.001467 95.835616
48589.046049 86.999340 95.835616
48538.136343 86.801830 95.835616
48434.624680 87.190667 95.835616
53947.540350 71.034776 95.835616
53992.992025 70.846808 95.835616
54156.030638 70.484231 95.835616
54087.437976 70.471358 95.835616
54136.432252 70.283882 95.835616
53718.719239 70.796063 95.835616
54118.161524 70.083464 95.835616
53813.556634 70.419702 95.835616
54101.218455 69.882980 95.835616
53913.117496 70.044020 95.835616
53844.867348 70.030839 95.835616
53776.666130 70.017640 95.835616
53828.315723 69.829839 95.835616
53760.212366 69.816511 95.835616
53692.157940 69.803167 95.835616
53624.152445 69.789806 95.835616
53436.394000 69.951398 95.835616
53368.486365 69.938100 95.835616
53300.627661 69.924784 95.835616
53352.619768 69.736191 95.835616
53405.792741 69.547784 95.835616
53338.080828 69.534225 95.835616
52793.474200 70.223633 95.835616
52609.454078 70.387255 95.835616
52894.502978 69.844531 95.835616
52590.778838 70.183966 95.835616
52640.849585 69.993978 95.835616
52339.487178 70.334660 95.835616
51817.812860 71.034675 95.835616
52089.523177 70.486078 95.835616
52137.525773 70.295036 95.835616
52186.709236 70.104172 95.835616
52119.535560 70.090813 95.835616
52169.948820 69.900014 95.835616
52221.542948 69.709402 95.835616
52035.846119 69.873012 95.835616
51968.868165 69.859484 95.835616
51784.401134 70.023759 95.835616
51485.840835 70.367340 95.835616
51768.227884 69.818797 95.835616
51701.445651 69.805200 95.835616
51517.174342 69.969803 95.835616
51450.489971 69.956270 95.835616
51501.392537 69.764303 95.835616
51553.475970 69.572527 95.835616
51486.938390 69.558742 95.835616
51420.449740 69.544939 95.835616
51117.802071 69.888343 95.835616
51287.619233 69.517280 95.835616
51102.607432 69.682030 95.835616
51154.984447 69.489550 95.835616
50852.532500 69.833683 95.835616
51022.545384 69.461747 95.835616
51076.201128 69.269232 95.835616
51010.103923 69.255186 95.835616
50824.253768 69.419908 95.835616
50878.056304 69.227040 95.835616
50812.105890 69.212940 95.835616
50626.402527 69.377906 95.835616
50092.661819 70.084815 95.835616
50258.538402 69.709651 95.835616
50428.991661 69.335739 95.835616
50244.615956 69.501556 95.835616
50417.430948 69.127951 95.835616
49995.813218 69.654055 95.835616
50166.462199 69.279259 95.835616
50100.952160 69.265093 95.835616
49799.283101 69.612166 95.835616
49970.078873 69.236705 95.835616
49786.045683 69.403102 95.835616
49603.193359 69.570112 95.835616
49537.927972 69.556057 95.835616
49356.305446 69.723767 95.835616
49643.751941 69.165410 95.835616
49459.963403 69.332221 95.835616
49513.563682 69.136761 95.835616
49329.873005 69.303738 95.835616
49264.901201 69.289469 95.835616
49082.440321 69.457152 95.835616
49253.774329 69.079236 95.835616
49188.949318 69.064807 95.835616
49243.975116 68.868958 95.835616
49300.181781 68.673330 95.835616
49357.569313 68.477927 95.835616
49292.940024 68.463119 95.835616
49228.359664 68.448291 95.835616
49287.025924 68.252879 95.835616
48977.279985 68.599693 95.835616
49034.912170 68.403691 95.835616
48970.527533 68.388785 95.835616
49029.389515 68.192896 95.835616
48841.905050 68.358915 95.835616
48900.864893 68.162786 95.835616
48836.675978 68.147702 95.835616
48772.535994 68.132597 95.835616
48342.247683 68.663240 95.835616
48399.139375 68.465918 95.835616
41984.507834 86.350219 95.835616
41920.563571 86.347432 95.835616
47966.570892 68.787008 95.835616
48143.460187 68.405950 95.835616
48201.728468 68.208376 95.835616
48261.177616 68.011044 95.835616
48074.280318 68.178029 95.835616
48010.629638 68.162826 95.835616
47704.028321 68.513947 95.835616
47883.475071 68.132358 95.835616
47819.971184 68.117093 95.835616
47634.450474 68.285055 95.835616
47450.110631 68.453670 95.835616
47507.687351 68.254630 95.835616
47084.973547 68.792864 95.835616
47381.119950 68.224123 95.835616
47439.975398 68.025080 95.835616
47254.748271 68.193535 95.835616
47313.701580 67.994246 95.835616
47250.638067 67.978798 95.835616
47187.623485 67.963329 95.835616
47002.592080 68.132113 95.835616
46939.675359 68.116707 95.835616
40472.386395 86.926480 95.835616
40426.363206 86.710017 95.835616
40316.602071 87.350425 95.835616
40284.076605 86.919297 95.835616
40205.740801 87.131554 95.835616
40128.585864 87.344221 95.835616
40066.011656 87.342146 95.835616
40033.681913 86.909669 95.835616
39955.541831 87.122579 95.835616
39893.114414 87.120327 95.835616
39863.195335 86.686833 95.835616
39768.406373 87.115811 95.835616
39691.593949 87.329630 95.835616
39659.557789 86.895113 95.835616
39581.711290 87.109011 95.835616
39535.241192 86.890230 95.835616
39442.960756 87.321221 95.835616
39367.524921 87.536118 95.835616
39349.133276 86.882877 95.835616
39303.990836 86.663320 95.835616
39225.305984 86.877956 95.835616
39180.261406 86.658050 95.835616
39086.010679 87.090721 95.835616
38984.068703 87.742520 95.835616
38962.574832 87.086113 95.835616
38916.594039 86.865585 95.835616
38871.794113 86.644801 95.835616
38828.175054 86.423765 95.835616
38748.749710 86.639472 95.835616
38654.841497 87.074527 95.835616
38578.909822 87.291367 95.835616
38504.159015 87.508631 95.835616
38456.256863 87.287047 95.835616
38369.335991 87.724498 95.835616
38348.331425 87.062849 95.835616
38287.176202 87.060502 95.835616
38211.538111 87.278368 95.835616
38180.676283 86.835492 95.835616
38104.004117 87.053439 95.835616
38043.044616 87.051077 95.835616
37997.797781 86.827878 95.835616
37936.936141 86.825332 95.835616
37876.123432 86.822782 95.835616
37799.695918 87.041591 95.835616
37698.781482 87.704339 95.835616
37663.783354 87.258633 95.835616
37633.361901 86.812540 95.835616
37557.130109 87.032044 95.835616
37512.274718 86.807394 95.835616
37436.140787 87.027248 95.835616
37335.519935 87.693192 95.835616
37275.147600 87.691324 95.835616
37034.147567 87.683820 95.835616
37014.219473 87.010338 95.835616
36954.140722 87.007906 95.835616
36566.764093 87.443440 95.835616
36520.427717 87.216018 95.835616
36475.272209 86.988311 95.835616
36415.633832 86.985844 95.835616
36256.304283 87.659093 95.835616
36163.037832 87.202285 95.835616
36118.175907 86.973446 95.835616
36018.631525 87.651378 95.835616
35971.603589 87.422363 95.835616
35900.088730 87.647501 95.835616
35840.890728 87.645558 95.835616
35663.590305 87.639709 95.835616
35644.787612 86.953396 95.835616
35545.634675 87.635794 95.835616
35526.929844 86.948342 95.835616
35440.142694 87.403095 95.835616
35322.578509 87.398774 95.835616
35251.601886 87.625949 95.835616
35233.141707 86.935633 95.835616
35134.331284 87.621988 95.835616
35115.968966 86.930520 95.835616
35073.119727 86.698127 95.835616
35031.451354 86.465453 95.835616
34926.045035 87.153131 95.835616
34667.206096 87.606011 95.835616
34609.035635 87.603999 95.835616
34563.182031 87.370333 95.835616
34492.841504 87.599964 95.835616
34434.817835 87.597942 95.835616
34145.433445 87.587779 95.835616
32943.377039 87.544137 95.835616
32926.874081 86.830026 95.835616
32573.154550 87.052016 95.835616
32491.126729 87.527094 95.835616
32434.815628 87.524947 95.835616
32404.221246 87.044335 95.835616
32378.203539 86.563303 95.835616
32306.375494 86.799697 95.835616
32250.260115 86.796911 95.835616
32153.839883 86.551319 95.835616
32067.675761 87.028852 95.835616
32011.756104 87.026255 95.835616
31955.885377 87.023655 95.835616
31914.595380 86.780093 95.835616
31858.822514 86.777273 95.835616
31788.566780 87.015825 95.835616
31663.865839 87.252488 95.835616
30385.703032 87.442800 95.835616
29801.692979 87.167881 95.835616
33148.281538 71.113380 95.835616
33274.028095 70.650314 95.835616
29653.499115 86.910160 95.835616
29629.927935 86.407254 95.835616
32933.116819 71.049439 95.835616
33059.059098 70.584989 95.835616
32915.067641 70.792645 95.835616
32951.868183 70.552167 95.835616
32989.849592 70.311962 95.835616
33122.779212 69.849378 95.835616
33069.355011 69.832401 95.835616
33110.879021 69.593062 95.835616
32962.653401 69.798365 95.835616
32722.973242 70.228509 95.835616
32578.241292 70.436447 95.835616
32345.450611 70.871432 95.835616
28891.817929 87.123595 95.835616
28866.667904 86.614180 95.835616
28829.298882 86.357641 95.835616
28793.110728 86.100774 95.835616
28693.184627 86.858829 95.835616
28788.247271 84.826200 95.835616
28809.567914 84.062666 95.835616
31833.668063 70.968005 95.835616
32048.647684 70.268819 95.835616
32561.957312 68.902846 95.835616
33875.443191 66.043678 95.835616
34050.003269 65.597013 95.835616
34706.083668 64.312806 95.835616
35402.962706 63.053380 95.835616
35222.791682 63.236477 95.835616
38548.219874 58.506009 95.835616
38650.764051 58.295242 95.835616
39069.932590 57.714822 95.835616
41527.830818 55.008055 95.835616
43103.967864 53.452340 95.835616
44968.614237 51.793985 95.835616
46738.410260 50.358155 95.835616
47103.673881 50.025937 95.835616
49874.597942 48.076950 95.835616
50959.320822 47.340051 95.835616
52308.782366 46.481895 95.835616
53943.357427 45.513217 95.835616
56653.719395 44.065536 95.835616
57118.886997 43.787724 95.835616
58912.079939 42.900806 95.835616
61036.795789 41.924045 95.835616
62948.939909 41.093926 95.835616
63182.439655 40.954342 95.835616
63992.909124 40.592527 95.835616
64231.034477 40.455010 95.835616
64179.616427 40.428093 95.835616
64418.971577 40.291081 95.835616
64659.507594 40.154580 95.835616
64316.380131 40.237173 95.835616
64557.014009 40.100663 95.835616
64505.840612 40.073672 95.835616
64454.716146 40.046660 95.835616
63531.467803 40.349535 95.835616
64060.757799 40.102024 95.835616
63429.463523 40.295297 95.835616
63958.851380 40.047814 95.835616
63327.654965 40.240973 95.835616
62988.363686 40.324665 95.835616
63515.634462 40.076197 95.835616
64047.481914 39.829793 95.835616
63996.797822 39.802588 95.835616
64533.270881 39.558247 95.835616
64188.564572 39.639327 95.835616
63845.039131 39.720843 95.835616
65270.810832 39.154761 95.835616
65818.798976 38.915500 95.835616
65768.408468 38.888310 95.835616
66928.505292 38.442936 95.835616
68106.762028 38.005275 95.835616
68056.518311 37.978207 95.835616
68627.389834 37.748738 95.835616
68266.144855 37.822614 95.835616
67597.245493 37.998716 95.835616
67547.197498 37.971543 95.835616
65970.001227 38.460318 95.835616
66223.226661 38.328868 95.835616
65267.194561 38.615262 95.835616
64618.914705 38.799364 95.835616
63975.211526 38.985316 95.835616
63925.457114 38.957764 95.835616
62993.391399 39.253942 95.835616
63236.722990 39.117885 95.835616
62602.271023 39.307480 95.835616
63431.676758 38.954692 95.835616
62503.202574 39.252007 95.835616
63332.706170 38.899307 95.835616
63283.294272 38.871581 95.835616
63825.567269 38.629813 95.835616
63776.253232 38.602091 95.835616
63726.988126 38.574347 95.835616
64273.935660 38.334685 95.835616
64524.548174 38.201760 95.835616
64475.429859 38.174024 95.835616
64426.360475 38.146268 95.835616
64077.560261 38.223603 95.835616
62546.668985 38.728657 95.835616
438496.947393 13.653526 95.835616
434584.376519 13.702052 95.835616
436465.136520 13.657964 95.835616
24372.559557 86.591455 95.835616
24249.486957 87.137242 95.835616
24213.125873 86.857702 95.835616
24177.945657 86.577748 95.835616
24129.414508 86.574304 95.835616
24080.932290 86.570853 95.835616
24116.477360 85.181935 95.835616
24049.033459 85.454052 95.835616
24019.757576 85.172221 95.835616
23952.411536 85.444873 95.835616
23923.233514 85.162469 95.835616
23821.262055 85.992449 95.835616
23826.905175 85.152676 95.835616
23725.031577 85.984317 95.835616
23693.785405 85.700898 95.835616
23613.333085 86.255966 95.835616
23550.857304 86.532430 95.835616
23477.294463 87.090504 95.835616
23441.716268 86.806365 95.835616
23381.651150 87.084554 95.835616
23346.170816 86.799830 95.835616
23298.471486 86.796552 95.835616
23278.752748 86.229117 95.835616
23216.619480 86.507528 95.835616
23143.399153 87.069573 95.835616
23136.095133 86.217492 95.835616
23088.640456 86.213601 95.835616
23110.681268 85.077955 95.835616
23044.264908 85.355791 95.835616
23057.531464 84.502181 95.835616
23032.727862 84.213811 95.835616
22985.517837 84.207851 95.835616
22915.901390 84.485165 95.835616
22891.244579 84.195896 95.835616
22867.768636 83.906322 95.835616
22753.388273 84.752470 95.835616
22773.788961 83.893714 95.835616
22751.591746 83.603246 95.835616
22704.724234 83.596620 95.835616
22633.186428 83.874704 95.835616
22586.416778 83.868341 95.835616
22590.266447 83.291672 95.835616
22570.577757 82.999756 95.835616
22496.971799 83.277713 95.835616
22505.496005 82.700009 95.835616
22378.021711 83.549850 95.835616
22357.396807 83.256665 95.835616
22285.118508 83.536362 95.835616
22190.433786 84.104637 95.835616
22192.411027 83.522818 95.835616
23186.140219 76.183101 95.835616
23139.908805 76.169032 95.835616
23632.009598 73.703961 95.835616
23651.344979 73.418589 95.835616
23605.260356 73.401943 95.835616
24049.201425 71.520511 95.835616
24003.214663 71.502176 95.835616
24031.801258 71.220148 95.835616
24061.568719 70.938461 95.835616
23940.072387 71.182854 95.835616
23819.756922 71.428485 95.835616
23774.014813 71.409974 95.835616
23511.539975 72.190697 95.835616
23757.201811 71.107838 95.835616
23637.082068 71.354225 95.835616
23168.159791 72.945545 95.835616
23400.385183 71.850747 95.835616
23575.114124 71.032243 95.835616
23529.714529 71.013254 95.835616
23484.363864 70.994227 95.835616
23364.537704 71.241756 95.835616
23173.631858 71.759058 95.835616
23057.299368 72.010187 95.835616
23083.273042 71.722131 95.835616
23038.167029 71.703613 95.835616
22921.981331 71.955342 95.835616
22738.111756 72.480525 95.835616
22429.012923 73.560434 95.835616
260694.749135 16.321127 95.835616
262126.697968 16.257009 95.835616
262081.885539 16.240204 95.835616
261298.150976 16.246954 95.835616
261992.407472 16.206584 95.835616
259734.224450 16.260515 95.835616
256023.050831 16.362777 95.835616
21022.067322 79.132007 95.835616
21151.133179 77.956041 95.835616
21298.358948 76.787729 95.835616
21356.577424 76.199412 95.835616
21111.454193 77.337159 95.835616
21215.996547 76.457444 95.835616
21386.056765 75.296797 95.835616
21514.467643 74.428519 95.835616
21591.041753 73.846977 95.835616
21608.987477 73.548365 95.835616
21628.114067 73.250010 95.835616
21648.421525 72.951926 95.835616
21414.825728 73.778827 95.835616
21560.509234 72.916139 95.835616
21855.290522 71.504673 95.835616
21811.456703 71.485423 95.835616
21911.060984 70.913937 95.835616
21940.717516 70.619149 95.835616
21897.030488 70.599051 95.835616
21927.916817 70.304390 95.835616
21959.984013 70.010152 95.835616
22150.204481 69.173021 95.835616
22027.661005 69.423001 95.835616
21984.218630 69.401758 95.835616
22100.061464 68.837714 95.835616
22220.480974 68.276678 95.835616
22518.296675 67.187130 95.835616
22563.157684 66.899485 95.835616
22519.959962 66.876055 95.835616
22747.925773 66.064204 95.835616
22433.711309 66.829058 95.835616
22943.077012 65.235868 95.835616
23093.269381 64.696035 95.835616
23348.597388 63.905868 95.835616
23510.206981 63.375221 95.835616
23571.306543 63.098077 95.835616
23633.586972 62.821658 95.835616
23804.398848 62.298058 95.835616
23870.172947 62.024079 95.835616
23827.513461 61.996845 95.835616
23676.420389 62.216833 95.835616
24301.732906 60.722103 95.835616
24145.078013 60.935861 95.835616
24448.436651 60.185120 95.835616
24642.229768 59.680247 95.835616
24481.193921 59.889139 95.835616
24798.282587 59.150217 95.835616
25377.662670 57.959807 95.835616
25335.443559 57.929937 95.835616
25549.856182 57.443135 95.835616
25507.734931 57.412938 95.835616
25726.773161 56.929980 95.835616
25817.002951 56.674737 95.835616
25908.413608 56.420389 95.835616
26136.654120 55.945471 95.835616
26369.471308 55.474723 95.835616
26189.730779 55.662777 95.835616
26565.086435 54.976622 95.835616
27095.382928 54.087569 95.835616
26908.997572 54.268343 95.835616
27157.906522 53.811933 95.835616
27411.392148 53.359724 95.835616
27519.090288 53.118990 95.835616
27627.969295 52.879201 95.835616
27890.657203 52.435211 95.835616
28003.029880 52.198384 95.835616
28272.607268 51.760605 95.835616
29028.416096 50.734454 95.835616
28987.175594 50.701139 95.835616
29272.746882 50.278040 95.835616
29067.656844 50.438907 95.835616
29026.563134 50.405405 95.835616
29480.756356 49.791784 95.835616
29607.103714 49.566846 95.835616
29904.239018 49.153777 95.835616
30205.950997 48.744823 95.835616
30338.104828 48.524850 95.835616
30124.301814 48.676726 95.835616
30782.353788 47.904959 95.835616
31097.844726 47.508138 95.835616
30878.528821 47.654564 95.835616
31559.366315 46.903236 95.835616
31155.826019 47.225181 95.835616
31661.494612 46.657526 95.835616
31990.813439 46.272601 95.835616
31950.404757 46.237944 95.835616
32096.631129 46.029582 95.835616
32622.870299 45.479861 95.835616
32965.968084 45.106712 95.835616
32542.395448 45.410195 95.835616
33469.120130 44.536817 95.835616
33823.684070 44.173317 95.835616
33783.617902 44.138346 95.835616
34142.807448 43.778634 95.835616
34506.573671 43.422710 95.835616
34466.654293 43.387649 95.835616
35040.875165 42.878319 95.835616
35416.107542 42.531717 95.835616
35585.559808 42.342245 95.835616
35967.681665 42.001142 95.835616
