126077.855152 56.378372 66.246575
125985.384397 56.364392 66.246575
125597.710557 56.451648 66.246575
125800.589677 56.336401 66.246575
125708.265714 56.322390 66.246575
125320.738666 56.409677 66.246575
125523.764577 56.294336 66.246575
125727.971356 56.179182 66.246575
125635.843114 56.165110 66.246575
124658.007760 56.455203 66.246575
124565.977379 56.441172 66.246575
124768.116007 56.325457 66.246575
124676.183487 56.311384 66.246575
124584.299898 56.297300 66.246575
124198.345162 56.384943 66.246575
124400.679511 56.269102 66.246575
124308.942714 56.254988 66.246575
124512.506861 56.139305 66.246575
124420.867924 56.125149 66.246575
124034.025904 56.212581 66.246575
124237.736843 56.096805 66.246575
124146.244698 56.082618 66.246575
123759.549469 56.170081 66.246575
123668.155185 56.155893 66.246575
123576.809832 56.141695 66.246575
123485.513409 56.127486 66.246575
123394.265916 56.113267 66.246575
123598.319369 55.997274 66.246575
123803.553688 55.881472 66.246575
123120.817022 56.070546 66.246575
123325.017266 55.954460 66.246575
123234.014426 55.940167 66.246575
123143.060517 55.925864 66.246575
122756.903524 56.013438 66.246575
123555.199328 55.694147 66.246575
123464.392210 55.679772 66.246575
122779.734185 55.868547 66.246575
122985.408879 55.752468 66.246575
122303.112588 55.941813 66.246575
122507.753207 55.825447 66.246575
122417.190741 55.811060 66.246575
121737.305115 56.001008 66.246575
122830.112440 55.578851 66.246575
121850.544915 55.869923 66.246575
122351.814137 55.651538 66.246575
122559.012211 55.535440 66.246575
122468.743329 55.520948 66.246575
122081.007491 55.608122 66.246575
121990.836470 55.593629 66.246575
121900.714379 55.579125 66.246575
121514.257269 55.666595 66.246575
121128.981025 55.754343 66.246575
120744.885648 55.842370 66.246575
120361.971139 55.930678 66.246575
121154.453934 55.608509 66.246575
120769.373413 55.696295 66.246575
120974.845850 55.579401 66.246575
120002.754970 55.872708 66.246575
120206.061396 55.755291 66.246575
121002.184653 55.433493 66.246575
120026.844756 55.726178 66.246575
121120.581761 55.302284 66.246575
120437.195930 55.491818 66.246575
120347.758867 55.477183 66.246575
120258.370734 55.462537 66.246575
119286.671299 55.756247 66.246575
119784.489246 55.535769 66.246575
119695.247905 55.521110 66.246575
119901.307509 55.403844 66.246575
119812.164029 55.389143 66.246575
119427.817465 55.477069 66.246575
119044.651768 55.565277 66.246575
118955.655080 55.550584 66.246575
119160.827400 55.432929 66.246575
118777.808494 55.521165 66.246575
118983.078675 55.403447 66.246575
118600.157631 55.491702 66.246575
118805.525673 55.373921 66.246575
118422.702490 55.462195 66.246575
118334.048315 55.447424 66.246575
118245.443070 55.432643 66.246575
118451.006834 55.314737 66.246575
118068.379373 55.403047 66.246575
118274.040998 55.285079 66.246575
117891.511398 55.373407 66.246575
118097.270884 55.255376 66.246575
118304.211237 55.137552 66.246575
117920.696492 55.225629 66.246575
118127.734706 55.107743 66.246575
118039.569837 55.092821 66.246575
117951.453898 55.077889 66.246575
117274.014797 55.269315 66.246575
117775.368811 55.047990 66.246575
117687.399663 55.033025 66.246575
117304.227432 55.121163 66.246575
117216.356145 55.106194 66.246575
117720.169754 54.885164 66.246575
117632.396329 54.870134 66.246575
117544.671834 54.855093 66.246575
116865.360304 55.046207 66.246575
117369.369635 54.824976 66.246575
116985.407981 54.912893 66.246575
116897.879208 54.897826 66.246575
116515.147352 54.986041 66.246575
116133.596362 55.074544 66.246575
116340.334459 54.955889 66.246575
116253.001408 54.940797 66.246575
115286.752863 55.237382 66.246575
78001.904505 86.550368 66.246575
77914.718246 86.548436 66.246575
77756.819048 87.009401 66.246575
77715.773293 86.698905 66.246575
77653.453051 86.542628 66.246575
77541.743288 86.695198 66.246575
77505.372070 86.384198 66.246575
77418.479394 86.382166 66.246575
77281.065260 86.689623 66.246575
77218.989670 86.532903 66.246575
77132.243786 86.530952 66.246575
77071.397994 86.374018 66.246575
76934.179582 86.682160 66.246575
76872.299715 86.525084 66.246575
76785.749553 86.523124 66.246575
76650.941805 86.831969 66.246575
76564.489503 86.830179 66.246575
76526.392648 86.517230 66.246575
76391.731692 86.826593 66.246575
76379.583860 86.357612 66.246575
76267.476118 86.511316 66.246575
76234.102731 86.197688 66.246575
76120.960914 86.351421 66.246575
75984.280737 86.661463 66.246575
75830.853820 87.128363 66.246575
75724.650413 87.283174 66.246575
75584.904592 87.751457 66.246575
75498.990527 87.750178 66.246575
75112.228172 88.216513 66.246575
75026.558759 88.215495 66.246575
74968.869938 87.899774 66.246575
74855.366724 88.213455 66.246575
75760.080134 83.197193 66.246575
75724.228269 83.037798 66.246575
75589.181683 83.189471 66.246575
75407.958010 83.497322 66.246575
75468.100779 83.025935 66.246575
75237.353142 83.489922 66.246575
75105.898086 83.642483 66.246575
75114.301948 83.326247 66.246575
75127.282486 83.010055 66.246575
74992.578413 83.162305 66.246575
74811.697254 83.471348 66.246575
74822.560711 83.154504 66.246575
74787.247081 82.994103 66.246575
74652.738731 83.146685 66.246575
74472.053294 83.456412 66.246575
74532.734298 82.982092 66.246575
74398.372739 83.134923 66.246575
74313.681937 83.130993 66.246575
74278.661890 82.970039 66.246575
74144.447123 83.123120 66.246575
73130.058148 87.554480 66.246575
73013.103660 87.871818 66.246575
72944.321245 87.711099 66.246575
72816.328629 88.188605 66.246575
72792.371408 87.548810 66.246575
72675.612643 87.866880 66.246575
72607.025950 87.705786 66.246575
72507.160717 87.864402 66.246575
72438.671885 87.703120 66.246575
72354.568249 87.701785 66.246575
72270.513543 87.700448 66.246575
73338.427324 82.443468 66.246575
73308.620050 82.281299 66.246575
73279.993643 82.119064 66.246575
73196.134659 82.114523 66.246575
73002.893527 82.426021 66.246575
73028.563483 82.105423 66.246575
71639.905259 88.173788 66.246575
72975.146853 81.780207 66.246575
72833.987141 81.933536 66.246575
72750.421740 81.928874 66.246575
72666.905270 81.924206 66.246575
72471.742779 82.236587 66.246575
72500.019121 81.914855 66.246575
72416.649442 81.910171 66.246575
72390.874074 81.746872 66.246575
72307.602257 81.742088 66.246575
72283.056686 81.578638 66.246575
72199.882729 81.573754 66.246575
72000.535006 81.886671 66.246575
71917.458911 81.881954 66.246575
71834.431746 81.877233 66.246575
71751.453511 81.872505 66.246575
71556.829256 82.186806 66.246575
71529.230390 82.022579 66.246575
71502.812390 81.858291 66.246575
71477.575258 81.693943 66.246575
71394.841676 81.689098 66.246575
71198.198201 82.003935 66.246575
71288.198620 81.519650 66.246575
71146.934513 81.674528 66.246575
71064.396653 81.669660 66.246575
70924.362344 81.824931 66.246575
70841.922345 81.820143 66.246575
70875.753974 81.494829 66.246575
70677.189139 81.810550 66.246575
70594.895931 81.805745 66.246575
70512.651655 81.800935 66.246575
70374.042865 81.956941 66.246575
70236.614941 82.113254 66.246575
70266.212407 81.786471 66.246575
70127.750409 81.942736 66.246575
70102.164229 81.776800 66.246575
69854.369012 82.256189 66.246575
69881.898328 81.928481 66.246575
69744.763988 82.085316 66.246575
69718.241593 81.918950 66.246575
69581.205114 82.075959 66.246575
69554.780580 81.909396 66.246575
68181.577300 87.962858 66.246575
69391.515290 81.899820 66.246575
69200.524962 82.219465 66.246575
69173.164214 82.052472 66.246575
69203.397777 81.723201 66.246575
69121.985319 81.718294 66.246575
67666.994389 88.286708 66.246575
69016.852575 81.546103 66.246575
68878.041528 81.703538 66.246575
68854.370172 81.536061 66.246575
68659.243543 81.856448 66.246575
68578.124668 81.851600 66.246575
68611.013548 81.520953 66.246575
68529.992534 81.515906 66.246575
68391.475071 81.673869 66.246575
68091.689760 82.322687 66.246575
68173.264252 81.827276 66.246575
67983.007881 82.149668 66.246575
67956.381091 81.981172 66.246575
66625.989136 88.106295 66.246575
67850.256668 81.807712 66.246575
67769.627098 81.802806 66.246575
67633.764952 81.961943 66.246575
67664.928194 81.628969 66.246575
67584.445416 81.623950 66.246575
67504.011569 81.618926 66.246575
67367.213208 81.778191 66.246575
67343.290665 81.608859 66.246575
67263.003609 81.603816 66.246575
67240.310864 81.434323 66.246575
67102.576289 81.593713 66.246575
66910.741073 81.918343 66.246575
66723.482533 82.243893 66.246575
66805.888843 81.743482 66.246575
66725.895370 81.738500 66.246575
66536.519749 82.064251 66.246575
66510.773708 81.893916 66.246575
66376.777456 82.054646 66.246575
66406.410784 81.718511 66.246575
66326.661964 81.713499 66.246575
66191.680566 81.874269 66.246575
66167.311115 81.703457 66.246575
66087.709086 81.698426 66.246575
66008.155988 81.693390 66.246575
66042.610644 81.356413 66.246575
65905.610027 81.517162 66.246575
65660.359197 82.011136 66.246575
65476.098488 82.339905 66.246575
65555.842947 81.834690 66.246575
65531.864939 81.663044 66.246575
65452.654355 81.657965 66.246575
65318.211193 81.819749 66.246575
65239.098470 81.814757 66.246575
65052.867471 82.144312 66.246575
65136.301322 81.637587 66.246575
64894.886676 82.134695 66.246575
64815.969675 82.129878 66.246575
64899.550317 81.622239 66.246575
64820.731177 81.617110 66.246575
64741.960967 81.611975 66.246575
64500.790974 82.110551 66.246575
64584.567339 81.601687 66.246575
64450.662413 81.764498 66.246575
64264.920719 82.095994 66.246575
64186.395162 82.091129 66.246575
64056.032836 82.254947 66.246575
63977.605140 82.250172 66.246575
63848.472612 82.414417 66.246575
62743.684782 87.876375 66.246575
63847.518968 81.897763 66.246575
63823.436565 81.723847 66.246575
63691.103950 81.887754 66.246575
63612.969837 81.882739 66.246575
63534.884654 81.877719 66.246575
63566.279481 81.534197 66.246575
63544.705603 81.359832 66.246575
63355.072261 81.693096 66.246575
63223.033229 81.857576 66.246575
63254.623778 81.513213 66.246575
63121.550671 81.677636 66.246575
62989.658431 81.842404 66.246575
62966.114263 81.667297 66.246575
63000.164407 81.322285 66.246575
62866.155086 81.486838 66.246575
62788.608139 81.481544 66.246575
62655.828615 81.646543 66.246575
62471.212323 81.982589 66.246575
62556.260881 81.465621 66.246575
62316.460943 81.972574 66.246575
62401.607362 81.454973 66.246575
62380.767442 81.278976 66.246575
62191.868057 81.615218 66.246575
62283.952886 81.097368 66.246575
62149.300934 81.262624 66.246575
62072.243292 81.257160 66.246575
61938.821137 81.422870 66.246575
61806.579849 81.588936 66.246575
61729.668999 81.583659 66.246575
61764.502030 81.235235 66.246575
61631.275597 81.401334 66.246575
61610.924983 81.224232 66.246575
61591.755235 81.047073 66.246575
61457.543657 81.213201 66.246575
61380.926390 81.207676 66.246575
61304.358054 81.202143 66.246575
61285.384028 81.024538 66.246575
61208.913552 81.018887 66.246575
61132.492008 81.013228 66.246575
60832.729490 81.698040 66.246575
60922.250329 81.174376 66.246575
60789.562132 81.341555 66.246575
60769.749753 81.163221 66.246575
60693.572860 81.157632 66.246575
60505.749947 81.498338 66.246575
60598.911247 80.973421 66.246575
60465.335766 81.140826 66.246575
60223.510073 81.655857 66.246575
60313.422356 81.129586 66.246575
60125.844096 81.471322 66.246575
60105.291224 81.292027 66.246575
59974.224269 81.460468 66.246575
60010.182703 81.107021 66.246575
59934.495115 81.101362 66.246575
59747.161507 81.444135 66.246575
59783.266733 81.090023 66.246575
59707.725937 81.084342 66.246575
59575.820628 81.253115 66.246575
59500.377693 81.247528 66.246575
59481.397133 81.067258 66.246575
59406.052060 81.061548 66.246575
59164.911394 81.581003 66.246575
59255.508704 81.050108 66.246575
59014.465900 81.570200 66.246575
59048.747627 81.213857 66.246575
58918.365699 81.383714 66.246575
58955.009160 81.027140 66.246575
58768.311648 81.372637 66.246575
58805.052970 81.015612 66.246575
58787.693652 80.834244 66.246575
58655.292503 81.004054 66.246575
58638.031046 80.822453 66.246575
58563.273138 80.816547 66.246575
58319.323830 81.339236 66.246575
58190.514212 81.510291 66.246575
58170.052668 81.328045 66.246575
58041.340912 81.499308 66.246575
58020.977228 81.316826 66.246575
57839.345698 81.665551 66.246575
56650.364647 87.583779 66.246575
56608.457591 87.220177 66.246575
57723.413515 81.294300 66.246575
56477.799064 87.035357 66.246575
57630.206748 81.105515 66.246575
57612.449451 80.922320 66.246575
57538.327641 80.916425 66.246575
57407.841317 81.088165 66.246575
57224.386289 81.438391 66.246575
56033.214993 87.023608 66.246575
57185.916260 81.070748 66.246575
56949.590388 81.600229 66.246575
57094.624319 80.880898 66.246575
56964.431578 81.053264 66.246575
56890.701211 81.047421 66.246575
56873.433219 80.863031 66.246575
55466.372900 87.558111 66.246575
55392.789325 87.556488 66.246575
56540.987544 81.203027 66.246575
56413.352259 81.376602 66.246575
56449.346554 81.012202 66.246575
56375.958701 81.006305 66.246575
56359.033223 80.821069 66.246575
56229.329787 80.994489 66.246575
56156.088726 80.988570 66.246575
56139.310040 80.802968 66.246575
55954.471888 81.156674 66.246575
55936.659126 80.970764 66.246575
55920.027231 80.784797 66.246575
55847.030822 80.778724 66.246575
55774.083344 80.772643 66.246575
55644.771353 80.946915 66.246575
55685.880560 80.580165 66.246575
55443.839542 81.115717 66.246575
55540.328117 80.567718 66.246575
55353.666468 80.922940 66.246575
55337.426017 80.735989 66.246575
55322.366432 80.548985 66.246575
55135.851574 80.904877 66.246575
55177.303295 80.536456 66.246575
55104.845122 80.530179 66.246575
54974.890500 80.705223 66.246575
54846.116744 80.880681 66.246575
54830.218807 80.692860 66.246575
54757.956356 80.686667 66.246575
54629.329392 80.862450 66.246575
54557.164802 80.856357 66.246575
54429.767635 81.032662 66.246575
54303.551335 81.209378 66.246575
54340.964616 80.838029 66.246575
54325.409192 80.649332 66.246575
54311.034635 80.460582 66.246575
54297.840945 80.271785 66.246575
54167.341552 80.447819 66.246575
54154.245724 80.258770 66.246575
54023.844192 80.435023 66.246575
53894.623527 80.611699 66.246575
53939.219870 80.239184 66.246575
53927.451699 80.049712 66.246575
53796.113953 80.226082 66.246575
53665.957074 80.402881 66.246575
53536.981062 80.580108 66.246575
53523.144741 80.389965 66.246575
53451.811970 80.383494 66.246575
52005.218670 87.288898 66.246575
53309.293220 80.370526 66.246575
53238.107240 80.364029 66.246575
53053.011367 80.726515 66.246575
53154.559390 80.166693 66.246575
51649.533426 87.279572 66.246575
51595.338840 87.088149 66.246575
52941.588618 80.146738 66.246575
52812.018905 80.324863 66.246575
52799.852756 80.133389 66.246575
52670.380904 80.311737 66.246575
52485.676476 80.676085 66.246575
52647.425195 79.928231 66.246575
52516.968199 80.106585 66.246575
52506.178638 79.914551 66.246575
52435.628756 79.907698 66.246575
52365.127804 79.900835 66.246575
52234.866529 80.079636 66.246575
52224.272691 79.887082 66.246575
52214.859720 79.694491 66.246575
52144.554490 79.687470 66.246575
52074.298191 79.680440 66.246575
52004.090822 79.673400 66.246575
51933.932383 79.666351 66.246575
51863.822875 79.659292 66.246575
51732.821108 79.838653 66.246575
51723.750651 79.645145 66.246575
51653.787935 79.638057 66.246575
51645.947274 79.444387 66.246575
51514.009293 79.623853 66.246575
51506.266494 79.429919 66.246575
51374.426374 79.609611 66.246575
51366.781436 79.415412 66.246575
51174.097988 79.782740 66.246575
51165.418975 79.588174 66.246575
50858.874563 80.332956 66.246575
50965.384171 79.761615 66.246575
50956.851950 79.566650 66.246575
50887.427469 79.559455 66.246575
50880.125045 79.364326 66.246575
50874.003487 79.169171 66.246575
50741.520736 79.349641 66.246575
50672.291977 79.342283 66.246575
50666.317211 79.146727 66.246575
50533.981252 79.327537 66.246575
50464.899285 79.320149 66.246575
50333.793123 79.501546 66.246575
50326.882142 79.305342 66.246575
50195.873841 79.486969 66.246575
50189.060722 79.290495 66.246575
50183.428470 79.093997 66.246575
50114.640086 79.086423 66.246575
50175.706565 78.700947 66.246575
49914.005047 79.260678 66.246575
49908.568517 79.063638 66.246575
49839.975855 79.056023 66.246575
49771.432124 79.048396 66.246575
49639.732261 79.230697 66.246575
49698.828451 78.843292 66.246575
49566.094513 79.025454 66.246575
49434.541442 79.208102 66.246575
49429.447425 79.010107 66.246575
49297.992215 79.192987 66.246575
49357.333058 78.804266 66.246575
49354.649706 78.606102 66.246575
49093.535354 79.170235 66.246575
49088.685990 78.971551 66.246575
49020.680494 78.963808 66.246575
48952.723929 78.956055 66.246575
48884.816295 78.948290 66.246575
48881.294589 78.749174 66.246575
48749.147817 78.932728 66.246575
48745.723973 78.733335 66.246575
48427.455685 79.493791 66.246575
48610.349078 78.717452 66.246575
48542.735027 78.709494 66.246575
48347.627845 79.085997 66.246575
48407.653715 78.693545 66.246575
48472.256261 78.301597 66.246575
48404.837932 78.293338 66.246575
48141.061729 78.862162 66.246575
48203.547194 78.469017 66.246575
48202.876527 78.268491 66.246575
48203.386727 78.067965 66.246575
47936.410437 78.637369 66.246575
47869.285691 78.629299 66.246575
47934.279681 78.235200 66.246575
47867.252796 78.226848 66.246575
47868.007649 78.025621 66.246575
47869.943369 77.824400 66.246575
47734.198531 78.008601 66.246575
47599.634561 78.193323 66.246575
47600.585135 77.991532 66.246575
47533.851833 77.982980 66.246575
47399.434654 78.168056 66.246575
47332.799213 78.159610 66.246575
47333.945510 77.957251 66.246575
47199.675123 78.142682 66.246575
47133.186473 78.134200 66.246575
47134.479562 77.931414 66.246575
46868.286160 78.506877 66.246575
46934.014108 78.108682 66.246575
46801.120310 78.295117 66.246575
46801.477184 78.091610 66.246575
46735.282118 78.083056 66.246575
46602.535111 78.269852 66.246575
46536.437905 78.261406 66.246575
46536.990502 78.057321 66.246575
46470.991157 78.048719 66.246575
46338.439873 78.235996 66.246575
46406.872068 77.835735 66.246575
46206.685837 78.218996 66.246575
46275.215893 77.818178 66.246575
46209.461201 77.809381 66.246575
46076.022633 77.996845 66.246575
45878.295996 78.381827 66.246575
46012.490709 77.782914 66.246575
45946.931740 77.774066 66.246575
45813.688893 77.962015 66.246575
45815.960592 77.756333 66.246575
45682.815607 77.944525 66.246575
45485.382553 78.331052 66.246575
45485.537171 78.124623 66.246575
45486.872656 77.918196 66.246575
45489.389007 77.711779 66.246575
45424.221482 77.702830 66.246575
45291.370080 77.891754 66.246575
45094.230609 78.279838 66.246575
45229.012489 77.675905 66.246575
44964.238072 78.262668 66.246575
45167.982556 77.459761 66.246575
45034.243870 77.648864 66.246575
44901.686051 77.838526 66.246575
44836.909970 77.829610 66.246575
44839.915626 77.621705 66.246575
44575.434793 78.210859 66.246575
44710.608116 77.603534 66.246575
44511.694079 77.993504 66.246575
44513.763521 77.784836 66.246575
44449.281023 77.775842 66.246575
44384.847455 77.766835 66.246575
44253.861947 77.958056 66.246575
44256.127112 77.748782 66.246575
44259.573143 77.539521 66.246575
43931.195686 78.333551 66.246575
44063.413575 77.721603 66.246575
43739.661724 78.518064 66.246575
43868.581665 77.904496 66.246575
43739.070607 78.097044 66.246575
43610.740416 78.290161 66.246575
43676.602087 77.877539 66.246575
43612.706755 77.868528 66.246575
43548.860353 77.859502 66.246575
43419.593948 78.052691 66.246575
43421.314342 77.841413 66.246575
43424.215603 77.630146 66.246575
43164.158120 78.228879 66.246575
43296.963175 77.611693 66.246575
43101.340551 78.008010 66.246575
43103.305598 77.795955 66.246575
42974.381706 77.990046 66.246575
42910.975679 77.981044 66.246575
42913.087518 77.768519 66.246575
42784.310417 77.962999 66.246575
42721.051182 77.953957 66.246575
42593.503879 78.149152 66.246575
42594.679503 77.935833 66.246575
42467.230061 78.131290 66.246575
42340.961486 78.327333 66.246575
42341.151966 78.113375 66.246575
42214.981252 78.309683 66.246575
42152.064530 78.300839 66.246575
42152.401801 78.086403 66.246575
42026.377879 78.283110 66.246575
41963.607949 78.274226 66.246575
41718.063381 78.885216 66.246575
41838.214880 78.256418 66.246575
41838.796804 78.041179 66.246575
41713.017534 78.238556 66.246575
41650.492257 78.229605 66.246575
41465.001595 78.635086 66.246575
41402.574179 78.626407 66.246575
41340.195693 78.617715 66.246575
41277.866137 78.609010 66.246575
41097.098943 79.017155 66.246575
40977.321869 79.217755 66.246575
40915.139105 79.209467 66.246575
40796.591828 79.410793 66.246575
39457.492554 87.104461 66.246575
39380.924783 87.319110 66.246575
39293.269953 87.751424 66.246575
39271.531430 87.097607 66.246575
40600.615444 78.949367 66.246575
40597.452510 78.730879 66.246575
40476.983874 78.932291 66.246575
40473.918801 78.713469 66.246575
40353.548026 78.915162 66.246575
40234.358118 79.117455 66.246575
40348.794470 78.476835 66.246575
40054.802410 79.312048 66.246575
40165.940814 78.669710 66.246575
39931.855867 79.295413 66.246575
39984.414816 78.863461 66.246575
39981.741188 78.643294 66.246575
38470.788662 87.067531 66.246575
38381.603917 87.504654 66.246575
38333.799626 87.282714 66.246575
38211.538111 87.278368 66.246575
38180.676283 86.835492 66.246575
38119.667852 86.832958 66.246575
38043.044616 87.051077 66.246575
37982.134046 87.048711 66.246575
37906.740607 87.267439 66.246575
37820.260109 87.708031 66.246575
37771.764257 87.484577 66.246575
37738.981070 87.039210 66.246575
37663.783354 87.258633 66.246575
37617.698165 87.034437 66.246575
37557.130109 87.032044 66.246575
38718.343846 79.349924 66.246575
38713.155158 79.126206 66.246575
38597.452385 79.333064 66.246575
36939.608923 87.231872 66.246575
36909.774636 86.781415 66.246575
36834.130010 87.003031 66.246575
36759.666252 87.225099 66.246575
36686.383360 87.447614 66.246575
36626.549261 87.445529 66.246575
36594.695754 86.993234 66.246575
36534.959516 86.990775 66.246575
36460.740410 87.213739 66.246575
36415.633832 86.985844 66.246575
36315.844799 87.661013 66.246575
36268.572209 87.432945 66.246575
36196.812698 87.657169 66.246575
35840.890728 87.645558 66.246575
35794.009582 87.415972 66.246575
35663.590305 87.639709 66.246575
35440.142694 87.403095 66.246575
34550.914105 87.601983 66.246575
34505.109431 87.368120 66.246575
34434.817835 87.597942 66.246575
33825.454673 87.107149 66.246575
33754.618307 87.339002 66.246575
33697.230734 87.336735 66.246575
33639.892092 87.334465 66.246575
33582.602380 87.332190 66.246575
33513.093673 87.565114 66.246575
33398.758902 87.560947 66.246575
32898.942419 87.304593 66.246575
32830.020878 87.539898 66.246575
32660.353616 87.533513 66.246575
32434.815628 87.524947 66.246575
32153.994079 87.514155 66.246575
32110.244487 87.271667 66.246575
32054.275899 87.269284 66.246575
31942.485515 87.264506 66.246575
31886.663719 87.262111 66.246575
31830.890853 87.259712 66.246575
31775.166918 87.257308 66.246575
31707.223987 87.496692 66.246575
31677.265702 87.010582 66.246575
31636.220357 86.765943 66.246575
31566.160345 87.005321 66.246575
31510.681063 87.002683 66.246575
31455.250711 87.000041 66.246575
31399.869289 86.997394 66.246575
31331.136936 87.237926 66.246575
31275.853375 87.235484 66.246575
31220.618745 87.233038 66.246575
32155.669078 79.524348 66.246575
32100.532309 79.515253 66.246575
31949.596628 79.980381 66.246575
31894.557720 79.971650 66.246575
31886.925696 79.725212 66.246575
31784.626696 79.954143 66.246575
30835.346390 87.215792 66.246575
30808.434866 86.722736 66.246575
30725.708949 87.210826 66.246575
30658.695698 87.454218 66.246575
30629.667093 86.959843 66.246575
30561.619766 87.203342 66.246575
31448.767376 79.653100 66.246575
31394.217773 79.644015 66.246575
30356.919079 86.946203 66.246575
30276.848479 87.438204 66.246575
30248.162388 86.940713 66.246575
30139.601418 86.935203 66.246575
30085.394329 86.932440 66.246575
30005.568382 87.426642 66.246575
29951.459154 87.424317 66.246575
30712.734875 80.277953 66.246575
29843.387489 87.419654 66.246575
29789.425053 87.417317 66.246575
29747.779473 87.165314 66.246575
29707.314760 86.912963 66.246575
29627.831327 87.410278 66.246575
30434.494711 79.982372 66.246575
29532.614755 87.154998 66.246575
30327.108074 79.964469 66.246575
30228.394071 80.199614 66.246575
30361.991018 79.215756 66.246575
30166.395097 79.937494 66.246575
30254.995825 79.196475 66.246575
30059.497765 79.919432 66.246575
30148.196354 79.177126 66.246575
30046.380125 79.411665 66.246575
29945.744763 79.646995 66.246575
29892.516284 79.637680 66.246575
29935.184579 79.138221 66.246575
29833.564072 79.373529 66.246575
29828.972274 79.118665 66.246575
29876.315105 78.619086 66.246575
30037.665691 77.633573 66.246575
30340.190505 76.172070 66.246575
30683.513957 74.726034 66.246575
31144.424347 73.063089 66.246575
31833.668063 70.968005 66.246575
31869.036552 70.723379 66.246575
32273.863663 69.574418 66.246575
33221.152285 67.340491 66.246575
33600.226095 66.453619 66.246575
33997.459817 65.576932 66.246575
33944.965296 65.556820 66.246575
34360.407861 64.690006 66.246575
35688.088377 62.400181 66.246575
36866.768972 60.587740 66.246575
37245.187802 59.981241 66.246575
38237.563507 58.622144 66.246575
38339.122540 58.410368 66.246575
39233.301017 57.274371 66.246575
41021.973211 55.280630 66.246575
41495.719348 54.733788 66.246575
44225.526953 52.198099 66.246575
44563.721962 51.849406 66.246575
46117.697238 50.560782 66.246575
46271.667856 50.379560 66.246575
47907.240410 49.139797 66.246575
48726.337344 48.522486 66.246575
50014.870046 47.629491 66.246575
50419.010947 47.318944 66.246575
51998.365779 46.319523 66.246575
53145.736603 45.616552 66.246575
55576.987249 44.283131 66.246575
55525.520269 44.255904 66.246575
57541.814881 43.225889 66.246575
59359.121000 42.350878 66.246575
59851.895450 42.086419 66.246575
62589.013563 40.904950 66.246575
63396.380806 40.541751 66.246575
63633.667805 40.403685 66.246575
64162.859940 40.156148 66.246575
64111.784405 40.129097 66.246575
64352.614005 39.992572 66.246575
64301.636330 39.965496 66.246575
63958.851380 40.047814 66.246575
64492.815913 39.802379 66.246575
64441.985030 39.775257 66.246575
64685.323155 39.639747 66.246575
64634.590133 39.612602 66.246575
63414.217348 40.021734 66.246575
64239.150803 39.666556 66.246575
64188.564572 39.639327 66.246575
64138.027272 39.612076 66.246575
63794.550761 39.693551 66.246575
64037.099464 39.557511 66.246575
64576.081047 39.314272 66.246575
64822.123420 39.179775 66.246575
65367.994482 38.939585 66.246575
65019.102942 39.018492 66.246575
65868.247435 38.674150 66.246575
65818.101579 38.646878 66.246575
66070.048286 38.514920 66.246575
65417.044963 38.697396 66.246575
65367.045898 38.670039 66.246575
65317.095764 38.642661 66.246575
64967.414802 38.720802 66.246575
64917.562529 38.693359 66.246575
64569.111363 38.771878 66.246575
64519.356951 38.744370 66.246575
64768.299294 38.610905 66.246575
64718.642743 38.583378 66.246575
64370.387299 38.661721 66.246575
63726.928772 38.847341 66.246575
63088.046921 39.034838 66.246575
63627.958184 38.792001 66.246575
63283.294272 38.871581 66.246575
62939.811227 38.951596 66.246575
62597.509048 39.032047 66.246575
62548.243942 39.004212 66.246575
62207.171560 39.085060 66.246575
63332.220754 38.625464 66.246575
62693.730347 38.812423 66.246575
432855.107764 13.786026 66.246575
438594.841509 13.679825 66.246575
438545.869986 13.666676 66.246575
439465.701537 13.638177 66.246575
437480.451523 13.655742 66.246575
437431.626791 13.642575 66.246575
442232.281391 13.553038 66.246575
441211.404567 13.555129 66.246575
440191.708610 13.557225 66.246575
440143.079600 13.544093 66.246575
436221.746819 13.592038 66.246575
435207.857335 13.594189 66.246575
24303.038577 83.533424 66.246575
24180.447611 84.353257 66.246575
24155.650544 84.071591 66.246575
24132.034343 83.789641 66.246575
24083.747847 83.783394 66.246575
24035.510281 83.777135 66.246575
24040.155907 83.218130 66.246575
23890.875426 84.319028 66.246575
23778.814401 85.147765 66.246575
23794.742808 84.307526 66.246575
23702.971125 84.858946 66.246575
23634.835662 85.132973 66.246575
23607.132090 84.848493 66.246575
23539.094488 85.123061 66.246575
23491.297297 85.118090 66.246575
23443.549037 85.113109 66.246575
23342.066883 85.951455 66.246575
23311.212155 85.665697 66.246575
23263.610686 85.661257 66.246575
23183.598741 86.221375 66.246575
23136.095133 86.217492 66.246575
22932.038208 86.485898 66.246575
22931.770459 85.629916 66.246575
22824.169366 86.763403 66.246575
22894.577973 84.768721 66.246575
22808.214784 85.331767 66.246575
22761.151551 85.326933 66.246575
22774.711690 84.468044 66.246575
22773.788961 83.893714 66.246575
22777.442908 83.319418 66.246575
22814.920502 82.462185 66.246575
22768.101922 82.454394 66.246575
22751.711179 82.163299 66.246575
22736.501304 81.872001 66.246575
22791.153666 81.015623 66.246575
22817.739923 80.442644 66.246575
22733.995469 80.714686 66.246575
22518.596887 82.122584 66.246575
22536.274445 81.545552 66.246575
22594.567268 80.685827 66.246575
22585.359588 80.393139 66.246575
22830.918212 78.413957 66.246575
22830.863884 78.122586 66.246575
22606.520021 79.232568 66.246575
22647.129889 78.658667 66.246575
22557.034191 78.928327 66.246575
23949.584075 72.067208 66.246575
24276.170511 70.733335 66.246575
24077.739089 71.238741 66.246575
24107.457620 70.957311 66.246575
24061.568719 70.938461 66.246575
24249.489453 70.134770 66.246575
24124.646242 70.376166 66.246575
24000.983898 70.618809 66.246575
23955.290720 70.599594 66.246575
23832.858173 70.843669 66.246575
23787.262856 70.824601 66.246575
23818.504767 70.541729 66.246575
23620.562650 71.051197 66.246575
23727.558784 70.502967 66.246575
23309.537061 71.814179 66.246575
23484.363864 70.994227 66.246575
23364.537704 71.241756 66.246575
23173.631858 71.759058 66.246575
23200.688537 71.471872 66.246575
22942.147745 72.262579 66.246575
263091.597073 16.317351 66.246575
262306.436990 16.324204 66.246575
263742.766776 16.260275 66.246575
266674.066667 16.150128 66.246575
264395.264138 16.203339 66.246575
264350.402779 16.186601 66.246575
265049.089159 16.146544 66.246575
265748.956406 16.106592 66.246575
264959.611092 16.113097 66.246575
263429.079772 16.142938 66.246575
264870.328747 16.079638 66.246575
22007.895593 73.702341 66.246575
21721.875863 74.808187 66.246575
21677.405947 74.792236 66.246575
21519.026138 75.343315 66.246575
21531.067527 75.043663 66.246575
21375.049451 75.597527 66.246575
21618.502159 74.162479 66.246575
21341.831502 75.281227 66.246575
21530.100564 74.129143 66.246575
21367.486592 74.679659 66.246575
21692.451066 72.969765 66.246575
21584.084526 73.232430 66.246575
21669.909849 72.654130 66.246575
21899.173272 71.523884 66.246575
21716.429098 72.059464 66.246575
21882.585320 71.209117 66.246575
21911.060984 70.913937 66.246575
21940.717516 70.619149 66.246575
21823.637999 70.874264 66.246575
21927.916817 70.304390 66.246575
22036.772311 69.737279 66.246575
22150.204481 69.173021 66.246575
22268.213327 68.611703 66.246575
21906.298395 69.674369 66.246575
22263.825488 68.298908 66.246575
22388.772743 67.741439 66.246575
22518.296675 67.187130 66.246575
22652.397282 66.636055 66.246575
22699.571094 66.349829 66.246575
22934.328524 65.543899 66.246575
22891.228663 65.519377 66.246575
23234.566470 64.465514 66.246575
23191.564470 64.440147 66.246575
23450.288286 63.653079 66.246575
23105.707262 64.389273 66.246575
23676.393250 62.848261 66.246575
23739.805616 62.572789 66.246575
23912.881364 62.051266 66.246575
23870.172947 62.024079 66.246575
24047.874302 61.506007 66.246575
24230.152333 60.991798 66.246575
24301.732906 60.722103 66.246575
24145.078013 60.935861 66.246575
24684.644601 59.709042 66.246575
24882.965463 59.208483 66.246575
24719.665744 59.414814 66.246575
24920.348340 58.915799 66.246575
25251.069172 58.189744 66.246575
25083.388499 58.391200 66.246575
25549.856182 57.443135 66.246575
25637.724238 57.186115 66.246575
25859.026341 56.705354 66.246575
26084.905119 56.228733 66.246575
25642.775312 56.868904 66.246575
26411.347906 55.505977 66.246575
26508.516106 55.256606 66.246575
26748.173842 54.792239 66.246575
26992.408255 54.332054 66.246575
26950.678448 54.300223 66.246575
27346.506820 53.633559 66.246575
27304.874874 53.601401 66.246575
27710.988534 52.944181 66.246575
27973.578580 52.500545 66.246575
27779.465393 52.672989 66.246575
28044.417173 52.231185 66.246575
29273.859351 50.605708 66.246575
29561.547720 50.185143 66.246575
29520.258288 50.151744 66.246575
29149.991055 50.505769 66.246575
29604.037486 49.892659 66.246575
29067.656844 50.438907 66.246575
29355.589865 50.017682 66.246575
29986.181785 49.221473 66.246575
30287.795903 48.812735 66.246575
30246.848985 48.778802 66.246575
30728.355471 48.190238 66.246575
31041.435745 47.791617 66.246575
30646.706287 48.121982 66.246575
31499.267941 47.184078 66.246575
31277.639233 47.328421 66.246575
31599.970719 46.937681 66.246575
31742.556630 46.726575 66.246575
32071.777596 46.341782 66.246575
32031.271052 46.307213 66.246575
32365.117624 45.926316 66.246575
32703.540872 45.549355 66.246575
32663.181120 45.514629 66.246575
33394.117396 44.807124 66.246575
32582.608408 45.445050 66.246575
33706.057712 44.406943 66.246575
33863.799170 44.208246 66.246575
34222.890855 43.848588 66.246575
34586.559217 43.492708 66.246575
34546.541979 43.457729 66.246575
34914.835946 43.105578 66.246575
35287.706590 42.757144 66.246575
35247.836144 42.722096 66.246575
35625.332394 42.377339 66.246575
35795.916596 42.188791 66.246575
35756.192941 42.153675 66.246575
