98180.310071 58.392764 342.410959
97878.887608 58.486221 342.410959
97578.450187 58.579966 342.410959
97278.997809 58.673999 342.410959
97202.895768 58.660350 342.410959
97126.834544 58.646690 342.410959
97274.123656 58.525241 342.410959
96974.834544 58.619338 342.410959
97346.459037 58.390232 342.410959
97270.561077 58.376477 342.410959
96970.450187 58.470346 342.410959
96007.061134 58.889729 342.410959
97043.112098 58.335146 342.410959
96967.377404 58.321348 342.410959
96444.120258 58.523267 342.410959
96591.776718 58.401484 342.410959
96740.418220 58.279888 342.410959
96664.846792 58.266046 342.410959
96589.316179 58.252194 342.410959
96066.263115 58.454322 342.410959
96214.123656 58.332353 342.410959
96138.715493 58.318494 342.410959
95617.673330 58.521276 342.410959
96437.473337 58.075047 342.410959
96362.187622 58.061103 342.410959
96061.744751 58.154923 342.410959
95762.286922 58.249036 342.410959
94799.550930 58.669958 342.410959
95836.254955 58.113072 342.410959
95761.173322 58.099100 342.410959
95911.330480 57.977214 342.410959
95836.330480 57.963194 342.410959
95761.371296 57.949163 342.410959
95461.254955 58.043101 342.410959
95386.377404 58.029074 342.410959
94863.977401 58.231865 342.410959
95461.942724 57.892929 342.410959
94937.735901 58.095266 342.410959
95087.275363 57.972856 342.410959
95237.799867 57.850638 342.410959
94937.969241 57.944680 342.410959
94193.448841 58.256675 342.410959
95014.024357 57.808248 342.410959
94714.316179 57.902333 342.410959
94415.593044 57.996717 342.410959
94341.164473 57.982594 342.410959
94716.228439 57.751572 342.410959
94641.881500 57.737375 342.410959
94342.377404 57.831533 342.410959
94493.310071 57.708948 342.410959
93302.537976 58.239397 342.410959
94571.044108 57.572292 342.410959
93821.307330 57.883421 342.410959
94196.657010 57.651959 342.410959
93897.397812 57.746205 342.410959
93599.123656 57.840750 342.410959
93974.595786 57.609100 342.410959
93451.205289 57.812247 342.410959
93826.759051 57.580471 342.410959
92636.354303 58.111998 342.410959
93679.085582 57.551797 342.410959
93155.858350 57.755104 342.410959
93531.575378 57.523077 342.410959
93008.429779 57.726465 342.410959
93159.030465 57.603089 342.410959
92861.164473 57.697781 342.410959
92341.918228 57.902394 342.410959
92938.316179 57.559934 342.410959
93090.024357 57.436647 342.410959
92567.123656 57.640275 342.410959
93169.309414 57.299080 342.410959
92644.601894 57.502234 342.410959
92796.473337 57.378799 342.410959
92050.426380 57.692123 342.410959
92649.942724 57.349807 342.410959
92351.540669 57.444350 342.410959
91830.814135 57.648815 342.410959
92205.254955 57.415340 342.410959
91907.919575 57.510218 342.410959
91834.878759 57.495710 342.410959
91761.878759 57.481190 342.410959
91688.919575 57.466658 342.410959
91616.001208 57.452115 342.410959
91767.377404 57.328032 342.410959
91470.286922 57.422995 342.410959
91621.744751 57.298837 342.410959
91101.426380 57.503703 342.410959
90806.346800 57.599298 342.410959
91179.348146 57.364614 342.410959
90661.040677 57.570166 342.410959
90367.027772 57.666101 342.410959
90961.572636 57.320707 342.410959
90889.062432 57.306048 342.410959
90593.283523 57.401433 342.410959
90744.164473 57.276694 342.410959
90896.030465 57.152163 342.410959
90823.683526 57.137431 342.410959
90751.377404 57.122688 342.410959
90454.858350 57.217846 342.410959
90159.324339 57.313316 342.410959
90534.703934 57.078387 342.410959
90014.997809 57.283850 342.410959
90615.657010 56.939051 342.410959
90318.397812 57.033980 342.410959
90246.377404 57.019154 342.410959
90399.595786 56.894498 342.410959
88990.632563 57.542804 342.410959
90030.561077 56.974605 342.410959
90183.901908 56.849838 342.410959
89439.324339 57.165511 342.410959
90040.310071 56.820005 342.410959
89519.123656 57.025286 342.410959
89224.120258 57.120938 342.410959
89375.776718 56.995483 342.410959
89528.418220 56.870242 342.410959
87906.899312 57.633542 342.410959
89161.062432 56.950689 342.410959
88201.999910 57.380105 342.410959
88794.814135 57.031468 342.410959
88946.715493 56.905787 342.410959
88652.038625 57.001549 342.410959
88804.021616 56.875792 342.410959
88509.426380 56.971581 342.410959
88661.491003 56.845750 342.410959
88366.977401 56.941565 342.410959
88519.123656 56.815658 342.410959
88672.254955 56.689968 342.410959
88601.173322 56.674867 342.410959
88082.569237 56.881388 342.410959
87567.782874 57.089125 342.410959
87718.244759 56.962518 342.410959
87869.691686 56.836128 342.410959
87798.814135 56.821017 342.410959
61471.404431 -88.570788 342.410959
61400.608512 -88.569964 342.410959
61321.827487 -88.728068 342.410959
61237.894033 -89.045432 342.410959
61207.350181 -88.249331 342.410959
61102.725381 -88.885087 342.410959
61047.241165 -88.565830 342.410959
60976.690145 -88.565001 342.410959
60906.179941 -88.564170 342.410959
60820.602932 -88.882504 342.410959
60765.281982 -88.562506 342.410959
86951.467197 56.638729 342.410959
86881.120258 56.623458 342.410959
87258.377404 56.385628 342.410959
86740.548829 56.592880 342.410959
86893.633861 56.466105 342.410959
60328.460075 -88.877955 342.410959
60265.398915 -88.716967 342.410959
60222.207324 -88.235065 342.410959
60118.153953 -88.875994 342.410959
60055.215242 -88.714723 342.410959
86697.397812 56.262514 342.410959
86403.205289 56.358424 342.410959
86333.307330 56.342992 342.410959
86040.140666 56.439242 342.410959
85747.959045 56.535819 342.410959
59628.868238 -88.871391 342.410959
85830.814135 56.392907 342.410959
85761.120258 56.377437 342.410959
59453.778753 -88.223692 342.410959
59357.256058 -88.707187 342.410959
59287.684630 -88.706429 342.410959
59211.072320 -88.867416 342.410959
59156.690145 -88.543089 342.410959
85567.123656 56.172405 342.410959
85497.715493 56.156821 342.410959
84982.673330 56.365513 342.410959
85583.275363 56.013887 342.410959
85739.187622 55.886780 342.410959
85220.491003 56.094360 342.410959
84263.714195 56.528872 342.410959
85306.377404 55.951226 342.410959
84567.326392 56.271972 342.410959
84720.610054 56.143869 342.410959
58379.888647 -88.859381 342.410959
58334.966417 -88.369804 342.410959
58257.037084 -88.531880 342.410959
58197.088866 -88.367874 342.410959
57178.125691 -88.188678 342.410959
57120.718988 -88.022956 342.410959
57052.494498 -88.021774 342.410959
56954.567696 -88.515184 342.410959
56886.424839 -88.514295 342.410959
56810.296874 -88.678520 342.410959
56750.261574 -88.512513 342.410959
56701.125691 -88.181072 342.410959
56644.004702 -88.014651 342.410959
56576.065927 -88.013459 342.410959
56508.167967 -88.012265 342.410959
56440.310825 -88.011070 342.410959
56361.635896 -88.175600 342.410959
56283.946009 -88.340359 342.410959
56169.290416 -88.006276 342.410959
56034.025110 -88.003870 342.410959
55955.595079 -88.168991 342.410959
55869.179941 -88.500828 342.410959
55831.433274 -88.000250 342.410959
55753.125691 -88.165668 342.410959
55696.576131 -87.997829 342.410959
55618.350181 -88.163446 342.410959
55532.139125 -88.496284 342.410959
55464.853410 -88.495372 342.410959
55397.608512 -88.494459 342.410959
55330.404431 -88.493544 342.410959
55272.211315 -88.325234 342.410959
55215.003242 -88.156748 342.410959
55138.007234 -88.323197 342.410959
55061.996267 -88.489876 342.410959
55013.880793 -88.153381 342.410959
54813.125691 -88.150001 342.410959
54757.147559 -87.980721 342.410959
54634.170176 -89.157831 342.410959
54612.737936 -88.146609 342.410959
54496.451770 -89.325423 342.410959
54424.112942 -89.662493 342.410959
54359.840855 -89.493437 342.410959
54226.697998 -89.492815 342.410959
54160.187794 -89.492504 342.410959
54091.357840 -89.661457 342.410959
54027.289835 -89.491880 342.410959
53958.541514 -89.661040 342.410959
53881.125691 -88.134064 342.410959
53757.734694 90.000000 342.410959
53691.982317 89.830101 342.410959
53663.567696 -88.470322 342.410959
53559.655787 -89.829891 342.410959
53493.553746 -89.829786 342.410959
53427.492521 89.829681 342.410959
53368.553810 -89.318332 342.410959
53295.020408 90.000000 342.410959
53229.553746 -89.829364 342.410959
53201.424839 -88.463691 342.410959
53097.798644 -89.829153 342.410959
53031.982317 89.829047 342.410959
52966.206807 89.828941 342.410959
52900.000000 90.000000 342.410959
52836.194575 89.657459 342.410959
52770.541514 -89.657246 342.410959
52703.512929 89.828515 342.410959
52637.469388 90.000000 342.410959
52572.410889 89.828301 342.410959
52506.921093 89.828194 342.410959
52442.888453 89.656177 342.410959
52377.480289 89.655962 342.410959
52314.473508 89.483629 342.410959
52245.370072 89.827765 342.410959
52180.084358 -89.827657 342.410959
52114.839460 89.827549 342.410959
52053.412284 89.482336 342.410959
51985.888453 89.654669 342.410959
51923.126569 89.481687 342.410959
51855.684371 89.654236 342.410959
51790.643555 89.654019 342.410959
51723.755102 90.000000 342.410959
51663.044937 89.480384 342.410959
51594.349664 -89.826681 342.410959
51530.888453 89.653148 342.410959
51468.412284 89.479402 342.410959
51446.578662 -88.264063 342.410959
51336.500698 89.652492 342.410959
51271.786412 89.652272 342.410959
51205.696603 89.826025 342.410959
51142.480289 89.651833 342.410959
51076.472113 89.825805 342.410959
51013.337432 89.651393 342.410959
50951.187794 89.476766 342.410959
50884.357840 89.650951 342.410959
50819.929269 -89.650730 342.410959
50754.125174 89.825253 342.410959
50693.555141 89.475438 342.410959
50636.802829 89.125219 342.410959
50564.983712 89.474772 342.410959
50508.313033 89.124107 342.410959
50439.880341 89.298820 342.410959
50398.398915 -88.596958 342.410959
50334.296874 -88.596065 342.410959
50287.231723 -88.244161 342.410959
50183.553810 89.297032 342.410959
50123.823237 89.120754 342.410959
50065.077706 88.944267 342.410959
49988.432692 89.471751 342.410959
49937.322604 88.942917 342.410959
49873.506278 88.942241 342.410959
49804.537523 89.117939 342.410959
49736.553810 89.293879 342.410959
49688.439667 88.763626 342.410959
49618.649135 88.939528 342.410959
49545.594627 89.292520 342.410959
49486.272217 89.115107 342.410959
49422.741604 89.114539 342.410959
49359.251808 89.113969 342.410959
49322.241165 88.404404 342.410959
49258.833002 88.403377 342.410959
49174.220563 88.934746 342.410959
49124.113201 88.578873 342.410959
49060.827487 88.577957 342.410959
48997.582589 88.577039 342.410959
48942.404431 88.398223 342.410959
48871.215242 88.575200 342.410959
48808.092793 88.574279 342.410959
48745.011160 88.573357 342.410959
48681.970344 88.572433 342.410959
48618.970344 88.571508 342.410959
48556.011160 88.570582 342.410959
48493.092793 88.569655 342.410959
48430.215242 88.568726 342.410959
48360.296810 88.746761 342.410959
48304.582589 88.566866 342.410959
48228.608318 88.924352 342.410959
48187.139125 88.385715 342.410959
48116.439732 88.564066 342.410959
48046.725381 -88.742678 342.410959
47991.215242 88.562194 342.410959
47936.690145 88.381503 342.410959
47866.154017 88.560316 342.410959
47820.680703 88.199433 342.410959
47768.166508 88.018219 342.410959
47695.864376 88.197078 342.410959
47633.517438 88.195898 342.410959
47562.241165 88.375143 342.410959
47484.868238 -88.735260 342.410959
47446.721519 88.192349 342.410959
47367.541772 88.552757 342.410959
47332.309365 88.009112 342.410959
47260.292948 88.188786 342.410959
47198.231723 88.187595 342.410959
47156.984294 87.824003 342.410959
47084.146100 88.003870 342.410959
47044.868755 87.639762 342.410959
46995.717851 87.456761 342.410959
46933.860708 87.455084 342.410959
46872.044382 87.453406 342.410959
46823.960153 87.269971 342.410959
46776.860967 87.086350 342.410959
46674.093245 87.630401 342.410959
46625.187239 87.446669 342.410959
46591.901783 87.080568 342.410959
46530.330355 87.078635 342.410959
46468.799743 87.076700 342.410959
46422.889681 86.892283 342.410959
46361.440701 86.890222 342.410959
46300.032538 86.888158 342.410959
46255.189151 86.703314 342.410959
46211.330807 86.518292 342.410959
46132.576906 86.698931 342.410959
46088.800195 86.513661 342.410959
46027.596113 86.511341 342.410959
45984.845261 86.325773 342.410959
45923.722812 86.323325 342.410959
45826.760580 86.687922 342.410959
45801.600363 86.318420 342.410959
45722.187950 86.499694 342.410959
45679.641179 86.313502 342.410959
45618.722812 86.311038 342.410959
45539.432848 86.492669 342.410959
45516.365166 86.121955 342.410959
45455.569247 86.119359 342.410959
45394.814145 86.116759 342.410959
45314.743220 86.298668 342.410959
45273.426390 86.111548 342.410959
45212.793737 86.108938 342.410959
45152.201900 86.106324 342.410959
45091.650880 86.103706 342.410959
44993.371624 86.471423 342.410959
44970.671288 86.098461 342.410959
44910.242717 86.095833 342.410959
44891.400919 85.722446 342.410959
44789.508023 86.090566 342.410959
44749.502766 85.902259 342.410959
44710.482551 85.713785 342.410959
44629.012970 85.896721 342.410959
44568.829296 85.893947 342.410959
44508.686439 85.891169 342.410959
44469.829490 85.702181 342.410959
44388.523174 85.885602 342.410959
44349.747858 85.696355 342.410959
44248.222308 86.066689 342.410959
44252.018808 85.503898 342.410959
44148.686439 85.874422 342.410959
44068.528431 86.058666 342.410959
44050.258062 85.681723 342.410959
43969.237460 85.865997 342.410959
43952.937176 85.488595 342.410959
43871.053980 85.672895 342.410959
43833.590237 85.482445 342.410959
43821.189307 85.104405 342.410959
43761.617879 85.101065 342.410959
43702.087267 85.097722 342.410959
43618.519700 85.282183 342.410959
43583.148491 85.091021 342.410959
43523.740328 85.087663 342.410959
43489.394978 84.896216 342.410959
43430.068447 84.892722 342.410959
43370.782733 84.889224 342.410959
43239.304523 85.451441 342.410959
43278.299977 84.693727 342.410959
43246.047161 84.501588 342.410959
43186.924712 84.497814 342.410959
43127.843080 84.494035 342.410959
43041.891814 84.679132 342.410959
43009.802263 84.486461 342.410959
42950.843080 84.482667 342.410959
42919.779388 84.289720 342.410959
42860.901837 84.285786 342.410959
42774.210426 84.471251 342.410959
42772.068086 84.088495 342.410959
42743.056113 83.895010 342.410959
42625.799796 84.269997 342.410959
42625.668358 83.886577 342.410959
42597.723060 83.692693 342.410959
42508.443868 83.878121 342.410959
42420.149719 84.063937 342.410959
42422.069998 83.679596 342.410959
42303.170127 84.055706 342.410959
42305.172039 83.670834 342.410959
42246.784284 83.666444 342.410959
42188.437345 83.662048 342.410959
42194.338612 83.276680 342.410959
42071.865917 83.653237 342.410959
42045.273008 83.458007 342.410959
42019.665142 83.262656 342.410959
41995.042319 83.067188 342.410959
41936.940278 83.062363 342.410959
41812.783212 83.439765 342.410959
41787.338612 83.243866 342.410959
41729.359020 83.239152 342.410959
41704.940278 83.042998 342.410959
41580.946478 83.421422 342.410959
41491.457754 83.608816 342.410959
41565.833110 82.836733 342.410959
41508.057599 82.831723 342.410959
41415.858645 83.018640 342.410959
41358.164768 83.013748 342.410959
41334.975967 82.816652 342.410959
41176.803620 83.389073 342.410959
41219.792293 82.806570 342.410959
41234.022880 82.416825 342.410959
41140.180372 82.603896 342.410959
41119.084105 82.406171 342.410959
40989.914742 82.786320 342.410959
41004.308595 82.395488 342.410959
40910.629351 82.583059 342.410959
40853.343637 82.577832 342.410959
40796.098739 82.572597 342.410959
40775.247370 82.374031 342.410959
40611.858645 82.949526 342.410959
40698.258595 82.169843 342.410959
40603.880023 82.357860 342.410959
40584.136146 82.158773 342.410959
40604.562703 81.766141 342.410959
40547.603519 81.760320 342.410959
40490.685152 81.754490 342.410959
40433.807601 81.748652 342.410959
40337.785474 81.936790 342.410959
40320.174948 81.736952 342.410959
40224.234454 81.925341 342.410959
40167.520168 81.919604 342.410959
40190.161709 81.525012 342.410959
40133.529056 81.518991 342.410959
40036.807601 81.707557 342.410959
40020.386198 81.506922 342.410959
39963.875994 81.500875 342.410959
39948.480451 81.300017 342.410959
39810.848417 81.683891 342.410959
39835.664124 81.287611 342.410959
39738.243341 81.476601 342.410959
39564.381044 82.057720 342.410959
39585.542295 81.660090 342.410959
39652.539338 81.067285 342.410959
39433.948740 81.844286 342.410959
39583.175104 80.859034 342.410959
39484.110766 81.048097 342.410959
39471.011839 80.845944 342.410959
39458.897954 80.643726 342.410959
39192.828009 81.618112 342.410959
39218.092696 81.218744 342.410959
39291.081627 80.623586 342.410959
39191.317961 80.813055 342.410959
39179.408158 80.610112 342.410959
39168.483397 80.407110 342.410959
39067.897954 80.596600 342.410959
39012.204076 80.589829 342.410959
38707.275270 81.767560 342.410959
38991.584495 80.182896 342.410959
38982.752269 79.979354 342.410959
38834.687479 80.365580 342.410959
38871.731861 79.964907 342.410959
38769.543679 80.154545 342.410959
38760.874718 79.950418 342.410959
38753.190799 79.746248 342.410959
38697.864269 79.738841 342.410959
38642.578554 79.731424 342.410959
38587.333656 79.723996 342.410959
38532.129575 79.716558 342.410959
38476.966309 79.709108 342.410959
38421.843860 79.701649 342.410959
38366.762228 79.694178 342.410959
38311.721411 79.686697 342.410959
38354.920947 79.283670 342.410959
38154.078799 79.869983 342.410959
38195.471515 79.466020 342.410959
38190.165845 79.260306 342.410959
38037.129575 79.649129 342.410959
38030.961311 79.443000 342.410959
38025.778090 79.236840 342.410959
37921.491923 79.427598 342.410959
37966.906442 79.022662 342.410959
37861.757682 79.213273 342.410959
37708.966309 79.603688 342.410959
37752.614825 79.197505 342.410959
37648.532740 79.388899 342.410959
37694.151340 78.982523 342.410959
37639.722769 78.974460 342.410959
37534.818906 79.165832 342.410959
37530.988075 78.958299 342.410959
37327.966309 79.550173 342.410959
37473.876980 78.742500 342.410959
37219.476513 79.534783 342.410959
37314.008483 78.925838 342.410959
37363.730519 78.517952 342.410959
37205.763585 78.909536 342.410959
37203.162694 78.701079 342.410959
37254.895632 78.292744 342.410959
37147.567254 78.484137 342.410959
36841.047942 79.480562 342.410959
36987.325959 78.667724 342.410959
36985.873377 78.458647 342.410959
36879.652490 78.650974 342.410959
36825.876980 78.642580 342.410959
36877.895632 78.232204 342.410959
36824.201755 78.223505 342.410959
36562.818906 79.021002 342.410959
36663.587662 78.407331 342.410959
36506.151340 78.802410 342.410959
36504.081061 78.591961 342.410959
36556.344612 78.179819 342.410959
36557.188645 77.969514 342.410959
36503.780481 77.960584 342.410959
36396.120122 78.153453 342.410959
36397.086604 77.942686 342.410959
36236.159091 78.338206 342.410959
36290.555992 77.924736 342.410959
36025.845218 78.727040 342.410959
36239.425883 77.704520 342.410959
36242.484900 77.493313 342.410959
36077.984563 77.888677 342.410959
36024.943747 77.879629 342.410959
36027.180986 77.667787 342.410959
35918.984563 77.861493 342.410959
35866.066196 77.852404 342.410959
35813.188645 77.843303 342.410959
35706.058897 78.037850 342.410959
35762.793230 77.621566 342.410959
35823.345285 77.205963 342.410959
35770.630999 77.196379 342.410959
35717.957530 77.186782 342.410959
35665.324877 77.177170 342.410959
35612.733040 77.167544 342.410959
35560.182020 77.157903 342.410959
35507.671816 77.148249 342.410959
35455.202428 77.138580 342.410959
35345.648165 77.333036 342.410959
35350.386101 77.119199 342.410959
35240.913471 77.313914 342.410959
35245.733040 77.099761 342.410959
34917.281540 78.116853 342.410959
35199.313162 76.875741 342.410959
35031.933879 77.275499 342.410959
35036.916714 77.060711 342.410959
34984.814673 77.050912 342.410959
34990.823366 76.835999 342.410959
34880.733040 77.031270 342.410959
34660.209053 77.639617 342.410959
34776.814673 77.011570 342.410959
34782.986631 76.796019 342.410959
34731.129488 76.785987 342.410959
34679.313162 76.775940 342.410959
34686.551796 76.560110 342.410959
34694.775472 76.344329 342.410959
34643.081595 76.333946 342.410959
34472.456019 76.735600 342.410959
34600.718885 76.107502 342.410959
34428.286490 76.508845 342.410959
34497.616844 76.086341 342.410959
34385.224452 76.281803 342.410959
34394.678069 76.065115 342.410959
34405.116729 75.848491 342.410959
34291.902559 76.043827 342.410959
34060.700917 76.654192 342.410959
34189.290314 76.022474 342.410959
34199.892239 75.805207 342.410959
34148.688157 75.794345 342.410959
34097.524892 75.783468 342.410959
34046.402443 75.772573 342.410959
34058.111859 75.554894 342.410959
33882.433171 75.958031 342.410959
33956.071043 75.532733 342.410959
33842.320810 75.728833 342.410959
33854.193492 75.510506 342.410959
33740.524892 75.706863 342.410959
33752.479206 75.488211 342.410959
33701.683288 75.477039 342.410959
33650.928186 75.465850 342.410959
33663.949176 75.246953 342.410959
33549.540431 75.443421 342.410959
33562.643053 75.224198 342.410959
33448.315941 75.420924 342.410959
33397.764921 75.409650 342.410959
33347.254717 75.398359 342.410959
33425.200106 74.970314 342.410959
33374.771535 74.958695 342.410959
33133.177953 75.573645 342.410959
33145.622064 75.353023 342.410959
33095.315941 75.341646 342.410959
33045.050635 75.330252 342.410959
33058.561421 75.109386 342.410959
33008.377747 75.097809 342.410959
33088.538120 74.667942 342.410959
32972.812351 74.865112 342.410959
32858.071625 75.062972 342.410959
32808.051217 75.051324 342.410959
32758.071625 75.039658 342.410959
32708.132849 75.027975 342.410959
32658.234890 75.016274 342.410959
32608.377747 75.004555 342.410959
32558.561421 74.992818 342.410959
32573.465412 74.770384 342.410959
32523.730719 74.758462 342.410959
32409.357339 74.957498 342.410959
32424.383780 74.734562 342.410959
32374.771535 74.722585 342.410959
32260.520604 74.922017 342.410959
32210.989992 74.910153 342.410959
32161.500196 74.898271 342.410959
31985.524892 75.311396 342.410959
32127.322555 74.662422 342.410959
31949.540431 75.075122 342.410959
31963.949176 74.850560 342.410959
31726.290314 75.478587 342.410959
31801.683288 75.039658 342.410959
31627.841334 75.455506 342.410959
31703.315941 75.015924 342.410959
31529.555620 75.432354 342.410959
31480.473987 75.420751 342.410959
31556.071043 74.980185 342.410959
31507.071043 74.968234 342.410959
31395.320810 75.170836 342.410959
31346.402443 75.159003 342.410959
31360.315941 74.932272 342.410959
31375.214482 74.705645 342.410959
31262.683288 74.908203 342.410959
31277.663462 74.681228 342.410959
31228.949176 74.668992 342.410959
31180.275706 74.656736 342.410959
31005.116729 75.075658 342.410959
30956.524892 75.063677 342.410959
31034.500196 74.619854 342.410959
30859.463667 75.039658 342.410959
30873.785329 74.811174 342.410959
30762.565708 75.015564 342.410959
30714.177953 75.003488 342.410959
30603.984191 75.208756 342.410959
30494.775472 75.414761 342.410959
28524.537523 -88.834435 342.410959
28476.313033 -88.833449 342.410959
28428.129359 -88.832460 342.410959
28385.179747 -88.597850 342.410959
28327.635443 -89.064336 342.410959
28279.574219 -89.063541 342.410959
28231.553810 -89.062745 342.410959
28180.269427 -89.296433 342.410959
28139.884461 -88.826495 342.410959
28087.737484 -89.060349 342.410959
28044.129359 -88.824493 342.410959
27992.064015 -89.058744 342.410959
27948.537523 -88.822484 342.410959
30008.315941 74.588340 342.410959
29960.622064 74.575773 342.410959
29727.428533 75.223486 342.410959
27750.289835 -89.291003 342.410959
27702.718406 -89.290395 342.410959
27658.492586 -89.053085 342.410959
27620.445053 -88.578568 342.410959
29739.051217 74.279965 342.410959
29756.322555 74.047424 342.410959
27463.112942 -89.524877 342.410959
27415.786412 -89.524467 342.410959
27367.084358 -89.762024 342.410959
27323.616365 -89.285489 342.410959
27279.717076 -89.046533 342.410959
27236.802829 -88.807196 342.410959
27189.680380 -88.806163 342.410959
27153.929463 -88.327412 342.410959
27095.557931 -88.804091 342.410959
27053.751176 -88.563755 342.410959
27001.598747 -88.802012 342.410959
26959.873625 -88.561256 342.410959
26926.215242 -88.080318 342.410959
26872.296810 -88.318667 342.410959
26840.608512 -87.836807 342.410959
26778.745789 -88.315732 342.410959
26776.882253 -87.111776 342.410959
26692.439732 -88.071927 342.410959
26662.803152 -87.588313 342.410959
26599.215242 -88.068550 342.410959
26569.660295 -87.584087 342.410959
26499.072320 -88.306865 342.410959
26459.684630 -88.063462 342.410959
26421.281982 -87.819701 342.410959
26393.778753 -87.333483 342.410959
26358.290416 -87.088913 342.410959
26282.241165 -87.813939 342.410959
26097.424839 -87.806208 342.410959
26060.292948 -87.560576 342.410959
25997.235650 -88.046307 342.410959
25988.984294 -87.068285 342.410959
25905.235650 -88.042840 342.410959
25852.215177 -88.285807 342.410959
25813.398915 -88.039360 342.410959
25775.567696 -87.792547 342.410959
25759.494498 -87.055243 342.410959
25713.718988 -87.052621 342.410959
23161.125691 -87.153329 342.410959
23085.208784 -86.889191 342.410959
23041.882253 -86.886264 342.410959
22987.737936 -87.142605 342.410959
22925.608512 -87.659285 342.410959
24170.329110 76.453281 342.410959
22839.241165 -87.654861 342.410959
22774.873625 -88.434608 342.410959
22731.791992 -88.433125 342.410959
23353.486494 80.162395 342.410959
23346.839207 79.899379 342.410959
23628.693872 77.872496 342.410959
23770.843860 76.862714 342.410959
24033.895632 75.366772 342.410959
23991.058897 75.353422 342.410959
24229.170305 74.116543 342.410959
24490.928186 72.892354 342.410959
24776.332541 71.681760 342.410959
24802.115479 71.428114 342.410959
25495.979344 69.073991 342.410959
25774.424450 68.139567 342.410959
26154.414701 66.991018 342.410959
26376.759976 66.301952 342.410959
26889.495655 64.962759 342.410959
27436.264298 63.649684 342.410959
27495.380871 63.415023 342.410959
28631.900473 61.104081 342.410959
29046.599882 60.271910 342.410959
29596.836583 59.254673 342.410959
29798.222479 58.838417 342.410959
30509.531397 57.656890 342.410959
30726.106548 57.252410 342.410959
31347.323486 56.292289 342.410959
32273.566337 54.990804 342.410959
33098.345677 53.901496 342.410959
33804.665431 53.010180 342.410959
33611.178334 53.154836 342.410959
34649.947380 51.943639 342.410959
35408.322031 51.093109 342.410959
35693.208006 50.741590 342.410959
36824.633679 49.602577 342.410959
38002.367258 48.498716 342.410959
38317.590924 48.169758 342.410959
39001.103664 47.547955 342.410959
39699.764843 46.937072 342.410959
40413.574458 46.336960 342.410959
41730.313385 45.333348 342.410959
41886.639000 45.168427 342.410959
43668.018902 43.938275 342.410959
44042.070313 43.649856 342.410959
45484.554604 42.730143 342.410959
46093.327884 42.328862 342.410959
46052.042169 42.300664 342.410959
46229.385661 42.149278 342.410959
46628.191037 41.876484 342.410959
47478.377404 41.366086 342.410959
46545.905323 41.819987 342.410959
47171.919575 41.429308 342.410959
46907.569237 41.521249 342.410959
47089.878759 41.372747 342.410959
46825.610054 41.464609 342.410959
46120.428481 41.800201 342.410959
46079.550930 41.771776 342.410959
45382.949027 42.112442 342.410959
45559.797272 41.960312 342.410959
45519.042169 41.931784 342.410959
45916.448889 41.657823 342.410959
45875.775420 41.629271 342.410959
45835.142767 41.600695 342.410959
46236.448841 41.329115 342.410959
46195.897820 41.300518 342.410959
46155.387616 41.271896 342.410959
46337.283523 41.122680 342.410959
47195.758394 40.617570 342.410959
47610.487718 40.354180 342.410959
47115.023700 40.560322 342.410959
46623.377404 40.768635 342.410959
46808.310071 40.621159 342.410959
46542.887608 40.711167 342.410959
46502.703934 40.682396 342.410959
46014.997809 40.892728 342.410959
45310.632563 41.226885 342.410959
45491.048180 41.076376 342.410959
45451.027772 41.047434 342.410959
44752.450333 41.384875 342.410959
44494.867394 41.479148 342.410959
44891.201988 41.204065 342.410959
44198.412355 41.544841 342.410959
44592.940129 41.268549 342.410959
44335.520455 41.362654 342.410959
44295.785761 41.333465 342.410959
338280.609381 13.812331 342.410959
337465.274410 13.814828 342.410959
43960.126641 41.369533 342.410959
338938.398782 13.755229 342.410959
43665.268889 41.435256 342.410959
338859.378373 13.727914 342.410959
340376.014344 13.682258 342.410959
341896.468036 13.636805 342.410959
341076.697648 13.639078 342.410959
340257.912303 13.641356 342.410959
339440.112001 13.643640 342.410959
339400.867103 13.629987 342.410959
337031.784614 13.664225 342.410959
340101.014344 13.586799 342.410959
339283.377307 13.589018 342.410959
337690.099176 13.607161 342.410959
18681.970344 -87.695156 342.410959
18659.966417 -87.116808 342.410959
18621.007234 -87.113791 342.410959
18592.003242 -86.822410 342.410959
18408.882253 -86.515978 342.410959
18359.350181 -86.802319 342.410959
18292.984294 -86.504945 342.410959
17708.146100 -86.743991 342.410959
17624.884461 -88.517137 342.410959
17582.737484 -88.812336 342.410959
17554.322604 -88.216903 342.410959
17511.313033 -88.512335 342.410959
17478.730767 -88.213050 342.410959
17431.553810 -88.807196 342.410959
17390.555141 -89.104372 342.410959
17350.541514 -89.402240 342.410959
17315.289835 -89.102427 342.410959
17273.941501 89.700462 342.410959
17237.827228 89.400289 342.410959
17200.337432 -89.399635 342.410959
17161.472113 -89.699482 342.410959
17127.840855 -89.097528 342.410959
17088.112942 -89.397667 342.410959
17050.786412 -89.397008 342.410959
17079.596539 86.382766 342.410959
17042.351641 86.378810 342.410959
16975.404431 87.279546 342.410959
17020.860967 85.166183 342.410959
16955.411729 85.763420 342.410959
16918.330096 85.758772 342.410959
16894.980561 85.452065 342.410959
16857.980561 85.447066 342.410959
16807.330096 85.744764 342.410959
16745.861845 86.346850 342.410959
16652.802829 88.474461 342.410959
17149.926069 79.723996 342.410959
16937.504058 81.498930 342.410959
16955.514082 80.891597 342.410959
16890.945120 81.180722 342.410959
16827.361201 81.470947 342.410959
16692.529013 82.666992 342.410959
16592.201900 83.568305 342.410959
16370.582524 -87.845661 342.410959
16368.064467 -86.613176 342.410959
16463.314649 83.851760 342.410959
16249.843645 88.455657 342.410959
16239.894227 87.218576 342.410959
192415.060285 16.848941 342.410959
16196.984294 86.285382 342.410959
194077.504692 16.735672 342.410959
193461.997364 16.743624 342.410959
195166.494883 16.648864 342.410959
195712.467543 16.605642 342.410959
196259.425245 16.562540 342.410959
16140.523174 83.166556 342.410959
16084.201900 83.467090 342.410959
16089.768266 82.843040 342.410959
16076.018808 82.526918 342.410959
16087.332164 81.903011 342.410959
16051.475022 81.893912 342.410959
16121.412041 80.656882 342.410959
16114.435433 80.340400 342.410959
16108.443868 80.023792 342.410959
16043.006862 80.318714 342.410959
16099.415865 79.390269 342.410959
16129.899462 78.769035 342.410959
16200.553493 77.846338 342.410959
16240.560985 77.228813 342.410959
16205.071189 77.214600 342.410959
16248.937219 76.598013 342.410959
16254.602900 76.282754 342.410959
16219.235553 76.267514 342.410959
16183.909022 76.252240 342.410959
16190.641378 75.936420 342.410959
15222.500891 -87.765858 342.410959
15166.051718 -89.360636 342.410959
16356.966309 74.097898 342.410959
16274.160432 74.377110 342.410959
16384.961763 73.471274 342.410959
16504.301948 72.571777 342.410959
16522.650734 72.260492 342.410959
16597.221802 71.659018 342.410959
16562.303434 71.639005 342.410959
16698.802958 70.751592 342.410959
16905.688157 69.587337 342.410959
16933.683288 69.281864 342.410959
17027.342963 68.695288 342.410959
17058.252406 68.391691 342.410959
17023.578936 68.368589 342.410959
17055.514238 68.065264 342.410959
17226.291622 67.207225 342.410959
17122.339969 67.460359 342.410959
17227.575258 66.882388 342.410959
17483.927572 65.762714 342.410959
17302.199697 66.282997 342.410959
17643.141898 64.901306 342.410959
17686.693629 64.607128 342.410959
17652.387507 64.580710 342.410959
17939.159144 63.492512 342.410959
17742.527730 63.994062 342.410959
18121.443065 62.653092 342.410959
18172.752688 62.365800 342.410959
18225.047354 62.079327 342.410959
18366.612223 61.537686 342.410959
18511.994812 61.000260 342.410959
18387.841608 61.224919 342.410959
18444.076445 60.941822 342.410959
18593.358389 60.407916 342.410959
18937.191768 59.383429 342.410959
19097.886060 58.862935 342.410959
19262.398074 58.346854 342.410959
19430.727809 57.835211 342.410959
19295.529604 58.043756 342.410959
19465.829425 57.533885 342.410959
19535.609960 57.264806 342.410959
19711.656771 56.761534 342.410959
19784.351618 56.495539 342.410959
19750.861822 56.463389 342.410959
20374.594351 55.052214 342.410959
20567.800501 54.569504 342.410959
20649.156650 54.313251 342.410959
20615.830119 54.279996 342.410959
20698.212127 54.024617 342.410959
20781.579178 53.770259 342.410959
20865.931271 53.516924 342.410959
21070.713035 53.047268 342.410959
21279.312520 52.582196 342.410959
21246.230887 52.548076 342.410959
21582.854669 51.875978 342.410959
21549.854669 51.841555 342.410959
21895.058121 51.179761 342.410959
21609.087104 51.562170 342.410959
21957.204867 50.903510 342.410959
22578.244848 49.852429 342.410959
22679.056952 49.617562 342.410959
22646.301850 49.582323 342.410959
22613.587564 49.547033 342.410959
22715.466343 49.313033 342.410959
22954.770866 48.883742 342.410959
23337.166490 48.266051 342.410959
23444.833076 48.038598 342.410959
23553.484704 47.812192 342.410959
23663.121375 47.586832 342.410959
24062.676338 46.989113 342.410959
23885.349845 47.139251 342.410959
23997.941644 46.917029 342.410959
24111.518486 46.695852 342.410959
24672.227299 45.930517 342.410959
24640.002810 45.894249 342.410959
