97063.762466 58.930860 243.780822
97208.959045 58.809158 243.780822
97355.140666 58.687638 243.780822
97502.307330 58.566301 243.780822
97202.895768 58.660350 243.780822
97126.834544 58.646690 243.780822
97274.123656 58.525241 243.780822
96531.048180 58.835690 243.780822
96455.109405 58.822052 243.780822
96600.632514 58.700048 243.780822
96303.354303 58.794742 243.780822
96007.061134 58.889729 243.780822
95931.285624 58.876074 243.780822
95199.785761 59.190043 243.780822
96000.333895 58.739995 243.780822
95266.082986 59.053329 243.780822
96292.854952 58.495721 243.780822
95773.497160 58.698820 243.780822
94605.024600 59.231822 243.780822
69839.433274 -88.212084 243.780822
95547.027772 58.657549 243.780822
95915.405972 58.426667 243.780822
95617.673330 58.521276 243.780822
95764.712095 58.398970 243.780822
95467.061086 58.493610 243.780822
95837.491003 58.262949 243.780822
95762.286922 58.249036 243.780822
95241.448841 58.452028 243.780822
95612.001208 58.221177 243.780822
94649.346848 58.642291 243.780822
95461.878759 58.193273 243.780822
95386.878759 58.179305 243.780822
95536.173322 58.057117 243.780822
95013.691686 58.259826 243.780822
95162.123656 58.137335 243.780822
95311.540669 58.015036 243.780822
95236.744751 58.000987 243.780822
95161.989649 57.986927 243.780822
94863.021616 58.081221 243.780822
94342.673330 58.284715 243.780822
94937.969241 57.944680 243.780822
94639.123656 58.039019 243.780822
94788.826383 57.916460 243.780822
94490.062432 58.010828 243.780822
93969.918228 58.214531 243.780822
94341.164473 57.982594 243.780822
94266.776718 57.968460 243.780822
93746.754963 58.172287 243.780822
93451.027772 58.267585 243.780822
93598.183535 58.144069 243.780822
93746.324339 58.020748 243.780822
93895.450187 57.897622 243.780822
93597.997809 57.992409 243.780822
93971.459037 57.760454 243.780822
93673.144065 57.854985 243.780822
93599.123656 57.840750 243.780822
93301.834544 57.935597 243.780822
93227.895768 57.921366 243.780822
93601.561077 57.689094 243.780822
93527.703934 57.674788 243.780822
93006.324339 57.878604 243.780822
93155.858350 57.755104 243.780822
92858.814135 57.850040 243.780822
92785.120258 57.835741 243.780822
92711.467197 57.821431 243.780822
92637.854952 57.807109 243.780822
92341.918228 57.902394 243.780822
91170.724537 58.440259 243.780822
92640.572636 57.654668 243.780822
91900.027772 57.969366 243.780822
92717.969241 57.516676 243.780822
92197.038625 57.720938 243.780822
92571.275363 57.487780 243.780822
92273.735901 57.582587 243.780822
91754.816188 57.787527 243.780822
92127.286922 57.553674 243.780822
91830.814135 57.648815 243.780822
91981.001208 57.524715 243.780822
92132.173322 57.400817 243.780822
91834.878759 57.495710 243.780822
91761.878759 57.481190 243.780822
91688.919575 57.466658 243.780822
91170.326392 57.671926 243.780822
91319.814135 57.547358 243.780822
91024.612106 57.642910 243.780822
91397.491003 57.408417 243.780822
91324.735901 57.393828 243.780822
91476.275363 57.269595 243.780822
91403.601894 57.254957 243.780822
91106.715493 57.349990 243.780822
90588.448841 57.555582 243.780822
90294.476752 57.651532 243.780822
91113.316179 57.196287 243.780822
90370.918228 57.511761 243.780822
90744.164473 57.276694 243.780822
90226.101902 57.482488 243.780822
90599.429779 57.247293 243.780822
90081.448841 57.453168 243.780822
90009.183535 57.438490 243.780822
90606.887608 57.093165 243.780822
90310.450187 57.188352 243.780822
89350.734603 57.616281 243.780822
90390.459037 57.048794 243.780822
90094.144065 57.144021 243.780822
89576.448841 57.350177 243.780822
89950.144065 57.114409 243.780822
89654.895768 57.209977 243.780822
89582.997809 57.195167 243.780822
89288.775371 57.291064 243.780822
88995.537976 57.387278 243.780822
88923.762466 57.372484 243.780822
89073.448841 57.246605 243.780822
89224.120258 57.120938 243.780822
89152.467197 57.106056 243.780822
89080.854952 57.091162 243.780822
88786.918228 57.187158 243.780822
88937.752911 57.061339 243.780822
88201.999910 57.380105 243.780822
88794.814135 57.031468 243.780822
88946.715493 56.905787 243.780822
88875.348146 56.890796 243.780822
88358.346800 57.097628 243.780822
87845.163175 57.305670 243.780822
88438.181482 56.956579 243.780822
88144.612106 57.052700 243.780822
88073.448841 57.037700 243.780822
88224.691686 56.911501 243.780822
87489.346848 57.230933 243.780822
88082.569237 56.881388 243.780822
87567.782874 57.089125 243.780822
87496.823691 57.074090 243.780822
87425.905323 57.059043 243.780822
87576.448841 56.932359 243.780822
87284.191037 57.028913 243.780822
87657.181482 56.790758 243.780822
87586.426380 56.775611 243.780822
87739.021616 56.649289 243.780822
87668.348146 56.634091 243.780822
86930.619609 56.953372 243.780822
87303.814135 56.714897 243.780822
87010.897820 56.811237 243.780822
86940.387616 56.796041 243.780822
87092.283523 56.669233 243.780822
87469.418220 56.431592 243.780822
86287.203991 56.974541 243.780822
86437.333895 56.847099 243.780822
86810.814135 56.608175 243.780822
86076.285624 56.928926 243.780822
86006.061134 56.913696 243.780822
86156.354303 56.786099 243.780822
85865.734603 56.883199 243.780822
85357.511557 57.093613 243.780822
60118.153953 -88.875994 243.780822
60082.125691 -88.233008 243.780822
59985.235650 -88.713973 243.780822
59915.296874 -88.713223 243.780822
59838.317218 -88.873368 243.780822
59783.567696 -88.550749 243.780822
59713.751369 -88.549902 243.780822
59635.949936 -88.710212 243.780822
59566.215242 -88.709457 243.780822
81289.736592 58.792708 243.780822
59434.894227 -88.546503 243.780822
81558.377049 58.527199 243.780822
81900.488289 58.277613 243.780822
81214.850013 58.615028 243.780822
59156.690145 -88.543089 243.780822
59087.241165 -88.542233 243.780822
59009.807078 -88.703386 243.780822
58978.208784 -88.054350 243.780822
58888.109274 -88.377481 243.780822
58794.745789 -88.863412 243.780822
58740.608512 -88.537937 243.780822
58656.296810 -88.862072 243.780822
58631.984294 -88.048612 243.780822
81345.154127 57.994214 243.780822
81068.814820 58.096227 243.780822
58386.970344 -88.696488 243.780822
58334.966417 -88.369804 243.780822
58257.037084 -88.531880 243.780822
58197.088866 -88.367874 243.780822
58104.133544 -88.856677 243.780822
58050.404431 -88.529269 243.780822
57990.578662 -88.364969 243.780822
80724.888820 57.856796 243.780822
80242.603413 58.076773 243.780822
80795.702966 57.708883 243.780822
80518.868412 57.810755 243.780822
80658.478476 57.678090 243.780822
80381.725555 57.779996 243.780822
80521.417251 57.647245 243.780822
80662.093990 57.514725 243.780822
80593.665419 57.499240 243.780822
80316.131537 57.600879 243.780822
80456.930725 57.468230 243.780822
80388.624602 57.452705 243.780822
80111.213170 57.554394 243.780822
80042.988680 57.538872 243.780822
79974.805006 57.523338 243.780822
79906.662149 57.507790 243.780822
56803.215177 -88.843657 243.780822
79562.296984 57.594336 243.780822
79702.478476 57.461066 243.780822
79426.296984 57.563207 243.780822
81266.167457 56.498765 243.780822
81198.269498 56.482910 243.780822
81130.412355 56.467042 243.780822
56351.721519 -88.341358 243.780822
56283.946009 -88.340359 243.780822
56216.211315 -88.339359 243.780822
56169.290416 -88.006276 243.780822
56035.541514 -89.667382 243.780822
56034.025110 -88.003870 243.780822
55966.453682 -88.002665 243.780822
55888.064467 -88.167885 243.780822
55700.249018 -89.499569 243.780822
55675.803152 -88.331317 243.780822
55599.465655 -88.497195 243.780822
55551.023651 -88.162333 243.780822
55430.861263 -89.498355 243.780822
55363.616365 -89.498050 243.780822
55322.378507 -88.660864 243.780822
55263.241165 -88.492629 243.780822
55162.126569 -89.497134 243.780822
55121.011160 -88.658419 243.780822
55070.966417 -88.322176 243.780822
54973.751176 -88.992508 243.780822
54901.598747 -89.159885 243.780822
54827.126569 -89.495600 243.780822
54772.996073 -88.990663 243.780822
54693.412284 -89.494984 243.780822
54626.616365 -89.494675 243.780822
54559.861263 -89.494366 243.780822
54490.786412 -89.662700 243.780822
54426.473508 -89.493747 243.780822
54359.840855 -89.493437 243.780822
54312.133544 -88.817432 243.780822
54234.251808 -89.154732 243.780822
54163.492586 -89.323353 243.780822
54093.718406 -89.492192 243.780822
54027.289835 -89.491880 243.780822
53964.206872 -89.322104 243.780822
53902.108951 -89.152131 243.780822
53828.249018 -89.490942 243.780822
53765.288504 -89.320851 243.780822
53699.064015 -89.320433 243.780822
53627.214983 -89.659995 243.780822
53566.737484 -89.319594 243.780822
53497.330651 -89.489370 243.780822
53431.269427 -89.489054 243.780822
53365.249018 -89.488738 243.780822
53302.574219 -89.317910 243.780822
53233.330651 -89.488105 243.780822
53170.737484 -89.317065 243.780822
53099.214983 -89.658308 243.780822
53039.064015 -89.316217 243.780822
52988.868238 -88.802755 243.780822
52907.553810 -89.315368 243.780822
52857.439667 -88.801267 243.780822
52785.649135 -88.971836 243.780822
52710.594627 -89.314090 243.780822
52649.272217 -89.142102 243.780822
52583.741604 -89.141567 243.780822
52510.697998 -89.484595 243.780822
52452.802829 -89.140497 243.780822
52398.725381 -88.796031 243.780822
52322.027319 -89.139423 243.780822
52252.451770 -89.311090 243.780822
52191.415074 -89.138347 243.780822
52121.921157 -89.310227 243.780822
52056.717076 -89.309795 243.780822
51985.888453 -89.654669 243.780822
51923.126569 -89.481687 243.780822
51861.349729 -89.308497 243.780822
51805.751176 -88.962157 243.780822
51740.751176 -88.961505 243.780822
51670.598747 -89.134015 243.780822
51601.431361 -89.306757 243.780822
51540.802829 -89.132925 243.780822
51481.159339 -88.958890 243.780822
51411.170176 -89.131832 243.780822
51346.415074 -89.131285 243.780822
51286.894033 -88.956920 243.780822
51212.778300 -89.304131 243.780822
51152.394666 -89.129639 243.780822
51092.996073 -88.954942 243.780822
51028.445053 -88.954281 243.780822
50963.934849 -88.953620 243.780822
50912.684630 -88.604064 243.780822
50829.843645 -89.126882 243.780822
50770.649135 -88.951629 243.780822
50706.302196 -88.950964 243.780822
50648.133544 -88.775398 243.780822
50577.730767 -88.949632 243.780822
50508.313033 -89.124107 243.780822
50444.129359 -89.123550 243.780822
50391.317218 -88.772281 243.780822
50315.884461 -89.122433 243.780822
50270.235650 -88.595170 243.780822
50192.996073 -88.945613 243.780822
50142.235650 -88.593378 243.780822
50071.215177 -88.768362 243.780822
49991.737484 -89.295684 243.780822
49927.880341 -89.295234 243.780822
49873.506278 -88.942241 243.780822
49804.537523 -89.117939 243.780822
49759.215242 -88.587973 243.780822
49677.108951 -89.116809 243.780822
49613.455890 -89.116242 243.780822
49545.594627 -89.292520 243.780822
49497.602932 -88.761245 243.780822
49422.741604 -89.114539 243.780822
49359.251808 -89.113969 243.780822
49295.802829 -89.113399 243.780822
49237.587910 -88.935432 243.780822
49180.358034 -88.757255 243.780822
49110.894033 -88.934059 243.780822
49047.608318 -88.933372 243.780822
48984.363420 -88.932683 243.780822
48927.296810 -88.754045 243.780822
48864.133544 -88.753240 243.780822
48808.092793 -88.574279 243.780822
48745.011160 -88.573357 243.780822
48674.888647 -88.750818 243.780822
48605.751176 -88.928534 243.780822
48556.011160 -88.570582 243.780822
48486.011095 -88.748387 243.780822
48423.133544 -88.747575 243.780822
48354.159339 -88.925750 243.780822
48297.500891 -88.745946 243.780822
48249.853410 -88.386765 243.780822
48179.113201 -88.565001 243.780822
48103.220563 -88.922951 243.780822
48040.587910 -88.922249 243.780822
47972.802829 -89.101256 243.780822
47910.251808 -89.100670 243.780822
47859.072320 -88.740215 243.780822
47796.602932 -88.739391 243.780822
47734.174361 -88.738567 243.780822
47686.894227 -88.377268 243.780822
47616.521364 -88.556547 243.780822
47547.133544 -88.736088 243.780822
47484.868238 -88.735260 243.780822
47411.313033 -89.095949 243.780822
47349.129359 -89.095356 243.780822
47286.986502 -89.094762 243.780822
47230.077706 -88.913040 243.780822
47174.153953 -88.731101 243.780822
47112.133544 -88.730266 243.780822
47057.235650 -88.547992 243.780822
46995.296874 -88.547035 243.780822
46914.986502 -89.091180 243.780822
46871.541772 -88.545118 243.780822
46791.313033 -89.089979 243.780822
46729.537523 -89.089378 243.780822
46667.802829 -89.088776 243.780822
46632.547288 -88.359021 243.780822
46544.455890 -89.087569 243.780822
46488.036890 -88.904398 243.780822
46421.272217 -89.086359 243.780822
46355.492586 -89.268580 243.780822
46298.251808 -89.085146 243.780822
46226.888453 -89.633789 243.780822
46165.480289 -89.633546 243.780822
46106.473508 -89.449962 243.780822
46048.451770 -89.266145 243.780822
45987.166055 -89.265657 243.780822
45922.616365 -89.448862 243.780822
45880.296810 -88.713330 243.780822
45826.215242 -88.528615 243.780822
45765.092793 -88.527632 243.780822
45712.037084 -88.342577 243.780822
45620.308912 -89.262710 243.780822
45553.643555 -89.631093 243.780822
45495.044937 -89.446278 243.780822
45431.766004 -89.630598 243.780822
45426.125691 -87.967753 243.780822
45312.412284 -89.445163 243.780822
45251.616365 -89.444791 243.780822
45233.823560 -88.148645 243.780822
45164.139125 -88.332551 243.780822
45122.350181 -87.960920 243.780822
45051.803152 -88.144908 243.780822
44944.472113 -89.814302 243.780822
44885.337432 -89.628357 243.780822
44822.938776 90.000000 243.780822
44762.941501 89.813925 243.780822
44702.512929 89.813800 243.780822
44643.541514 89.627351 243.780822
44581.778236 -89.813548 243.780822
44521.000000 90.000000 243.780822
44461.206807 -89.813295 243.780822
44438.751369 -88.318993 243.780822
44340.798644 89.813042 243.780822
44282.072126 89.625834 243.780822
44224.330651 89.438379 243.780822
44167.574219 89.250682 243.780822
44101.888453 89.625070 243.780822
44047.574219 89.249662 243.780822
43980.553746 89.812278 243.780822
43922.072126 89.624303 243.780822
43864.575549 89.436081 243.780822
43802.398657 89.623790 243.780822
43744.983712 89.435310 243.780822
43688.553810 89.246585 243.780822
43625.555141 89.434538 243.780822
43569.206872 89.245554 243.780822
43506.289835 89.433763 243.780822
43446.718406 89.433375 243.780822
43390.492586 89.244001 243.780822
43325.337432 89.621725 243.780822
43265.888453 89.621465 243.780822
43205.063950 89.810600 243.780822
43149.473508 89.431427 243.780822
43090.146978 89.431036 243.780822
43034.166055 89.240878 243.780822
42969.255800 89.620161 243.780822
42919.966094 89.049820 243.780822
42865.996073 88.859043 243.780822
42797.431361 89.238781 243.780822
42742.598747 89.047850 243.780822
42676.004120 89.428281 243.780822
42624.557931 89.046533 243.780822
42565.598747 89.045873 243.780822
42502.431361 89.236144 243.780822
42447.802829 89.044549 243.780822
42381.412284 89.426298 243.780822
42322.616365 89.425899 243.780822
42271.415074 89.042558 243.780822
42224.031504 88.658769 243.780822
42159.220563 88.849518 243.780822
42100.587910 88.848717 243.780822
42048.133544 88.655966 243.780822
41978.251808 89.039220 243.780822
41924.934849 88.846307 243.780822
41866.465461 88.845502 243.780822
41808.036890 88.844695 243.780822
41749.649135 -88.843888 243.780822
41691.302196 88.843079 243.780822
41632.996073 88.842269 243.780822
41587.949936 88.455441 243.780822
41522.643749 88.647487 243.780822
41479.567696 88.260046 243.780822
41430.394989 88.065500 243.780822
41355.296874 88.451101 243.780822
41297.235650 88.450013 243.780822
41247.241165 88.255151 243.780822
41198.231723 88.060055 243.780822
41131.322798 88.252693 243.780822
41082.394989 88.057321 243.780822
41034.452222 87.861719 243.780822
40949.725446 88.443448 243.780822
40908.946009 88.053206 243.780822
40851.211315 88.051830 243.780822
40803.431814 87.855671 243.780822
40726.894227 88.244036 243.780822
40669.281982 88.242793 243.780822
40641.453682 87.655968 243.780822
40573.064467 87.849589 243.780822
40505.660295 88.043534 243.780822
40448.211315 88.042145 243.780822
40381.833002 88.236548 243.780822
40354.208784 87.647636 243.780822
40267.139125 88.234037 243.780822
40239.596539 87.644286 243.780822
40144.582589 88.427913 243.780822
40136.950388 87.444589 243.780822
40067.984294 87.639244 243.780822
40022.664674 87.440940 243.780822
39953.780212 87.635871 243.780822
39896.739396 87.634180 243.780822
39864.289280 87.238469 243.780822
39807.330096 87.236493 243.780822
39764.103010 87.037319 243.780822
39707.225459 87.035196 243.780822
39636.697443 87.230546 243.780822
39579.901525 87.228558 243.780822
39498.596539 87.622280 243.780822
39480.123418 87.026673 243.780822
39409.758668 87.222578 243.780822
39340.378959 87.418830 243.780822
39296.534178 87.218576 243.780822
39239.983157 87.216571 243.780822
39197.164235 87.015951 243.780822
39140.694847 87.013797 243.780822
39084.266276 87.011640 243.780822
39042.514028 86.810511 243.780822
39001.746823 86.609169 243.780822
38929.860967 86.805895 243.780822
38889.175395 86.604259 243.780822
38849.474865 86.402415 243.780822
38776.767232 86.599335 243.780822
38690.409133 86.996455 243.780822
38648.942600 86.794296 243.780822
38592.881375 86.791966 243.780822
38552.440701 86.589444 243.780822
38496.461109 86.586962 243.780822
38410.307092 86.985513 243.780822
38369.044640 86.782612 243.780822
38345.291192 86.378810 243.780822
38272.950905 86.576999 243.780822
38233.699355 86.373522 243.780822
38213.845261 85.968899 243.780822
38105.746823 86.569489 243.780822
38084.085909 86.164235 243.780822
38046.886077 85.960050 243.780822
37895.003566 87.167567 243.780822
37899.903437 86.357566 243.780822
37880.294241 85.951161 243.780822
37788.964661 86.352216 243.780822
37788.793737 85.743202 243.780822
37753.727256 85.538021 243.780822
37658.743220 85.939249 243.780822
37622.814145 85.733805 243.780822
37529.800195 86.135971 243.780822
37512.365166 85.727517 243.780822
37477.502766 85.521575 243.780822
37422.380317 85.518271 243.780822
37346.997819 85.718051 243.780822
37254.187950 86.121682 243.780822
37236.957002 85.711717 243.780822
37144.228766 86.115937 243.780822
37127.079451 85.705364 243.780822
37113.747858 85.294623 243.780822
37058.911123 85.291135 243.780822
36962.569247 85.695800 243.780822
36949.360103 85.284144 243.780822
36894.645817 85.280641 243.780822
36839.972347 85.277132 243.780822
36785.339694 85.273618 243.780822
36689.201900 85.679764 243.780822
36676.196837 85.266575 243.780822
36621.686633 85.263046 243.780822
36567.217245 85.259511 243.780822
36534.977992 85.050712 243.780822
36458.400919 85.252425 243.780822
36404.053980 85.248875 243.780822
36395.070720 84.834017 243.780822
36364.883185 84.624545 243.780822
36286.580924 84.826279 243.780822
36256.475022 84.616491 243.780822
36132.931531 85.231042 243.780822
36101.018808 85.020979 243.780822
36046.957584 85.017238 243.780822
35992.937176 85.013490 243.780822
35986.168899 84.596250 243.780822
35932.230124 84.592184 243.780822
35831.120849 85.002215 243.780822
35824.475022 84.584032 243.780822
35701.258062 85.202230 243.780822
35692.805414 84.783304 243.780822
35688.170488 84.364300 243.780822
35634.476611 84.360042 243.780822
35606.789773 84.148158 243.780822
35527.211304 84.351507 243.780822
35473.639876 84.347230 243.780822
35395.087267 84.551181 243.780822
35341.597471 84.547047 243.780822
35339.136711 84.125961 243.780822
35312.638998 83.913105 243.780822
35206.394978 84.325745 243.780822
35205.945120 83.903854 243.780822
35099.782733 84.317106 243.780822
35046.537835 84.312777 243.780822
35046.210426 83.889924 243.780822
34966.136711 84.094603 243.780822
34939.924712 83.880602 243.780822
34914.697756 83.666444 243.780822
34833.802263 83.871252 243.780822
34808.656939 83.656764 243.780822
34649.944409 84.492726 243.780822
34702.779388 83.647055 243.780822
34649.901837 83.642190 243.780822
34597.065102 83.637317 243.780822
34516.414508 83.843031 243.780822
34491.514082 83.627548 243.780822
34384.034671 84.044646 243.780822
34414.925229 83.406852 243.780822
34333.493674 83.612840 243.780822
34339.443868 83.185667 243.780822
34257.149719 83.391619 243.780822
34175.840613 83.598063 243.780822
34123.371225 83.593123 243.780822
34099.741556 83.376316 243.780822
34047.353801 83.371199 243.780822
33966.207960 83.578255 243.780822
33972.443868 83.148783 243.780822
33890.435433 83.355802 243.780822
33867.954072 83.138172 243.780822
33786.027270 83.345497 243.780822
33733.884413 83.340333 243.780822
33742.212856 82.909417 243.780822
33659.464276 83.116851 243.780822
33607.443868 83.111500 243.780822
33525.721148 83.319596 243.780822
33534.212856 82.887348 243.780822
33393.085511 83.523148 243.780822
33341.228368 83.518091 243.780822
33347.954072 83.084621 243.780822
33266.435433 83.293493 243.780822
33244.443868 83.073810 243.780822
33192.749990 83.068393 243.780822
33141.096929 83.062967 243.780822
33089.484684 83.057532 243.780822
33037.913256 83.052089 243.780822
32986.382644 83.046637 243.780822
32965.580203 82.825946 243.780822
32883.443868 83.035708 243.780822
32862.723060 82.814668 243.780822
32780.668358 83.024745 243.780822
32760.029182 82.803356 243.780822
32740.375049 82.581830 243.780822
32689.130151 82.575985 243.780822
32575.607133 83.002716 243.780822
32555.131223 82.780624 243.780822
32473.321419 82.991649 243.780822
32452.927141 82.769204 243.780822
32433.517906 82.546622 243.780822
32261.656939 83.410059 243.780822
32331.558723 82.534812 243.780822
32280.640355 82.528893 243.780822
32167.443868 82.958239 243.780822
32178.926069 82.517027 243.780822
32128.130151 82.511080 243.780822
32045.743468 82.723163 243.780822
31964.341827 82.935789 243.780822
31913.668358 82.930155 243.780822
31776.638998 83.582021 243.780822
31812.443868 82.918858 243.780822
31761.892848 82.913196 243.780822
31773.701580 82.469187 243.780822
31789.328033 82.025369 243.780822
31705.379428 82.237949 243.780822
31590.784284 82.670666 243.780822
31604.644734 82.225512 243.780822
31554.338612 82.219279 243.780822
31439.865917 82.652999 243.780822
31487.368850 81.986972 243.780822
31403.665142 82.200520 243.780822
31353.522285 82.194247 243.780822
31303.420244 82.187963 243.780822
31253.359020 82.181670 243.780822
31108.443868 82.838766 243.780822
31153.359020 82.169054 243.780822
31039.212856 82.605470 243.780822
31053.522285 82.156396 243.780822
30971.089335 82.371658 243.780822
30987.368850 81.922155 243.780822
30871.497498 82.359290 243.780822
30887.858645 81.909066 243.780822
30804.644734 82.124575 243.780822
30690.784284 82.563378 243.780822
30672.803620 82.334434 243.780822
30689.328033 81.882762 243.780822
30639.797421 81.876160 243.780822
30590.307625 81.869547 243.780822
30474.762804 82.309416 243.780822
30491.450482 81.856288 243.780822
30408.563101 82.073123 243.780822
30326.660763 82.290547 243.780822
30343.470890 81.836319 243.780822
30260.705959 82.053656 243.780822
30211.501877 82.047146 243.780822
30129.762804 82.265243 243.780822
30018.321419 82.709201 243.780822
30031.558723 82.252530 243.780822
29920.198970 82.697191 243.780822
29933.517906 82.239774 243.780822
29852.927141 82.459143 243.780822
29743.578290 82.905511 243.780822
29755.131223 82.446689 243.780822
29706.294488 82.440447 243.780822
29657.498570 82.434194 243.780822
29608.743468 82.427931 243.780822
29591.660763 82.194801 243.780822
29643.547395 81.508718 243.780822
29560.450482 81.728155 243.780822
29546.322906 81.494656 243.780822
29497.771885 81.487607 243.780822
29449.261681 81.480547 243.780822
29332.807999 81.928124 243.780822
29220.172039 82.377453 243.780822
29235.991673 81.914681 243.780822
29221.164768 81.679933 243.780822
29139.338612 81.901193 243.780822
29058.497498 82.123071 243.780822
28978.641427 82.345563 243.780822
28962.089335 82.109888 243.780822
28980.042319 81.645146 243.780822
28834.212856 82.326302 243.780822
28850.359020 81.860459 243.780822
28802.338612 81.853631 243.780822
28754.359020 81.846791 243.780822
28739.940278 81.610069 243.780822
28658.522285 81.833077 243.780822
28644.185176 81.595956 243.780822
28530.273008 82.050019 243.780822
28515.073306 81.812420 243.780822
28434.762804 82.036592 243.780822
28324.749990 82.493183 243.780822
27831.894227 -87.875698 243.780822
27776.256058 -88.109931 243.780822
27736.710553 -87.872054 243.780822
27708.064467 -87.397537 243.780822
27660.574671 -87.395302 243.780822
27623.984294 -87.156442 243.780822
27010.861845 -87.124323 243.780822
26906.288957 -87.359019 243.780822
26870.351641 -87.116808 243.780822
26766.023651 -87.352103 243.780822
26730.208784 -87.109253 243.780822
26543.923069 -87.099119 243.780822
26486.595079 -87.338163 243.780822
25702.860385 -87.297855 243.780822
25111.493038 -87.266199 243.780822
24004.494498 -86.949396 243.780822
23960.310825 -86.946582 243.780822
23861.207324 -87.195434 243.780822
23807.231723 -87.447681 243.780822
24113.047161 82.627467 243.780822
23729.146100 -87.187635 243.780822
23696.065927 -86.929588 243.780822
24037.884413 82.103494 243.780822
23937.373692 82.600312 243.780822
23950.210944 82.088961 243.780822
23936.178562 81.829641 243.780822
23862.700739 82.074376 243.780822
23790.207960 82.319860 243.780822
23805.096929 81.807023 243.780822
23761.484684 81.799456 243.780822
23748.600611 81.539029 243.780822
23644.639515 82.037677 243.780822
23601.149719 82.030296 243.780822
23557.700739 82.022903 243.780822
23574.723060 81.507654 243.780822
23442.126327 82.262704 243.780822
23488.029182 81.491880 243.780822
23476.375049 81.229864 243.780822
24020.911026 77.453476 243.780822
24838.841334 73.537902 243.780822
25180.922401 72.095610 243.780822
25137.799952 72.079739 243.780822
26454.404198 67.915141 243.780822
27022.749914 66.342819 243.780822
27349.886626 65.450744 243.780822
28194.972282 63.510767 243.780822
28255.446695 63.279430 243.780822
30478.712275 59.226586 243.780822
30435.875541 59.202581 243.780822
30640.466914 58.792258 243.780822
31493.310462 57.440075 243.780822
33380.594743 54.872575 243.780822
33923.341583 54.147718 243.780822
34481.236860 53.434524 243.780822
35525.921613 52.234257 243.780822
36616.914271 51.069524 243.780822
38980.292692 48.871333 243.780822
38582.794214 49.145857 243.780822
40539.764843 47.492228 243.780822
42611.027671 45.918722 243.780822
44177.642355 44.815165 243.780822
44962.478476 44.264342 243.780822
45550.484228 43.850634 243.780822
45508.259738 43.822965 243.780822
46104.845160 43.414593 243.780822
46062.702303 43.386890 243.780822
46451.167457 43.108342 243.780822
46409.106233 43.080603 243.780822
47020.018314 42.681012 243.780822
46109.350522 43.150145 243.780822
45852.600262 43.247995 243.780822
46241.269498 42.969397 243.780822
46416.112292 42.817047 243.780822
45941.840318 43.038704 243.780822
46550.164618 42.637376 243.780822
46508.429925 42.609454 243.780822
46466.736047 42.581508 243.780822
46863.203991 42.307564 243.780822
46383.470741 42.525541 243.780822
45907.555212 42.745774 243.780822
46518.957090 42.346230 243.780822
46477.467294 42.318169 243.780822
46436.018314 42.290083 243.780822
46614.142767 42.139343 243.780822
46353.242804 42.233836 243.780822
46311.916273 42.205675 243.780822
46490.163175 42.054896 243.780822
46010.797272 42.272441 243.780822
46188.181579 42.121041 243.780822
45928.429925 42.215918 243.780822
46105.895865 42.064492 243.780822
44981.314548 42.657655 243.780822
45587.540863 42.254635 243.780822
45764.185027 42.102570 243.780822
45288.881743 42.322092 243.780822
44603.528922 42.669960 243.780822
44562.651371 42.641450 243.780822
44308.891605 42.739539 243.780822
44481.018718 42.584353 243.780822
43804.327200 42.937407 243.780822
44186.626299 42.653744 243.780822
43933.974024 42.752286 243.780822
44318.243208 42.469845 243.780822
43852.749534 42.694884 243.780822
44450.967609 42.286493 243.780822
44625.268889 42.132438 243.780822
44156.120759 42.354916 243.780822
44976.826578 41.826132 243.780822
44719.738886 41.921438 243.780822
44463.636236 42.017292 243.780822
44423.330114 41.988440 243.780822
43529.484228 42.464211 243.780822
43914.161575 42.181731 243.780822
42818.805006 42.791186 243.780822
19750.398915 -87.758398 243.780822
19022.350181 -86.858595 243.780822
18956.113201 -87.711892 243.780822
18909.745789 -87.995577 243.780822
18885.608512 -87.420893 243.780822
18838.378507 -87.704750 243.780822
18792.133544 -87.989311 243.780822
18674.888647 -87.983007 243.780822
18635.888647 -87.980897 243.780822
18590.791992 -88.267337 243.780822
18558.011095 -87.976663 243.780822
18507.802829 -88.552947 243.780822
18480.296810 -87.972411 243.780822
18422.616365 -89.129822 243.780822
18383.861263 -89.128905 243.780822
18342.786412 -89.418633 243.780822
18306.473508 -89.127066 243.780822
18271.145647 -88.834928 243.780822
18226.888453 -89.416787 243.780822
18188.337432 -89.416170 243.780822
18148.410889 -89.707768 243.780822
18121.272217 -88.537592 243.780822
18075.289835 -89.121501 243.780822
18034.541514 -89.413685 243.780822
17998.555141 -89.119630 243.780822
17957.888453 -89.412435 243.780822
17921.983712 -89.117751 243.780822
17883.759222 -89.116809 243.780822
17848.880341 -88.821225 243.780822
17803.655787 89.704952 243.780822
17769.330651 -89.113969 243.780822
17728.908861 -89.408653 243.780822
17712.133544 -87.928891 243.780822
17970.168899 82.341620 243.780822
17932.230124 82.333474 243.780822
17870.254394 82.617171 243.780822
17832.397251 82.609295 243.780822
17728.012970 83.481079 243.780822
17733.671870 82.886656 243.780822
17719.070720 82.585566 243.780822
17681.376843 82.577622 243.780822
17620.590237 82.863749 243.780822
17606.111537 82.561685 243.780822
17698.371225 81.086392 243.780822
17660.840613 81.076848 243.780822
17595.496141 81.360474 243.780822
17456.070720 82.529604 243.780822
17395.529013 82.817491 243.780822
17358.161666 82.809724 243.780822
17419.034671 81.618112 243.780822
17408.659406 81.313879 243.780822
17182.569247 83.680221 243.780822
17549.021911 79.238364 243.780822
17655.381044 78.062490 243.780822
17544.608943 78.631296 243.780822
17581.176962 78.036953 243.780822
17544.136146 78.024144 243.780822
17095.925590 81.842986 243.780822
17111.843080 81.238282 243.780822
17289.736197 79.157001 243.780822
17219.338612 79.439923 243.780822
17149.926069 79.723996 243.780822
16886.515838 82.098190 243.780822
16530.612245 90.000000 243.780822
16495.786412 -89.386948 243.780822
16469.027319 -88.465971 243.780822
16443.725381 -87.850460 243.780822
16633.747858 82.961643 243.780822
16377.664221 -87.538254 243.780822
16312.827228 89.383519 243.780822
16286.272217 88.457386 243.780822
189614.986447 17.015946 243.780822
191299.451132 16.919030 243.780822
191263.104193 16.901125 243.780822
191226.798071 16.883216 243.780822
192342.488857 16.813217 243.780822
194621.507266 16.692207 243.780822
196331.670143 16.597953 243.780822
198050.371874 16.504518 243.780822
16118.514481 84.097920 243.780822
16140.523174 83.166556 243.780822
16046.432848 84.084631 243.780822
16089.768266 82.843040 243.780822
16053.829490 82.834991 243.780822
16087.332164 81.903011 243.780822
16076.497019 81.586521 243.780822
16066.646916 81.269827 243.780822
16114.435433 80.340400 243.780822
16049.901837 80.635904 243.780822
16167.644734 79.097798 243.780822
16037.096929 80.001397 243.780822
16164.363722 78.465317 243.780822
16028.232192 79.366462 243.780822
16202.319819 77.530447 243.780822
16205.071189 77.214600 243.780822
16208.807601 76.898816 243.780822
16254.602900 76.282754 243.780822
16178.161709 76.568182 243.780822
16183.909022 76.252240 243.780822
16322.360948 75.039658 243.780822
16287.116050 75.023102 243.780822
16344.446146 74.411593 243.780822
16356.966309 74.097898 243.780822
16420.043396 73.489447 243.780822
16435.477871 73.176880 243.780822
16557.650734 72.279873 243.780822
16632.180986 71.678990 243.780822
16487.691550 72.241070 243.780822
16618.484900 71.349164 243.780822
16817.775472 70.178379 243.780822
16905.688157 69.587337 243.780822
16997.418564 68.999427 243.780822
17092.966692 68.414746 243.780822
17058.252406 68.391691 243.780822
17090.146891 68.088653 243.780822
17191.482826 67.508218 243.780822
17367.925568 66.656420 243.780822
17262.085462 66.906848 243.780822
17518.396960 65.788101 243.780822
17336.628268 66.308001 243.780822
17524.564992 65.466157 243.780822
17643.141898 64.901306 243.780822
17608.794959 64.875142 243.780822
17731.230403 64.313682 243.780822
17618.122201 64.554241 243.780822
18071.118484 62.941190 243.780822
18036.934811 62.913465 243.780822
18172.752688 62.365800 243.780822
18312.388288 61.822270 243.780822
18366.612223 61.537686 243.780822
18603.112651 60.747811 243.780822
18569.133059 60.718459 243.780822
18627.256348 60.437531 243.780822
18686.364680 60.157486 243.780822
18841.352798 59.630255 243.780822
19000.158638 59.107395 243.780822
19262.398074 58.346854 243.780822
19430.727809 57.835211 243.780822
19397.033932 57.803925 243.780822
19673.559212 57.060263 243.780822
19639.946967 57.028505 243.780822
19711.656771 56.761534 243.780822
19891.521304 56.262785 243.780822
20408.043331 55.085035 243.780822
20487.429394 54.826767 243.780822
20454.021231 54.793799 243.780822
20881.436321 53.870690 243.780822
20965.665965 53.617758 243.780822
20814.824076 53.803789 243.780822
20899.135353 53.550589 243.780822
20984.431673 53.298414 243.780822
20951.268407 53.264618 243.780822
21157.979440 52.797154 243.780822
21246.230887 52.548076 243.780822
21213.190071 52.513902 243.780822
21549.854669 51.841555 243.780822
21895.058121 51.179761 243.780822
22248.800425 50.528445 243.780822
22346.698217 50.290344 243.780822
22313.861483 50.255336 243.780822
22813.609200 49.419019 243.780822
22380.030032 49.983029 243.780822
22613.587564 49.547033 243.780822
22715.466343 49.313033 243.780822
22954.770866 48.883742 243.780822
23477.384096 48.074316 243.780822
23871.151252 47.470172 243.780822
23695.590763 47.622696 243.780822
23950.166172 47.211204 243.780822
23917.737601 47.175252 243.780822
24030.288583 46.953095 243.780822
23853.002907 47.103201 243.780822
24258.345677 46.511909 243.780822
24373.851787 46.292878 243.780822
24490.342940 46.074887 243.780822
