97285.183535 58.822748 253.643836
96987.537976 58.917296 253.643836
97355.140666 58.687638 253.643836
96835.211446 58.890137 253.643836
96759.109405 58.876541 253.643836
96024.450333 59.189161 253.643836
96828.448841 58.741045 253.643836
96531.048180 58.835690 253.643836
96455.109405 58.822052 253.643836
96158.734603 58.917005 253.643836
96747.140666 58.578229 253.643836
95787.528518 58.998635 253.643836
96373.183535 58.658955 253.643836
95199.785761 59.190043 253.643836
95124.091884 59.176450 253.643836
95484.671375 58.944063 253.643836
96070.489657 58.604013 253.643836
95553.020318 58.807641 253.643836
95697.966548 58.685074 253.643836
95401.999910 58.780191 253.643836
95326.550930 58.766450 253.643836
95471.619609 58.643770 253.643836
95175.775420 58.738936 253.643836
95988.021616 58.290743 253.643836
95467.061086 58.493610 253.643836
95170.395119 58.588545 253.643836
95986.540669 58.140984 253.643836
95911.377404 58.127033 253.643836
95166.326392 58.438146 253.643836
95536.919575 58.207231 253.643836
95461.878759 58.193273 253.643836
94719.782874 58.505379 253.643836
94866.244759 58.382507 253.643836
95013.691686 58.259826 253.643836
95162.123656 58.137335 253.643836
95087.286922 58.123323 253.643836
95012.491003 58.109300 253.643836
94714.426380 58.203861 253.643836
95087.275363 57.972856 253.643836
94342.673330 58.284715 253.643836
94268.040677 58.270701 253.643836
93972.027772 58.365889 253.643836
94341.263115 58.133655 253.643836
94266.752911 58.119581 253.643836
94192.283523 58.105495 253.643836
94117.854952 58.091399 253.643836
94043.467197 58.077291 253.643836
94192.429779 57.954315 253.643836
94118.123656 57.940158 253.643836
93820.548829 58.034900 253.643836
93969.633861 57.911812 253.643836
93672.140666 58.006584 253.643836
93821.307330 57.883421 253.643836
93523.895768 57.978223 253.643836
93227.469249 58.073327 253.643836
93375.814135 57.949817 253.643836
93301.834544 57.935597 253.643836
93227.895768 57.921366 253.643836
93153.997809 57.907123 253.643836
93527.703934 57.674788 253.643836
93229.633861 57.769407 253.643836
93380.112098 57.646143 253.643836
92415.027772 58.069328 253.643836
93008.429779 57.726465 253.643836
93159.030465 57.603089 253.643836
92861.164473 57.697781 253.643836
92341.918228 57.902394 253.643836
92268.387616 57.888075 253.643836
92417.263115 57.764075 253.643836
92791.377404 57.531107 253.643836
92717.969241 57.516676 253.643836
92197.038625 57.720938 253.643836
92347.021616 57.597026 253.643836
92273.735901 57.582587 253.643836
91977.181482 57.677699 253.643836
92127.286922 57.553674 253.643836
91608.448841 57.758696 253.643836
91981.001208 57.524715 253.643836
91020.346848 57.950488 253.643836
91611.569237 57.605403 253.643836
91761.878759 57.481190 253.643836
91465.610054 57.576403 253.643836
91392.691686 57.561887 253.643836
91543.123656 57.437561 253.643836
91024.612106 57.642910 253.643836
91397.491003 57.408417 253.643836
90879.061086 57.613847 253.643836
91476.275363 57.269595 253.643836
91403.601894 57.254957 253.643836
90883.405972 57.459943 253.643836
90588.448841 57.555582 253.643836
90961.572636 57.320707 253.643836
91113.316179 57.196287 253.643836
91040.846792 57.181591 253.643836
90968.418220 57.166883 253.643836
90671.776718 57.262000 253.643836
90376.120258 57.357428 253.643836
90751.377404 57.122688 253.643836
90454.858350 57.217846 253.643836
90606.887608 57.093165 253.643836
89864.775371 57.409100 253.643836
90238.307330 57.173587 253.643836
89942.895768 57.269099 253.643836
90094.144065 57.144021 253.643836
89798.814135 57.239562 253.643836
89950.144065 57.114409 253.643836
89878.205289 57.099585 253.643836
89582.997809 57.195167 253.643836
89511.140666 57.180345 253.643836
89439.324339 57.165511 253.643836
89367.548829 57.150665 253.643836
89295.814135 57.135807 253.643836
89447.429779 57.010391 253.643836
89152.467197 57.106056 253.643836
89080.854952 57.091162 253.643836
89232.593044 56.965632 253.643836
89161.062432 56.950689 253.643836
88866.263115 57.046409 253.643836
89018.123656 56.920767 253.643836
88723.405972 57.016514 253.643836
88429.673330 57.112580 253.643836
88580.712095 56.986571 253.643836
88732.735901 56.860777 253.643836
88215.816188 57.067688 253.643836
88366.977401 56.941565 253.643836
88073.448841 57.037700 253.643836
88224.691686 56.911501 253.643836
88376.919575 56.785519 253.643836
88305.878759 56.770431 253.643836
88234.878759 56.755331 253.643836
87496.823691 57.074090 253.643836
87869.691686 56.836128 253.643836
87798.814135 56.821017 253.643836
87063.714195 57.140846 253.643836
87880.491003 56.679647 253.643836
87809.735901 56.664474 253.643836
87739.021616 56.649289 253.643836
86561.242804 57.192868 253.643836
87597.715493 56.618881 253.643836
87081.448841 56.826420 253.643836
87010.897820 56.811237 253.643836
86718.966548 56.907900 253.643836
87315.593044 56.557918 253.643836
87021.854952 56.653987 253.643836
86951.467197 56.638729 253.643836
87104.429779 56.512067 253.643836
86367.027772 56.831867 253.643836
86518.183535 56.704608 253.643836
60379.759222 -89.519353 253.643836
86377.775371 56.674031 253.643836
86086.211446 56.770818 253.643836
85795.632563 56.867932 253.643836
86167.469249 56.628073 253.643836
85436.018314 56.950109 253.643836
86249.834544 56.485464 253.643836
85296.099947 56.919540 253.643836
59853.424839 -88.551595 253.643836
81976.662763 58.616752 253.643836
59705.725446 -88.710966 253.643836
81837.070927 58.586951 253.643836
59559.133544 -88.870730 253.643836
59496.521364 -88.708701 253.643836
59464.637355 -88.062328 253.643836
84519.470741 56.910068 253.643836
84668.487702 56.781358 253.643836
83946.024600 57.106901 253.643836
84529.467294 56.750512 253.643836
81485.705454 58.349693 253.643836
83737.677661 57.060818 253.643836
81553.243391 58.202261 253.643836
81277.603413 58.304497 253.643836
81414.631147 58.172030 253.643836
80933.703580 58.392007 253.643836
83607.949027 56.869592 253.643836
80795.336233 58.361822 253.643836
81345.154127 57.994214 253.643836
81068.814820 58.096227 253.643836
80793.460556 58.198589 253.643836
80930.774004 58.065816 253.643836
80450.132151 58.286135 253.643836
80586.583005 58.153005 253.643836
80724.018902 58.020101 253.643836
58035.296810 -88.855999 253.643836
80380.072801 58.107305 253.643836
80311.317699 58.092045 253.643836
80242.603413 58.076773 253.643836
80587.501065 57.826115 253.643836
80518.868412 57.810755 253.643836
80036.705454 58.030876 253.643836
80381.725555 57.779996 253.643836
80521.417251 57.647245 253.643836
80244.745963 57.749185 253.643836
79969.059718 57.851476 253.643836
80107.929637 57.718321 253.643836
80247.784598 57.585397 253.643836
79971.276576 57.687404 253.643836
80111.213170 57.554394 253.643836
79834.786780 57.656434 253.643836
79559.345432 57.758828 253.643836
81822.969435 56.462970 253.643836
81972.511557 56.332563 253.643836
81470.106233 56.546249 253.643836
81186.330114 56.645690 253.643836
81768.450333 56.284957 253.643836
56546.322798 -88.509833 253.643836
56478.424839 -88.508937 253.643836
79222.603106 57.516413 253.643836
79154.786780 57.500789 253.643836
78879.753596 57.603352 253.643836
80496.518629 56.650560 253.643836
80428.824752 56.634694 253.643836
56034.125174 -89.833689 253.643836
56023.166508 -88.170096 253.643836
55945.680703 -88.335348 253.643836
55832.827228 -89.666778 253.643836
55763.984294 -87.999040 253.643836
55608.435805 -88.330306 253.643836
55551.023651 -88.162333 253.643836
55483.737936 -88.161219 253.643836
55427.351641 -87.992971 253.643836
55294.051718 -89.665159 253.643836
55225.472113 -89.832476 253.643836
55157.877551 90.000000 253.643836
55091.268032 -89.832272 253.643836
55024.227215 -89.832170 253.643836
54957.227215 -89.832068 253.643836
54891.684371 -89.663934 253.643836
54824.766004 -89.663729 253.643836
54760.249018 -89.495292 253.643836
54689.635378 -89.831657 253.643836
54622.839460 -89.831555 253.643836
54585.827487 -88.651858 253.643836
54519.113201 -88.651033 253.643836
54429.778300 -89.325010 253.643836
54359.840855 -89.493437 253.643836
54293.249018 -89.493126 253.643836
54226.697998 -89.492815 253.643836
54160.187794 -89.492504 253.643836
54089.941501 -89.830727 253.643836
54024.929269 -89.661249 253.643836
53958.541514 -89.661040 253.643836
53892.194575 -89.660832 253.643836
53828.249018 -89.490942 253.643836
53759.623146 -89.660414 253.643836
53691.982317 -89.830101 253.643836
53625.798644 -89.829996 253.643836
53559.655787 -89.829891 253.643836
53497.330651 -89.489370 253.643836
53428.908861 -89.659364 253.643836
53365.249018 -89.488738 253.643836
53299.269427 -89.488422 253.643836
53233.330651 -89.488105 253.643836
53165.072126 -89.658520 253.643836
53104.880341 -89.316641 253.643836
53031.982317 -89.829047 253.643836
52969.983712 -89.486834 253.643836
52907.553810 -89.315368 253.643836
52846.108951 -89.143701 253.643836
52770.541514 -89.657246 253.643836
52710.594627 -89.314090 253.643836
52645.023198 -89.313663 253.643836
52576.187794 -89.484916 253.643836
52508.337432 -89.656391 253.643836
52445.249018 -89.484273 253.643836
52387.394666 -89.139960 253.643836
52317.778300 -89.311520 253.643836
52268.031504 -88.794526 253.643836
52191.415074 -89.138347 253.643836
52121.921157 -89.310227 253.643836
52053.412284 -89.482336 253.643836
51988.249018 -89.482011 253.643836
51930.680380 -89.136186 253.643836
51858.044937 -89.481361 253.643836
51805.751176 -88.962157 253.643836
51740.751176 -88.961505 253.643836
51666.349729 -89.307193 253.643836
51610.873625 -88.960199 253.643836
51540.802829 -89.132925 253.643836
51475.966094 -89.132379 253.643836
51411.170176 -89.131832 253.643836
51351.608318 -88.957577 253.643836
51277.451770 -89.304570 253.643836
51235.439732 -88.608468 253.643836
51148.145647 -89.303692 253.643836
51083.553810 -89.303252 253.643836
51019.002790 -89.302811 253.643836
50951.187794 -89.476766 253.643836
50894.272217 -89.127435 253.643836
50825.594627 -89.301486 253.643836
50776.786606 -88.776950 253.643836
50719.521364 -88.601407 253.643836
50636.802829 -89.125219 253.643836
50572.537523 -89.124663 253.643836
50508.313033 -89.124107 253.643836
50444.129359 -89.123550 253.643836
50375.737484 -89.298374 253.643836
50315.884461 -89.122433 253.643836
50247.574219 -89.297479 253.643836
50183.553810 -89.297032 253.643836
50129.016482 -88.944941 253.643836
50059.884461 -89.120192 253.643836
49995.986502 -89.119630 253.643836
49937.322604 -88.942917 253.643836
49879.643749 -88.765999 253.643836
49815.868238 -88.765209 253.643836
49736.553810 -89.293879 253.643836
49672.859933 -89.293427 253.643836
49618.649135 -88.939528 253.643836
49549.843645 -89.115675 253.643836
49486.272217 -89.115107 253.643836
49415.187794 -89.468696 253.643836
49355.002790 -89.291155 253.643836
49300.996073 -88.936117 253.643836
49237.587910 -88.935432 253.643836
49187.439732 -88.579788 253.643836
49105.700788 -89.111685 253.643836
49042.415074 -89.111112 253.643836
48979.170176 -89.110538 253.643836
48915.966094 -89.109963 253.643836
48857.996073 -88.931304 253.643836
48794.873625 -88.930613 253.643836
48737.929463 -88.751626 253.643836
48663.557931 -89.107658 253.643836
48605.751176 -88.928534 253.643836
48542.791992 -88.927839 253.643836
48479.873625 -88.927144 253.643836
48416.996073 -88.926447 253.643836
48354.159339 -88.925750 253.643836
48291.363420 -88.925051 253.643836
48228.608318 -88.924352 253.643836
48165.894033 -88.923652 253.643836
48103.220563 -88.922951 253.643836
48040.587910 -88.922249 253.643836
47977.996073 -88.921546 253.643836
47921.582524 -88.741037 253.643836
47852.934849 -88.920138 253.643836
47811.710553 -88.379388 253.643836
47734.174361 -88.738567 253.643836
47671.786606 -88.737742 253.643836
47633.517438 -88.195898 253.643836
47554.215242 -88.555601 253.643836
47484.868238 -88.735260 253.643836
47422.643749 -88.734430 253.643836
47354.322604 -88.914467 253.643836
47305.398915 -88.551807 253.643836
47230.077706 -88.913040 253.643836
47168.016482 -88.912325 253.643836
47105.996073 -88.911609 253.643836
47050.153953 -88.729429 253.643836
46995.296874 -88.547035 253.643836
46926.317218 -88.727754 253.643836
46864.460075 -88.726914 253.643836
46809.725446 -88.544158 253.643836
46734.730767 -88.907294 253.643836
46679.133544 -88.724389 253.643836
46611.302196 -88.905848 253.643836
46549.649135 -88.905123 253.643836
46494.174361 -88.721854 253.643836
46432.602932 -88.721007 253.643836
46378.154017 -88.537398 253.643836
46316.664221 -88.536427 253.643836
46241.996073 -88.901487 253.643836
46180.587910 -88.900757 253.643836
46114.027319 -89.083320 253.643836
46048.451770 -89.266145 253.643836
45987.166055 -89.265657 253.643836
45948.582589 -88.530576 253.643836
45864.717076 -89.264677 253.643836
45803.553810 -89.264186 253.643836
45736.766004 -89.631832 253.643836
45674.268032 -89.815791 253.643836
45614.643555 -89.631340 253.643836
45552.227215 -89.815544 253.643836
45492.684371 -89.630846 253.643836
45431.766004 -89.630598 253.643836
45385.996073 -88.891175 253.643836
45338.378507 -88.520718 253.643836
45285.608512 -88.334789 253.643836
45188.500698 -89.629605 253.643836
45149.031504 -88.702950 253.643836
45069.473508 -89.443670 253.643836
45004.591837 90.000000 253.643836
44944.472113 89.814302 253.643836
44883.921093 -89.814176 253.643836
44824.827228 89.628106 253.643836
44762.941501 89.813925 253.643836
44706.289835 89.441415 253.643836
44642.125174 89.813674 253.643836
44585.555141 89.440659 253.643836
44521.000000 90.000000 253.643836
44462.623146 89.626594 253.643836
44400.982317 89.813168 253.643836
44342.214983 89.626087 253.643836
44280.655787 -89.812915 253.643836
44220.553746 89.812788 253.643836
44161.908861 89.625325 253.643836
44101.888453 89.625070 253.643836
44044.269427 89.437232 253.643836
43987.635443 89.249151 253.643836
43931.986502 89.060829 253.643836
43867.880341 89.248126 253.643836
43804.759222 89.435696 253.643836
43742.623146 89.623533 253.643836
43685.249018 89.434924 253.643836
43651.521364 -88.492400 253.643836
43591.868303 -88.491369 253.643836
43525.174361 -88.678972 253.643836
43489.680703 -88.111873 253.643836
43421.179941 -88.299404 253.643836
43327.697998 89.432598 253.643836
43311.211315 -88.107986 253.643836
43242.833002 -88.295900 253.643836
43147.112942 89.620944 253.643836
43093.451770 89.241400 253.643836
43043.608318 88.861400 253.643836
42979.170176 89.050475 253.643836
42925.159339 88.859830 253.643836
42856.553810 89.239306 253.643836
42801.680380 89.048508 253.643836
42742.598747 89.047850 253.643836
42683.557931 89.047192 253.643836
42624.557931 89.046533 253.643836
42561.349729 89.236673 253.643836
42506.680380 89.045211 253.643836
42466.215242 88.471500 253.643836
42407.378507 88.470440 253.643836
42348.582589 88.469378 253.643836
42297.853410 88.276963 253.643836
42224.031504 88.658769 253.643836
42172.439732 88.466184 253.643836
42095.394666 89.040558 253.643836
42048.133544 88.655966 253.643836
41983.445053 88.847112 253.643836
41924.934849 88.846307 253.643836
41866.465461 88.845502 253.643836
41814.174361 -88.652211 253.643836
41762.868303 88.458680 253.643836
41704.521364 88.457602 253.643836
41663.211315 88.070915 253.643836
41595.975859 88.262483 253.643836
41529.725446 88.454358 253.643836
41479.567696 88.260046 253.643836
41421.424839 88.258825 253.643836
41336.884461 89.031795 253.643836
41305.261574 88.256377 253.643836
41256.211315 88.061419 253.643836
41198.231723 88.060055 253.643836
41140.292948 88.058689 253.643836
41103.167967 87.669178 253.643836
41024.537846 88.055951 253.643836
40976.635896 87.860210 253.643836
40929.718988 87.664242 253.643836
40861.125691 87.857186 253.643836
40814.290416 87.660940 253.643836
40745.778753 87.854154 253.643836
40699.025110 87.657628 253.643836
40653.256511 87.460878 253.643836
40554.179941 88.240300 253.643836
40538.236102 87.457276 253.643836
40468.984294 87.650976 253.643836
40436.126015 87.258080 253.643836
40366.011613 87.451854 253.643836
40296.882253 87.645962 253.643836
40264.146423 87.252226 253.643836
40220.592806 87.054195 253.643836
40163.388725 87.052096 253.643836
40079.787123 87.442766 253.643836
40049.103010 87.047889 253.643836
39978.330096 87.242414 253.643836
39921.289280 87.240443 253.643836
39877.980561 87.041556 253.643836
39821.021378 87.039439 253.643836
39750.411729 87.234513 253.643836
39707.225459 87.035196 253.643836
39665.024232 86.835664 253.643836
39579.901525 87.228558 253.643836
39551.473212 86.831120 253.643836
39526.862621 86.433415 253.643836
39453.665191 86.628668 253.643836
39381.452804 86.824280 253.643836
39340.440701 86.623814 253.643836
39253.674439 87.018102 253.643836
39243.903437 86.420564 253.643836
39170.910089 86.616507 253.643836
39084.266276 87.011640 253.643836
39074.617723 86.412808 253.643836
39001.746823 86.609169 253.643836
38961.964661 86.407619 253.643836
38889.175395 86.604259 253.643836
38817.371171 86.801265 253.643836
38793.291192 86.399808 253.643836
38754.616521 86.197612 253.643836
38681.046294 86.394581 253.643836
38642.453256 86.192090 253.643836
38624.201900 85.789573 253.643836
38512.985070 86.386713 253.643836
38492.926894 85.983563 253.643836
38384.624375 86.581988 253.643836
38362.759379 86.178213 253.643836
38325.355465 85.974778 253.643836
38288.936594 85.771146 253.643836
38253.502766 85.567323 253.643836
38197.808888 85.564086 253.643836
38102.498322 85.963004 253.643836
38066.242717 85.758772 253.643836
38052.217245 85.353138 253.643836
37935.784036 85.954128 253.643836
37919.951745 85.547831 253.643836
37844.201900 85.746325 253.643836
37809.094602 85.541296 253.643836
37733.426390 85.740074 253.643836
37698.400725 85.534741 253.643836
37643.115011 85.531457 253.643836
37587.870113 85.528168 253.643836
37532.666031 85.524874 253.643836
37477.502766 85.521575 253.643836
37443.625409 85.315443 253.643836
37367.298684 85.514962 253.643836
37378.825822 84.902633 253.643836
37300.692278 85.101901 253.643836
37245.733094 85.098279 253.643836
37238.026042 84.688123 253.643836
37159.070720 84.887542 253.643836
37128.311756 84.680258 253.643836
37026.304523 85.083741 253.643836
37043.782733 84.468708 253.643836
36964.046450 84.668416 253.643836
36798.426390 85.686193 253.643836
36854.740328 84.660493 253.643836
36851.136711 84.248144 253.643836
36796.585691 84.243868 253.643836
36742.075487 84.239585 253.643836
36636.617879 84.644575 253.643836
36633.177528 84.231001 253.643836
36503.723781 84.841732 253.643836
36524.442834 84.222391 253.643836
36470.136711 84.218076 253.643836
36364.883185 84.624545 253.643836
36361.646916 84.209427 253.643836
36362.228368 83.794295 253.643836
36336.884413 83.584338 253.643836
36226.128794 83.990626 253.643836
36199.922245 83.780344 253.643836
36091.136711 84.187693 253.643836
36091.922245 83.771008 253.643836
36010.128794 83.972563 253.643836
35984.085511 83.761644 253.643836
35875.463242 84.170188 253.643836
35876.412041 83.752253 253.643836
35881.178562 83.334352 253.643836
35797.700739 83.535998 253.643836
35744.006862 83.531124 253.643836
35690.353801 83.526243 253.643836
35607.942653 83.728650 253.643836
35643.600611 83.102075 253.643836
35529.639515 83.511555 253.643836
35536.580203 83.091646 253.643836
35366.047161 83.917720 253.643836
35461.354641 82.873648 253.643836
35376.355713 83.075942 253.643836
35354.660763 82.862847 253.643836
35301.375049 82.857435 253.643836
35216.498570 83.060168 253.643836
35194.926069 82.846585 253.643836
35110.131223 83.049612 253.643836
35154.736197 82.419041 253.643836
35101.654564 82.413277 253.643836
35083.078008 82.199164 253.643836
34929.517906 82.819316 253.643836
34909.134530 82.604787 253.643836
34924.200457 82.181330 253.643836
34836.858645 82.384328 253.643836
34686.294488 83.007066 253.643836
34731.225992 82.372686 253.643836
34678.470890 82.366853 253.643836
34592.236571 82.570800 253.643836
34539.563101 82.565106 253.643836
34554.914742 82.139399 253.643836
34467.858645 82.343428 253.643836
34485.180372 81.917338 253.643836
34397.261681 82.121292 253.643836
34380.200780 81.904924 253.643836
34292.363722 82.109174 253.643836
34275.384453 81.892473 253.643836
34223.037514 81.886233 253.643836
34135.322906 82.090928 253.643836
34192.115738 81.452189 253.643836
34102.594309 81.656417 253.643836
33978.649436 82.072598 253.643836
33961.915066 81.854890 253.643836
33909.813025 81.848592 253.643836
33894.104513 81.630611 253.643836
33879.381044 81.412532 253.643836
33827.401452 81.405886 253.643836
33701.813025 81.823305 253.643836
33723.564717 81.392565 253.643836
33634.410635 81.598130 253.643836
33697.317805 80.955124 253.643836
33606.356903 81.160186 253.643836
33593.807601 80.941083 253.643836
33427.390227 81.571964 253.643836
33451.275270 81.139554 253.643836
33252.363722 81.985929 253.643836
33387.276989 80.912871 253.643836
33375.875994 80.693007 253.643836
33284.256580 80.898699 253.643836
33232.807601 80.891597 253.643836
33221.529056 80.671220 253.643836
33130.032091 80.877359 253.643836
33118.835178 80.656638 253.643836
32988.234454 81.077081 253.643836
32976.174948 80.855920 253.643836
32885.785474 81.063080 253.643836
32913.937219 80.627340 253.643836
32862.814770 80.619987 253.643836
32771.603519 80.827179 253.643836
32643.136146 81.250180 253.643836
32709.692321 80.597858 253.643836
32618.603519 80.805505 253.643836
32607.814770 80.583049 253.643836
32556.937219 80.575626 253.643836
32506.100484 80.568193 253.643836
32415.174948 80.776448 253.643836
32249.696350 81.418317 253.643836
32353.835178 80.545821 253.643836
32303.161709 80.538341 253.643836
32134.972881 81.180722 253.643836
32161.807601 80.739870 253.643836
32033.830023 81.166699 253.643836
32141.949839 80.291718 253.643836
32010.276989 80.717784 253.643836
31999.978035 80.493210 253.643836
31949.590280 80.485647 253.643836
31859.113723 80.695595 253.643836
31808.807601 80.688174 253.643836
31881.763827 80.028011 253.643836
31748.447423 80.455274 253.643836
31698.263749 80.447651 253.643836
31607.991274 80.658377 253.643836
31598.018851 80.432368 253.643836
31631.049542 79.988163 253.643836
31539.011063 80.198453 253.643836
31489.031471 80.190600 253.643836
31481.110766 79.964103 253.643836
31389.194736 80.174858 253.643836
31424.317961 79.729326 253.643836
31331.539338 79.939928 253.643836
31324.726124 79.712834 253.643836
31232.029134 79.923747 253.643836
30256.521364 -88.189083 253.643836
31175.644492 79.687999 253.643836
31169.938770 79.460315 253.643836
31076.460818 79.671376 253.643836
31026.930206 79.663044 253.643836
30892.460043 80.095392 253.643836
30843.011063 80.087375 253.643836
30793.602900 80.079346 253.643836
30873.122443 79.409189 253.643836
30779.889390 79.621187 253.643836
30687.641378 79.833824 253.643836
30555.304566 80.268927 253.643836
30632.154696 79.595911 253.643836
30498.011063 80.030896 253.643836
30407.814770 80.245125 253.643836
30484.787349 79.570513 253.643836
30392.784236 79.784103 253.643836
30343.784236 79.775769 253.643836
30294.825052 79.767422 253.643836
30288.868981 79.536458 253.643836
30197.029134 79.750687 253.643836
30065.100484 80.189138 253.643836
30142.358777 79.510772 253.643836
30050.641378 79.725483 253.643836
29918.835178 80.164948 253.643836
29035.465655 -87.920212 253.643836
29862.602900 79.924300 253.643836
29732.807601 80.365580 253.643836
29765.460043 79.907700 253.643836
29758.967909 79.674705 253.643836
29797.367341 79.217459 253.643836
29705.032247 79.432960 253.643836
29571.664124 79.874336 253.643836
29565.335256 79.640576 253.643836
29559.991430 79.406769 253.643836
29555.632648 79.172924 253.643836
29552.258907 78.939048 253.643836
29504.075234 78.929906 253.643836
29324.212807 79.597600 253.643836
29407.830336 78.911576 253.643836
28319.231723 -87.659947 253.643836
29357.543679 78.667724 253.643836
29356.303289 78.433045 253.643836
29261.625312 78.648919 253.643836
29123.081627 79.091837 253.643836
29165.870209 78.630053 253.643836
29072.258907 78.846949 253.643836
28892.763827 79.519348 253.643836
27927.241165 -87.879329 253.643836
27864.439667 -88.348880 253.643836
27816.786606 -88.347466 253.643836
28833.789519 78.800330 253.643836
28697.460818 79.246885 253.643836
28693.836729 79.009542 253.643836
28691.197683 78.772173 253.643836
28598.897954 78.991087 253.643836
28551.489790 78.981837 253.643836
28548.973193 78.743876 253.643836
28456.795913 78.963290 253.643836
27423.737936 -87.384071 253.643836
27349.582589 -88.095240 253.643836
27310.404431 -87.855503 253.643836
27255.215242 -88.091944 253.643836
27235.003242 -87.375016 253.643836
27198.780212 -87.134283 253.643836
26953.125691 -87.361316 253.643836
26459.684630 -88.063462 253.643836
26430.252132 -87.577720 253.643836
26393.778753 -87.333483 253.643836
26358.290416 -87.088913 253.643836
26311.984294 -87.086350 253.643836
26265.718988 -87.083783 253.643836
26219.494498 -87.081211 253.643836
26116.309365 -87.319345 253.643836
26060.292948 -87.560576 253.643836
25429.064467 -87.283336 253.643836
25394.433274 -87.034133 253.643836
25348.984294 -87.031473 253.643836
25167.596539 -87.020785 253.643836
23729.146100 -87.187635 253.643836
23696.065927 -86.929588 253.643836
24339.564717 79.853373 253.643836
24413.263749 79.100063 253.643836
24290.132413 79.586221 253.643836
24285.542295 79.328265 253.643836
24323.011063 78.822416 253.643836
24198.113723 79.308777 253.643836
24235.664124 78.802032 253.643836
24234.069950 78.543744 253.643836
24190.498521 78.533291 253.643836
24104.949839 78.771317 253.643836
24103.478113 78.512329 253.643836
24018.011063 78.750748 253.643836
23933.529056 78.990012 253.643836
23055.465655 -87.665890 253.643836
22973.897959 90.000000 253.643836
23648.696350 79.964721 253.643836
24475.555992 75.242251 253.643836
24717.980367 74.018184 253.643836
24795.678069 73.523172 253.643836
25273.768540 71.608493 253.643836
26125.813444 68.817946 253.643836
26932.576302 66.562547 253.643836
27540.620339 65.019179 253.643836
27890.459299 64.143732 253.643836
28678.460079 62.448822 253.643836
29995.268407 60.007828 253.643836
30435.875541 59.202581 253.643836
30765.576900 58.600289 253.643836
32435.176201 56.150306 253.643836
32951.443888 55.404711 253.643836
34829.798836 53.121797 253.643836
34941.547183 52.927051 253.643836
37159.433120 50.619593 253.643836
39201.733781 48.748755 253.643836
40624.662802 47.547107 253.643836
40957.995483 47.232752 253.643836
41295.145886 46.920959 253.643836
45047.131537 44.319577 253.643836
45004.784598 44.291972 253.643836
45381.714955 44.006370 253.643836
45762.463034 43.723141 253.643836
45297.225159 43.951046 253.643836
46535.412355 43.163743 253.643836
46493.269498 43.136055 253.643836
46451.167457 43.108342 253.643836
46625.806169 42.956074 253.643836
46367.085824 43.052839 253.643836
44210.039310 44.302689 253.643836
46717.511557 42.748810 253.643836
46457.969435 42.844903 253.643836
46416.112292 42.817047 253.643836
46810.528518 42.541955 253.643836
46988.285624 42.391339 253.643836
47167.027772 42.241294 253.643836
46685.324437 42.458223 253.643836
46863.203991 42.307564 253.643836
46821.591746 42.279590 253.643836
46780.020318 42.251590 253.643836
46738.489706 42.223566 253.643836
46696.999910 42.195517 253.643836
46876.027772 42.045378 253.643836
46614.142767 42.139343 253.643836
46793.252262 41.989180 253.643836
46751.925731 41.961043 253.643836
46490.163175 42.054896 253.643836
46229.385661 42.149278 253.643836
46188.181579 42.121041 253.643836
46147.018314 42.092779 253.643836
45887.307476 42.187619 253.643836
44981.314548 42.657655 253.643836
44940.273731 42.629260 253.643836
44685.406473 42.726900 253.643836
44644.447290 42.698443 253.643836
44817.396180 42.543920 253.643836
44137.749534 42.895327 253.643836
44308.891605 42.739539 253.643836
44268.095687 42.710967 253.643836
43804.327200 42.937407 253.643836
43974.647493 42.780947 253.643836
43512.849092 43.008516 253.643836
44105.320176 42.596416 253.643836
43222.478476 43.080101 253.643836
44237.100351 42.412433 253.643836
44625.268889 42.132438 253.643836
44800.555212 41.978985 253.643836
44544.370930 42.074917 253.643836
44936.438823 41.797360 253.643836
44248.824752 42.142563 253.643836
43781.728340 42.366044 253.643836
43529.484228 42.464211 253.643836
43068.134806 42.691260 253.643836
42818.805006 42.791186 253.643836
41543.614143 43.549010 253.643836
18836.984294 -86.555844 253.643836
18797.861845 -86.552257 253.643836
18713.929463 -87.985113 253.643836
18674.888647 -87.983007 253.643836
18635.888647 -87.980897 253.643836
18612.037084 -87.401994 253.643836
18546.680380 -88.554465 253.643836
18503.553810 -88.842269 253.643836
18461.412284 -89.130737 253.643836
18420.255800 -89.419857 253.643836
18383.861263 -89.128905 253.643836
18348.451770 -88.837385 253.643836
18302.696603 -89.709002 253.643836
18264.063950 -89.708694 253.643836
18226.888453 -89.416787 253.643836
18188.337432 -89.416170 253.643836
18147.938776 90.000000 253.643836
18109.469388 90.000000 253.643836
18072.929269 -89.414308 253.643836
18033.125174 -89.706835 253.643836
17998.555141 -89.119630 253.643836
17957.888453 -89.412435 253.643836
17919.623146 -89.411808 253.643836
17879.982317 -89.705582 253.643836
17841.326531 90.000000 253.643836
17803.655787 -89.704952 253.643836
17766.970085 -89.409287 253.643836
17998.957584 82.939541 253.643836
17984.070720 82.640700 253.643836
17970.168899 82.341620 253.643836
17885.018808 82.916972 253.643836
17870.254394 82.617171 253.643836
17832.397251 82.609295 253.643836
17771.447380 82.894259 253.643836
17780.883185 82.300719 253.643836
17768.170488 81.999812 253.643836
17658.243298 82.871401 253.643836
17620.590237 82.863749 253.643836
17630.189307 82.267684 253.643836
17617.639876 81.965482 253.643836
17531.009496 82.545679 253.643836
17493.519700 82.537650 253.643836
18075.011063 77.004616 253.643836
17442.740328 82.225991 253.643836
17405.372981 82.217599 253.643836
17393.068447 81.913434 253.643836
17465.312984 80.724920 253.643836
17586.225992 79.249889 253.643836
17482.926069 79.823383 253.643836
17383.443868 80.400213 253.643836
17377.008774 80.095392 253.643836
17543.880023 78.327722 253.643836
17302.886325 80.073985 253.643836
17297.517906 79.768404 253.643836
17293.134530 79.462737 253.643836
17223.640355 79.746248 253.643836
17186.762804 79.735134 253.643836
17182.501877 79.428480 253.643836
16817.115205 83.000313 253.643836
16534.861263 -89.081487 253.643836
16517.031504 -87.855238 253.643836
16469.027319 -88.465971 253.643836
16467.803152 -86.930727 253.643836
16431.211315 -86.927308 253.643836
16347.921093 -89.692095 253.643836
16315.187794 89.075324 253.643836
16291.465461 88.149060 253.643836
16295.166508 86.605600 253.643836
16231.868303 87.527216 253.643836
16233.290416 86.289544 253.643836
16196.984294 86.285382 253.643836
16160.718988 86.281211 253.643836
16162.735663 85.349963 253.643836
16141.187498 85.035890 253.643836
16137.148335 84.412812 253.643836
16118.514481 84.097920 253.643836
16120.222308 83.474425 253.643836
16046.432848 84.084631 253.643836
16111.957584 82.535305 253.643836
16123.230124 81.912091 253.643836
16112.354162 81.595956 253.643836
16051.475022 81.893912 253.643836
16093.557365 80.963093 253.643836
16057.781855 80.952948 253.643836
16078.700739 80.329569 253.643836
16135.068927 79.402134 253.643836
16131.991673 79.085610 253.643836
16096.379428 79.073394 253.643836
16128.792293 78.452430 253.643836
16240.560985 77.228813 253.643836
16205.071189 77.214600 253.643836
16248.937219 76.598013 253.643836
16296.620970 75.983161 253.643836
16138.032091 76.869606 253.643836
16268.889390 75.652613 253.643836
16190.641378 75.936420 253.643836
16332.911026 74.725520 253.643836
16344.446146 74.411593 253.643836
16356.966309 74.097898 253.643836
16470.559503 73.195339 253.643836
16486.938204 72.883398 253.643836
16504.301948 72.571777 253.643836
16469.301948 72.552674 253.643836
16487.691550 72.241070 253.643836
16675.610591 71.060310 253.643836
16757.817102 70.464477 253.643836
16905.688157 69.587337 253.643836
16997.418564 68.999427 253.643836
16836.137137 69.543334 253.643836
17058.252406 68.391691 253.643836
17157.659072 67.809813 253.643836
17260.883459 67.231360 253.643836
17226.291622 67.207225 253.643836
17333.374548 66.631785 253.643836
17298.864344 66.607102 253.643836
17483.927572 65.762714 253.643836
17375.377235 66.009559 253.643836
17721.040568 64.633495 253.643836
17531.840515 65.144337 253.643836
17731.230403 64.313682 253.643836
17857.483569 63.756145 253.643836
17987.554456 63.202595 253.643836
18121.443065 62.653092 253.643836
18434.775488 61.595147 253.643836
18489.902833 61.311847 253.643836
18546.015221 61.029399 253.643836
18603.112651 60.747811 253.643836
18478.015221 60.971068 253.643836
18720.262639 60.187255 253.643836
18593.358389 60.407916 253.643836
18746.458054 59.878332 253.643836
18903.375442 59.353110 253.643836
18966.383128 59.076880 253.643836
19329.223482 58.074916 253.643836
18996.681979 58.770812 253.643836
19465.829425 57.533885 253.643836
19535.609960 57.264806 253.643836
19711.656771 56.761534 253.643836
19784.351618 56.495539 253.643836
20408.043331 55.085035 253.643836
20601.208664 54.602564 253.643836
20454.021231 54.793799 253.643836
20881.436321 53.870690 253.643836
20731.497842 54.058011 253.643836
20698.212127 54.024617 253.643836
20781.579178 53.770259 253.643836
20984.431673 53.298414 253.643836
20832.768006 53.483206 253.643836
21037.590586 53.013344 253.643836
21246.230887 52.548076 253.643836
21707.964655 51.665777 253.643836
21674.964655 51.631294 253.643836
21392.729726 52.018623 253.643836
21990.082418 50.938319 253.643836
22215.922874 50.493536 253.643836
22183.086139 50.458575 253.643836
22412.785134 50.018185 253.643836
22646.301850 49.582323 253.643836
22748.139812 49.348412 253.643836
22850.962818 49.115552 253.643836
22548.281441 49.476299 253.643836
23618.545929 47.883726 253.643836
23728.100967 47.658510 253.643836
23838.641048 47.434336 253.643836
23663.121375 47.586832 253.643836
23917.737601 47.175252 253.643836
24322.998738 46.584147 253.643836
24438.423216 46.365235 253.643836
24554.832736 46.147359 253.643836
24672.227299 45.930517 253.643836
24790.606905 45.714709 253.643836
