97730.858350 58.607264 81.041096
97654.633861 58.593620 81.041096
97355.140666 58.687638 81.041096
95742.269498 59.434808 81.041096
96100.511557 59.202685 81.041096
96462.571338 58.971429 81.041096
96386.550930 58.957839 81.041096
96091.038722 59.053035 81.041096
96676.530473 58.713724 81.041096
70596.167967 -88.221696 81.041096
95210.412355 59.340383 81.041096
95134.596028 59.326851 81.041096
95493.164618 59.094192 81.041096
94983.085824 59.299754 81.041096
96000.333895 58.739995 81.041096
96146.101902 58.617765 81.041096
96292.854952 58.495721 81.041096
95333.487702 58.916712 81.041096
96365.062432 58.360038 81.041096
69783.251808 -89.254835 81.041096
95990.814135 58.440500 81.041096
69632.394666 -89.254028 81.041096
96063.348146 58.304624 81.041096
95988.021616 58.290743 81.041096
96136.989649 58.168851 81.041096
95614.181482 58.371229 81.041096
95986.540669 58.140984 81.041096
95911.377404 58.127033 81.041096
95836.254955 58.113072 81.041096
95091.244759 58.424253 81.041096
95016.203943 58.410349 81.041096
94941.203943 58.396434 81.041096
95088.610054 58.273790 81.041096
95013.691686 58.259826 81.041096
95162.123656 58.137335 81.041096
94863.977401 58.231865 81.041096
95012.491003 58.109300 81.041096
94714.426380 58.203861 81.041096
95087.275363 57.972856 81.041096
94788.348146 58.067164 81.041096
94268.040677 58.270701 81.041096
94863.377404 57.930576 81.041096
94788.826383 57.916460 81.041096
94714.316179 57.902333 81.041096
94192.283523 58.105495 81.041096
93674.068588 58.309782 81.041096
93599.680833 58.295727 81.041096
93969.120258 58.063172 81.041096
94118.123656 57.940158 81.041096
94268.112098 57.817340 81.041096
93969.633861 57.911812 81.041096
92569.756455 58.555290 81.041096
94045.561077 57.774692 81.041096
93747.205289 57.869209 81.041096
93897.397812 57.746205 81.041096
93153.448841 58.059144 81.041096
93525.144065 57.826504 81.041096
93451.205289 57.812247 81.041096
93153.997809 57.907123 81.041096
92857.775371 58.002303 81.041096
93006.324339 57.878604 81.041096
92268.285624 58.193573 81.041096
93306.377404 57.631803 81.041096
92562.754963 57.945280 81.041096
92711.467197 57.821431 81.041096
92415.489657 57.916700 81.041096
92564.283523 57.792776 81.041096
92490.752911 57.778431 81.041096
92194.897820 57.873746 81.041096
92343.814135 57.749708 81.041096
92270.405972 57.735329 81.041096
92420.348146 57.611454 81.041096
92123.712095 57.706537 81.041096
92497.989649 57.473315 81.041096
92200.491003 57.568136 81.041096
90801.593190 58.215201 81.041096
91387.027772 57.868844 81.041096
91535.326392 57.744263 81.041096
92132.173322 57.400817 81.041096
91834.878759 57.495710 81.041096
91094.782874 57.811149 81.041096
91021.823691 57.796697 81.041096
91616.001208 57.452115 81.041096
91767.377404 57.328032 81.041096
91246.977401 57.532818 81.041096
91174.181482 57.518266 81.041096
91324.735901 57.393828 81.041096
91476.275363 57.269595 81.041096
91403.601894 57.254957 81.041096
91106.715493 57.349990 81.041096
90588.448841 57.555582 81.041096
91185.826383 57.210972 81.041096
90665.752911 57.416078 81.041096
90593.283523 57.401433 81.041096
90744.164473 57.276694 81.041096
90448.467197 57.372108 81.041096
90376.120258 57.357428 81.041096
90081.448841 57.453168 81.041096
90679.112098 57.107932 81.041096
90606.887608 57.093165 81.041096
90087.140666 57.298589 81.041096
90238.307330 57.173587 81.041096
90166.205289 57.158810 81.041096
89427.048180 57.475788 81.041096
90022.123656 57.129221 81.041096
89950.144065 57.114409 81.041096
90102.459037 56.989467 81.041096
90030.561077 56.974605 81.041096
89958.703934 56.959732 81.041096
89439.324339 57.165511 81.041096
88923.762466 57.372484 81.041096
63005.249018 -89.529474 81.041096
62933.555141 -89.529206 81.041096
62861.902080 -89.528938 81.041096
62787.929269 -89.685776 81.041096
62716.357840 -89.685596 81.041096
62647.187794 -89.528131 81.041096
62573.337432 -89.685237 81.041096
62507.553810 -89.370134 81.041096
62430.480289 -89.684877 81.041096
62364.778300 -89.369413 81.041096
62290.146978 -89.526781 81.041096
62231.608318 -89.053085 81.041096
62147.616365 -89.526239 81.041096
62076.412284 -89.525967 81.041096
62008.553810 -89.367605 81.041096
61937.431361 -89.367242 81.041096
61863.044937 -89.525150 81.041096
61799.557931 -89.208161 81.041096
61739.888647 -88.890856 81.041096
61684.037084 -88.573254 81.041096
61642.861845 -88.096883 81.041096
61288.882253 -88.091393 81.041096
61197.435805 -88.408396 81.041096
61147.576131 -88.089189 81.041096
61076.984294 -88.088084 81.041096
61006.433274 -88.086979 81.041096
60935.923069 -88.085872 81.041096
60724.637355 -88.082543 81.041096
60513.718988 -88.079203 81.041096
60373.310825 -88.076970 81.041096
60660.085511 85.199088 81.041096
60618.782372 85.036969 81.041096
60142.231723 -88.394491 81.041096
60539.131223 84.712405 81.041096
60012.146100 -88.231978 81.041096
60368.525501 84.865812 81.041096
59883.167967 -88.069113 81.041096
59802.452222 -88.228880 81.041096
59722.721519 -88.388861 81.041096
60119.865917 84.693947 81.041096
59989.700739 85.010949 81.041096
59980.437345 84.687766 81.041096
59443.864376 -88.385085 81.041096
59810.484684 84.841852 81.041096
59803.232192 84.518176 81.041096
59702.069998 84.675360 81.041096
59156.690145 -88.543089 81.041096
59087.241165 -88.542233 81.041096
59017.833002 -88.541376 81.041096
58940.439732 -88.702623 81.041096
58879.139125 -88.539658 81.041096
59349.950857 84.334850 81.041096
59248.130151 84.492477 81.041096
58680.374581 -88.374610 81.041096
58988.901837 85.131395 81.041096
58562.861845 -88.047460 81.041096
58456.011160 -88.697258 81.041096
58394.996267 -88.533616 81.041096
58317.970344 -88.695717 81.041096
58257.037084 -88.531880 81.041096
58188.118716 -88.531011 81.041096
58119.241165 -88.530140 81.041096
58050.404431 -88.529269 81.041096
57981.608512 -88.528396 81.041096
57921.823560 -88.363999 81.041096
57863.023651 -88.199433 81.041096
57775.465655 -88.525773 81.041096
57706.833002 -88.524896 81.041096
57638.241165 -88.524019 81.041096
57578.660295 -88.359130 81.041096
57977.069998 84.596496 81.041096
57940.232192 84.430469 81.041096
57871.803620 84.427166 81.041096
57803.415865 84.423860 81.041096
57703.437345 84.583661 81.041096
57566.865917 84.577221 81.041096
57467.954072 84.737482 81.041096
57462.089335 84.407271 81.041096
57426.522285 84.240442 81.041096
57294.212856 84.564295 81.041096
57226.151631 84.561053 81.041096
57222.338612 84.230141 81.041096
57090.151631 84.554559 81.041096
56991.525501 84.715469 81.041096
56954.314896 84.548050 81.041096
56419.537846 -88.342355 81.041096
56850.273008 84.377161 81.041096
56266.949936 -88.672154 81.041096
56216.211315 -88.339359 81.041096
56615.437345 84.531708 81.041096
56547.784284 84.528428 81.041096
56544.379428 84.195536 81.041096
56476.807999 84.192053 81.041096
55878.150091 -88.334342 81.041096
56341.787591 84.185074 81.041096
56274.338612 84.181578 81.041096
56174.354641 84.343324 81.041096
56207.547395 83.844180 81.041096
56105.756605 84.005720 81.041096
55456.827487 -88.662488 81.041096
55937.705959 84.164036 81.041096
55315.296810 -88.828206 81.041096
55871.322906 83.825613 81.041096
55736.216163 84.153460 81.041096
55702.654564 83.983990 81.041096
55537.886325 84.478751 81.041096
55502.517906 84.309079 81.041096
54928.037084 -88.488036 81.041096
55306.321419 84.635330 81.041096
55270.131223 84.465352 81.041096
55203.294488 84.461992 81.041096
55136.498570 84.458628 81.041096
55167.470890 83.954772 81.041096
55100.756605 83.951099 81.041096
54967.987294 84.281383 81.041096
54393.833002 -88.480628 81.041096
54713.901837 84.944294 81.041096
54768.211784 84.270928 81.041096
54670.069998 84.434965 81.041096
54603.600611 84.431569 81.041096
54091.025110 -87.968320 81.041096
54013.778753 -88.136357 81.041096
53937.517438 -88.304634 81.041096
53891.984294 -87.964570 81.041096
53804.946009 -88.302546 81.041096
54145.210944 84.747867 81.041096
54171.089335 84.239333 81.041096
54104.946478 84.235801 81.041096
54071.420244 84.063820 81.041096
53972.783212 84.228724 81.041096
53875.131223 84.393929 81.041096
53840.783212 84.221630 81.041096
53807.420244 84.049222 81.041096
53741.522285 84.045562 81.041096
53144.537846 -88.292028 81.041096
53545.641427 84.376651 81.041096
53577.593339 83.865394 81.041096
53445.762804 84.200242 81.041096
53380.068927 84.196662 81.041096
53414.975967 83.684676 81.041096
53248.803620 84.189489 81.041096
53151.600611 84.355778 81.041096
53150.277387 84.012415 81.041096
53084.787591 84.008709 81.041096
53087.322906 83.665138 81.041096
52953.930448 84.001283 81.041096
52855.987294 84.167863 81.041096
52790.660763 84.164243 81.041096
52693.743468 84.331230 81.041096
52660.130151 84.156990 81.041096
52627.501877 83.982640 81.041096
52498.131223 84.320644 81.041096
52497.216163 83.975150 81.041096
52399.558723 84.142429 81.041096
52334.517906 84.138777 81.041096
52207.198970 84.477916 81.041096
52204.558723 84.131461 81.041096
52139.640355 84.127796 81.041096
52107.338612 83.952569 81.041096
52009.926069 84.120452 81.041096
51913.498570 84.288648 81.041096
51880.375049 84.113089 81.041096
51784.029182 84.281489 81.041096
51262.350181 -88.086979 81.041096
51565.493674 84.791825 81.041096
51621.762804 84.098310 81.041096
51041.664221 -88.605829 81.041096
51525.277387 83.918379 81.041096
50929.680703 -88.255274 81.041096
50865.252132 -88.254169 81.041096
50800.864376 -88.253062 81.041096
50727.547288 -88.426666 81.041096
50672.211315 -88.250845 81.041096
50583.868238 -88.774620 81.041096
51010.641427 84.238156 81.041096
50462.541772 -88.597850 81.041096
50406.424839 -88.421661 81.041096
50351.292948 -88.245278 81.041096
50270.235650 -88.595170 81.041096
50214.241165 -88.418643 81.041096
50150.261574 -88.417635 81.041096
50086.322798 -88.416625 81.041096
50041.309365 -88.063771 81.041096
49958.567696 -88.414601 81.041096
50402.273008 84.027084 81.041096
49815.868238 -88.765209 81.041096
49759.215242 -88.587973 81.041096
49695.521364 -88.587069 81.041096
49624.786606 -88.762834 81.041096
50116.379428 83.833159 81.041096
50052.807999 83.829229 81.041096
49449.179941 -88.406454 81.041096
49925.787591 83.821354 81.041096
49798.131223 84.168192 81.041096
49798.930448 83.813458 81.041096
49735.563101 83.809503 81.041096
49151.023651 -88.046307 81.041096
49576.375049 83.977355 81.041096
49513.130151 83.973495 81.041096
49482.501877 83.793632 81.041096
49355.131223 84.141986 81.041096
49292.008774 84.138224 81.041096
49326.654564 83.605460 81.041096
49230.093714 83.777679 81.041096
49200.613748 83.597240 81.041096
49039.927141 84.123124 81.041096
49008.640355 83.942441 81.041096
48945.762804 83.938537 81.041096
48375.404431 -88.388861 81.041096
48304.582589 -88.566866 81.041096
48241.827487 -88.565934 81.041096
48187.139125 -88.385715 81.041096
48124.465655 -88.384664 81.041096
48061.833002 -88.383612 81.041096
47991.215242 -88.562194 81.041096
48476.787591 83.729327 81.041096
48414.277387 83.725264 81.041096
48419.792293 83.365520 81.041096
48225.172039 84.073512 81.041096
48260.511707 83.534916 81.041096
47654.290416 -87.835392 81.041096
48102.338612 83.704869 81.041096
47975.865917 84.058078 81.041096
47945.273008 83.875381 81.041096
47949.185176 83.513871 81.041096
47789.314896 84.046450 81.041096
47859.404538 83.326616 81.041096
47797.343314 83.322265 81.041096
47136.211315 -88.186403 81.041096
47074.231723 -88.185209 81.041096
47012.292948 -88.184013 81.041096
46960.309365 -88.001238 81.041096
47487.649436 83.300426 81.041096
47357.848816 83.655379 81.041096
47364.057599 83.291651 81.041096
47267.858645 83.467090 81.041096
47172.644734 83.642885 81.041096
47214.384453 83.098511 81.041096
47152.772208 83.093981 81.041096
47127.553493 82.909417 81.041096
47066.022880 82.904760 81.041096
46968.180372 83.080357 81.041096
46263.241165 -88.352483 81.041096
46220.717528 -87.985304 81.041096
46125.358034 -88.716753 81.041096
46687.220865 83.242974 81.041096
46625.935151 83.238514 81.041096
46530.225992 83.415284 81.041096
46538.894657 83.048360 81.041096
46514.084105 82.862570 81.041096
46416.608943 83.039163 81.041096
46355.527310 83.034556 81.041096
46368.136146 82.666992 81.041096
46233.486494 83.025323 81.041096
46137.118824 83.202622 81.041096
46076.200457 83.198109 81.041096
46015.322906 83.193590 81.041096
46026.247370 82.824646 81.041096
45825.705959 83.549745 81.041096
45868.343637 82.997478 81.041096
45807.629351 82.992816 81.041096
45783.308595 82.805534 81.041096
45650.914742 83.166349 81.041096
45590.322906 83.161787 81.041096
45601.533084 82.791133 81.041096
45504.670168 82.969411 81.041096
45556.091597 82.415527 81.041096
45420.124921 82.776675 81.041096
45359.737166 82.771842 81.041096
45127.068927 83.686280 81.041096
45276.381044 82.578616 81.041096
45107.057599 83.125078 81.041096
45155.891248 82.568666 81.041096
45058.410635 82.747584 81.041096
44926.506579 83.111210 81.041096
44975.462676 82.553690 81.041096
44878.104513 82.732951 81.041096
44746.322906 83.097287 81.041096
44795.401452 82.538654 81.041096
44735.462676 82.533629 81.041096
44675.564717 82.528597 81.041096
44578.410635 82.708432 81.041096
44482.241596 82.888658 81.041096
43778.975859 -88.306370 81.041096
43719.241165 -88.305213 81.041096
44339.390227 82.688698 81.041096
44279.737166 82.683748 81.041096
44220.124921 82.678791 81.041096
44160.553493 82.673828 81.041096
44138.319819 82.483003 81.041096
44005.180372 82.850015 81.041096
43875.858645 83.218122 81.041096
43959.972881 82.467682 81.041096
43900.605534 82.462561 81.041096
43803.982064 82.643906 81.041096
43708.343637 82.825650 81.041096
43613.690253 83.007789 81.041096
43589.894657 82.815857 81.041096
43604.381044 82.436853 81.041096
43583.499760 82.244757 81.041096
43486.176962 82.426520 81.041096
43427.136146 82.421344 81.041096
43445.562703 82.041713 81.041096
43309.176962 82.410969 81.041096
43250.258595 82.405771 81.041096
43047.858645 83.152901 81.041096
43095.247370 82.583327 81.041096
43000.098739 82.766494 81.041096
43014.993289 82.384909 81.041096
42918.982064 82.568027 81.041096
42975.032091 81.997980 81.041096
42916.399438 81.992480 81.041096
42818.622209 82.175367 81.041096
42684.533084 82.547529 81.041096
41938.154017 -88.461905 81.041096
42643.091597 82.159178 81.041096
42546.421860 82.342840 81.041096
42488.034105 82.337549 81.041096
42507.113723 81.953767 81.041096
42297.731392 82.706360 81.041096
42275.818799 82.511386 81.041096
42293.132413 82.126600 81.041096
42314.263749 81.741990 81.041096
42256.120892 81.736271 81.041096
42157.889233 81.920288 81.041096
42060.642617 82.104732 81.041096
42002.622209 82.099246 81.041096
41944.642617 82.093752 81.041096
41886.703842 82.088251 81.041096
41867.991274 81.892176 81.041096
41810.134131 81.886530 81.041096
41792.447423 81.690233 81.041096
41617.115738 82.257302 81.041096
41636.807601 81.869547 81.041096
41539.928332 82.055084 81.041096
41561.590280 81.667023 81.041096
41463.848417 81.852492 81.041096
41367.091597 82.038396 81.041096
41429.949839 81.458166 81.041096
41291.256580 81.835366 81.041096
41194.622209 82.021639 81.041096
41216.529056 81.631965 81.041096
41242.253623 81.242516 81.041096
41184.927093 81.236376 81.041096
41127.641378 81.230226 81.041096
40947.174948 81.800899 81.041096
40971.174328 81.410116 81.041096
40872.937219 81.596613 81.041096
40898.906685 81.205543 81.041096
40799.806981 81.391959 81.041096
40827.746532 81.000611 81.041096
40770.746532 80.994271 81.041096
40670.825052 81.180722 81.041096
40490.685152 81.754490 81.041096
40515.011063 81.361527 81.041096
40500.192399 81.162015 81.041096
40486.358777 80.962432 81.041096
40263.419846 81.731090 81.041096
40372.889390 80.949635 81.041096
40316.215920 80.943222 81.041096
40259.583267 80.936801 81.041096
40202.991430 80.930370 81.041096
40061.460043 81.312389 81.041096
40089.930206 80.917482 81.041096
40033.460818 80.911025 81.041096
39934.069950 81.099085 81.041096
39794.590280 81.482683 81.041096
39864.297553 80.891597 81.041096
39807.991430 80.885103 81.041096
39708.763827 81.073663 81.041096
39529.317805 81.654119 81.041096
39639.317961 80.865565 81.041096
39540.212807 81.054502 81.041096
39442.092696 81.243911 81.041096
39428.049542 81.041682 81.041096
39414.991430 80.839385 81.041096
39359.011839 80.832816 81.041096
39136.889233 81.612081 81.041096
39335.932377 80.427742 81.041096
39235.224484 80.616854 81.041096
39092.539338 81.003005 81.041096
39123.632648 80.603361 81.041096
39067.897954 80.596600 81.041096
38968.297553 80.786575 81.041096
38956.551015 80.583049 81.041096
38945.789519 80.379463 81.041096
38845.367341 80.569459 81.041096
38789.836729 80.562649 81.041096
38690.440410 80.753262 81.041096
38678.897954 80.549001 81.041096
38714.135516 80.147432 81.041096
38524.215920 80.733159 81.041096
38557.646662 80.330699 81.041096
38370.641378 80.918056 81.041096
38358.358777 80.712970 81.041096
38303.154696 80.706220 81.041096
38429.282881 79.906702 81.041096
38327.421230 80.097353 81.041096
38226.544621 80.288509 81.041096
38217.298781 80.082952 81.041096
38027.746532 80.672327 81.041096
37972.787349 80.665519 81.041096
38006.626254 80.260180 81.041096
37951.748703 80.253072 81.041096
37808.154696 80.645036 81.041096
37887.911026 80.039500 81.041096
37787.360948 80.231686 81.041096
37732.646662 80.224537 81.041096
37677.973193 80.217378 81.041096
37669.135516 80.010321 81.041096
37568.748703 80.203027 81.041096
37559.992658 79.995669 81.041096
37505.482454 79.988326 81.041096
37405.218091 80.181424 81.041096
37396.584495 79.973610 81.041096
37342.196740 79.966235 81.041096
37242.054826 80.159725 81.041096
37187.748703 80.152471 81.041096
37044.726124 80.548258 81.041096
37125.053883 79.936630 81.041096
37070.870209 79.929202 81.041096
37016.727352 79.921762 81.041096
36871.979586 80.318020 81.041096
36862.769111 80.108724 81.041096
36763.897954 80.303662 81.041096
35697.235650 -88.332831 81.041096
35643.296874 -88.331570 81.041096
35589.398915 -88.330306 81.041096
35543.567696 -88.120313 81.041096
35481.725446 -88.327774 81.041096
35427.949936 -88.326505 81.041096
35382.241165 -88.116031 81.041096
36378.054826 80.042378 81.041096
36279.551015 80.238522 81.041096
36225.938770 80.231230 81.041096
36263.013067 79.816459 81.041096
36163.687479 80.012607 81.041096
36021.440410 80.413698 81.041096
36102.543679 79.793610 81.041096
35958.489790 80.194612 81.041096
35949.973193 79.982659 81.041096
35942.441638 79.770660 81.041096
35889.155924 79.762987 81.041096
35790.116050 79.960082 81.041096
35782.706944 79.747607 81.041096
35776.282881 79.535091 81.041096
35723.160432 79.527225 81.041096
35623.339597 79.724451 81.041096
35524.503805 79.922228 81.041096
35382.746532 80.326740 81.041096
35418.544621 79.907007 81.041096
35320.775505 80.105607 81.041096
35405.282881 79.479784 81.041096
35259.911968 79.884090 81.041096
35162.265301 80.083106 81.041096
35154.360948 79.868755 81.041096
35147.441638 79.654359 81.041096
35048.973193 79.853373 81.041096
34996.340540 79.845666 81.041096
34989.543679 79.630784 81.041096
34936.992658 79.622902 81.041096
34884.482454 79.615008 81.041096
34741.367341 80.022603 81.041096
34733.789519 79.806951 81.041096
34681.401764 79.799173 81.041096
34629.054826 79.791384 81.041096
34576.748703 79.783582 81.041096
33483.946009 -87.848063 81.041096
33414.725446 -88.276814 81.041096
33400.310825 -87.414175 81.041096
33318.424839 -88.058537 81.041096
33258.296874 -88.272765 81.041096
33233.146100 -87.623832 81.041096
33162.241165 -88.053969 81.041096
33129.146100 -87.620103 81.041096
33088.065927 -87.401994 81.041096
33025.309365 -87.616363 81.041096
32984.310825 -87.397909 81.041096
33697.317805 80.955124 81.041096
32859.946009 -87.827717 81.041096
32818.125691 -87.608846 81.041096
33605.032247 80.071653 81.041096
33468.480451 80.487883 81.041096
33501.930206 80.056233 81.041096
33494.346933 79.836631 81.041096
33487.748703 79.616983 81.041096
33304.620970 80.245479 81.041096
33296.215920 80.025249 81.041096
33201.927093 80.230257 81.041096
33150.641378 80.222629 81.041096
32211.351641 -87.366852 81.041096
32885.785474 81.063080 81.041096
32834.622209 81.056063 81.041096
32047.003242 -87.580232 81.041096
32006.780212 -87.358444 81.041096
32669.562703 80.812741 81.041096
31802.861845 -87.349983 81.041096
31396.984294 -87.332897 81.041096
31245.453682 -87.326433 81.041096
31083.431814 -87.542990 81.041096
30982.860385 -87.539003 81.041096
30943.494498 -87.313410 81.041096
25373.660295 -87.527770 81.041096
25338.125691 -87.278462 81.041096
25273.833002 -87.770732 81.041096
25228.465655 -87.768728 81.041096
25168.031504 -88.262657 81.041096
25122.745789 -88.261091 81.041096
25092.608512 -87.762693 81.041096
25066.288957 -87.263733 81.041096
25002.241165 -87.758651 81.041096
24957.118716 -87.756625 81.041096
24930.921610 -87.256309 81.041096
24858.970344 -88.002061 81.041096
24821.996267 -87.750524 81.041096
24777.037084 -87.748483 81.041096
24732.118716 -87.746438 81.041096
24679.215242 -87.994796 81.041096
24634.378507 -87.992971 81.041096
24627.351641 -86.988256 81.041096
24552.853410 -87.738222 81.041096
24508.139125 -87.736158 81.041096
24463.465655 -87.734091 81.041096
24427.803152 -87.480331 81.041096
24403.984294 -86.974491 81.041096
24348.574671 -87.223667 81.041096
24294.150091 -87.473405 81.041096
24240.710553 -87.723699 81.041096
24226.025110 -86.963389 81.041096
24160.864376 -87.466441 81.041096
24126.431814 -87.210905 81.041096
24082.125691 -87.208338 81.041096
24048.718988 -86.952205 81.041096
23895.394989 -87.452397 81.041096
23872.065927 -86.940938 81.041096
23828.004702 -86.938108 81.041096
23754.241165 -87.700496 81.041096
24042.157120 82.872492 81.041096
23998.218344 82.865936 81.041096
23928.354162 83.111896 81.041096
23578.567696 -87.691941 81.041096
23526.725446 -87.946248 81.041096
23849.781855 82.586660 81.041096
23833.901837 82.326945 81.041096
23762.353284 82.572958 81.041096
23691.789773 82.819707 81.041096
23702.942653 82.305650 81.041096
23631.516549 82.552310 81.041096
23561.075487 82.799712 81.041096
23517.585691 82.793022 81.041096
23501.047161 82.531548 81.041096
23457.638998 82.524601 81.041096
23387.361201 82.772878 81.041096
23318.068447 83.021898 81.041096
23384.312984 81.993190 81.041096
23433.130151 81.221712 81.041096
23358.294488 81.468110 81.041096
23888.748703 77.679097 81.041096
24134.559503 76.182236 81.041096
24142.938204 75.923619 81.041096
24791.071043 72.999400 81.041096
24876.485821 72.506828 81.041096
24899.150365 72.253283 81.041096
25415.213970 70.355743 81.041096
26409.569015 67.371496 81.041096
26540.469920 66.906060 81.041096
27326.232584 64.914625 81.041096
27576.659750 64.249589 81.041096
28251.085343 62.751522 81.041096
28314.637333 62.521254 81.041096
29502.803668 60.261919 81.041096
30179.712275 59.057839 81.041096
31544.530562 56.942417 81.041096
31905.677103 56.363245 81.041096
33562.815064 54.191053 81.041096
33816.873553 53.817780 81.041096
34841.933635 52.600166 81.041096
34799.586696 52.573516 81.041096
36362.465292 50.907690 81.041096
38019.807334 49.313990 81.041096
38683.864121 48.679722 81.041096
39363.069344 48.056371 81.041096
40431.336621 47.155358 81.041096
40577.607728 46.984434 81.041096
42869.673929 45.288936 81.041096
43432.430469 44.858562 81.041096
45467.748748 43.528953 81.041096
46283.167457 42.997237 81.041096
46675.613598 42.720989 81.041096
46852.344845 42.569816 81.041096
46810.528518 42.541955 81.041096
46115.820518 42.885728 81.041096
47167.027772 42.241294 81.041096
47125.333895 42.213380 81.041096
47305.101902 42.063890 81.041096
46602.059130 42.402276 81.041096
47221.918228 42.007964 81.041096
47180.387616 41.979963 81.041096
47138.897820 41.951938 81.041096
47097.448841 41.923889 81.041096
47501.715493 41.654571 81.041096
47237.038625 41.746823 81.041096
47195.712095 41.718712 81.041096
47377.735901 41.570282 81.041096
47336.491003 41.542136 81.041096
47071.977401 41.634233 81.041096
47478.377404 41.366086 81.041096
47888.595129 41.100234 81.041096
48074.599922 40.954070 81.041096
48261.589758 40.808472 81.041096
47539.330480 41.134063 81.041096
47273.173322 41.224819 81.041096
48367.687086 40.606976 81.041096
48556.728641 40.462493 81.041096
47828.967269 40.784475 81.041096
48245.176882 40.522103 81.041096
48434.340885 40.377603 81.041096
48163.707495 40.465401 81.041096
48352.953130 40.320891 81.041096
47625.395841 40.642481 81.041096
47584.804004 40.614009 81.041096
46641.572636 41.059894 81.041096
46601.062432 41.031304 81.041096
45673.020318 41.486134 81.041096
46074.489657 41.214576 81.041096
46034.101902 41.185879 81.041096
45993.754963 41.157156 81.041096
45292.018314 41.493430 81.041096
46358.858350 40.859242 81.041096
46095.324339 40.950367 81.041096
46055.140666 40.921560 81.041096
45792.632514 41.013164 81.041096
46422.459037 40.624779 81.041096
46607.595786 40.477271 81.041096
46793.717578 40.330349 81.041096
46527.595786 40.419542 81.041096
46713.799210 40.272610 81.041096
45774.997809 40.719209 81.041096
45735.140666 40.690201 81.041096
44811.528518 41.145883 81.041096
19372.537523 -88.585619 81.041096
19332.802829 -88.584166 81.041096
19270.025110 -86.594809 81.041096
19200.710553 -87.442157 81.041096
19153.154017 -87.723699 81.041096
19121.690145 -87.436874 81.041096
19082.241165 -87.434224 81.041096
19042.833002 -87.431569 81.041096
19003.465655 -87.428908 81.041096
18956.113201 -87.711892 81.041096
18924.853410 -87.423570 81.041096
18885.608512 -87.420893 81.041096
18876.147559 -86.559423 81.041096
18331.576131 -86.508630 81.041096
18272.211315 -87.086350 81.041096
18224.690145 -87.374512 81.041096
18186.179941 -87.371731 81.041096
18126.465461 -88.245278 81.041096
18109.281982 -87.366153 81.041096
18044.455890 -88.534482 81.041096
18011.302196 -88.239676 81.041096
17972.996073 -88.237800 81.041096
17925.288504 -88.823741 81.041096
17879.510204 90.000000 81.041096
17853.129359 -88.526648 81.041096
17807.432692 -89.114918 81.041096
17776.884461 -88.523492 81.041096
17731.269427 -89.113019 81.041096
17689.472113 89.704001 81.041096
17651.020408 90.000000 81.041096
17620.635443 -88.813614 81.041096
17582.737484 -88.812336 81.041096
17541.575549 -89.108236 81.041096
17503.759222 -89.107273 81.041096
17465.983712 -89.106308 81.041096
17431.553810 -88.807196 81.041096
17393.859933 -88.805904 81.041096
17352.902080 -89.103400 81.041096
17328.036890 -88.205294 81.041096
17277.718406 -89.101451 81.041096
17235.938776 90.000000 81.041096
17470.386155 82.832976 81.041096
17505.170488 81.939541 81.041096
17493.728548 81.636154 81.041096
17483.271651 81.332577 81.041096
17419.034671 81.618112 81.041096
17967.641378 76.663513 81.041096
17930.396481 76.649413 81.041096
17583.486171 78.946696 81.041096
17618.084105 78.352674 81.041096
17580.961656 78.340211 81.041096
17581.176962 78.036953 81.041096
17506.839207 78.315207 81.041096
17398.078008 78.887210 81.041096
17361.118824 78.875237 81.041096
17324.200457 78.863238 81.041096
17396.381044 77.972636 81.041096
17518.174328 76.796019 81.041096
17360.989556 77.654519 81.041096
17176.935151 78.814987 81.041096
17072.236571 79.394001 81.041096
17002.987294 79.679205 81.041096
16692.529013 82.666992 81.041096
16384.000000 90.000000 81.041096
199000.473828 16.655371 81.041096
200730.138927 16.562314 81.041096
202468.342879 16.470057 81.041096
204215.085684 16.378591 81.041096
194766.650123 16.763268 81.041096
195893.589992 16.694252 81.041096
194693.997062 16.727744 81.041096
16245.699355 84.431569 81.041096
16226.943052 84.117741 81.041096
16190.759379 84.111149 81.041096
16154.616521 84.104542 81.041096
16176.584398 83.174213 81.041096
16161.768266 82.859083 81.041096
16171.070720 82.236707 81.041096
16184.190896 81.614762 81.041096
16174.218344 81.299132 81.041096
16221.884413 80.372750 81.041096
16215.770399 80.057198 81.041096
16242.273008 79.437569 81.041096
16174.865917 79.730074 81.041096
16203.338612 79.109960 81.041096
16271.037514 78.188581 81.041096
16347.275270 77.271268 81.041096
16311.663025 77.257148 81.041096
16355.406607 76.642517 81.041096
16319.875994 76.627714 81.041096
16367.478113 76.014153 81.041096
16332.029134 75.998674 81.041096
16339.583267 75.684348 81.041096
15373.208784 86.187013 81.041096
15390.758926 84.915998 81.041096
16368.155924 74.742374 81.041096
16525.533192 73.543732 81.041096
16440.757229 73.820105 81.041096
16505.681952 73.213758 81.041096
16627.773183 72.318513 81.041096
16702.221802 71.718807 81.041096
16723.362451 71.409888 81.041096
16862.572204 70.527709 81.041096
16887.571391 70.221095 81.041096
16975.402443 69.631160 81.041096
17067.051217 69.044334 81.041096
17162.517712 68.460717 81.041096
17261.801929 67.880401 81.041096
17364.903867 67.303477 81.041096
17400.534441 67.004199 81.041096
17365.860972 66.979934 81.041096
17402.517405 66.681006 81.041096
17513.336419 66.110148 81.041096
17405.607860 66.357859 81.041096
17593.462951 65.517404 81.041096
17789.856895 64.686075 81.041096
17677.529653 64.927419 81.041096
18042.077512 63.574103 81.041096
17926.054998 63.810211 81.041096
18139.608280 62.996481 81.041096
18105.342974 62.968862 81.041096
18241.079219 62.422019 81.041096
18468.918345 61.623798 81.041096
18614.178486 61.087515 81.041096
18671.194283 60.806353 81.041096
18729.195124 60.526055 81.041096
18788.181007 60.246631 81.041096
18848.151932 59.968091 81.041096
19004.946870 59.443906 81.041096
19363.847054 58.439456 81.041096
19329.989911 58.408643 81.041096
19097.886060 58.862935 81.041096
19464.462503 57.866444 81.041096
19228.663380 58.315878 81.041096
19602.875266 57.328032 81.041096
19778.840445 56.825336 81.041096
19958.623345 56.327140 81.041096
20033.165828 56.063599 81.041096
20668.147440 54.668521 81.041096
20520.878374 54.859682 81.041096
20831.599882 54.157873 81.041096
20567.800501 54.569504 81.041096
20534.433154 54.536391 81.041096
20965.665965 53.617758 81.041096
21170.325280 53.148722 81.041096
21257.469236 52.898987 81.041096
21103.876300 53.081139 81.041096
21807.209553 51.768914 81.041096
21900.141315 51.525717 81.041096
22122.000785 51.077033 81.041096
22088.959969 51.042432 81.041096
22184.846859 50.802347 81.041096
22412.494136 50.360206 81.041096
22248.800425 50.528445 81.041096
22611.081583 49.887526 81.041096
22846.405118 49.454246 81.041096
23085.546376 49.025442 81.041096
22780.854098 49.383741 81.041096
23157.461915 48.759581 81.041096
23402.390980 48.337285 81.041096
23509.975933 48.109984 81.041096
23618.545929 47.883726 81.041096
23728.100967 47.658510 81.041096
23695.590763 47.622696 81.041096
24240.987874 46.840081 81.041096
24503.157910 46.437400 81.041096
24470.770154 46.401341 81.041096
24887.402824 45.823391 81.041096
25006.645023 45.608772 81.041096
25126.872265 45.395178 81.041096
25557.790778 44.833241 81.041096
