125782.603138 56.479578 130.356164
125985.384397 56.364392 130.356164
125892.962572 56.350402 130.356164
125505.337663 56.437668 130.356164
125413.013699 56.423678 130.356164
125320.738666 56.409677 130.356164
124934.392485 56.497235 130.356164
124257.370966 56.687132 130.356164
125044.207149 56.367614 130.356164
124658.007760 56.455203 130.356164
125155.349471 56.238106 130.356164
125063.368021 56.224023 130.356164
124971.435502 56.209929 130.356164
124584.299898 56.297300 130.356164
123322.776546 56.691596 130.356164
124106.559434 56.370859 130.356164
123721.834494 56.458785 130.356164
123338.290422 56.546984 130.356164
123246.651486 56.532911 130.356164
123446.917685 56.416504 130.356164
123355.376609 56.402390 130.356164
123263.884464 56.388265 130.356164
123759.549469 56.170081 130.356164
123668.155185 56.155893 130.356164
122697.845407 56.448258 130.356164
123191.393331 56.229452 130.356164
123689.517931 56.011524 130.356164
85134.404476 87.289933 130.356164
123211.917723 56.084797 130.356164
122533.708803 56.274888 130.356164
122442.657033 56.260668 130.356164
122351.654193 56.246438 130.356164
121968.844078 56.334798 130.356164
122169.795305 56.217946 130.356164
122666.047476 55.999134 130.356164
122575.240358 55.984820 130.356164
122779.734185 55.868547 130.356164
122393.772914 55.956159 130.356164
121716.004369 56.146530 130.356164
121625.392973 56.132214 130.356164
122121.938727 55.913089 130.356164
121444.316973 56.103552 130.356164
121940.960589 55.884323 130.356164
122145.796929 55.767832 130.356164
120881.213747 56.163333 130.356164
121669.860359 55.841093 130.356164
121579.591477 55.826661 130.356164
120610.407101 56.120226 130.356164
121399.200505 55.797766 130.356164
120430.113990 56.091434 130.356164
120924.885177 55.871310 130.356164
120541.872806 55.959598 130.356164
120451.897507 55.945143 130.356164
120361.971139 55.930678 130.356164
120272.093701 55.916202 130.356164
120475.253335 55.798880 130.356164
120092.485617 55.887217 130.356164
120589.863190 55.667206 130.356164
120206.061396 55.755291 130.356164
120410.548689 55.638074 130.356164
120026.844756 55.726178 130.356164
120231.429910 55.608898 130.356164
119262.979491 55.903233 130.356164
119758.386775 55.682427 130.356164
119084.154296 55.874116 130.356164
119286.671299 55.756247 130.356164
119490.369168 55.638578 130.356164
119695.247905 55.521110 130.356164
118727.091070 55.815751 130.356164
118637.947590 55.801132 130.356164
119133.697387 55.579959 130.356164
118459.807422 55.771862 130.356164
119249.775158 55.447653 130.356164
117701.546374 55.950234 130.356164
118484.820353 55.624392 130.356164
118688.958597 55.506439 130.356164
118600.157631 55.491702 130.356164
118805.525673 55.373921 130.356164
117837.858143 55.669068 130.356164
118628.168393 55.344352 130.356164
118245.443070 55.432643 130.356164
118746.258849 55.211880 130.356164
117483.535027 55.610085 130.356164
118274.040998 55.285079 130.356164
116726.350450 55.788677 130.356164
118097.270884 55.255376 130.356164
117129.994799 55.550924 130.356164
117920.696492 55.225629 130.356164
117245.374473 55.417505 130.356164
117744.317823 55.195837 130.356164
117951.453898 55.077889 130.356164
117568.134875 55.166001 130.356164
116893.008577 55.357994 130.356164
117392.147649 55.136120 130.356164
117304.227432 55.121163 130.356164
116629.247926 55.313243 130.356164
117128.533789 55.091214 130.356164
116746.640286 55.179658 130.356164
116953.035869 55.061221 130.356164
116278.252085 55.253417 130.356164
116777.733671 55.031183 130.356164
116103.047748 55.223436 130.356164
116602.627194 55.001099 130.356164
116221.027274 55.089595 130.356164
115840.608221 55.178381 130.356164
116046.214381 55.059483 130.356164
115958.881330 55.044410 130.356164
115871.597210 55.029326 130.356164
115491.373878 55.118147 130.356164
115697.175761 54.999124 130.356164
115904.158510 54.880313 130.356164
115817.070111 54.865163 130.356164
115435.910566 54.953735 130.356164
115348.920029 54.938583 130.356164
114968.990280 55.027455 130.356164
114299.517130 55.221209 130.356164
114795.253859 54.997133 130.356164
114708.459044 54.981955 130.356164
114039.132685 55.175796 130.356164
115122.124424 54.743557 130.356164
114741.356323 54.832195 130.356164
114069.912883 55.025570 130.356164
112827.257263 55.430882 130.356164
113028.084491 55.310183 130.356164
112654.303730 55.400582 130.356164
76316.737661 88.230648 130.356164
131724.780847 49.496516 130.356164
76157.477573 88.072524 130.356164
131907.463398 49.374222 130.356164
131466.011109 49.448356 130.356164
131025.739686 49.522740 130.356164
132005.363821 49.235997 130.356164
131562.926386 49.309872 130.356164
131121.669818 49.383995 130.356164
131035.706822 49.367879 130.356164
130242.699284 49.532992 130.356164
130863.927621 49.335614 130.356164
131133.356057 49.229197 130.356164
130692.344142 49.303306 130.356164
129899.532326 49.468441 130.356164
75070.154156 87.743757 130.356164
129728.242430 49.436101 130.356164
130349.764351 49.238564 130.356164
129910.129024 49.312912 130.356164
129119.825733 49.478574 130.356164
129386.249805 49.371294 130.356164
129653.854743 49.264235 130.356164
130634.261766 48.976956 130.356164
130192.607220 49.050781 130.356164
130463.754758 48.944386 130.356164
129666.953432 49.108569 130.356164
129937.066896 49.001899 130.356164
129496.740008 49.075963 130.356164
129766.951332 48.969257 130.356164
129326.722306 49.043315 130.356164
129241.786850 49.026975 130.356164
128802.787621 49.101282 130.356164
129072.062731 48.994262 130.356164
128280.180595 49.159484 130.356164
128902.534334 48.961506 130.356164
128463.730827 49.035799 130.356164
129088.446300 48.838262 130.356164
129003.853358 48.821839 130.356164
73113.262476 87.713746 130.356164
128834.814266 48.788961 130.356164
126635.879316 49.319110 130.356164
128665.970896 48.756040 130.356164
127519.284494 49.011777 130.356164
127434.985135 48.995311 130.356164
128413.072820 48.706578 130.356164
128328.871323 48.690069 130.356164
128244.718756 48.673549 130.356164
127805.370478 48.747539 130.356164
127014.222300 48.912816 130.356164
72170.844032 87.859430 130.356164
72102.550922 87.697770 130.356164
127469.445238 48.681335 130.356164
127740.830894 48.574201 130.356164
127657.020841 48.557605 130.356164
127218.015077 48.631567 130.356164
128203.432617 48.343988 130.356164
127762.260841 48.417423 130.356164
127678.646510 48.400777 130.356164
126883.459891 48.565056 130.356164
127511.564639 48.367453 130.356164
127071.720522 48.441128 130.356164
126988.301912 48.424444 130.356164
126549.687593 48.498370 130.356164
71032.360286 87.518610 130.356164
70902.097263 88.002339 130.356164
70833.406175 87.839306 130.356164
70765.895953 87.676117 130.356164
70652.575393 87.998813 130.356164
70556.099435 88.159811 130.356164
70390.094035 88.157641 130.356164
70141.452915 88.154378 130.356164
70058.670402 88.153287 130.356164
69963.668894 88.315071 130.356164
69880.984242 88.314075 130.356164
69728.029657 88.148912 130.356164
69645.491797 88.147816 130.356164
69550.734942 88.310076 130.356164
69493.962732 87.982193 130.356164
69411.571663 87.980995 130.356164
69056.828906 88.304041 130.356164
68974.682491 88.303031 130.356164
68918.252794 87.973779 130.356164
68728.536827 88.299994 130.356164
68646.586133 88.298980 130.356164
68482.831537 88.296947 130.356164
68426.695424 87.966511 130.356164
68319.272663 88.294909 130.356164
68263.234411 87.964077 130.356164
68196.109099 87.797903 130.356164
68099.969120 87.961637 130.356164
68032.941670 87.795262 130.356164
67911.231763 88.289792 130.356164
67829.770375 88.288765 130.356164
67760.625843 88.122222 130.356164
67504.414126 88.284645 130.356164
67423.197390 88.283612 130.356164
66694.448641 88.274258 130.356164
66613.721210 88.273212 130.356164
66075.667039 87.930635 130.356164
65981.931189 88.097072 130.356164
65901.644133 88.095912 130.356164
65809.138082 88.262685 130.356164
65728.948887 88.261625 130.356164
65674.476411 87.924321 130.356164
65568.717288 88.259502 130.356164
65514.342674 87.921785 130.356164
65408.681412 88.257373 130.356164
65341.004796 88.087758 130.356164
65168.994577 88.254170 130.356164
65114.864615 87.915417 130.356164
65035.115794 87.914139 130.356164
64942.016042 88.081891 130.356164
64905.960479 87.573419 130.356164
64826.358451 87.571929 130.356164
64763.601024 87.401212 130.356164
64684.096856 87.399615 130.356164
64587.845948 87.567447 130.356164
64508.439641 87.565949 130.356164
64398.886731 87.903856 130.356164
64334.110084 87.732736 130.356164
64254.850569 87.731338 130.356164
64191.303720 87.559941 130.356164
64112.142065 87.558434 130.356164
63989.433945 88.067661 130.356164
63910.370152 88.066466 130.356164
63874.950686 87.553902 130.356164
63795.984754 87.552388 130.356164
63717.067753 87.550871 130.356164
63622.535947 87.720086 130.356164
63559.380542 87.547833 130.356164
67108.631603 76.336976 130.356164
63386.225317 87.715838 130.356164
63279.621307 88.056850 130.356164
63244.593285 87.541735 130.356164
63200.742077 87.197603 130.356164
63043.897843 88.053219 130.356164
62953.153291 88.223701 130.356164
62886.993520 88.050791 130.356164
62796.346829 88.221484 130.356164
62718.016993 88.220374 130.356164
62652.004015 88.047137 130.356164
62561.504114 88.218148 130.356164
62483.321071 88.217033 130.356164
62417.454884 88.043470 130.356164
62196.745990 87.867054 130.356164
66058.326435 75.708058 130.356164
62015.250350 88.210315 130.356164
61949.677746 88.036094 130.356164
61871.886146 88.034860 130.356164
61822.075139 87.687107 130.356164
61704.181813 88.205808 130.356164
61666.736592 87.684194 130.356164
61589.140715 87.682735 130.356164
61471.394181 88.202413 130.356164
61393.896164 88.201279 130.356164
61356.646666 87.678347 130.356164
61279.246511 87.676880 130.356164
61161.695698 88.197866 130.356164
61096.661330 88.022427 130.356164
61047.339628 87.672469 130.356164
60985.798930 87.496595 130.356164
60925.439098 87.320546 130.356164
60787.941458 88.017409 130.356164
60710.883816 88.016151 130.356164
60677.470502 87.490239 130.356164
60570.315187 87.838593 130.356164
60480.004474 88.012367 130.356164
60416.542417 87.835843 130.356164
60314.061639 88.185243 130.356164
60277.497168 87.657645 130.356164
64718.935420 74.505415 130.356164
64642.269223 74.495998 130.356164
64565.651956 74.486571 130.356164
64591.906453 74.313717 130.356164
64515.387047 74.304177 130.356164
64336.093738 74.458220 130.356164
64057.422333 74.776895 130.356164
63881.622693 74.932143 130.356164
59588.822514 87.644141 130.356164
64030.701141 74.420263 130.356164
59421.790139 87.817795 130.356164
59332.213384 87.993225 130.356164
59284.017084 87.638089 130.356164
59193.406254 87.813587 130.356164
59147.571687 87.457967 130.356164
59027.995120 87.988059 130.356164
58995.658277 87.454694 130.356164
58876.179571 87.985465 130.356164
58788.077266 88.161833 130.356164
58724.559744 87.982865 130.356164
58662.223089 87.803706 130.356164
58616.731036 87.446475 130.356164
58510.896845 87.800866 130.356164
58421.907257 87.977645 130.356164
58389.961858 87.441517 130.356164
58298.806258 87.618204 130.356164
58195.431662 87.973712 130.356164
58107.769731 88.151100 130.356164
58058.092447 87.792303 130.356164
57997.328102 87.612018 130.356164
57922.080890 87.610466 130.356164
57832.350809 87.787996 130.356164
57787.396992 87.428204 130.356164
57696.632836 87.605800 130.356164
57621.581345 87.604240 130.356164
57562.242521 87.423176 130.356164
57487.288891 87.421495 130.356164
57382.188658 87.779332 130.356164
57354.324096 87.238326 130.356164
57206.858263 88.136593 130.356164
57132.100356 88.135374 130.356164
57097.590967 87.593266 130.356164
57008.399122 87.772060 130.356164
56933.788006 87.770600 130.356164
56906.217027 87.227465 130.356164
56814.908100 87.406272 130.356164
56775.167056 87.043138 130.356164
56700.751662 87.041196 130.356164
56608.457591 87.220177 130.356164
56534.140058 87.218349 130.356164
56459.871456 87.216519 130.356164
56385.651785 87.214686 130.356164
56294.685372 87.394307 130.356164
56220.563562 87.392589 130.356164
56146.490682 87.390868 130.356164
56089.262404 87.207331 130.356164
55998.491713 87.387420 130.356164
55941.361296 87.203639 130.356164
55835.024732 87.566190 130.356164
55811.583519 87.017699 130.356164
55737.804222 87.015724 130.356164
55664.073856 87.013746 130.356164
55572.464812 87.194365 130.356164
55498.832307 87.192503 130.356164
55408.453060 87.373537 130.356164
55334.918416 87.371791 130.356164
55315.215526 86.820797 130.356164
61471.483275 71.176020 130.356164
61398.095423 71.164350 130.356164
61086.284677 71.482766 130.356164
61251.466509 71.140968 130.356164
61421.225016 70.800103 130.356164
61225.967133 70.952704 130.356164
54802.185584 86.805936 130.356164
54729.091314 86.803801 130.356164
54602.263151 87.354205 130.356164
54546.062415 87.168070 130.356164
54530.293569 86.613082 130.356164
54418.143997 86.979723 130.356164
60714.992273 70.869618 130.356164
60887.455027 70.527638 130.356164
60569.439830 70.845750 130.356164
60137.331366 71.331885 130.356164
54036.457609 87.154737 130.356164
53947.056973 87.338175 130.356164
60524.185553 70.466921 130.356164
60451.678449 70.454734 130.356164
60629.011463 70.112617 130.356164
60431.140659 70.265102 130.356164
53658.740413 86.585655 130.356164
53529.250399 87.141278 130.356164
53514.166581 86.581040 130.356164
53441.953061 86.578728 130.356164
53349.596991 86.762698 130.356164
53318.996229 86.387757 130.356164
59801.316392 70.344390 130.356164
60362.266083 69.505990 130.356164
60290.297215 69.493212 130.356164
60479.487828 69.152112 130.356164
60276.495578 69.303195 130.356164
60204.673502 69.290286 130.356164
60264.021600 69.113136 130.356164
60192.297385 69.100112 130.356164
59730.654180 69.581329 130.356164
52539.956373 86.926162 130.356164
52468.378950 86.924064 130.356164
52396.850457 86.921963 130.356164
52307.443286 87.108055 130.356164
52272.999807 86.729495 130.356164
59823.851113 68.843979 130.356164
52111.225790 86.913531 130.356164
59681.234502 68.817500 130.356164
59477.746413 68.969023 130.356164
59406.560433 68.955828 130.356164
59467.676564 68.777662 130.356164
59396.588446 68.764351 130.356164
51723.507731 86.522290 130.356164
51613.266448 86.898663 130.356164
51561.384666 86.706979 130.356164
51471.432725 86.894389 130.356164
51419.648804 86.702439 130.356164
58971.087277 68.684150 130.356164
58900.341672 68.670727 130.356164
58963.030114 68.491948 130.356164
58626.744075 68.809629 130.356164
59091.949598 68.134971 130.356164
59021.399715 68.121232 130.356164
58815.249775 68.272396 130.356164
58744.797753 68.258708 130.356164
58674.394662 68.245003 130.356164
58604.040501 68.231283 130.356164
58265.833103 68.549189 130.356164
58599.127961 68.038458 130.356164
58393.271603 68.190021 130.356164
57922.957817 68.675030 130.356164
58388.652645 67.996847 130.356164
57782.787732 68.647914 130.356164
58385.361346 67.803660 130.356164
58315.398630 67.789640 130.356164
57973.054930 68.107049 130.356164
58313.532850 67.596328 130.356164
58105.804064 67.747479 130.356164
58036.037069 67.733392 130.356164
57829.538081 67.885148 130.356164
57624.219959 68.037446 130.356164
57827.029670 67.691028 130.356164
57620.677472 67.842983 130.356164
57415.506142 67.995482 130.356164
57756.375506 67.482628 130.356164
57686.951025 67.468339 130.356164
57479.662614 67.620080 130.356164
57273.555069 67.772368 130.356164
57068.628392 67.925203 130.356164
57135.048622 67.744002 130.356164
57065.868794 67.729793 130.356164
56726.571855 68.050491 130.356164
57341.394513 67.201685 130.356164
57272.361476 67.187175 130.356164
57064.332573 67.338956 130.356164
57134.442195 67.158101 130.356164
57205.732684 66.977470 130.356164
57136.895370 66.962807 130.356164
56927.930252 67.114359 130.356164
56999.367532 66.933429 130.356164
56513.542617 67.419131 130.356164
56721.858683 67.070458 130.356164
56653.266021 67.055789 130.356164
56445.677493 67.208158 130.356164
56516.227489 67.026398 130.356164
56587.958353 66.844866 130.356164
56660.870084 66.663566 130.356164
56034.079011 67.317369 130.356164
56524.222996 66.633702 130.356164
56174.487443 66.952606 130.356164
56106.286226 66.937794 130.356164
55899.089141 67.090688 130.356164
56110.207316 66.740727 130.356164
55625.018497 67.229450 130.356164
55833.970660 66.878366 130.356164
56047.499500 66.528607 130.356164
47221.596560 86.956163 130.356164
55630.247757 66.833604 130.356164
55562.437983 66.818647 130.356164
47075.345873 86.354418 130.356164
55567.141962 66.620623 130.356164
55640.787650 66.437814 130.356164
55431.864928 66.590414 130.356164
55648.049085 66.239952 130.356164
55296.783617 66.560131 130.356164
55370.625028 66.376917 130.356164
55303.206698 66.361646 130.356164
54954.351895 66.683209 130.356164
55168.516831 66.331048 130.356164
54959.936623 66.484099 130.356164
54892.714016 66.468837 130.356164
54966.849009 66.285012 130.356164
55185.737413 65.933681 130.356164
55118.661597 65.918114 130.356164
55051.634712 65.902529 130.356164
54984.656757 65.886925 130.356164
54917.727733 65.871301 130.356164
54850.847640 65.855659 130.356164
54784.016477 65.839997 130.356164
54717.234244 65.824317 130.356164
54650.500942 65.808617 130.356164
54583.816570 65.792898 130.356164
54089.859309 66.284223 130.356164
54307.022076 65.930063 130.356164
54528.761518 65.577330 130.356164
54317.568389 65.729830 130.356164
54107.556127 65.882922 130.356164
54184.737882 65.698180 130.356164
53832.382874 66.020920 130.356164
53766.089947 66.005213 130.356164
53699.845950 65.989486 130.356164
53633.650884 65.973740 130.356164
53853.517898 65.618715 130.356164
53643.848149 65.772251 130.356164
53866.076897 65.417677 130.356164
53800.077553 65.401604 130.356164
54026.931907 65.048323 130.356164
53961.030424 65.032048 130.356164
53602.373103 65.353266 130.356164
53682.405897 65.168046 130.356164
53911.719846 64.814877 130.356164
53697.913796 64.966749 130.356164
53632.256965 64.950374 130.356164
53714.749354 64.765512 130.356164
53649.190384 64.749017 130.356164
53435.580057 64.901130 130.356164
53077.314180 65.223490 130.356164
53011.902002 65.207178 130.356164
53092.375170 65.021041 130.356164
53027.060853 65.004607 130.356164
53256.864107 64.649622 130.356164
53043.547363 64.802096 130.356164
53126.480126 64.616328 130.356164
53061.361531 64.599650 130.356164
53145.524092 64.414073 130.356164
52931.271133 64.566233 130.356164
52866.299330 64.549493 130.356164
52653.276168 64.702329 130.356164
52588.402226 64.685629 130.356164
52376.608862 64.839143 130.356164
52311.832781 64.822484 130.356164
52394.073982 64.635406 130.356164
52182.427410 64.789104 130.356164
52264.766472 64.601821 130.356164
52200.186113 64.584997 130.356164
51988.686332 64.738878 130.356164
52219.272475 64.380962 130.356164
51859.770266 64.705291 130.356164
51942.353981 64.517493 130.356164
51878.018275 64.500565 130.356164
51520.926731 64.826374 130.356164
51456.688885 64.809570 130.356164
42221.714644 86.570673 130.356164
51621.164754 64.432642 130.356164
51264.268932 64.759029 130.356164
51346.063224 64.570102 130.356164
50991.529136 64.897841 130.356164
51072.289353 64.708298 130.356164
50577.676392 65.211154 130.356164
50232.344586 65.543592 130.356164
50168.547115 65.527027 130.356164
50104.798575 65.510442 130.356164
49764.141306 65.845472 130.356164
49977.448286 65.477207 130.356164
50054.023271 65.285296 130.356164
49573.336060 65.796060 130.356164
50068.275235 65.076814 130.356164
49584.290076 65.586502 130.356164
49659.928847 65.393748 130.356164
49457.526953 65.553190 130.356164
49394.218787 65.536502 130.356164
49056.265766 65.874031 130.356164
49267.749248 65.503062 130.356164
49204.587874 65.486310 130.356164
49003.562569 65.646679 130.356164
48940.499056 65.629974 130.356164
40714.919384 86.293673 130.356164
49231.653214 65.065763 130.356164
49168.736492 65.048724 130.356164
48416.304395 65.919633 130.356164
40483.541839 86.068374 130.356164
40420.771909 86.065317 130.356164
40358.050910 86.062256 130.356164
40275.187360 86.273466 130.356164
40232.755702 86.056120 130.356164
40149.990014 86.267652 130.356164
40087.464736 86.264738 130.356164
48464.511138 65.071692 130.356164
48402.083722 65.054523 130.356164
39920.373968 86.040695 130.356164
39837.852932 86.253038 130.356164
39706.125748 87.113548 130.356164
39694.281069 86.463046 130.356164
39567.179491 87.325432 130.356164
39569.964472 86.457487 130.356164
39507.879569 86.454701 130.356164
39411.120318 86.885332 130.356164
39365.928947 86.665949 130.356164
39303.990836 86.663320 130.356164
47579.566759 65.043090 130.356164
47517.726509 65.025743 130.356164
47455.935189 65.008374 130.356164
39056.727697 86.652763 130.356164
39012.961846 86.432255 130.356164
38951.317318 86.429430 130.356164
38889.721721 86.426599 130.356164
38793.451774 86.860610 130.356164
38731.954038 86.858116 130.356164
38687.300904 86.636801 130.356164
38643.828636 86.415234 130.356164
38621.728716 85.974572 130.356164
38442.857001 87.506644 130.356164
38441.994985 86.626075 130.356164
38363.995160 86.843069 130.356164
38337.563217 86.400925 130.356164
38276.456925 86.398049 130.356164
38180.676283 86.835492 130.356164
38119.667852 86.832958 130.356164
38075.504023 86.609857 130.356164
37997.797781 86.827878 130.356164
37953.731813 86.604417 130.356164
37929.906256 86.159817 130.356164
37869.142477 86.156732 130.356164
37771.440477 86.596223 130.356164
46048.239662 64.602553 130.356164
37650.157572 86.590739 130.356164
37589.589516 86.587990 130.356164
37482.079184 87.251991 130.356164
37468.600194 86.582479 130.356164
37391.383257 86.802232 130.356164
37347.806594 86.576950 130.356164
37305.410798 86.351409 130.356164
37227.208717 86.571404 130.356164
37166.983174 86.568624 130.356164
37124.734170 86.342529 130.356164
37046.678880 86.563050 130.356164
36969.804457 86.784032 130.356164
36909.774636 86.781415 130.356164
36884.517025 86.330622 130.356164
36806.657457 86.551848 130.356164
36746.774428 86.549036 130.356164
36654.480922 86.995689 130.356164
36580.163955 87.218294 130.356164
36520.427717 87.216018 130.356164
36460.740410 87.213739 130.356164
36375.434245 87.662931 130.356164
36356.044386 86.983372 130.356164
36312.167606 86.755010 130.356164
36222.480487 87.204583 130.356164
36103.644108 87.199982 130.356164
36018.631525 87.651378 130.356164
35999.535250 86.968458 130.356164
35900.088730 87.647501 130.356164
35881.090315 86.963454 130.356164
35837.604979 86.733573 130.356164
35762.841103 86.958433 130.356164
35663.590305 87.639709 130.356164
35616.855951 87.409550 130.356164
35545.634675 87.635794 130.356164
35512.398045 87.176751 130.356164
35427.874768 87.631866 130.356164
35394.735999 87.172059 130.356164
35322.578509 87.398774 130.356164
35277.269675 87.167350 130.356164
35248.805443 86.706374 130.356164
35134.331284 87.621988 130.356164
35115.968966 86.930520 130.356164
35029.524330 87.387908 130.356164
34971.060286 87.385724 130.356164
34912.645172 87.383537 130.356164
34783.693810 87.610026 130.356164
34725.425488 87.608020 130.356164
34667.206096 87.606011 130.356164
34609.035635 87.603999 130.356164
34563.182031 87.370333 130.356164
34505.109431 87.368120 130.356164
34215.480388 87.356996 130.356164
34145.433445 87.587779 130.356164
34087.703358 87.585736 130.356164
34028.253300 86.647759 130.356164
33940.474471 87.112059 130.356164
33882.940107 87.109606 130.356164
33839.986472 86.873130 130.356164
33754.618307 87.339002 130.356164
33684.962808 87.571337 130.356164
33653.291954 87.099752 130.356164
33610.534041 86.862464 130.356164
33525.361599 87.329912 130.356164
33455.901822 87.563032 130.356164
33398.758902 87.560947 130.356164
33310.287642 87.084845 130.356164
33239.891650 87.318463 130.356164
33196.344315 87.079842 130.356164
33204.364861 86.132326 130.356164
33129.587916 86.365282 130.356164
33055.991838 86.598760 130.356164
33016.036033 86.359029 130.356164
32926.874081 86.830026 130.356164
32870.220466 86.827293 130.356164
32829.279517 86.587023 130.356164
32789.519434 86.346457 130.356164
32660.353616 87.533513 130.356164
32603.895723 87.531377 130.356164
32559.754687 87.290580 130.356164
32491.126729 87.527094 130.356164
32434.815628 87.524947 130.356164
32390.821383 87.283518 130.356164
32306.375494 86.799697 130.356164
32265.923850 86.557321 130.356164
32194.193666 86.794120 130.356164
32138.176148 86.791325 130.356164
32097.871295 86.548310 130.356164
32058.747310 86.304994 130.356164
31970.417176 86.782908 130.356164
31930.259115 86.539251 130.356164
31874.486250 86.536221 130.356164
31788.566780 87.015825 130.356164
31763.087310 86.530145 130.356164
31691.797501 86.768783 130.356164
31651.884092 86.524047 130.356164
31596.355879 86.520990 130.356164
31557.672268 86.275733 130.356164
31485.446245 86.514861 130.356164
31414.401088 86.754533 130.356164
31374.732332 86.508709 130.356164
31289.253238 86.992087 130.356164
31248.550407 86.745922 130.356164
31178.832908 86.986760 130.356164
31188.614953 86.009101 130.356164
31098.803835 86.493236 130.356164
31028.101192 86.734370 130.356164
30988.774950 86.487008 130.356164
30950.629575 86.239336 130.356164
30863.278052 86.725653 130.356164
30840.894273 86.232642 130.356164
30769.304346 86.474486 130.356164
30731.354693 86.225924 130.356164
30676.658298 86.222556 130.356164
30605.215163 86.465036 130.356164
30567.412301 86.215802 130.356164
30512.862699 86.212416 130.356164
30495.349179 85.716434 130.356164
37540.909345 63.891821 130.356164
30386.494626 85.708754 130.356164
30352.332226 85.458184 130.356164
30298.027276 85.454107 130.356164
30186.592624 86.191972 130.356164
37398.241965 63.589704 130.356164
37344.083807 63.569076 130.356164
36906.798277 64.151074 130.356164
36852.737979 64.130720 130.356164
36673.265051 64.312830 130.356164
36371.775301 64.699821 130.356164
36317.861795 64.679724 130.356164
36020.997651 65.070120 130.356164
35847.380126 65.256618 130.356164
35674.943469 65.444019 130.356164
35044.855014 66.471321 130.356164
34768.561447 66.876033 130.356164
34389.493975 67.498354 130.356164
33229.774405 69.883250 130.356164
33082.485000 70.088831 130.356164
33313.709708 69.405964 130.356164
33357.448660 69.167779 130.356164
33206.910237 69.371366 130.356164
32962.653401 69.798365 130.356164
29094.951970 86.374330 130.356164
32856.147514 69.764218 130.356164
28958.348409 86.873258 130.356164
28879.550003 87.376919 130.356164
28838.736242 87.120946 130.356164
28829.298882 86.357641 130.356164
28793.110728 86.100774 130.356164
31328.067581 72.859622 130.356164
31354.233787 72.612089 130.356164
32526.980463 69.402470 130.356164
34260.666379 65.677028 130.356164
34795.617240 64.604347 130.356164
35358.915441 63.548458 130.356164
36900.103901 61.116152 130.356164
36847.511519 61.093600 130.356164
39651.887129 57.469017 130.356164
43417.907448 53.606011 130.356164
45085.486686 52.110129 130.356164
49623.585459 48.723908 130.356164
49792.913881 48.552240 130.356164
52489.019933 46.833811 130.356164
52910.684649 46.533801 130.356164
57846.655551 43.905802 130.356164
63519.382574 41.388707 130.356164
63752.344084 41.249208 130.356164
64851.867650 40.776344 130.356164
65090.586703 40.639401 130.356164
65038.630418 40.612735 130.356164
64695.998795 40.696300 130.356164
65519.708986 40.340345 130.356164
65467.899492 40.313648 130.356164
65123.150788 40.396149 130.356164
65364.427297 40.260191 130.356164
65312.764595 40.233431 130.356164
65555.270901 40.097971 130.356164
65503.706060 40.071186 130.356164
63704.448728 40.703649 130.356164
63941.442144 40.565615 130.356164
63890.024095 40.538681 130.356164
64418.971577 40.291081 130.356164
63787.334787 40.484748 130.356164
64025.655862 40.347211 130.356164
64557.014009 40.100663 130.356164
63923.260138 40.293181 130.356164
64454.716146 40.046660 130.356164
65286.000843 39.694183 130.356164
64939.722224 39.775155 130.356164
65183.996563 39.640164 130.356164
65133.067819 39.613123 130.356164
65378.571956 39.478636 130.356164
64736.105108 39.666871 130.356164
63806.358731 39.966337 130.356164
64634.590133 39.612602 130.356164
65175.542006 39.370255 130.356164
65721.070556 39.129919 130.356164
66573.219413 38.786691 130.356164
66522.682113 38.759607 130.356164
66472.193743 38.732502 130.356164
66119.710672 38.810199 130.356164
65169.980885 39.100317 130.356164
64822.123420 39.179775 130.356164
65069.346659 39.045788 130.356164
64721.587055 39.125161 130.356164
64079.756304 39.312593 130.356164
64324.862462 39.177580 130.356164
63979.513523 39.257768 130.356164
62759.776835 39.665596 130.356164
63585.346386 39.310902 130.356164
63242.408110 39.391917 130.356164
63192.506907 39.364366 130.356164
63729.762854 39.120329 130.356164
63679.959512 39.092777 130.356164
63630.205100 39.065203 130.356164
63286.379541 39.145524 130.356164
63530.843068 39.009991 130.356164
63481.235448 38.982352 130.356164
63726.928772 38.847341 130.356164
63677.419013 38.819682 130.356164
63627.958184 38.792001 130.356164
63578.546286 38.764299 130.356164
62939.811227 38.951596 130.356164
62890.497190 38.923805 130.356164
61676.071135 39.331926 130.356164
59913.071628 39.973303 130.356164
24738.468234 87.165699 130.356164
24500.355624 86.048469 130.356164
24451.530892 86.044520 130.356164
24387.091356 86.315923 130.356164
24338.364485 86.312232 130.356164
24249.486957 87.137242 130.356164
24164.545794 86.854542 130.356164
24143.946307 86.297394 130.356164
24095.464089 86.293665 130.356164
24079.490208 85.735533 130.356164
24068.093003 85.177083 130.356164
24019.757576 85.172221 130.356164
23971.471080 85.167350 130.356164
23904.173970 85.440269 130.356164
23855.985335 85.435657 130.356164
23789.918022 85.709609 130.356164
23799.005881 84.869357 130.356164
23730.772557 85.142845 130.356164
23663.720100 85.417112 130.356164
23581.052838 85.972056 130.356164
23533.157786 85.967953 130.356164
253265.079099 17.683640 130.356164
23421.850738 86.240670 130.356164
256064.293342 17.546394 130.356164
256743.113776 17.503884 130.356164
255968.943613 17.512615 130.356164
257375.513609 17.444635 130.356164
258056.744708 17.402367 130.356164
257280.457463 17.410923 130.356164
23199.601913 84.519092 130.356164
23152.196166 84.513467 130.356164
23127.294703 84.225693 130.356164
23079.986817 84.219758 130.356164
23056.315152 83.931383 130.356164
23009.105127 83.925137 130.356164
22938.356743 84.201880 130.356164
22914.831869 83.912607 130.356164
22892.487862 83.623044 130.356164
22797.167043 84.183891 130.356164
22750.201671 84.177870 130.356164
22726.872519 83.887390 130.356164
22680.005008 83.881054 130.356164
22609.599138 84.159732 130.356164
22562.829488 84.153661 130.356164
22539.696058 83.861965 130.356164
22386.407184 85.287894 130.356164
22496.971799 83.277713 130.356164
22399.827483 83.842758 130.356164
23418.031249 76.253031 130.356164
23212.502277 77.063516 130.356164
23436.822997 75.678213 130.356164
23278.749839 76.211157 130.356164
23232.420564 76.197143 130.356164
23186.140219 76.183101 130.356164
23139.908805 76.169032 130.356164
23039.576750 76.430660 130.356164
23102.874275 75.865476 130.356164
23170.748477 75.301894 130.356164
23067.167404 75.561442 130.356164
23137.403339 74.997893 130.356164
23091.465508 74.982627 130.356164
23166.327050 74.420310 130.356164
23310.102266 73.588665 130.356164
23396.381032 73.031461 130.356164
23418.371730 72.744961 130.356164
23045.333878 74.083379 130.356164
23127.231690 73.522067 130.356164
23213.706178 72.962795 130.356164
23168.159791 72.945545 130.356164
23190.395142 72.657680 130.356164
23575.114124 71.032243 130.356164
23168.411765 72.352266 130.356164
23123.061100 72.334399 130.356164
23008.894621 72.587236 130.356164
22895.909010 72.841324 130.356164
22987.302688 72.280587 130.356164
22805.550194 72.806309 130.356164
22760.444181 72.788749 130.356164
22715.387099 72.771155 130.356164
22473.972144 73.577352 130.356164
22124.306976 74.950286 130.356164
20980.343085 82.137530 130.356164
259177.605329 16.351820 130.356164
259132.792900 16.334927 130.356164
256157.047744 16.413747 130.356164
255382.417602 16.420838 130.356164
249539.177086 16.598771 130.356164
248056.236022 16.630974 130.356164
250170.852684 16.539811 130.356164
247249.685126 16.621245 130.356164
21061.569183 78.233631 130.356164
21204.316138 77.061839 130.356164
21209.565909 76.759600 130.356164
21320.899880 75.883451 130.356164
21223.608052 76.155389 130.356164
21398.244946 74.996229 130.356164
21470.291311 74.412101 130.356164
21485.973162 74.112423 130.356164
21441.894690 74.095669 130.356164
21458.806339 73.795917 130.356164
21476.898854 73.496409 130.356164
21560.509234 72.916139 130.356164
21648.696291 72.338177 130.356164
21672.595279 72.040712 130.356164
21628.810391 72.021923 130.356164
21795.064474 71.170009 130.356164
21897.030488 70.599051 130.356164
21853.392392 70.578914 130.356164
21884.327651 70.283973 130.356164
21993.232075 69.716351 130.356164
21949.740770 69.695381 130.356164
21984.218630 69.401758 130.356164
22181.377508 68.567814 130.356164
22220.480974 68.276678 130.356164
22606.404336 66.922871 130.356164
22563.157684 66.899485 130.356164
22609.199560 66.612419 130.356164
22566.050768 66.588738 130.356164
22522.950907 66.565011 130.356164
22754.410389 65.754820 130.356164
22805.175733 65.470194 130.356164
23248.038426 64.159753 130.356164
23305.693249 63.880047 130.356164
23571.306543 63.098077 130.356164
23528.500265 63.071642 130.356164
23590.829625 62.795007 130.356164
23870.172947 62.024079 130.356164
24047.874302 61.506007 130.356164
23784.902905 61.969561 130.356164
24074.580446 61.206743 130.356164
23809.443037 61.668393 130.356164
24332.030581 60.424876 130.356164
24289.615747 60.396495 130.356164
24599.863864 59.651402 130.356164
24798.282587 59.150217 130.356164
24756.014545 59.121009 130.356164
25083.388499 58.391200 130.356164
25420.998811 57.671000 130.356164
25251.152127 57.870048 130.356164
25595.651918 57.155759 130.356164
25817.002951 56.674737 130.356164
25381.664762 57.322050 130.356164
26001.005131 56.166943 130.356164
26231.558447 55.693988 130.356164
26189.730779 55.662777 130.356164
26424.909701 55.193768 130.356164
26807.105905 54.514018 130.356164
26765.425029 54.482218 130.356164
26867.365627 54.236414 130.356164
27263.291859 53.569193 130.356164
26928.953007 53.959439 130.356164
27477.605134 53.086543 130.356164
27738.029169 52.640360 130.356164
28003.029880 52.198384 130.356164
28588.050762 51.360137 130.356164
29191.231557 50.539129 130.356164
28987.175594 50.701139 130.356164
29272.746882 50.278040 130.356164
29231.604242 50.244542 130.356164
28863.747673 50.600909 130.356164
29314.545086 49.984050 130.356164
29273.549238 49.950370 130.356164
29734.631939 49.342871 130.356164
29863.341030 49.119859 130.356164
30165.101940 48.710797 130.356164
30471.439526 48.305838 130.356164
30256.553506 48.456605 130.356164
30919.182156 47.688894 130.356164
31236.985897 47.294053 130.356164
31196.381493 47.259639 130.356164
31155.826019 47.225181 130.356164
31661.494612 46.657526 130.356164
31437.846684 46.799636 130.356164
32136.990881 46.064290 130.356164
32096.631129 46.029582 130.356164
32056.320308 45.994830 130.356164
32203.776477 45.787368 130.356164
32163.563517 45.752522 130.356164
32885.591094 45.036953 130.356164
33429.005031 44.501878 130.356164
33982.655326 43.975512 130.356164
34142.807448 43.778634 130.356164
34506.573671 43.422710 130.356164
34264.221060 43.547609 130.356164
34426.783847 43.352548 130.356164
35001.053649 42.843216 130.356164
35168.242042 42.651880 130.356164
35756.192941 42.153675 130.356164
