125195.494918 56.682701 159.945205
124520.443689 56.872901 159.945205
125303.590480 56.553133 159.945205
124918.229444 56.640918 159.945205
124534.049275 56.728974 159.945205
125026.618588 56.511225 159.945205
124641.404344 56.599043 159.945205
124549.227172 56.585064 159.945205
124750.087071 56.469224 159.945205
124658.007760 56.455203 159.945205
124860.097457 56.339519 159.945205
124473.995929 56.427130 159.945205
124676.183487 56.311384 159.945205
124290.179820 56.399015 159.945205
124787.717254 56.181711 159.945205
124106.559434 56.370859 159.945205
124308.942714 56.254988 159.945205
123630.146627 56.444702 159.945205
123831.495832 56.328547 159.945205
123446.917685 56.416504 159.945205
123648.364751 56.300286 159.945205
122681.303990 56.593242 159.945205
123172.441250 56.374130 159.945205
123668.155185 56.155893 159.945205
123576.809832 56.141695 159.945205
122898.405189 56.331660 159.945205
123394.265916 56.113267 159.945205
123008.947277 56.201044 159.945205
123211.917723 56.084797 159.945205
120799.550617 56.893784 159.945205
123029.765252 56.056285 159.945205
122938.762412 56.042013 159.945205
122553.688425 56.129841 159.945205
122756.903524 56.013438 159.945205
122961.299490 55.897227 159.945205
121988.132139 56.189411 159.945205
122190.362093 56.072688 159.945205
122985.408879 55.752468 159.945205
122008.992510 56.044048 159.945205
122212.501192 55.927457 159.945205
122121.938727 55.913089 159.945205
122326.677207 55.796661 159.945205
121940.960589 55.884323 159.945205
122145.796929 55.767832 159.945205
120881.213747 56.163333 159.945205
121669.860359 55.841093 159.945205
120992.483258 56.031709 159.945205
121489.371526 55.812219 159.945205
121399.200505 55.797766 159.945205
121014.958337 55.885764 159.945205
121514.257269 55.666595 159.945205
121128.981025 55.754343 159.945205
120160.041302 56.048166 159.945205
120361.971139 55.930678 159.945205
121154.453934 55.608509 159.945205
120769.373413 55.696295 159.945205
120974.845850 55.579401 159.945205
120885.115204 55.564831 159.945205
120206.061396 55.755291 159.945205
120705.800703 55.535658 159.945205
120026.844756 55.726178 159.945205
120526.681924 55.506442 159.945205
119847.823838 55.697022 159.945205
120052.506853 55.579679 159.945205
119668.998642 55.667822 159.945205
119873.779518 55.550416 159.945205
120079.741261 55.433212 159.945205
119695.247905 55.521110 159.945205
119901.307509 55.403844 159.945205
119812.164029 55.389143 159.945205
119723.069479 55.374432 159.945205
119634.023860 55.359709 159.945205
119545.027172 55.344976 159.945205
119456.079414 55.330231 159.945205
118777.808494 55.521165 159.945205
119278.330689 55.300710 159.945205
118015.313284 55.698493 159.945205
117926.561248 55.683786 159.945205
118422.702490 55.462195 159.945205
118628.168393 55.344352 159.945205
117660.598724 55.639598 159.945205
117863.898615 55.521221 159.945205
117192.810758 55.713989 159.945205
118274.040998 55.285079 159.945205
118480.883490 55.167316 159.945205
117218.306460 55.565731 159.945205
117714.839145 55.343722 159.945205
117626.576415 55.328863 159.945205
117538.362614 55.313993 159.945205
117744.317823 55.195837 159.945205
117362.081806 55.284219 159.945205
117568.134875 55.166001 159.945205
117480.116797 55.151066 159.945205
117392.147649 55.136120 159.945205
117010.107354 55.224537 159.945205
116922.236068 55.209588 159.945205
117128.533789 55.091214 159.945205
116746.640286 55.179658 159.945205
116365.927650 55.268390 159.945205
116278.252085 55.253417 159.945205
116483.613593 55.134677 159.945205
116396.035889 55.119661 159.945205
116897.879208 54.897826 159.945205
116221.027274 55.089595 159.945205
116427.716440 54.970971 159.945205
116046.214381 55.059483 159.945205
115958.881330 55.044410 159.945205
115871.597210 55.029326 159.945205
116078.482098 54.910578 159.945205
115697.175761 54.999124 159.945205
115904.158510 54.880313 159.945205
115522.950034 54.968876 159.945205
115435.910566 54.953735 159.945205
115348.920029 54.938583 159.945205
115261.978422 54.923419 159.945205
115175.085746 54.908244 159.945205
114795.253859 54.997133 159.945205
115001.447185 54.877859 159.945205
114329.856954 55.071148 159.945205
114828.004346 54.847428 159.945205
114448.368181 54.936351 159.945205
114361.769088 54.921127 159.945205
114568.207067 54.801695 159.945205
113896.861489 54.995127 159.945205
114395.253534 54.771149 159.945205
114308.850163 54.755859 159.945205
113637.651376 54.949376 159.945205
114136.190212 54.725244 159.945205
113756.945492 54.814234 159.945205
114257.846062 54.590516 159.945205
114466.939358 54.471331 159.945205
113498.469336 54.768248 159.945205
113412.408479 54.752897 159.945205
113619.384694 54.633120 159.945205
113533.421698 54.617725 159.945205
113447.507632 54.602318 159.945205
113655.762574 54.482698 159.945205
113275.826292 54.571471 159.945205
113484.179096 54.451788 159.945205
113398.460752 54.436316 159.945205
113312.791339 54.420831 159.945205
112348.206431 54.719048 159.945205
112847.479226 54.494147 159.945205
112468.968463 54.583256 159.945205
112676.482913 54.463135 159.945205
112298.070011 54.552260 159.945205
111920.837976 54.641686 159.945205
111835.511077 54.626178 159.945205
112335.077454 54.400970 159.945205
112249.848416 54.385399 159.945205
111289.099692 54.684879 159.945205
112079.537130 54.354222 159.945205
112288.574961 54.234105 159.945205
111909.421567 54.322998 159.945205
111824.437181 54.307368 159.945205
111154.657379 54.501688 159.945205
115258.763934 53.039080 159.945205
115173.926340 53.023202 159.945205
115396.840990 52.905965 159.945205
109946.627865 54.756412 159.945205
109003.347492 55.060629 159.945205
73299.195101 87.557304 159.945205
73182.142752 87.874278 159.945205
73130.058148 87.554480 159.945205
72985.171999 88.190703 159.945205
72944.321245 87.711099 159.945205
72859.924026 87.709773 159.945205
72745.380203 88.027820 159.945205
72691.276378 87.707116 159.945205
72591.362215 87.865642 159.945205
72539.620124 87.544541 159.945205
72408.476351 88.023236 159.945205
72338.904514 87.861919 159.945205
72270.513543 87.700448 159.945205
72156.312233 88.019783 159.945205
72119.346594 87.537392 159.945205
72035.438679 87.535958 159.945205
71951.579695 87.534521 159.945205
113711.343123 52.585386 159.945205
113627.582000 52.569233 159.945205
114162.672245 52.350504 159.945205
113769.041797 52.435456 159.945205
113376.592215 52.520702 159.945205
113293.026814 52.504501 159.945205
113518.345594 52.386807 159.945205
113126.042804 52.472064 159.945205
71182.255042 87.682927 159.945205
71133.608643 87.358601 159.945205
112875.933768 52.423317 159.945205
70967.016077 87.355501 159.945205
70865.865582 87.515695 159.945205
70782.691625 87.514235 159.945205
70699.566599 87.512773 159.945205
70616.490503 87.511310 159.945205
70551.390946 87.347717 159.945205
113223.960145 52.005049 159.945205
70350.760128 87.669267 159.945205
112747.051344 52.073354 159.945205
112664.219901 52.056943 159.945205
112892.536512 51.939371 159.945205
112188.736620 52.125527 159.945205
112416.019155 52.007637 159.945205
112644.482558 51.889987 159.945205
112250.796644 51.974707 159.945205
111549.456347 52.161506 159.945205
111775.802668 52.043243 159.945205
69493.962732 87.982193 159.945205
69441.767197 87.654053 159.945205
69343.761324 87.816210 159.945205
69233.536456 88.142311 159.945205
69194.887576 87.649869 159.945205
69112.692229 87.648472 159.945205
111199.750217 51.927534 159.945205
111738.719042 51.707976 159.945205
111656.670487 51.691357 159.945205
110644.769302 51.979705 159.945205
110871.653859 51.861146 159.945205
110789.752096 51.844518 159.945205
111017.866450 51.726175 159.945205
110626.095361 51.811226 159.945205
110854.307576 51.692830 159.945205
68806.108822 84.513333 159.945205
68155.909512 88.292866 159.945205
68642.843531 84.506791 159.945205
68561.284282 84.503515 159.945205
67760.625843 88.122222 159.945205
67666.994389 88.286708 159.945205
67611.347581 87.954281 159.945205
68111.258788 84.319378 159.945205
68030.042052 84.315977 159.945205
67382.229172 87.784637 159.945205
67273.178636 88.115429 159.945205
67179.840766 88.280505 159.945205
67111.087678 88.113154 159.945205
67058.047256 87.779286 159.945205
66962.592305 87.944391 159.945205
66787.492928 88.108587 159.945205
66694.448641 88.274258 159.945205
66613.721210 88.273212 159.945205
66533.042710 88.272165 159.945205
66130.384167 88.266911 159.945205
65969.663263 88.264800 159.945205
65901.644133 88.095912 159.945205
66495.983477 83.914464 159.945205
65754.616676 87.925587 159.945205
65674.476411 87.924321 159.945205
65568.717288 88.259502 159.945205
65488.674885 88.258438 159.945205
65420.949338 88.088927 159.945205
65328.736870 88.256307 159.945205
65289.040846 87.749387 159.945205
65224.857899 87.579362 159.945205
65145.060149 87.577879 159.945205
65049.647593 87.745247 159.945205
64969.947703 87.743864 159.945205
64890.296744 87.742479 159.945205
64782.763054 88.079534 159.945205
64690.942030 88.247730 159.945205
64611.437862 88.246651 159.945205
64544.250551 88.075987 159.945205
64492.775906 87.735528 159.945205
64398.886731 87.903856 159.945205
64334.110084 87.732736 159.945205
64254.850569 87.731338 159.945205
64161.108185 87.899974 159.945205
64056.278743 88.239068 159.945205
63989.433945 88.067661 159.945205
63898.102226 88.236889 159.945205
63831.355290 88.065269 159.945205
63752.389358 88.064071 159.945205
63701.404018 87.721498 159.945205
63638.199682 87.549353 159.945205
63503.517219 88.231418 159.945205
63464.946597 87.717256 159.945205
63346.025730 88.229220 159.945205
63307.552968 87.714418 159.945205
63200.997889 88.055641 159.945205
63797.000870 83.786574 159.945205
63718.475313 83.782732 159.945205
63639.998686 83.778885 159.945205
62914.925182 87.707294 159.945205
62743.684782 87.876375 159.945205
62639.736089 88.219262 159.945205
62587.171903 87.873720 159.945205
63170.166466 83.755701 159.945205
62417.454884 88.043470 159.945205
62973.380835 83.918680 159.945205
62249.065523 88.213681 159.945205
62196.745990 87.867054 159.945205
62118.807599 87.865716 159.945205
62040.918138 87.864376 159.945205
61993.273143 87.517033 159.945205
61885.286009 87.861691 159.945205
61822.075139 87.687107 159.945205
61729.849602 87.858999 159.945205
61652.204794 87.857651 159.945205
61561.209054 88.029905 159.945205
61511.593768 87.681274 159.945205
62165.270038 83.357256 159.945205
61328.715004 88.026173 159.945205
62010.420797 83.348929 159.945205
61848.541093 83.689069 159.945205
61855.767278 83.340582 159.945205
61778.513914 83.336401 159.945205
61701.309481 83.332214 159.945205
60878.447893 87.844073 159.945205
60848.332526 87.318847 159.945205
60738.815478 87.666562 159.945205
60677.470502 87.490239 159.945205
60556.915324 88.013630 159.945205
60523.599871 87.487049 159.945205
60431.074216 87.660625 159.945205
60354.261227 87.659136 159.945205
60965.841247 83.467677 159.945205
60200.782040 87.656152 159.945205
60096.184181 88.006027 159.945205
60019.566914 88.004754 159.945205
60746.066670 83.103623 159.945205
60714.641344 82.925588 159.945205
60506.284437 83.442808 159.945205
60472.693099 83.264510 159.945205
60440.282629 83.086115 159.945205
60277.166593 83.430303 159.945205
60287.684192 83.077327 159.945205
60167.496225 83.247370 159.945205
59360.145046 87.639605 159.945205
59972.361163 83.413555 159.945205
59939.112339 83.234457 159.945205
59907.044383 83.055262 159.945205
59662.006254 83.751542 159.945205
59800.225053 82.871427 159.945205
59724.341744 82.866876 159.945205
59648.507365 82.862319 159.945205
59527.627836 83.033055 159.945205
58676.754888 87.625891 159.945205
59376.203732 83.024133 159.945205
59300.565075 83.019663 159.945205
58421.907257 87.977645 159.945205
59149.434553 83.010707 159.945205
59073.942688 83.006220 159.945205
58998.499754 83.001728 159.945205
58794.615127 83.526558 159.945205
58044.692584 87.971082 159.945205
58728.502389 83.164752 159.945205
57894.149228 87.968444 159.945205
58667.113119 82.802553 159.945205
58502.907543 83.151523 159.945205
58471.769266 82.970119 159.945205
58352.755632 83.142675 159.945205
58234.922864 83.315583 159.945205
58385.439637 82.425351 159.945205
58263.176985 82.597474 159.945205
58142.095200 82.769958 159.945205
58160.872332 82.410656 159.945205
57992.530455 82.760590 159.945205
57113.254702 87.413060 159.945205
57022.930921 87.591690 159.945205
56948.319805 87.590111 159.945205
56906.217027 87.227465 159.945205
56831.703772 87.225647 159.945205
56710.248242 87.766208 159.945205
56650.364647 87.583779 159.945205
56575.998184 87.582190 159.945205
56517.344387 87.399448 159.945205
56443.075785 87.397737 159.945205
56368.856113 87.396023 159.945205
57099.252148 82.703877 159.945205
56980.036257 82.878222 159.945205
57093.131317 82.157536 159.945205
56923.259525 82.510363 159.945205
56896.642459 82.326300 159.945205
56775.358417 82.500558 159.945205
56701.481259 82.495646 159.945205
56627.653032 82.490728 159.945205
56601.231688 82.306180 159.945205
56480.143369 82.480871 159.945205
56453.819886 82.296081 159.945205
56428.677270 82.111206 159.945205
56404.715521 81.926251 159.945205
56185.711208 82.461082 159.945205
56208.073337 82.095642 159.945205
55204.791590 87.185030 159.945205
55114.608066 87.366540 159.945205
55025.605409 87.548344 159.945205
54984.774824 87.179400 159.945205
55699.304867 82.612250 159.945205
55719.696706 82.245186 159.945205
55646.553506 82.240060 159.945205
54692.104162 87.171857 159.945205
54602.263151 87.354205 159.945205
54529.266743 87.352433 159.945205
54456.319265 87.350659 159.945205
55330.061352 82.032769 159.945205
54280.375566 87.716732 159.945205
55184.411049 82.022193 159.945205
54165.018658 87.343539 159.945205
54076.652097 87.526913 159.945205
54966.302573 82.006277 159.945205
54893.697608 82.000958 159.945205
54821.141574 81.995632 159.945205
54798.256297 81.807960 159.945205
53685.940266 87.890289 159.945205
54603.767056 81.979610 159.945205
54631.782332 81.609036 159.945205
54410.605473 82.151871 159.945205
54487.208500 81.597831 159.945205
54364.241217 81.775099 159.945205
54292.076628 81.769597 159.945205
54219.960968 81.764087 159.945205
53135.968044 87.505105 159.945205
53063.950245 87.503411 159.945205
52991.981378 87.501715 159.945205
52920.061441 87.500017 159.945205
52848.190434 87.498317 159.945205
52776.368358 87.496614 159.945205
52676.663551 87.870165 159.945205
53644.797193 81.719745 159.945205
53675.761369 81.345950 159.945205
53501.495555 81.708585 159.945205
53585.575227 81.150213 159.945205
53514.046734 81.144253 159.945205
53496.716743 80.954148 159.945205
52219.216983 87.294463 159.945205
53299.754838 81.126325 159.945205
52093.298182 87.102112 159.945205
53157.138227 81.114333 159.945205
51903.788226 87.665015 159.945205
53014.717337 81.102309 159.945205
52738.301367 81.838043 159.945205
52926.641742 80.905151 159.945205
52967.297505 80.529122 159.945205
52839.893804 80.707667 159.945205
52606.503764 81.257762 159.945205
52588.629002 81.066042 159.945205
51365.865980 87.272065 159.945205
51311.867117 87.080110 159.945205
52542.089919 80.490523 159.945205
52200.645389 81.414422 159.945205
52344.332058 80.663392 159.945205
52273.733245 80.657033 159.945205
52147.901854 80.836914 159.945205
52077.400902 80.830660 159.945205
52062.230388 80.637904 159.945205
51991.827297 80.631511 159.945205
51977.886581 80.438569 159.945205
51965.126731 80.245578 159.945205
51953.547748 80.052541 159.945205
51824.663063 80.232238 159.945205
51478.097086 81.161707 159.945205
50278.890123 87.627563 159.945205
50183.161757 88.010411 159.945205
50153.349697 87.431942 159.945205
51592.846745 79.824731 159.945205
51463.123706 80.004772 159.945205
51453.068104 79.810772 159.945205
51383.252179 79.803778 159.945205
51374.426374 79.609611 159.945205
50956.040220 80.729437 159.945205
49680.301959 87.226139 159.945205
49580.486222 87.610903 159.945205
49525.446749 87.415703 159.945205
49427.992746 87.801253 159.945205
49371.919197 87.605859 159.945205
49317.026515 87.410244 159.945205
49263.314700 87.214414 159.945205
49178.324346 87.406592 159.945205
49068.847069 87.987937 159.945205
49055.481633 87.208515 159.945205
50603.112149 79.334915 159.945205
50471.908126 79.516083 159.945205
50528.104347 79.131713 159.945205
50459.071310 79.124190 159.945205
50390.087204 79.116658 159.945205
50321.152029 79.109115 159.945205
50316.602782 78.912867 159.945205
50313.234403 78.716603 159.945205
49989.361898 79.465028 159.945205
50045.900632 79.078839 159.945205
49977.210109 79.071244 159.945205
49783.290329 79.442997 159.945205
49839.975855 79.056023 159.945205
49771.432124 79.048396 159.945205
49767.274322 78.851065 159.945205
49764.297386 78.653720 159.945205
49440.816326 79.406075 159.945205
49497.746504 79.017786 159.945205
49559.253359 78.629960 159.945205
47697.977543 86.971416 159.945205
49422.801993 78.614066 159.945205
49224.843772 78.987006 159.945205
49286.546349 78.598127 159.945205
49218.491923 78.590141 159.945205
49150.486427 78.582144 159.945205
49285.728285 78.003193 159.945205
49081.223099 78.375415 159.945205
48946.763524 78.558088 159.945205
48878.953750 78.550046 159.945205
48745.723973 78.733335 159.945205
48810.081866 78.342721 159.945205
48810.151691 78.143446 159.945205
48742.537640 78.135105 159.945205
48674.972519 78.126754 159.945205
48539.723521 78.309844 159.945205
46595.834051 87.135726 159.945205
48472.570740 78.101629 159.945205
48405.201341 78.093230 159.945205
48337.880872 78.084820 159.945205
48339.474078 77.884578 159.945205
48342.248151 77.684345 159.945205
48205.077794 77.867444 159.945205
48069.088304 78.051063 159.945205
47934.279681 78.235200 159.945205
48073.847027 77.649472 159.945205
48006.869073 77.640723 159.945205
47939.940049 77.631962 159.945205
47873.059955 77.623189 159.945205
45723.212350 87.108500 159.945205
45691.153397 86.703591 159.945205
47602.716577 77.789747 159.945205
45523.012444 87.102143 159.945205
45491.100283 86.696343 159.945205
47472.806934 77.570292 159.945205
47406.269354 77.561433 159.945205
47269.784025 77.746157 159.945205
47273.340986 77.543677 159.945205
47068.088774 77.922777 159.945205
45111.374722 86.479146 159.945205
47004.318732 77.711064 159.945205
46869.209991 77.896793 159.945205
46871.879669 77.693443 159.945205
46805.733533 77.684614 159.945205
46953.022177 77.092743 159.945205
46960.366392 76.889623 159.945205
46820.974558 77.074240 159.945205
46755.024144 77.064969 159.945205
46616.862108 77.250252 159.945205
44431.587777 86.657141 159.945205
46485.205933 77.231906 159.945205
46491.711795 77.027754 159.945205
46499.398523 76.823634 159.945205
46360.349203 77.009068 159.945205
46151.352133 77.390710 159.945205
46302.574822 76.795153 159.945205
46163.672294 76.980938 159.945205
46025.950633 77.167281 159.945205
46032.799008 76.962119 159.945205
45967.435760 76.952689 159.945205
45902.121443 76.943246 159.945205
45910.248546 76.737827 159.945205
45699.379048 77.120726 159.945205
45706.472075 76.914836 159.945205
45641.353480 76.905338 159.945205
45724.200731 76.503165 159.945205
45511.263082 76.886303 159.945205
45594.208193 76.483574 159.945205
45167.982556 77.459761 159.945205
45464.411378 76.463927 159.945205
45108.280282 77.243328 159.945205
45260.285860 76.641189 159.945205
45195.558709 76.631450 159.945205
45057.487999 76.819251 159.945205
45066.251199 76.611928 159.945205
44928.278351 76.799969 159.945205
44937.139411 76.592350 159.945205
44872.656913 76.582540 159.945205
44734.830856 76.770942 159.945205
44743.838708 76.562878 159.945205
44606.110512 76.751521 159.945205
44615.216225 76.543159 159.945205
44477.585891 76.732044 159.945205
44561.313890 76.324813 159.945205
44276.996438 76.911874 159.945205
44358.558426 76.503551 159.945205
44148.863261 76.892557 159.945205
43943.744771 77.283395 159.945205
44093.186358 76.673274 159.945205
44102.683516 76.463713 159.945205
43965.444625 76.653570 159.945205
43901.647154 76.643697 159.945205
43765.638061 76.834269 159.945205
43774.199004 76.623907 159.945205
43710.548325 76.613991 159.945205
43646.946576 76.604060 159.945205
43511.133205 76.795126 159.945205
43447.629317 76.785305 159.945205
43313.045743 76.977091 159.945205
43320.768333 76.765619 159.945205
43047.421196 77.362444 159.945205
42784.310417 77.962999 159.945205
42989.718539 77.140676 159.945205
42723.309812 77.740962 159.945205
42933.343541 76.918613 159.945205
42870.231097 76.908816 159.945205
42807.167584 76.899005 159.945205
42887.542171 76.483750 159.945205
42752.315966 76.676314 159.945205
42761.659797 76.463492 159.945205
42772.184495 76.250719 159.945205
42635.973146 76.443174 159.945205
42646.595705 76.230091 159.945205
42658.399131 76.017063 159.945205
42447.810147 76.412585 159.945205
42458.579498 76.199034 159.945205
42470.529716 75.985540 159.945205
42408.004438 75.975001 159.945205
42125.350624 76.575689 159.945205
41991.794591 76.770136 159.945205
42000.544722 76.555385 159.945205
41867.086550 76.750089 159.945205
41875.934542 76.535020 159.945205
39643.894054 87.111282 159.945205
41751.520084 76.514595 159.945205
41548.260954 76.915618 159.945205
41556.172731 76.699708 159.945205
41494.136759 76.689587 159.945205
41362.153037 76.885691 159.945205
41513.600776 76.257586 159.945205
41238.325746 76.865665 159.945205
41246.482176 76.648950 159.945205
41045.829432 77.052753 159.945205
41194.077084 76.421923 159.945205
41061.255009 76.618312 159.945205
40999.610481 76.608069 159.945205
40938.014883 76.597810 159.945205
40806.471536 76.795097 159.945205
40744.973799 76.784955 159.945205
40683.524994 76.774798 159.945205
40553.260374 76.972985 159.945205
40491.909429 76.962946 159.945205
40296.273737 77.371263 159.945205
40438.219075 76.734015 159.945205
40173.816499 77.351712 159.945205
40112.661276 77.341914 159.945205
40051.554984 77.332101 159.945205
39990.497622 77.322273 159.945205
39553.654628 78.581180 159.945205
39738.723757 77.724456 159.945205
39552.534999 78.138441 159.945205
39616.951547 77.705310 159.945205
39430.860650 78.119887 159.945205
39309.155682 78.323332 159.945205
39188.631581 78.527404 159.945205
39310.789232 77.879226 159.945205
39188.099119 78.082609 159.945205
37542.598310 87.254209 159.945205
37512.274718 86.807394 159.945205
37436.140787 87.027248 159.945205
38825.370033 78.473126 159.945205
38764.997699 78.464031 159.945205
38825.424737 78.026256 159.945205
38765.150264 78.016813 159.945205
38643.983532 78.221839 159.945205
38706.821234 77.783580 159.945205
38463.869984 78.418339 159.945205
38463.600486 78.193857 159.945205
36866.179239 87.453850 159.945205
36849.793746 86.778794 159.945205
36733.998463 87.674372 159.945205
36714.315021 86.998141 159.945205
36626.549261 87.445529 159.945205
36566.764093 87.443440 159.945205
36494.759929 87.666757 159.945205
36460.740410 87.213739 159.945205
36375.434245 87.662931 159.945205
36268.572209 87.432945 159.945205
37570.440100 78.733374 159.945205
36163.037832 87.202285 159.945205
36118.175907 86.973446 159.945205
36044.299314 87.197676 159.945205
35971.603589 87.422363 159.945205
35900.088730 87.647501 159.945205
35853.158654 87.418106 159.945205
35807.409445 87.188415 159.945205
35722.641515 87.641662 159.945205
35663.590305 87.639709 159.945205
35616.855951 87.409550 159.945205
36862.848634 78.853237 159.945205
36976.580355 78.184422 159.945205
35440.142694 87.403095 159.945205
35381.336136 87.400936 159.945205
35310.310583 87.627925 159.945205
35277.269675 87.167350 159.945205
35233.141707 86.935633 159.945205
35159.999073 87.162627 159.945205
35017.256404 87.618014 159.945205
34984.460148 87.155511 159.945205
36274.004648 78.531122 159.945205
36157.321212 78.512380 159.945205
34725.425488 87.608020 159.945205
35984.420054 78.716238 159.945205
34550.914105 87.601983 159.945205
35696.750285 78.902845 159.945205
35584.625975 79.117930 159.945205
35636.131245 78.660504 159.945205
35750.890508 77.980613 159.945205
34215.480388 87.356996 159.945205
34157.701371 87.354760 159.945205
34127.902946 86.886360 159.945205
34042.290129 87.350277 159.945205
35346.017379 78.379472 159.945205
33914.806682 87.579586 159.945205
33812.054810 87.341264 159.945205
33754.618307 87.339002 159.945205
35116.135590 78.106000 159.945205
34887.548412 78.537862 159.945205
33538.761461 87.094800 159.945205
33398.758902 87.560947 159.945205
34772.837694 78.046570 159.945205
34601.833811 78.489992 159.945205
33267.823312 86.846328 159.945205
33196.344315 87.079842 159.945205
33153.977846 86.840913 159.945205
33082.596710 87.074822 159.945205
32955.644965 87.306915 159.945205
32886.674493 87.542020 159.945205
32547.486761 87.529237 159.945205
32434.815628 87.524947 159.945205
32378.553457 87.522796 159.945205
33477.105461 79.016387 159.945205
33528.108357 78.544873 159.945205
33527.274485 78.304434 159.945205
33471.208037 78.294504 159.945205
31998.356242 87.266897 159.945205
31930.217589 87.505454 159.945205
31874.395793 87.503270 159.945205
31830.890853 87.259712 159.945205
31596.020769 87.492288 159.945205
31566.160345 87.005321 159.945205
31485.013274 87.487868 159.945205
32691.515372 78.397217 159.945205
31374.201500 87.483433 159.945205
31318.869009 87.481210 159.945205
31263.585449 87.478982 159.945205
31098.028351 87.472276 159.945205
31042.940512 87.470033 159.945205
31028.101192 86.734370 159.945205
30932.911627 87.465534 159.945205
30823.078464 87.461020 159.945205
30768.235278 87.458757 159.945205
30670.963624 87.208335 159.945205
30616.267230 87.205841 159.945205
30549.351840 87.449663 159.945205
30507.021233 87.200838 159.945205
30452.471631 87.198331 159.945205
30222.494599 87.435900 159.945205
30113.933629 87.431279 159.945205
30085.394329 86.932440 159.945205
30031.236170 86.929673 159.945205
31325.086556 77.645098 159.945205
29923.066645 86.924123 159.945205
29869.055278 86.921340 159.945205
29845.288376 86.420257 159.945205
29791.374870 86.417015 159.945205
30998.860930 77.829792 159.945205
31001.458729 77.579754 159.945205
30835.997063 78.048223 159.945205
30837.560787 77.797516 159.945205
30728.610426 78.027049 159.945205
30786.685454 77.535812 159.945205
30676.701018 77.765071 159.945205
30795.815097 77.034090 159.945205
30683.664649 77.262411 159.945205
30461.000117 77.973788 159.945205
30576.865179 77.239811 159.945205
30523.538839 77.228481 159.945205
30470.261430 77.217131 159.945205
30303.074127 77.688700 159.945205
30306.308023 77.435816 159.945205
30310.722785 77.182964 159.945205
30626.684043 75.730455 159.945205
30573.651287 75.717822 159.945205
31787.582695 71.719234 159.945205
32825.897831 68.991869 159.945205
32970.733981 68.530957 159.945205
34901.144518 64.645493 159.945205
36781.216971 61.577460 159.945205
37286.920860 60.770076 159.945205
39331.405319 58.091661 159.945205
40576.759949 56.614787 159.945205
44852.818955 52.509342 159.945205
45190.426798 52.161911 159.945205
48853.042467 49.363669 159.945205
53119.977705 46.640798 159.945205
53786.942444 46.208873 159.945205
56969.548824 44.487910 159.945205
63675.985387 41.468641 159.945205
64770.785485 40.993623 159.945205
65008.176880 40.856195 159.945205
65831.593488 40.500083 159.945205
66368.862504 40.256304 159.945205
66910.708195 40.014499 159.945205
67157.350803 39.881066 159.945205
67706.085973 39.642200 159.945205
67053.487163 39.827950 159.945205
66702.980916 39.908196 159.945205
67550.510701 39.562544 159.945205
66599.410859 39.854920 159.945205
66250.183340 39.935511 159.945205
65312.764595 40.233431 159.945205
65261.150823 40.206649 159.945205
64624.741636 40.398642 159.945205
64282.501456 40.481906 159.945205
64813.614951 40.235294 159.945205
64762.196901 40.208411 159.945205
63550.194580 40.622798 159.945205
64952.495735 40.045516 159.945205
64901.224478 40.018586 159.945205
65439.374242 39.775053 159.945205
65684.584796 39.640577 159.945205
65930.976217 39.506604 159.945205
66478.328264 39.267080 159.945205
66728.213354 39.134605 159.945205
67282.454881 38.898044 159.945205
66325.395240 39.186257 159.945205
65974.735666 39.265246 159.945205
65923.904783 39.238222 159.945205
65276.959120 39.424488 159.945205
65822.389808 39.184112 159.945205
66071.485476 39.051138 159.945205
67843.299536 38.398848 159.945205
67180.702487 38.578341 159.945205
67742.176006 38.344878 159.945205
67691.687636 38.317863 159.945205
66421.754304 38.705376 159.945205
65169.980885 39.100317 159.945205
65418.287130 38.966838 159.945205
65069.346659 39.045788 159.945205
65019.102942 39.018492 159.945205
64968.908156 38.991175 159.945205
64324.862462 39.177580 159.945205
63685.393445 39.365855 159.945205
64521.101493 39.015680 159.945205
63879.466464 39.202857 159.945205
62950.551905 39.500944 159.945205
63779.615127 39.147860 159.945205
63729.762854 39.120329 159.945205
63679.959512 39.092777 159.945205
63630.205100 39.065203 159.945205
63875.751633 38.930190 159.945205
63530.843068 39.009991 159.945205
63776.487462 38.874979 159.945205
63431.676758 38.954692 159.945205
63088.046921 39.034838 159.945205
63332.706170 38.899307 159.945205
62989.174194 38.979365 159.945205
62064.242611 39.277913 159.945205
60863.350862 39.692244 159.945205
59680.619026 40.114768 159.945205
24813.303268 86.621898 159.945205
24456.760228 86.873408 159.945205
24407.935496 86.870279 159.945205
24346.891768 87.142979 159.945205
24338.364485 86.312232 159.945205
24103.746719 87.128593 159.945205
24055.264501 87.125699 159.945205
24019.099140 86.845023 159.945205
23970.714782 86.841837 159.945205
23950.311017 86.282435 159.945205
23934.483928 85.722610 159.945205
23964.748412 84.607563 159.945205
23855.985335 85.435657 159.945205
23826.905175 85.152676 159.945205
23778.814401 85.147765 159.945205
23661.325998 86.259770 159.945205
23613.333085 86.255966 159.945205
254082.812292 17.691542 159.945205
255482.297087 17.622819 159.945205
255434.450965 17.605920 159.945205
255386.653774 17.589017 159.945205
255338.905514 17.572110 159.945205
23358.862554 85.670129 159.945205
255968.943613 17.512615 159.945205
23342.112736 84.535900 159.945205
256600.309370 17.453266 159.945205
256552.805762 17.436387 159.945205
256505.351085 17.419505 159.945205
23174.651519 84.231616 159.945205
23175.601219 83.662275 159.945205
23128.293333 83.655770 159.945205
23056.315152 83.931383 159.945205
23009.105127 83.925137 159.945205
22938.356743 84.201880 159.945205
22891.244579 84.195896 159.945205
22844.181346 84.189899 159.945205
22820.754333 83.900024 159.945205
22773.788961 83.893714 159.945205
22726.872519 83.887390 159.945205
22656.417719 84.165790 159.945205
22587.143785 84.445050 159.945205
22586.416778 83.868341 159.945205
22539.696058 83.861965 159.945205
22493.024269 83.855576 159.945205
22446.401411 83.849173 159.945205
22399.827483 83.842758 159.945205
22329.715196 84.123117 159.945205
23264.387976 76.788087 159.945205
23325.128045 76.225143 159.945205
23278.749839 76.211157 159.945205
23232.420564 76.197143 159.945205
23186.140219 76.183101 159.945205
23085.759234 76.444499 159.945205
23039.576750 76.430660 159.945205
22993.443196 76.416794 159.945205
22947.358574 76.402900 159.945205
22848.305247 76.666132 159.945205
22855.336120 76.375027 159.945205
23401.831137 73.621769 159.945205
23291.605237 73.876186 159.945205
23245.765267 73.859862 159.945205
23136.769166 74.115694 159.945205
23284.038052 73.284505 159.945205
23108.538940 73.810697 159.945205
23465.895727 72.172804 159.945205
23491.429026 71.887174 159.945205
23666.060107 71.070113 159.945205
23400.385183 71.850747 159.945205
23427.197210 71.564902 159.945205
23455.190103 71.279391 159.945205
23264.186396 71.795841 159.945205
23218.884662 71.777467 159.945205
23245.892411 71.490551 159.945205
23274.081026 71.203975 159.945205
22805.550194 72.806309 159.945205
22828.176989 72.516236 159.945205
22648.786228 73.044719 159.945205
21040.965625 82.448798 159.945205
20890.337882 83.623292 159.945205
20845.427591 83.616398 159.945205
260649.887776 16.304280 159.945205
256932.858752 16.406677 159.945205
256157.047744 16.413747 159.945205
248145.518367 16.665450 159.945205
250982.029187 16.549614 159.945205
248056.236022 16.630974 159.945205
250170.852684 16.539811 159.945205
252295.705704 16.449417 159.945205
252976.623617 16.408061 159.945205
21204.316138 77.061839 159.945205
21159.944083 77.048044 159.945205
21320.899880 75.883451 159.945205
21330.775258 75.582265 159.945205
21232.400424 75.853450 159.945205
21354.068614 74.980353 159.945205
21426.163909 74.395649 159.945205
21265.862740 74.948500 159.945205
21397.865149 74.078880 159.945205
21476.898854 73.496409 159.945205
21560.509234 72.916139 159.945205
21648.696291 72.338177 159.945205
21672.595279 72.040712 159.945205
21628.810391 72.021923 159.945205
21723.935857 71.446807 159.945205
21823.637999 70.874264 159.945205
22003.573179 70.030805 159.945205
21959.984013 70.010152 159.945205
21692.870500 70.814456 159.945205
21722.771684 70.518259 159.945205
19474.828931 84.016116 159.945205
22100.061464 68.837714 159.945205
22138.032994 68.545805 159.945205
22094.737411 68.523753 159.945205
22563.157684 66.899485 159.945205
22519.959962 66.876055 159.945205
22747.925773 66.064204 159.945205
22797.461320 65.779193 159.945205
22943.077012 65.235868 159.945205
22996.106229 64.953007 159.945205
23248.038426 64.159753 159.945205
22910.249020 64.902874 159.945205
23364.528938 63.601039 159.945205
23528.500265 63.071642 159.945205
23697.048268 62.545973 159.945205
23654.339851 62.519108 159.945205
23719.030945 62.243957 159.945205
23894.517358 61.723421 159.945205
24187.590708 60.963854 159.945205
24145.078013 60.935861 159.945205
24332.030581 60.424876 159.945205
24406.021817 60.156598 159.945205
24363.655914 60.128027 159.945205
24677.348771 59.385786 159.945205
24756.014545 59.121009 159.945205
25083.388499 58.391200 159.945205
25420.998811 57.671000 159.945205
25378.877561 57.640916 159.945205
25595.651918 57.155759 159.945205
25553.628528 57.125353 159.945205
25642.775312 56.868904 159.945205
26001.005131 56.166943 159.945205
26231.558447 55.693988 159.945205
25917.300866 56.104955 159.945205
26011.171117 55.852121 159.945205
26523.356628 54.945040 159.945205
27199.538468 53.844017 159.945205
27157.906522 53.811933 159.945205
26682.210069 54.418472 159.945205
26784.248528 54.172406 159.945205
27180.272621 53.504631 159.945205
27286.936686 53.262592 159.945205
28003.029880 52.198384 159.945205
28272.607268 51.760605 159.945205
29355.178954 50.344894 159.945205
29313.938453 50.311490 159.945205
29108.799484 50.472361 159.945205
29562.894845 49.859080 159.945205
29355.589865 50.017682 159.945205
29314.545086 49.984050 159.945205
29775.578857 49.376709 159.945205
29566.156796 49.533044 159.945205
29863.341030 49.119859 159.945205
30165.101940 48.710797 159.945205
30297.304702 48.490751 159.945205
30430.688330 48.271666 159.945205
30389.986065 48.237449 159.945205
31057.191391 47.473788 159.945205
31377.307936 47.080922 159.945205
31518.810840 46.868747 159.945205
31661.494612 46.657526 159.945205
31990.813439 46.272601 159.945205
32136.990881 46.064290 159.945205
31910.045005 46.203244 159.945205
32244.038368 45.822170 159.945205
32773.722278 45.275386 159.945205
33119.132866 44.904163 159.945205
33273.478515 44.702552 159.945205
33625.778583 44.337115 159.945205
33982.655326 43.975512 159.945205
34142.807448 43.778634 159.945205
33902.669780 43.905459 159.945205
34670.219463 43.228628 159.945205
35040.875165 42.878319 159.945205
34795.224606 43.000348 159.945205
35376.334957 42.496606 159.945205
35545.836153 42.307111 159.945205
