97730.858350 58.607264 51.452055
97878.887608 58.486221 51.452055
98027.901908 58.365361 51.452055
97726.561077 58.458849 51.452055
97650.459037 58.445147 51.452055
97574.397812 58.431434 51.452055
97498.377404 58.417711 51.452055
97422.397812 58.403977 51.452055
97571.657010 58.282898 51.452055
97270.561077 58.376477 51.452055
97194.703934 58.362711 51.452055
96894.633861 58.456595 51.452055
97043.112098 58.335146 51.452055
96967.377404 58.321348 51.452055
96667.429779 58.415278 51.452055
96816.030465 58.293719 51.452055
96965.616194 58.172346 51.452055
97116.186965 58.051162 51.452055
97040.656353 58.037258 51.452055
96739.024357 58.130712 51.452055
96663.575378 58.116812 51.452055
96588.167214 58.102901 51.452055
96738.942067 57.981534 51.452055
96663.615537 57.967576 51.452055
96588.329822 57.953607 51.452055
96513.084924 57.939627 51.452055
95316.612106 58.465900 51.452055
96362.717578 57.911635 51.452055
95836.254955 58.113072 51.452055
95313.610054 58.315615 51.452055
96137.472680 57.869564 51.452055
95386.878759 58.179305 51.452055
95987.513496 57.841462 51.452055
95686.452929 57.935121 51.452055
95386.377404 58.029074 51.452055
95762.880843 57.799227 51.452055
95461.942724 57.892929 51.452055
95613.329822 57.771015 51.452055
95538.615537 57.756893 51.452055
95463.942067 57.742759 51.452055
95389.309414 57.728615 51.452055
95314.717578 57.714459 51.452055
95240.166557 57.700292 51.452055
94939.514153 57.794095 51.452055
94639.846792 57.888196 51.452055
94565.418220 57.874047 51.452055
94716.228439 57.751572 51.452055
94641.881500 57.737375 51.452055
94567.575378 57.723167 51.452055
94268.112098 57.817340 51.452055
94193.887608 57.803135 51.452055
94344.901908 57.680476 51.452055
93154.211446 58.211165 51.452055
94422.799210 57.543724 51.452055
93897.397812 57.746205 51.452055
94274.717578 57.515112 51.452055
94200.737986 57.500789 51.452055
94126.799210 57.486455 51.452055
93601.561077 57.689094 51.452055
93979.044108 57.457752 51.452055
93679.085582 57.551797 51.452055
93831.452271 57.429005 51.452055
93757.717578 57.414614 51.452055
93684.023700 57.400212 51.452055
93610.370639 57.385799 51.452055
93085.418220 57.588716 51.452055
93463.186965 57.356938 51.452055
93163.514153 57.451081 51.452055
93090.024357 57.436647 51.452055
92791.377404 57.531107 51.452055
92717.969241 57.516676 51.452055
92869.799867 57.393278 51.452055
92571.275363 57.487780 51.452055
92723.187622 57.364309 51.452055
92424.744751 57.458838 51.452055
92576.738643 57.335293 51.452055
91830.814135 57.648815 51.452055
92205.254955 57.415340 51.452055
92357.371296 57.291684 51.452055
91834.878759 57.495710 51.452055
91986.132506 57.371738 51.452055
91913.173322 57.357181 51.452055
92065.452929 57.233377 51.452055
90655.550930 57.878359 51.452055
91694.540669 57.313440 51.452055
90509.918277 57.849427 51.452055
91774.187622 57.174884 51.452055
91701.473337 57.160232 51.452055
91403.601894 57.254957 51.452055
91330.969241 57.240307 51.452055
91258.377404 57.225646 51.452055
91411.024357 57.101508 51.452055
91338.514153 57.086798 51.452055
91040.846792 57.181591 51.452055
90744.164473 57.276694 51.452055
91347.370639 56.933302 51.452055
91048.881500 57.027840 51.452055
90976.575378 57.013071 51.452055
90454.858350 57.217846 51.452055
91058.227782 56.874104 51.452055
90759.901908 56.968695 51.452055
90238.307330 57.173587 51.452055
90390.459037 57.048794 51.452055
90543.595786 56.924212 51.452055
90471.575378 56.909361 51.452055
90399.595786 56.894498 51.452055
90327.657010 56.879623 51.452055
90255.759051 56.864736 51.452055
90183.901908 56.849838 51.452055
90112.085582 56.834927 51.452055
90040.310071 56.820005 51.452055
89968.575378 56.805071 51.452055
89896.881500 56.790125 51.452055
89825.228439 56.775167 51.452055
89753.616194 56.760197 51.452055
89456.846792 56.855285 51.452055
89161.062432 56.950689 51.452055
88866.263115 57.046409 51.452055
89242.377404 56.810343 51.452055
88501.040677 57.127520 51.452055
88875.348146 56.890796 51.452055
88580.712095 56.986571 51.452055
88956.989649 56.750252 51.452055
88661.491003 56.845750 51.452055
88366.977401 56.941565 51.452055
88519.123656 56.815658 51.452055
88224.691686 56.911501 51.452055
61858.795918 90.000000 51.452055
61788.227215 -89.841623 51.452055
61717.227215 89.841531 51.452055
61647.684371 89.682883 51.452055
61574.877551 90.000000 51.452055
61505.888453 89.682518 51.452055
61433.635378 89.841166 51.452055
61362.839460 -89.841075 51.452055
61293.500698 -89.681968 51.452055
61232.700788 -89.204504 51.452055
61167.220563 -89.044881 51.452055
61109.807078 -88.725863 51.452055
61047.241165 -88.565830 51.452055
58759.493038 -88.213226 51.452055
58680.374581 -88.374610 51.452055
58631.984294 -88.048612 51.452055
58533.118716 -88.535347 51.452055
58473.007234 -88.371730 51.452055
58424.739396 -88.045153 51.452055
58317.970344 -88.695717 51.452055
58249.011160 -88.694945 51.452055
58207.003242 -88.204763 51.452055
58128.211315 -88.366907 51.452055
58080.147559 -88.039360 51.452055
57973.582589 -88.691848 51.452055
57931.737936 -88.200501 51.452055
57873.882253 -88.035868 51.452055
57805.208784 -88.034701 51.452055
57599.433274 -88.031192 51.452055
57246.431814 -88.189759 51.452055
57178.125691 -88.188678 51.452055
55831.433274 -88.000250 51.452055
55763.984294 -87.999040 51.452055
55696.576131 -87.997829 51.452055
54091.025110 -87.968320 51.452055
54024.637355 -87.967071 51.452055
53099.494498 -87.949431 51.452055
52902.290416 -87.945611 51.452055
52836.637355 -87.944334 51.452055
52771.025110 -87.943056 51.452055
52705.453682 -87.941776 51.452055
52629.064467 -88.111991 51.452055
52563.574671 -88.110814 51.452055
52488.211315 -88.281380 51.452055
52312.882253 -87.934065 51.452055
52300.473212 87.244628 51.452055
52220.592806 87.414983 51.452055
52141.697443 87.585597 51.452055
51901.007234 -88.271682 51.452055
51845.880793 -88.097779 51.452055
51770.966417 -88.269512 51.452055
51726.780212 -87.922388 51.452055
51714.738518 87.229056 51.452055
51649.860967 87.227315 51.452055
51585.024232 87.225571 51.452055
51520.228314 87.223826 51.452055
51455.473212 87.222078 51.452055
51422.862621 86.873520 51.452055
51341.665191 87.045036 51.452055
51311.024685 86.696041 51.452055
51196.860967 87.215065 51.452055
51164.413641 86.865626 51.452055
51099.903437 86.863646 51.452055
51018.910089 87.035696 51.452055
50886.025110 -87.905288 51.452055
50859.878521 87.380608 51.452055
50736.517438 -88.251955 51.452055
50682.125691 -88.076055 51.452055
50681.595661 87.200933 51.452055
50649.474865 86.849717 51.452055
50538.551990 87.372288 51.452055
50489.044640 87.195596 51.452055
50474.514481 86.668745 51.452055
50392.985070 86.841702 51.452055
50312.440701 87.014938 51.452055
50232.881375 87.188449 51.452055
50105.207324 -88.065007 51.452055
49913.635896 -88.061295 51.452055
49830.975859 -88.412572 51.452055
49796.984294 -87.882496 51.452055
49712.517438 -88.234037 51.452055
49648.864376 -88.232905 51.452055
49576.281982 -88.408498 51.452055
49521.680703 -88.230637 51.452055
49441.154017 -88.583438 51.452055
49385.690145 -88.405430 51.452055
49331.211315 -88.227223 51.452055
49288.576131 -87.871598 51.452055
49225.208784 -87.870228 51.452055
49132.139125 -88.401319 51.452055
49068.853410 -88.400289 51.452055
49035.351641 -87.866107 51.452055
48972.147559 -87.864730 51.452055
48879.241165 -88.397188 51.452055
48845.861845 -87.861970 51.452055
48771.921610 -88.038726 51.452055
48772.616069 87.146636 51.452055
48741.719763 86.788594 51.452055
48662.236619 86.964699 51.452055
48520.003242 -88.033639 51.452055
48443.388725 87.316025 51.452055
48342.351641 -87.850859 51.452055
48332.473212 87.133663 51.452055
48228.685082 87.668926 51.452055
48207.085457 87.129934 51.452055
48129.817296 87.307289 51.452055
48028.984294 -87.843856 51.452055
47966.433274 -87.842450 51.452055
47956.799743 87.122448 51.452055
47803.684630 -88.559376 51.452055
47847.481517 86.938941 51.452055
47769.514028 87.116808 51.452055
47692.531582 87.294964 51.452055
47591.984294 -87.833975 51.452055
47467.494498 -87.831135 51.452055
47429.860708 87.468435 51.452055
47305.398915 -88.551807 51.452055
47349.522334 86.922872 51.452055
47287.461109 86.920851 51.452055
47209.860967 87.099754 51.452055
47133.245867 87.278950 51.452055
47071.307092 87.277159 51.452055
47039.624375 86.912743 51.452055
46947.551990 87.273570 51.452055
46900.371171 87.090193 51.452055
46823.960153 87.269971 51.452055
46679.133544 -88.724389 51.452055
46624.521364 -88.541268 51.452055
46638.878521 87.264556 51.452055
46591.901783 87.080568 51.452055
46530.330355 87.078635 51.452055
46484.379477 86.894341 51.452055
46407.309947 87.074762 51.452055
46263.241165 -88.352483 51.452055
46220.717528 -87.985304 51.452055
46132.439732 -88.533507 51.452055
46120.685082 87.616218 51.452055
46085.837704 87.248179 51.452055
45956.608512 -88.346994 51.452055
45914.288957 -87.978589 51.452055
45875.787123 87.609861 51.452055
45827.411729 87.424525 51.452055
45780.021378 87.238996 51.452055
45705.289280 87.421084 51.452055
45644.289280 87.419360 51.452055
45611.656885 87.049336 51.452055
45460.092793 -88.522700 51.452055
45399.215242 -88.521710 51.452055
45338.378507 -88.520718 51.452055
45339.901525 87.410707 51.452055
45209.745789 -88.703822 51.452055
45156.113201 -88.517735 51.452055
45095.439732 -88.516738 51.452055
45034.807078 -88.515740 51.452055
45050.225459 87.216705 51.452055
44906.582524 -88.699453 51.452055
44861.179941 -88.326928 51.452055
44785.602932 -88.697697 51.452055
44732.256058 -88.510727 51.452055
44734.187239 87.393224 51.452055
44702.167089 87.019444 51.452055
44627.225459 87.203535 51.452055
44566.960153 87.201643 51.452055
44480.297327 87.572635 51.452055
44420.113653 87.570990 51.452055
44310.398915 -88.503653 51.452055
44237.077706 -88.876866 51.452055
44207.231723 -88.127265 51.452055
44192.534178 87.377286 51.452055
44132.554586 87.375503 51.452055
44086.307092 87.186418 51.452055
44026.409133 87.184503 51.452055
43890.541772 -88.496512 51.452055
43823.643749 -88.683479 51.452055
43757.730767 -88.870730 51.452055
43787.225459 87.176817 51.452055
43757.746823 86.798945 51.452055
43714.617723 86.608761 51.452055
43594.574994 87.359348 51.452055
43465.602932 -88.678067 51.452055
43462.725898 87.544367 51.452055
43444.309947 86.976564 51.452055
43400.440701 86.785782 51.452055
43310.817296 87.161320 51.452055
43266.085457 86.970337 51.452055
43109.031504 -88.672610 51.452055
43064.853410 -88.292381 51.452055
42997.582589 -88.480976 51.452055
42955.374581 -88.100162 51.452055
42879.215242 -88.478881 51.452055
42857.861845 -87.717417 51.452055
42798.780212 -87.715841 51.452055
42701.970344 -88.475726 51.452055
42718.980561 87.141708 51.452055
42674.656885 86.949396 51.452055
42601.103010 87.137753 51.452055
42542.225459 87.135771 51.452055
42498.024232 86.943057 51.452055
42410.901525 87.322725 51.452055
42352.146423 87.320867 51.452055
42231.113201 -88.467250 51.452055
42248.449949 87.125822 51.452055
42204.452804 86.932433 51.452055
42131.225459 87.121823 51.452055
42087.309947 86.928163 51.452055
42044.379477 86.734304 51.452055
41906.595079 -87.884096 51.452055
41911.901783 86.921736 51.452055
41853.514028 86.919587 51.452055
41827.270784 86.533003 51.452055
41752.440701 86.722894 51.452055
41694.175395 86.720603 51.452055
41669.943052 86.333224 51.452055
41594.291192 86.523295 51.452055
41489.409133 87.099627 51.452055
41495.514481 86.325515 51.452055
41403.461109 86.709097 51.452055
41379.432848 86.320358 51.452055
41287.461109 86.704472 51.452055
41229.522334 86.702155 51.452055
41065.398915 -88.445642 51.452055
41007.541772 -88.444546 51.452055
40957.751369 -88.248994 51.452055
40884.868238 -88.636976 51.452055
40827.133544 -88.636013 51.452055
40776.521364 -88.440145 51.452055
40711.786606 -88.634082 51.452055
40654.174361 -88.633114 51.452055
40596.602932 -88.632145 51.452055
40532.934849 -88.826662 51.452055
40475.445053 -88.825829 51.452055
40424.133544 -88.629229 51.452055
40360.587910 -88.824159 51.452055
40303.220563 -88.823322 51.452055
40437.099859 85.885203 51.452055
40400.115011 85.686922 51.452055
40303.212608 86.074946 51.452055
40265.365166 85.876423 51.452055
40188.845261 86.069357 51.452055
39966.011095 -88.621394 51.452055
40310.697756 84.107186 51.452055
40342.886325 83.518091 51.452055
40317.517906 83.318678 51.452055
40293.134530 83.119141 51.452055
40304.200457 82.724885 51.452055
40212.858645 82.914455 51.452055
40190.486171 82.714544 51.452055
40099.225992 82.904371 51.452055
40076.935151 82.704175 51.452055
40091.982064 82.308934 51.452055
39998.955882 82.498530 51.452055
39838.930448 83.079837 51.452055
39885.731392 82.487828 51.452055
39725.787591 83.069941 51.452055
39809.022880 82.281482 51.452055
39828.091597 81.885014 51.452055
39810.848417 81.683891 51.452055
39639.737166 82.264918 51.452055
39547.037514 82.455542 51.452055
39455.322906 82.646612 51.452055
39434.466086 82.444719 51.452055
39308.368850 82.832976 51.452055
39252.185176 82.827822 51.452055
39196.042319 82.822660 51.452055
39106.420244 83.015007 51.452055
39017.783212 83.207792 51.452055
38994.338612 83.004925 51.452055
38938.359020 82.999874 51.452055
38674.218344 84.385797 51.452055
38826.522285 82.989749 51.452055
38804.185176 82.786320 51.452055
38682.273008 83.178260 51.452055
38626.497498 83.173313 51.452055
38508.443868 83.566748 51.452055
38515.068927 83.163398 51.452055
38491.991673 82.959198 51.452055
38403.803620 83.153454 51.452055
38380.807999 82.948956 51.452055
38261.069998 83.343307 51.452055
38269.787591 82.938684 51.452055
38214.338612 82.933536 51.452055
38158.930448 82.928382 51.452055
38103.563101 82.923220 51.452055
38015.660763 83.118423 51.452055
37960.375049 83.113389 51.452055
37971.225992 82.707202 51.452055
37849.926069 83.103300 51.452055
37860.858645 82.696522 51.452055
37805.736197 82.691171 51.452055
37750.654564 82.685812 51.452055
37695.613748 82.680444 51.452055
37607.093714 82.876420 51.452055
37846.733137 81.264581 51.452055
37751.685152 81.458451 51.452055
37820.029134 80.851620 51.452055
37723.174328 81.045036 51.452055
37627.304566 81.238947 51.452055
37345.935151 82.440615 51.452055
37223.236571 82.839593 51.452055
37202.083135 82.631785 51.452055
37181.914742 82.423863 51.452055
37026.762804 83.026683 51.452055
37072.771885 82.412653 51.452055
36983.797421 82.609952 51.452055
36999.200780 82.198540 51.452055
36944.772208 82.192759 51.452055
36854.975967 82.390135 51.452055
36766.164768 82.587990 51.452055
36746.322906 82.378826 51.452055
36692.057599 82.373159 51.452055
36603.368850 82.571432 51.452055
36619.057923 82.157897 51.452055
36564.915066 82.152057 51.452055
36440.940278 82.554802 51.452055
36456.751800 82.140350 51.452055
36402.731392 82.134484 51.452055
36422.401452 81.719928 51.452055
36368.462676 81.713747 51.452055
36240.915066 82.116832 51.452055
36223.410635 81.906040 51.452055
36169.594309 81.899980 51.452055
36115.818799 81.893912 51.452055
36025.731392 82.093174 51.452055
35972.037514 82.087237 51.452055
35992.034105 81.670222 51.452055
35901.124921 81.869547 51.452055
35811.200780 82.069374 51.452055
35831.319819 81.651429 51.452055
35816.071189 81.439333 51.452055
35762.622209 81.432890 51.452055
35670.972881 81.632552 51.452055
35580.308595 81.832725 51.452055
35564.279003 81.619920 51.452055
35588.419846 81.200679 51.452055
35384.098739 82.021344 51.452055
35442.785474 81.394030 51.452055
35389.622209 81.387519 51.452055
35375.685152 81.174050 51.452055
35245.176962 81.581795 51.452055
34833.802263 83.871252 51.452055
34867.198970 83.237678 51.452055
34727.843080 83.861874 51.452055
34761.321419 83.227339 51.452055
35057.807601 81.133806 51.452055
35004.970866 81.127063 51.452055
34489.504058 84.053792 51.452055
34520.312984 83.416968 51.452055
34467.598699 83.411914 51.452055
34386.126327 83.617750 51.452055
34392.035705 83.190904 51.452055
34309.700739 83.396704 51.452055
34228.350817 83.602996 51.452055
34204.639515 83.386526 51.452055
34123.371225 83.593123 51.452055
34129.484684 83.164639 51.452055
34018.554898 83.583218 51.452055
33885.476611 84.215836 51.452055
33859.136711 83.998494 51.452055
33890.435433 83.355802 51.452055
33838.210944 83.350653 51.452055
33815.770399 83.132854 51.452055
33763.627542 83.127528 51.452055
33681.782372 83.335160 51.452055
33629.721148 83.329980 51.452055
33577.700739 83.324792 51.452055
33469.067569 83.747059 51.452055
33473.782372 83.314391 51.452055
33393.085511 83.523148 51.452055
33370.027270 83.303958 51.452055
33234.646916 83.942162 51.452055
33237.636531 83.507954 51.452055
33158.047161 83.717684 51.452055
33106.353284 83.712761 51.452055
33027.789773 83.923150 51.452055
32976.177528 83.918379 51.452055
32951.516549 83.697947 51.452055
32873.075487 83.908813 51.452055
32821.585691 83.904019 51.452055
32797.047161 83.683064 51.452055
32718.728548 83.894408 51.452055
32667.361201 83.889592 51.452055
32590.068447 84.101600 51.452055
32591.659406 83.663109 51.452055
32438.438067 84.527115 51.452055
32462.299977 83.870249 51.452055
32385.170488 84.082904 51.452055
32360.014262 83.860532 51.452055
32233.866639 84.509722 51.452055
32231.925590 84.068804 51.452055
32155.903593 84.282454 51.452055
32129.966406 84.059367 51.452055
32054.026042 84.273344 51.452055
31979.070720 84.487826 51.452055
31952.311756 84.264206 51.452055
31854.304523 84.698574 51.452055
31781.360103 84.914218 51.452055
31775.968679 84.470183 51.452055
31725.295210 84.465755 51.452055
31629.339694 84.901979 51.452055
31578.747858 84.897886 51.452055
31308.664221 -88.219782 51.452055
31456.441541 85.110767 51.452055
31405.972154 85.106830 51.452055
31315.886077 85.546199 51.452055
31099.786606 -88.437144 51.452055
31298.243298 84.651551 51.452055
31225.747858 84.869051 51.452055
31154.237460 85.087052 51.452055
31170.580924 84.416573 51.452055
31144.475022 84.190041 51.452055
31070.254394 84.407537 51.452055
31020.152353 84.403008 51.452055
30903.523174 85.067115 51.452055
30833.201900 85.286477 51.452055
30846.957584 84.612455 51.452055
30753.584398 85.055074 51.452055
30747.120849 84.603689 51.452055
30653.829296 85.047015 51.452055
30647.447380 84.594895 51.452055
30597.671870 84.590487 51.452055
30525.747858 84.810394 51.452055
30476.053980 84.806154 51.452055
30347.085909 85.702181 51.452055
30355.543582 85.022678 51.452055
30266.314649 85.469475 51.452055
30277.686633 84.789120 51.452055
30228.196837 84.784845 51.452055
30137.201900 85.232235 51.452055
29936.717528 -87.496345 51.452055
29868.465655 -87.949431 51.452055
29838.023651 -87.492205 51.452055
29761.827487 -88.174090 51.452055
29720.608512 -87.944334 51.452055
29671.404431 -87.942630 51.452055
29631.211315 -87.712367 51.452055
29573.118716 -87.939212 51.452055
29542.921610 -87.479703 51.452055
29504.739396 -87.248637 51.452055
29442.842212 85.866622 51.452055
29377.440701 86.092272 51.452055
29362.596113 85.630587 51.452055
29296.332008 85.856282 51.452055
29141.823560 -87.693228 51.452055
29138.432137 86.769492 51.452055
29027.439732 -88.151129 51.452055
28978.807078 -88.149577 51.452055
28967.984294 -87.223243 51.452055
28908.574671 -87.452183 51.452055
28850.150091 -87.681590 51.452055
28811.595079 -87.447896 51.452055
28859.005478 85.824948 51.452055
28778.514028 86.284340 51.452055
28656.517438 -87.673767 51.452055
28628.984294 -87.206839 51.452055
28559.946009 -87.669835 51.452055
28600.950905 86.039498 51.452055
28537.187498 86.268640 51.452055
28489.044640 86.265484 51.452055
28440.942600 86.262323 51.452055
28319.231723 -87.659947 51.452055
28271.211315 -87.657959 51.452055
28223.231723 -87.655968 51.452055
28234.307092 86.483415 51.452055
28186.409133 86.480425 51.452055
28070.567696 -87.884752 51.452055
28120.950905 86.005785 51.452055
27966.949936 -88.116388 51.452055
27981.534178 86.703314 51.452055
27947.531582 86.465396 51.452055
27899.878521 86.462375 51.452055
27852.266276 86.459349 51.452055
27755.595079 -87.399767 51.452055
27708.064467 -87.397537 51.452055
27660.574671 -87.395302 51.452055
27594.241165 -87.866565 51.452055
27555.803152 -87.627735 51.452055
27518.350181 -87.388575 51.452055
27423.737936 -87.384071 51.452055
27411.901525 86.669198 51.452055
27292.984294 -87.139237 51.452055
27245.861845 -87.136762 51.452055
27198.780212 -87.134283 51.452055
27151.739396 -87.131800 51.452055
27083.966417 -87.607148 51.452055
27110.656885 86.171586 51.452055
27000.003242 -87.363610 51.452055
26934.241165 -87.840572 51.452055
26906.288957 -87.359019 51.452055
26849.578662 -87.596720 51.452055
26785.827487 -88.075292 51.452055
26739.113201 -88.073611 51.452055
26692.439732 -88.071927 51.452055
26653.833002 -87.829238 51.452055
26626.125691 -87.345151 51.452055
26579.574671 -87.342826 51.452055
26582.164235 86.375639 51.452055
26550.330355 86.131338 51.452055
26489.266276 86.369281 51.452055
26366.868303 -88.060055 51.452055
26411.167089 86.121144 51.452055
26364.860967 86.117734 51.452055
26303.960153 86.356497 51.452055
26208.635896 -87.324074 51.452055
26162.452222 -87.321712 51.452055
26116.309365 -87.319345 51.452055
26081.065927 -87.073469 51.452055
26035.004702 -87.070879 51.452055
25968.211315 -87.556252 51.452055
25851.167967 -87.060473 51.452055
25601.517438 -87.538803 51.452055
25576.637355 -87.044726 51.452055
25501.281982 -87.780701 51.452055
25455.710553 -87.778715 51.452055
25439.923069 -87.036788 51.452055
25394.433274 -87.034133 51.452055
25348.984294 -87.031473 51.452055
25282.803152 -87.523329 51.452055
25237.435805 -87.521103 51.452055
25101.578662 -87.514399 51.452055
25047.404431 -87.760674 51.452055
25031.984294 -87.012719 51.452055
24966.088866 -87.507659 51.452055
24851.739396 -87.001896 51.452055
24706.125691 -87.243846 51.452055
24651.374581 -87.491790 51.452055
24606.578662 -87.489507 51.452055
24571.737936 -87.236313 51.452055
24508.139125 -87.736158 51.452055
24472.435805 -87.482631 51.452055
24437.717528 -87.228739 51.452055
24403.984294 -86.974491 51.452055
24348.574671 -87.223667 51.452055
24294.150091 -87.473405 51.452055
24270.453682 -86.966172 51.452055
24226.025110 -86.963389 51.452055
24170.778753 -87.213467 51.452055
24126.431814 -87.210905 51.452055
24082.125691 -87.208338 51.452055
24037.860385 -87.205767 51.452055
23983.721519 -87.457096 51.452055
23939.537846 -87.454749 51.452055
23905.309365 -87.198025 51.452055
23842.322798 -87.704750 51.452055
23798.261574 -87.702625 51.452055
23808.534178 86.425716 51.452055
23792.881375 85.912945 51.452055
23658.296874 -87.951970 51.452055
23622.424839 -87.694086 51.452055
23676.767232 85.646371 51.452055
23602.735663 86.153355 51.452055
23532.521817 86.661891 51.452055
23447.241165 -87.685483 51.452055
23471.531582 86.142603 51.452055
23414.187239 86.395702 51.452055
23398.901783 85.878621 51.452055
23387.434049 85.361245 51.452055
23311.799743 85.870916 51.452055
23239.983157 86.382201 51.452055
23256.964661 85.348223 51.452055
23197.032538 85.601495 51.452055
23153.665191 85.597370 51.452055
23162.743220 84.819489 51.452055
23274.782733 83.015379 51.452055
23370.811215 81.730723 51.452055
23717.100484 78.939260 51.452055
23843.897954 77.928177 51.452055
24186.019837 75.936420 51.452055
24142.938204 75.923619 51.452055
24666.433171 73.478827 51.452055
24748.071043 72.984188 51.452055
24899.150365 72.253283 51.452055
25269.803119 70.822228 51.452055
25752.387507 69.183294 51.452055
26030.587716 68.252906 51.452055
26585.959161 66.664272 51.452055
26998.793251 65.544499 51.452055
27533.945464 64.228159 51.452055
27691.447971 63.780677 51.452055
28165.779220 62.706862 51.452055
28999.429394 61.041039 51.452055
29301.048862 60.414180 51.452055
29611.207183 59.793831 51.452055
30052.181663 58.985008 51.452055
30382.250369 58.380098 51.452055
32190.546171 55.739370 51.452055
32287.472612 55.532648 51.452055
33100.635522 54.436729 51.452055
33797.227299 53.539797 51.452055
34517.465551 52.661467 51.452055
35421.396635 51.637180 51.452055
36862.161189 50.163563 51.452055
37331.357692 49.667043 51.452055
38515.374325 48.569571 51.452055
39377.450603 47.798526 51.452055
40075.744434 47.188331 51.452055
41950.585058 45.750984 51.452055
42303.373694 45.448998 51.452055
43062.220457 44.880539 51.452055
43836.215658 44.322108 51.452055
45046.484228 43.516899 51.452055
46508.429925 42.609454 51.452055
46685.324437 42.458223 51.452055
46643.671375 42.430262 51.452055
46821.591746 42.279590 51.452055
46780.020318 42.251590 51.452055
46518.957090 42.346230 51.452055
47138.897820 41.951938 51.452055
47319.814135 41.802970 51.452055
47501.715493 41.654571 51.452055
47014.673330 41.867715 51.452055
47419.021616 41.598403 51.452055
47154.426380 41.690577 51.452055
47336.491003 41.542136 51.452055
47295.286922 41.513966 51.452055
47478.377404 41.366086 51.452055
47662.452929 41.218777 51.452055
47621.371296 41.190563 51.452055
48033.559106 40.925865 51.452055
47992.559106 40.897635 51.452055
47951.599922 40.869381 51.452055
47683.595129 40.959004 51.452055
48097.834656 40.695477 51.452055
48515.891906 40.434220 51.452055
48705.959319 40.290296 51.452055
48434.340885 40.377603 51.452055
48163.707495 40.465401 51.452055
47666.028494 40.670928 51.452055
47625.395841 40.642481 51.452055
47812.834656 40.496809 51.452055
48231.177620 40.235643 51.452055
47731.773432 40.439830 51.452055
47236.186965 40.646157 51.452055
47195.758394 40.617570 51.452055
46704.030465 40.826004 51.452055
46888.881500 40.678542 51.452055
46623.377404 40.768635 51.452055
45691.762466 41.220705 51.452055
46318.633861 40.830478 51.452055
46055.140666 40.921560 51.452055
46238.307330 40.772875 51.452055
45974.895768 40.863871 51.452055
46382.397812 40.595933 51.452055
342491.876200 13.840685 51.452055
344798.771088 13.779034 51.452055
347114.204830 13.717796 51.452055
347074.306871 13.704299 51.452055
347821.462353 13.675001 51.452055
347781.646026 13.661515 51.452055
347741.870516 13.648027 51.452055
349278.993751 13.603133 51.452055
347662.441945 13.621048 51.452055
347622.788884 13.607555 51.452055
347583.176639 13.594062 51.452055
347543.605210 13.580567 51.452055
347504.074598 13.567070 51.452055
345891.503778 13.584946 51.452055
343499.514960 13.618704 51.452055
19005.063950 -89.714430 51.452055
18965.696603 -89.714134 51.452055
18926.370072 -89.713837 51.452055
18888.500698 -89.427093 51.452055
18851.616365 -89.139781 51.452055
18812.412284 -89.138885 51.452055
18776.553810 -88.850717 51.452055
18741.680380 -88.562006 51.452055
18702.598747 -88.560504 51.452055
18674.888647 -87.983007 51.452055
18642.970344 -87.692746 51.452055
18590.791992 -88.267337 51.452055
18573.118716 -87.399272 51.452055
18534.241165 -87.396544 51.452055
18525.147559 -86.526942 51.452055
18100.637355 -86.486401 51.452055
18041.517438 -87.067765 51.452055
17956.472113 -89.706210 51.452055
17921.983712 -89.117751 51.452055
17879.510204 90.000000 51.452055
17843.214983 -89.410550 51.452055
17803.183673 90.000000 51.452055
17765.081633 90.000000 51.452055
17727.020408 90.000000 51.452055
17689.000000 90.000000 51.452055
17651.020408 90.000000 51.452055
17614.970085 89.406744 51.452055
17579.432692 89.109196 51.452055
17539.214983 89.405464 51.452055
17507.064015 88.809772 51.452055
17469.288504 88.808485 51.452055
17431.553810 88.807196 51.452055
17454.290416 86.421853 51.452055
17428.440184 86.120358 51.452055
17368.166508 86.712243 51.452055
17366.003566 85.813894 51.452055
17303.923069 86.406320 51.452055
18071.386198 77.303662 51.452055
18117.029134 76.719622 51.452055
17996.529056 77.276843 51.452055
17959.161709 77.263391 51.452055
18047.889390 76.392425 51.452055
18010.603675 76.378076 51.452055
17973.358777 76.363697 51.452055
17851.174328 76.921959 51.452055
17856.029134 76.621125 51.452055
17818.906685 76.606937 51.452055
17868.693872 76.019744 51.452055
17744.784236 76.578472 51.452055
17507.136146 78.011307 51.452055
17713.787349 76.262205 51.452055
17676.868981 76.247585 51.452055
17728.748703 75.658574 51.452055
17436.970866 77.376532 51.452055
17481.378410 76.781878 51.452055
17248.696350 78.226852 51.452055
17211.982064 78.214122 51.452055
17138.955882 78.495727 51.452055
204397.636705 16.465440 51.452055
206751.825872 16.350017 51.452055
203729.159162 16.455381 51.452055
207879.820507 16.266951 51.452055
206043.183669 16.322523 51.452055
206605.866688 16.280900 51.452055
205372.199978 16.312270 51.452055
198231.494323 16.592650 51.452055
204106.044868 16.326445 51.452055
197573.030472 16.582647 51.452055
16453.557365 81.063322 51.452055
16364.497019 81.661416 51.452055
16328.354162 81.652127 51.452055
16292.252121 81.642817 51.452055
16282.157120 81.328243 51.452055
16300.901837 80.708921 51.452055
16237.067569 81.003451 51.452055
16287.525501 80.079346 51.452055
16221.884413 80.372750 51.452055
16310.665142 79.146284 51.452055
16274.848816 79.134203 51.452055
16342.466086 78.214793 51.452055
16306.731392 78.201702 51.452055
16344.687166 77.585743 51.452055
16271.737166 77.873357 51.452055
16273.421860 77.558155 51.452055
16438.498521 76.045011 51.452055
16319.875994 76.627714 51.452055
16367.478113 76.014153 51.452055
16418.897954 75.402445 51.452055
16383.489790 75.386328 51.452055
16438.768169 74.775974 51.452055
16357.646662 75.056179 51.452055
16511.206209 73.855605 51.452055
16576.049299 73.250479 51.452055
16592.305551 72.939504 51.452055
16828.607349 71.470233 51.452055
16737.303434 71.738653 51.452055
16702.221802 71.718807 51.452055
16957.530574 70.263635 51.452055
16983.433171 69.958082 51.452055
17010.320810 69.653003 51.452055
16852.653023 70.199759 51.452055
17263.922401 68.204887 51.452055
17296.597847 67.903835 51.452055
17261.801929 67.880401 51.452055
17364.903867 67.303477 51.452055
17471.823527 66.730030 51.452055
17509.383370 66.432278 51.452055
17547.928256 66.135171 51.452055
17662.524175 65.568450 51.452055
17703.983372 65.273623 51.452055
17824.326282 64.712289 51.452055
17868.699791 64.419844 51.452055
18076.465267 63.601197 51.452055
18042.077512 63.574103 51.452055
18090.350375 63.284903 51.452055
18309.569015 62.478028 51.452055
18021.778946 63.230083 51.452055
18327.475926 62.164259 51.452055
18739.439181 60.864682 51.452055
18705.296324 60.835544 51.452055
18856.262639 60.305793 51.452055
19011.046676 59.780320 51.452055
18788.181007 60.246631 51.452055
19135.668842 59.228914 51.452055
19397.745013 58.470216 51.452055
19464.407155 58.199014 51.452055
19634.502894 57.690668 51.452055
19704.079348 57.422465 51.452055
19774.640844 57.155214 51.452055
19952.412843 56.655472 51.452055
19707.212273 57.091968 51.452055
19992.235590 56.359236 51.452055
20735.249480 54.734266 51.452055
20932.069270 54.257254 51.452055
20898.538658 54.224180 51.452055
20749.381140 54.412694 51.452055
20948.211831 53.937378 51.452055
21032.359843 53.684714 51.452055
20764.824372 54.091352 51.452055
20848.109790 53.837267 51.452055
21534.324520 52.504692 51.452055
21501.079622 52.470714 51.452055
21840.372818 51.803188 51.452055
21807.209553 51.768914 51.452055
22155.082418 51.111582 51.452055
22380.718792 50.667568 51.452055
22347.677976 50.632864 51.452055
22445.453319 50.395060 51.452055
22412.494136 50.360206 51.452055
22643.959134 49.922571 51.452055
23014.738328 49.292125 51.452055
23118.342294 49.060741 51.452055
23222.931303 48.830397 51.452055
23607.996341 48.216693 51.452055
23435.064449 48.372827 51.452055
23968.926763 47.577386 51.452055
23793.243824 47.729992 51.452055
24192.635522 47.132700 51.452055
24305.967466 46.911906 51.452055
24420.284452 46.692143 51.452055
24684.302124 46.291732 51.452055
24208.559302 46.804096 51.452055
24769.145667 46.039036 51.452055
24736.798728 46.002911 51.452055
25466.955347 45.079919 51.452055
25126.872265 45.395178 51.452055
25714.060231 44.660149 51.452055
