97955.112098 58.499891 16.931507
97878.887608 58.486221 16.931507
97578.450187 58.579966 16.931507
97502.307330 58.566301 16.931507
97426.205289 58.552625 16.931507
97799.595786 58.324178 16.931507
97498.377404 58.417711 16.931507
96974.834544 58.619338 16.931507
97346.459037 58.390232 16.931507
97270.561077 58.376477 16.931507
97194.703934 58.362711 16.931507
97570.227782 58.134359 16.931507
97043.112098 58.335146 16.931507
96967.377404 58.321348 16.931507
96891.683526 58.307539 16.931507
96816.030465 58.293719 16.931507
96740.418220 58.279888 16.931507
96217.283523 58.481932 16.931507
96814.514153 58.144601 16.931507
96739.024357 58.130712 16.931507
96889.717578 58.009418 16.931507
96588.167214 58.102901 16.931507
96512.799867 58.088979 16.931507
96437.473337 58.075047 16.931507
96362.187622 58.061103 16.931507
95837.491003 58.262949 16.931507
96211.738643 58.033184 16.931507
96362.717578 57.911635 16.931507
95836.254955 58.113072 16.931507
95986.371296 57.991222 16.931507
95911.330480 57.977214 16.931507
95611.132506 58.071123 16.931507
95536.173322 58.057117 16.931507
94791.326392 58.368570 16.931507
95386.377404 58.029074 16.931507
95536.738643 57.907004 16.931507
95236.744751 58.000987 16.931507
95387.187622 57.878843 16.931507
95312.473337 57.864746 16.931507
95237.799867 57.850638 16.931507
94937.969241 57.944680 16.931507
94863.377404 57.930576 16.931507
95014.024357 57.808248 16.931507
94714.316179 57.902333 16.931507
94639.846792 57.888196 16.931507
94117.854952 58.091399 16.931507
94716.228439 57.751572 16.931507
94641.881500 57.737375 16.931507
94567.575378 57.723167 16.931507
94268.112098 57.817340 16.931507
94419.085582 57.694717 16.931507
93895.450187 57.897622 16.931507
94496.901251 57.558013 16.931507
94422.799210 57.543724 16.931507
94122.595786 57.637684 16.931507
94048.575378 57.623398 16.931507
93974.595786 57.609100 16.931507
93900.657010 57.594791 16.931507
93826.759051 57.580471 16.931507
93752.901908 57.566140 16.931507
93679.085582 57.551797 16.931507
93605.310071 57.537443 16.931507
93531.575378 57.523077 16.931507
93457.881500 57.508701 16.931507
93159.030465 57.603089 16.931507
92861.164473 57.697781 16.931507
93237.044765 57.465503 16.931507
92938.316179 57.559934 16.931507
92417.263115 57.764075 16.931507
93016.575378 57.422202 16.931507
92717.969241 57.516676 16.931507
92644.601894 57.502234 16.931507
92796.473337 57.378799 16.931507
92497.989649 57.473315 16.931507
92649.942724 57.349807 16.931507
92576.738643 57.335293 16.931507
92729.717578 57.211951 16.931507
92430.452929 57.306232 16.931507
91907.919575 57.510218 16.931507
91167.782874 57.825590 16.931507
65266.888647 -88.921245 16.931507
65193.929463 -88.920641 16.931507
65121.011095 -88.920037 16.931507
65041.996073 -89.073770 16.931507
64975.296810 -88.918827 16.931507
64909.582589 -88.763725 16.931507
64836.827487 -88.763032 16.931507
64764.113201 -88.762337 16.931507
64684.358034 -88.916398 16.931507
64618.807078 -88.760947 16.931507
64554.241165 -88.605339 16.931507
64460.445053 -89.069601 16.931507
94352.012405 55.687937 16.931507
64355.595079 -88.292701 16.931507
64243.036890 -89.068028 16.931507
64176.786606 -88.912120 16.931507
64111.521364 -88.756053 16.931507
64039.215242 -88.755351 16.931507
63959.868238 -88.910277 16.931507
93608.110918 55.688655 16.931507
94011.817302 55.461498 16.931507
93939.674445 55.446357 16.931507
93391.682346 55.643362 16.931507
93795.511179 55.416041 16.931507
93247.600714 55.613108 16.931507
93651.511179 55.385677 16.931507
92867.153657 55.689379 16.931507
93507.674445 55.355267 16.931507
92723.398555 55.659075 16.931507
93125.583833 55.430904 16.931507
92816.335407 55.522066 16.931507
92982.073629 55.400443 16.931507
92200.793684 55.705303 16.931507
92838.726690 55.369935 16.931507
92293.112841 55.567883 16.931507
62731.465461 -89.056865 16.931507
92386.539489 55.430601 16.931507
92315.049693 55.415315 16.931507
92243.600714 55.400018 16.931507
92172.192550 55.384709 16.931507
62374.220563 -89.054168 16.931507
62302.894033 -89.053627 16.931507
91958.212958 55.338710 16.931507
91886.968061 55.323353 16.931507
87483.181579 57.387788 16.931507
91744.600714 55.292604 16.931507
91910.951180 55.170480 16.931507
91602.396632 55.261807 16.931507
91768.828731 55.139617 16.931507
61746.970344 -88.732455 16.931507
61693.007234 -88.414803 16.931507
90846.365112 55.414579 16.931507
90307.151314 55.614824 16.931507
91176.763979 55.169129 16.931507
89932.766877 55.692333 16.931507
90798.684269 55.245342 16.931507
91201.971588 55.015683 16.931507
90421.712051 55.321872 16.931507
90586.663861 55.198833 16.931507
90990.073629 54.969010 16.931507
91157.939751 54.846678 16.931507
90849.012405 54.937834 16.931507
90541.070101 55.029299 16.931507
90946.531588 54.799797 16.931507
90637.726690 54.890979 16.931507
85997.324437 57.071886 16.931507
90023.072024 55.074276 16.931507
90189.335407 54.951192 16.931507
90119.110918 54.935534 16.931507
89812.398555 55.027366 16.931507
89506.671235 55.119511 16.931507
89908.682346 54.888487 16.931507
89602.092432 54.980346 16.931507
89532.072024 54.964648 16.931507
60012.146100 88.231978 16.931507
59923.322798 88.552440 16.931507
59845.398915 88.712472 16.931507
59775.541772 -88.711719 16.931507
59713.751369 -88.549902 16.931507
59628.868238 88.871391 16.931507
59574.241165 88.548205 16.931507
59534.290416 -88.063462 16.931507
59434.894227 88.546503 16.931507
59384.166508 -88.222651 16.931507
59287.684630 88.706429 16.931507
59226.179941 88.543944 16.931507
59130.251808 89.190484 16.931507
59079.215242 88.704148 16.931507
59026.803152 88.379388 16.931507
58948.465655 88.540517 16.931507
58871.113201 88.701859 16.931507
58828.737936 88.214278 16.931507
58749.578662 88.375568 16.931507
58690.288957 88.212172 16.931507
58594.215242 88.698795 16.931507
58542.088866 88.372691 16.931507
58473.007234 88.371730 16.931507
58386.970344 88.696488 16.931507
58334.966417 88.369804 16.931507
58266.007234 88.368839 16.931507
58207.003242 88.204763 16.931507
58119.241165 88.530140 16.931507
58042.378507 88.692623 16.931507
57981.608512 88.528396 16.931507
57912.853410 88.527523 16.931507
57829.031504 88.853960 16.931507
57794.350181 88.198363 16.931507
57706.833002 88.524896 16.931507
57638.241165 88.524019 16.931507
57569.690145 -88.523140 16.931507
57501.179941 88.522260 16.931507
57432.710553 88.521379 16.931507
57356.256058 88.684825 16.931507
57304.864376 88.355213 16.931507
57227.547288 88.518731 16.931507
57159.241165 88.517846 16.931507
57022.751369 88.516073 16.931507
56963.537846 88.350291 16.931507
56895.394989 88.349304 16.931507
56848.065927 88.018219 16.931507
56759.231723 88.347324 16.931507
56691.211315 88.346333 16.931507
56614.261574 -88.510727 16.931507
56555.292948 88.344346 16.931507
56487.394989 88.343351 16.931507
56410.567696 88.508040 16.931507
56342.751369 88.507143 16.931507
56283.946009 88.340359 16.931507
56216.211315 88.339359 16.931507
56131.521364 88.670552 16.931507
56090.778753 88.171199 16.931507
56013.252132 88.336352 16.931507
55966.453682 88.002665 16.931507
55878.150091 88.334342 16.931507
55810.660295 88.333335 16.931507
55763.984294 87.999040 16.931507
55675.803152 88.331317 16.931507
55629.208784 87.996617 16.931507
55541.109274 88.329294 16.931507
55494.596539 87.994188 16.931507
55439.154470 87.825873 16.931507
55339.374581 88.326251 16.931507
55282.125691 88.157868 16.931507
55225.861845 87.989311 16.931507
55147.921610 88.155627 16.931507
55091.739396 87.986864 16.931507
55013.880793 88.153381 16.931507
54969.583041 87.816602 16.931507
54890.861845 87.983183 16.931507
54813.125691 88.150001 16.931507
54768.950388 87.812604 16.931507
54690.351641 87.979487 16.931507
54623.596539 87.978253 16.931507
54556.882253 87.977016 16.931507
54502.011613 87.807252 16.931507
54423.576131 87.974539 16.931507
54346.125691 88.142066 16.931507
54290.433274 87.972056 16.931507
54235.725898 87.801873 16.931507
54182.003566 87.631519 16.931507
54091.025110 87.968320 16.931507
54024.637355 87.967071 16.931507
53958.290416 87.965821 16.931507
53916.534178 87.625692 16.931507
53837.521817 87.793755 16.931507
53748.635896 88.131765 16.931507
53682.452222 88.130613 16.931507
53616.309365 88.129460 16.931507
53572.868755 87.788309 16.931507
53506.807531 87.786943 16.931507
53440.787123 87.785576 16.931507
53374.807531 87.784207 16.931507
53297.065927 87.953237 16.931507
53255.717851 87.610998 16.931507
53177.113653 87.780090 16.931507
53111.297327 87.778715 16.931507
53022.860385 88.119017 16.931507
52957.125691 88.117850 16.931507
52914.093245 87.774577 16.931507
52848.440184 87.773194 16.931507
52782.827939 87.771810 16.931507
52717.256511 87.770424 16.931507
52678.164235 87.426242 16.931507
52627.309947 87.253204 16.931507
52547.225459 87.423035 16.931507
52455.378959 87.764863 16.931507
52416.449949 87.419820 16.931507
52351.123418 87.418210 16.931507
52259.399368 87.760674 16.931507
52206.901525 87.587107 16.931507
52170.024232 87.241182 16.931507
52076.534178 87.584087 16.931507
52011.411729 87.582574 16.931507
51933.583041 87.753657 16.931507
51881.289280 87.579542 16.931507
51829.980561 87.405254 16.931507
51779.656885 87.230795 16.931507
51686.411729 87.574981 16.931507
51635.225459 87.400362 16.931507
51585.024232 87.225571 16.931507
51505.592806 87.397090 16.931507
51427.146423 87.568872 16.931507
51362.432137 87.567340 16.931507
51326.085457 87.218576 16.931507
51261.452804 87.216822 16.931507
51182.225459 87.388875 16.931507
51117.674439 87.387226 16.931507
51083.379477 87.037569 16.931507
50975.003566 87.558107 16.931507
50954.481517 87.033821 16.931507
50874.514028 87.206249 16.931507
50795.531582 87.378948 16.931507
50745.860967 87.202707 16.931507
50681.595661 87.200933 16.931507
50649.474865 86.849717 16.931507
50553.187498 87.197378 16.931507
50474.409133 87.370617 16.931507
50410.307092 87.368945 16.931507
50360.881375 87.192027 16.931507
50282.225459 87.365594 16.931507
50232.881375 87.188449 16.931507
50184.522334 87.011132 16.931507
50120.624375 87.009226 16.931507
50073.291192 86.831626 16.931507
49977.371171 87.181266 16.931507
49945.699355 86.827577 16.931507
49849.860967 87.177660 16.931507
49818.270784 86.823518 16.931507
49694.187239 87.526820 16.931507
49674.481517 86.995813 16.931507
49644.902236 86.640994 16.931507
49563.903437 86.815369 16.931507
49500.413641 86.813326 16.931507
49436.964661 86.811279 16.931507
49409.437098 86.455559 16.931507
49310.189151 86.807178 16.931507
49264.330807 86.628030 16.931507
49183.576906 86.803067 16.931507
49156.212608 86.446429 16.931507
49093.008526 86.444140 16.931507
48977.440701 86.974491 16.931507
48966.722812 86.439552 16.931507
48885.228766 86.614965 16.931507
48840.600363 86.434951 16.931507
48777.600363 86.432647 16.931507
48754.298684 86.074439 16.931507
48691.380317 86.071900 16.931507
48588.845261 86.425716 16.931507
48565.666031 86.066811 16.931507
48482.569247 86.242634 16.931507
48461.360103 85.883298 16.931507
48269.758926 87.131800 16.931507
48314.727256 86.056594 16.931507
48212.437098 86.411772 16.931507
48189.502766 86.051465 16.931507
48148.196837 85.869909 16.931507
48064.441541 86.046324 16.931507
47926.434049 86.761366 16.931507
47919.242717 86.220581 16.931507
47898.400919 85.859134 16.931507
47814.808888 86.036000 16.931507
47773.747858 85.853726 16.931507
47669.936594 86.210697 16.931507
47628.012970 86.028222 16.931507
47545.528431 86.205735 16.931507
47464.028934 86.383556 16.931507
47421.283533 86.200761 16.931507
47339.865669 86.378810 16.931507
47338.747858 85.834686 16.931507
47276.768266 85.831952 16.931507
47193.584398 86.009953 16.931507
47175.120849 85.645698 16.931507
47091.074388 85.823727 16.931507
47029.258062 85.820979 16.931507
46946.237460 85.999439 16.931507
46927.937176 85.634223 16.931507
46866.243298 85.631345 16.931507
46827.723781 85.447066 16.931507
46742.977992 85.625577 16.931507
46704.540108 85.441053 16.931507
46619.875951 85.619795 16.931507
46536.196837 85.798859 16.931507
46453.502766 85.978243 16.931507
46435.529013 85.611092 16.931507
46310.426390 86.155397 16.931507
46312.835135 85.605270 16.931507
46274.682965 85.419883 16.931507
46213.438067 85.416842 16.931507
46152.233986 85.413798 16.931507
46091.070720 85.410749 16.931507
46029.948271 85.407697 16.931507
45968.866639 85.404640 16.931507
45907.825822 85.401580 16.931507
45846.825822 85.398515 16.931507
45785.866639 85.395446 16.931507
45679.625409 85.759581 16.931507
45664.070720 85.389296 16.931507
45580.100441 85.570017 16.931507
45542.438067 85.383130 16.931507
45415.115011 85.932449 16.931507
45334.099859 86.114155 16.931507
45337.161666 85.558140 16.931507
45233.094602 85.924259 16.931507
45263.148491 85.183203 16.931507
45178.519700 85.364532 16.931507
45072.686633 85.731073 16.931507
45057.540108 85.358300 16.931507
44997.111537 85.355177 16.931507
44960.801552 85.166996 16.931507
44900.454613 85.163742 16.931507
44840.148491 85.160483 16.931507
44710.482551 85.713785 16.931507
44695.580924 85.339501 16.931507
44612.263706 85.522125 16.931507
44599.332164 85.147404 16.931507
44539.230124 85.144123 16.931507
44479.168899 85.140837 16.931507
44371.937176 85.509990 16.931507
44335.091128 85.320550 16.931507
44299.230124 85.130955 16.931507
44239.332164 85.127652 16.931507
44155.397251 85.311017 16.931507
44119.658695 85.121032 16.931507
44084.905182 84.930896 16.931507
43976.070720 85.301445 16.931507
43916.376843 85.298245 16.931507
43905.823549 84.920542 16.931507
43797.111537 85.291833 16.931507
43786.639876 84.913615 16.931507
43678.009496 85.285404 16.931507
43642.597471 85.094374 16.931507
43583.148491 85.091021 16.931507
43523.740328 85.087663 16.931507
43515.361201 84.708241 16.931507
43405.046450 85.080935 16.931507
43345.760736 85.077564 16.931507
43286.515838 85.074188 16.931507
43252.333753 84.882212 16.931507
43144.070720 85.256254 16.931507
43109.026042 85.064033 16.931507
43074.966406 84.871658 16.931507
42990.903593 85.057240 16.931507
42982.891814 84.675471 16.931507
42923.932630 84.671805 16.931507
42839.048039 84.857518 16.931507
42755.148491 85.043597 16.931507
42721.333753 84.850419 16.931507
42662.537835 84.846862 16.931507
42578.760736 85.033316 16.931507
42571.034671 84.649702 16.931507
42437.295210 85.216823 16.931507
42402.740328 85.022992 16.931507
42369.170488 84.829004 16.931507
42363.496141 84.444431 16.931507
42227.087267 85.012625 16.931507
42219.606099 84.627416 16.931507
42110.189307 85.005689 16.931507
42102.789773 84.619946 16.931507
42099.207960 84.234151 16.931507
42040.901837 84.230141 16.931507
41982.636531 84.226125 16.931507
41818.658695 84.988267 16.931507
41866.228368 84.218076 16.931507
41727.354162 84.789279 16.931507
41778.782372 84.018382 16.931507
41664.067569 84.397846 16.931507
41579.136711 84.586072 16.931507
41575.922245 84.197856 16.931507
41517.983470 84.193795 16.931507
41460.085511 84.189728 16.931507
41402.228368 84.185656 16.931507
41344.412041 84.181578 16.931507
41286.636531 84.177494 16.931507
41228.901837 84.173405 16.931507
41171.207960 84.169310 16.931507
41113.554898 84.165209 16.931507
41055.942653 84.161102 16.931507
40998.371225 84.156990 16.931507
40940.840613 84.152871 16.931507
40777.597471 84.924529 16.931507
40825.901837 84.144618 16.931507
40768.493674 84.140482 16.931507
40683.271651 84.330501 16.931507
40599.034671 84.520916 16.931507
40568.659406 84.322472 16.931507
40568.068086 83.929450 16.931507
40427.299977 84.509255 16.931507
40453.700739 83.920842 16.931507
40367.779388 84.111369 16.931507
40339.496658 83.912211 16.931507
40253.656939 84.102998 16.931507
40196.656939 84.098804 16.931507
40139.697756 84.094603 16.931507
40082.779388 84.090397 16.931507
40054.700739 83.890524 16.931507
40027.607133 83.690514 16.931507
39941.068086 83.881807 16.931507
39827.659406 84.269724 16.931507
39827.598699 83.873064 16.931507
39831.355713 83.476423 16.931507
39774.723060 83.471760 16.931507
39657.700739 83.859904 16.931507
39572.350817 84.052269 16.931507
39605.069998 83.457732 16.931507
39404.606099 84.438237 16.931507
39461.484684 83.645232 16.931507
39405.096929 83.640668 16.931507
39319.006862 83.833413 16.931507
39233.901837 84.026578 16.931507
39206.435433 83.824532 16.931507
39150.210944 83.820082 16.931507
39094.027270 83.815625 16.931507
39009.085511 84.009327 16.931507
39011.525501 83.608537 16.931507
38955.464276 83.603920 16.931507
38930.131223 83.401013 16.931507
38843.464276 83.594667 16.931507
38818.212856 83.391465 16.931507
38701.884413 83.784250 16.931507
38706.457754 83.381889 16.931507
38650.641427 83.377090 16.931507
38505.636531 83.970147 16.931507
38508.443868 83.566748 16.931507
38483.437345 83.362654 16.931507
38427.784284 83.357827 16.931507
38311.741556 83.752556 16.931507
38256.170127 83.748002 16.931507
38261.069998 83.343307 16.931507
38174.892848 83.538584 16.931507
38060.901837 83.934889 16.931507
38064.035705 83.529142 16.931507
38039.355713 83.323848 16.931507
37984.029182 83.318965 16.931507
37898.056113 83.514927 16.931507
37842.811215 83.510175 16.931507
37818.294488 83.304275 16.931507
37732.443868 83.500649 16.931507
37739.640355 83.093181 16.931507
37652.927141 83.289520 16.931507
37629.517906 83.083033 16.931507
37574.517906 83.077948 16.931507
37519.558723 83.072855 16.931507
37433.008774 83.269746 16.931507
37378.131223 83.264784 16.931507
37323.294488 83.259816 16.931507
37268.498570 83.254839 16.931507
37183.056113 83.452602 16.931507
37190.660763 83.042141 16.931507
37104.355713 83.239867 16.931507
37049.723060 83.234861 16.931507
36964.443868 83.433185 16.931507
36972.211784 83.021514 16.931507
36917.701580 83.016339 16.931507
36800.913256 83.418546 16.931507
36777.172039 83.209722 16.931507
36692.096929 83.408751 16.931507
36700.068927 82.995559 16.931507
36645.762804 82.990345 16.931507
36591.497498 82.985123 16.931507
36505.641427 83.184396 16.931507
36483.089335 82.974656 16.931507
36428.946478 82.969411 16.931507
36374.844437 82.964158 16.931507
36386.879054 82.549241 16.931507
36204.443868 83.364311 16.931507
36212.783212 82.948352 16.931507
36158.844437 82.943068 16.931507
36104.946478 82.937776 16.931507
36051.089335 82.932476 16.931507
36029.848816 82.721343 16.931507
35943.497498 82.921852 16.931507
35889.762804 82.916528 16.931507
35804.437345 83.117661 16.931507
35690.353801 83.526243 16.931507
35728.803620 82.900508 16.931507
35707.807999 82.688416 16.931507
35500.840613 83.719159 16.931507
35505.892848 83.299057 16.931507
35483.131223 83.086419 16.931507
35399.035705 83.288904 16.931507
35259.271651 83.908483 16.931507
35323.029182 83.070692 16.931507
35239.056113 83.273617 16.931507
35248.130151 82.852014 16.931507
35194.926069 82.846585 16.931507
35079.443868 83.258261 16.931507
35057.008774 83.044322 16.931507
35003.927141 83.039024 16.931507
34982.517906 82.824787 16.931507
34897.886325 83.028404 16.931507
34876.558723 82.813838 16.931507
34792.008774 83.017751 16.931507
34739.131223 83.012413 16.931507
34717.926069 82.797352 16.931507
34665.130151 82.791840 16.931507
34580.743468 82.996349 16.931507
34528.029182 82.990978 16.931507
34506.987294 82.775254 16.931507
34392.035705 83.190904 16.931507
34339.443868 83.185667 16.931507
34257.149719 83.391619 16.931507
34265.069998 82.963999 16.931507
34181.913256 83.169908 16.931507
34129.484684 83.164639 16.931507
34107.784284 82.947712 16.931507
34055.437345 82.942267 16.931507
33972.443868 83.148783 16.931507
33950.865917 82.931351 16.931507
33898.641427 82.925880 16.931507
33815.770399 83.132854 16.931507
33794.314896 82.914913 16.931507
33742.212856 82.909417 16.931507
33629.721148 83.329980 16.931507
33607.443868 83.111500 16.931507
33555.464276 83.106141 16.931507
33473.782372 83.314391 16.931507
33482.314896 82.881809 16.931507
33399.770399 83.090013 16.931507
33347.954072 83.084621 16.931507
33266.435433 83.293493 16.931507
33214.700739 83.288248 16.931507
33192.749990 83.068393 16.931507
33111.353801 83.277733 16.931507
33030.942653 83.487586 16.931507
32979.371225 83.482474 16.931507
32956.639515 83.261900 16.931507
32905.149719 83.256606 16.931507
32797.047161 83.683064 16.931507
32773.493674 83.461946 16.931507
32667.361201 83.889592 16.931507
32699.598699 83.235346 16.931507
32619.514082 83.446466 16.931507
32597.068086 83.224666 16.931507
32517.065102 83.436105 16.931507
32438.047161 83.648061 16.931507
32414.779388 83.425711 16.931507
32335.843080 83.637989 16.931507
32231.925590 84.068804 16.931507
32206.891814 83.845898 16.931507
32155.932630 83.841005 16.931507
32131.924712 83.617750 16.931507
32081.047161 83.612670 16.931507
32003.299977 83.826278 16.931507
31952.504058 83.821354 16.931507
31850.760736 84.255039 16.931507
31800.046450 84.250444 16.931507
31800.361201 83.806534 16.931507
31749.728548 83.801578 16.931507
31648.148491 84.236617 16.931507
31622.619468 84.011729 16.931507
31572.109264 84.006923 16.931507
31521.639876 84.002109 16.931507
31471.211304 83.997288 16.931507
31395.801552 84.213422 16.931507
31345.454613 84.208761 16.931507
31320.170488 83.982778 16.931507
31269.905182 83.977926 16.931507
31219.680692 83.973066 16.931507
31169.497019 83.968198 16.931507
31119.354162 83.963323 16.931507
31020.152353 84.403008 16.931507
30970.091128 84.398472 16.931507
30920.070720 84.393929 16.931507
30846.957584 84.612455 16.931507
30797.018808 84.608076 16.931507
30703.686439 85.051048 16.931507
30697.263706 84.599296 16.931507
30647.447380 84.594895 16.931507
30533.936594 85.263382 16.931507
30547.937176 84.586072 16.931507
30498.243298 84.581650 16.931507
30448.590237 84.577221 16.931507
30398.977992 84.572784 16.931507
30305.972154 85.018599 16.931507
30256.441541 85.014513 16.931507
30206.951745 85.010420 16.931507
30157.502766 85.006321 16.931507
30129.339694 84.776272 16.931507
30125.295210 84.320219 16.931507
30030.645817 84.767672 16.931507
29939.814145 85.216508 16.931507
29977.438067 84.306183 16.931507
29928.233986 84.301489 16.931507
29879.070720 84.296787 16.931507
29829.948271 84.292078 16.931507
29780.866639 84.287361 16.931507
29731.825822 84.282635 16.931507
29682.825822 84.277903 16.931507
29633.866639 84.273162 16.931507
29518.380317 84.952411 16.931507
29536.070720 84.263657 16.931507
29487.233986 84.258893 16.931507
29371.870113 84.939805 16.931507
29366.549421 84.477916 16.931507
29274.400725 84.931366 16.931507
29292.295210 84.239757 16.931507
29177.094602 84.922899 16.931507
29149.747858 84.688976 16.931507
29123.386155 84.454839 16.931507
29074.875951 84.450200 16.931507
28962.671288 85.136293 16.931507
28894.886077 85.362976 16.931507
28828.085909 85.590186 16.931507
28859.053980 84.662218 16.931507
28749.845261 85.351268 16.931507
28762.482551 84.653238 16.931507
28714.258062 84.648737 16.931507
28644.829296 84.875820 16.931507
28617.931531 84.639712 16.931507
28490.514481 85.564086 16.931507
28310.261574 -87.893730 16.931507
28394.432848 85.556572 16.931507
28364.865669 85.319757 16.931507
28264.522334 86.015959 16.931507
28269.028934 85.311813 16.931507
28221.171792 85.307830 16.931507
28173.355465 85.303841 16.931507
28073.175395 86.002382 16.931507
28077.845261 85.295843 16.931507
27994.270784 85.760839 16.931507
27946.617723 85.757220 16.931507
27899.005478 85.753594 16.931507
27868.902236 85.514788 16.931507
27821.371624 85.510950 16.931507
27773.881828 85.507106 16.931507
27744.845261 85.267633 16.931507
27697.437098 85.263575 16.931507
27650.069751 85.259511 16.931507
27584.330807 85.491664 16.931507
27519.576906 85.724367 16.931507
27489.800195 85.483903 16.931507
27425.127927 85.716997 16.931507
27377.964661 85.713302 16.931507
27348.310399 85.472211 16.931507
27267.236619 85.943636 16.931507
27220.195803 85.940127 16.931507
27207.187950 85.460459 16.931507
27126.236619 85.933090 16.931507
27095.842212 85.691002 16.931507
27032.440701 85.926028 16.931507
27002.127927 85.683516 16.931507
26938.808048 85.918943 16.931507
26926.045093 85.436771 16.931507
26845.338660 85.911832 16.931507
26832.657338 85.428821 16.931507
26786.024685 85.424835 16.931507
26721.964661 85.660905 16.931507
26675.413641 85.657113 16.931507
26612.379477 85.893947 16.931507
26565.910089 85.890351 16.931507
26536.005478 85.645698 16.931507
26442.878521 86.366093 16.931507
26460.738970 85.396739 16.931507
26396.964661 85.634223 16.931507
26350.699355 85.630385 16.931507
26287.950905 85.868644 16.931507
26275.759379 85.380529 16.931507
26212.148335 85.618829 16.931507
26149.522334 85.857704 16.931507
26119.985070 85.611092 16.931507
26073.964661 85.607212 16.931507
26011.461109 85.846706 16.931507
25965.522334 85.843027 16.931507
25936.148335 85.595534 16.931507
25873.767232 85.835650 16.931507
25797.735663 86.320874 16.931507
25798.699355 85.583793 16.931507
25752.964661 85.579866 16.931507
25707.270784 85.575932 16.931507
25661.617723 85.571990 16.931507
25633.473664 85.322886 16.931507
25570.434049 85.564086 16.931507
25464.472953 86.544032 16.931507
25479.413641 85.556154 16.931507
25401.860967 86.044714 16.931507
25406.024685 85.301949 16.931507
25296.449949 86.284549 16.931507
25251.123418 86.281211 16.931507
25192.146423 86.525380 16.931507
25122.351641 87.018102 16.931507
25130.024232 86.023345 16.931507
25070.225459 86.267799 16.931507
25055.318252 85.768059 16.931507
24994.656885 86.012573 16.931507
24965.195803 85.760414 16.931507
24904.616069 86.005360 16.931507
24875.236619 85.752740 16.931507
24800.103010 86.247500 16.931507
24801.964661 85.495749 16.931507
24757.127927 85.491664 16.931507
24651.901525 86.487466 16.931507
24635.473212 85.983563 16.931507
24576.123418 86.230414 16.931507
24546.085457 85.976244 16.931507
24501.452804 85.972575 16.931507
24472.440701 85.717865 16.931507
24412.309947 85.965217 16.931507
24326.725898 86.716894 16.931507
24295.003566 86.461727 16.931507
24294.481517 85.702181 16.931507
24219.878521 86.202752 16.931507
24149.093245 86.704828 16.931507
24145.860967 85.942979 16.931507
24117.175395 85.686382 16.931507
24042.735663 86.188769 16.931507
23972.113653 86.692673 16.931507
23984.624375 85.674456 16.931507
23910.307092 86.178213 16.931507
23866.245867 86.174682 16.931507
23836.860967 85.916723 16.931507
23808.461109 85.658452 16.931507
23748.942600 85.909159 16.931507
23690.409133 86.160490 16.931507
23661.187498 85.901567 16.931507
23632.950905 85.642329 16.931507
23573.595661 85.893947 16.931507
23561.964661 85.378495 16.931507
23486.167089 85.886298 16.931507
23442.514028 85.882464 16.931507
23414.481517 85.622007 16.931507
23355.330355 85.874772 16.931507
23311.799743 85.870916 16.931507
23253.674439 86.124548 16.931507
23196.534178 86.378810 16.931507
23197.032538 85.601495 16.931507
23153.665191 85.597370 16.931507
23126.862621 85.335128 16.931507
23101.045093 85.072587 16.931507
23182.438067 83.522137 16.931507
23214.299977 82.745845 16.931507
23482.731392 80.189773 16.931507
23513.258595 79.674705 16.931507
23508.418128 79.412529 16.931507
23852.037983 77.147089 16.931507
24056.897388 75.897949 16.931507
24013.938204 75.885080 16.931507
24357.680509 74.159603 16.931507
24494.678069 73.419339 16.931507
24904.597847 71.730664 16.931507
25141.292915 70.771355 16.931507
24887.503234 71.461164 16.931507
25350.422134 69.803586 16.931507
25859.648940 68.177471 16.931507
26067.708371 67.479526 16.931507
26196.965722 67.010785 16.931507
27070.314217 64.788075 16.931507
27320.986281 64.120506 16.931507
27478.692869 63.671601 16.931507
27953.228200 62.594619 16.931507
28124.235590 62.155341 16.931507
28744.735517 60.900788 16.931507
29280.768006 59.872331 16.931507
29596.836583 59.254673 16.931507
29798.222479 58.838417 16.931507
30509.531397 57.656890 16.931507
31389.425527 56.317928 16.931507
31482.819961 56.107715 16.931507
31852.913518 55.532823 16.931507
32951.518486 54.076732 16.931507
33056.366085 53.874972 16.931507
33460.574238 53.327067 16.931507
34336.464247 52.278217 16.931507
34766.248144 51.750327 16.931507
35529.384742 50.903309 16.931507
36148.567645 50.233356 16.931507
36612.466137 49.731543 16.931507
37258.169010 49.081629 16.931507
38097.006978 48.292080 16.931507
38234.325618 48.113923 16.931507
38917.919991 47.491945 16.931507
39804.091723 46.736880 16.931507
40521.759876 46.139335 16.931507
41845.190020 45.140217 16.931507
42002.541494 44.975884 16.931507
43378.929944 44.012834 16.931507
43751.174535 43.723141 16.931507
44337.327200 43.307368 16.931507
44932.018718 42.897095 16.931507
46188.181579 42.121041 16.931507
46587.027772 41.848248 16.931507
46545.905323 41.819987 16.931507
46726.244759 41.670329 16.931507
46907.569237 41.521249 16.931507
46866.569237 41.492942 16.931507
46161.346848 41.828601 16.931507
46784.691686 41.436252 16.931507
46743.814135 41.407869 16.931507
46702.977401 41.379462 16.931507
46662.181482 41.351031 16.931507
45957.163175 41.686349 16.931507
46136.925731 41.535998 16.931507
46317.673330 41.386234 16.931507
46277.040677 41.357687 16.931507
45575.018314 41.694460 16.931507
45974.476752 41.421700 16.931507
45933.966548 41.393062 16.931507
45893.497160 41.364399 16.931507
46296.854952 41.094023 16.931507
46256.467197 41.065342 16.931507
46888.881500 40.678542 16.931507
47301.804004 40.414028 16.931507
47489.569350 40.268311 16.931507
47678.319739 40.123171 16.931507
47868.055171 39.978606 16.931507
47597.993209 40.065795 16.931507
48018.673605 39.805932 16.931507
48443.171722 39.548345 16.931507
48170.399530 39.633800 16.931507
346368.075207 13.747170 16.931507
343975.596593 13.781468 16.931507
47357.993209 39.893086 16.931507
348609.419204 13.659237 16.931507
349358.503955 13.630052 16.931507
346168.789492 13.679604 16.931507
46063.377404 40.364268 16.931507
345304.236749 13.668380 16.931507
349199.646813 13.576208 16.931507
348371.133490 13.578385 16.931507
346756.592585 13.596265 16.931507
346717.061973 13.582754 16.931507
346677.572177 13.569241 16.931507
345066.930626 13.587144 16.931507
345027.522463 13.573599 16.931507
344203.975170 13.575786 16.931507
346520.021157 13.515175 16.931507
343342.127205 13.564400 16.931507
344870.297973 13.519405 16.931507
346402.286463 13.474609 16.931507
345577.054799 13.476673 16.931507
346324.000748 13.447558 16.931507
345498.850717 13.449590 16.931507
343107.270062 13.482896 16.931507
340724.228261 13.516435 16.931507
343029.310879 13.455716 16.931507
343773.628231 13.426515 16.931507
18553.125691 -86.819079 16.931507
18514.288957 -86.815741 16.931507
18475.493038 -86.812396 16.931507
17567.494498 -86.433415 16.931507
17491.949936 -87.618000 16.931507
17447.133544 -87.913215 16.931507
17398.108951 -88.507502 16.931507
17349.125174 -89.701112 16.931507
17312.929269 -89.401591 16.931507
17273.941501 89.700462 16.931507
17283.150091 87.004067 16.931507
17319.309947 85.208111 16.931507
17297.440701 84.904623 16.931507
17229.817296 85.496565 16.931507
17222.665191 84.893545 16.931507
17169.758926 85.187238 16.931507
17132.473212 85.181991 16.931507
17095.228314 85.176733 16.931507
17029.697443 85.772688 16.931507
17052.964661 84.565374 16.931507
17015.842212 84.559431 16.931507
16996.228766 84.252864 16.931507
16941.719763 84.547507 16.931507
16959.957002 83.638710 16.931507
16922.997819 83.631739 16.931507
16848.310399 84.227605 16.931507
16747.225459 85.432004 16.931507
16672.147559 86.338772 16.931507
16624.493038 86.639428 16.931507
16587.737936 86.635703 16.931507
16517.031504 87.855238 16.931507
205627.771407 16.433536 16.931507
203207.911561 16.514947 16.931507
201393.813705 16.572272 16.931507
203134.768704 16.480124 16.931507
203692.648958 16.437988 16.931507
201875.840873 16.494899 16.931507
204215.085684 16.378591 16.931507
202988.972785 16.410440 16.931507
195893.589992 16.694252 16.931507
195857.283869 16.676537 16.931507
16342.482551 82.898879 16.931507
16264.712104 83.503601 16.931507
16292.263706 82.576960 16.931507
16303.332164 81.957185 16.931507
16318.218344 81.337904 16.931507
16231.168899 81.939208 16.931507
16329.700739 80.404886 16.931507
16293.721148 80.394198 16.931507
16318.212856 79.775769 16.931507
16282.314896 79.764383 16.931507
16246.457754 79.752972 16.931507
16274.848816 79.134203 16.931507
16239.073306 79.122095 16.931507
16343.084105 77.900257 16.931507
16382.928332 77.285358 16.931507
16386.460662 76.971284 16.931507
16311.663025 77.257148 16.931507
16396.480451 76.343385 16.931507
16279.746376 76.927898 16.931507
16367.478113 76.014153 16.931507
16418.897954 75.402445 16.931507
16383.489790 75.386328 16.931507
15426.085457 84.921838 16.931507
15390.758926 84.915998 16.931507
16560.778090 73.561749 16.931507
16627.509633 72.958127 16.931507
16644.710111 72.647785 16.931507
16828.607349 71.470233 16.931507
16574.424397 72.609861 16.931507
16758.403267 71.430045 16.931507
16897.572204 70.548699 16.931507
16983.433171 69.958082 16.931507
16948.473987 69.936535 16.931507
17101.928768 69.066719 16.931507
17197.354447 68.483632 16.931507
17162.517712 68.460717 16.931507
17261.801929 67.880401 16.931507
17364.903867 67.303477 16.931507
17400.534441 67.004199 16.931507
17582.560909 66.160145 16.931507
17547.928256 66.135171 16.931507
17662.524175 65.568450 16.931507
17552.907164 65.813438 16.931507
17824.326282 64.712289 16.931507
17868.699791 64.419844 16.931507
17994.789691 63.864070 16.931507
18124.697313 63.312235 16.931507
18007.730573 63.546958 16.931507
18224.116534 62.736650 16.931507
18449.041349 61.936094 16.931507
18592.331404 61.398296 16.931507
18648.321343 61.116494 16.931507
18614.178486 61.087515 16.931507
18856.262639 60.305793 16.931507
19106.885646 59.534217 16.931507
18603.112651 60.747811 16.931507
19135.668842 59.228914 16.931507
19397.745013 58.470216 16.931507
19464.407155 58.199014 16.931507
19634.502894 57.690668 16.931507
19704.079348 57.422465 16.931507
19879.922077 56.920633 16.931507
19846.187384 56.888921 16.931507
19918.718965 56.623593 16.931507
20319.410004 55.669441 16.931507
20621.470211 54.958104 16.931507
20816.401548 54.478723 16.931507
20668.147440 54.668521 16.931507
20865.048862 54.191053 16.931507
21065.768006 53.718113 16.931507
21032.359843 53.684714 16.931507
20764.824372 54.091352 16.931507
21084.166366 53.399482 16.931507
21657.546053 52.292448 16.931507
21748.466914 52.047304 16.931507
21840.372818 51.803188 16.931507
21807.209553 51.768914 16.931507
21900.141315 51.525717 16.931507
22122.000785 51.077033 16.931507
22478.453319 50.429863 16.931507
22184.846859 50.802347 16.931507
22544.213705 50.158296 16.931507
22643.959134 49.922571 16.931507
23151.179029 49.095991 16.931507
22981.901593 49.256912 16.931507
22949.105675 49.221647 16.931507
23328.505355 48.601092 16.931507
23575.282055 48.181173 16.931507
23542.608586 48.145603 16.931507
23509.975933 48.109984 16.931507
24192.635522 47.132700 16.931507
24160.084502 47.096876 16.931507
24866.431381 46.147131 16.931507
24387.815064 46.656192 16.931507
24801.533422 46.075115 16.931507
25071.298084 45.681097 16.931507
25038.951145 45.644958 16.931507
25466.955347 45.079919 16.931507
25434.690041 45.043678 16.931507
25714.060231 44.660149 16.931507
