97507.548829 58.714883 258.575342
97208.959045 58.809158 258.575342
97132.775371 58.795557 258.575342
97278.997809 58.673999 258.575342
97202.895768 58.660350 258.575342
97126.834544 58.646690 258.575342
97274.123656 58.525241 258.575342
97647.595786 58.296669 258.575342
96898.895768 58.605646 258.575342
96822.997809 58.591943 258.575342
96524.775371 58.686361 258.575342
96671.324339 58.564505 258.575342
96595.548829 58.550770 258.575342
96743.123656 58.429061 258.575342
96221.754963 58.631506 258.575342
96591.776718 58.401484 258.575342
96292.854952 58.495721 258.575342
96217.283523 58.481932 258.575342
96141.752911 58.468132 258.575342
95622.476752 58.671317 258.575342
95547.027772 58.657549 258.575342
95693.040677 58.535093 258.575342
96063.348146 58.304624 258.575342
95764.712095 58.398970 258.575342
95912.735901 58.276852 258.575342
95170.395119 58.588545 258.575342
95986.540669 58.140984 258.575342
95687.123656 58.235112 258.575342
95836.254955 58.113072 258.575342
95313.610054 58.315615 258.575342
95686.132506 58.085117 258.575342
95386.878759 58.179305 258.575342
95311.919575 58.165326 258.575342
95461.254955 58.043101 258.575342
95162.123656 58.137335 258.575342
94863.977401 58.231865 258.575342
95012.491003 58.109300 258.575342
94714.426380 58.203861 258.575342
95087.275363 57.972856 258.575342
94565.038625 58.175812 258.575342
94268.040677 58.270701 258.575342
94639.123656 58.039019 258.575342
94341.263115 58.133655 258.575342
93822.966548 58.337858 258.575342
94415.593044 57.996717 258.575342
94341.164473 57.982594 258.575342
93159.671375 58.515198 258.575342
93969.120258 58.063172 258.575342
93894.814135 58.049042 258.575342
94268.112098 57.817340 258.575342
93746.324339 58.020748 258.575342
93895.450187 57.897622 258.575342
93821.307330 57.883421 258.575342
92640.099947 58.416883 258.575342
93227.469249 58.073327 258.575342
93823.377404 57.731944 258.575342
93525.144065 57.826504 258.575342
93675.459037 57.703389 258.575342
93377.307330 57.797978 258.575342
93527.703934 57.674788 258.575342
93453.887608 57.660471 258.575342
93155.858350 57.755104 258.575342
93531.575378 57.523077 258.575342
93457.881500 57.508701 258.575342
93159.030465 57.603089 258.575342
92415.489657 57.916700 258.575342
93011.846792 57.574330 258.575342
92938.316179 57.559934 258.575342
92640.572636 57.654668 258.575342
92343.814135 57.749708 258.575342
92717.969241 57.516676 258.575342
92420.348146 57.611454 258.575342
92347.021616 57.597026 258.575342
92273.735901 57.582587 258.575342
92200.491003 57.568136 258.575342
92127.286922 57.553674 258.575342
92054.123656 57.539200 258.575342
91981.001208 57.524715 258.575342
91907.919575 57.510218 258.575342
91834.878759 57.495710 258.575342
90874.306032 57.921671 258.575342
91465.610054 57.576403 258.575342
91392.691686 57.561887 258.575342
91097.448841 57.657423 258.575342
91246.977401 57.532818 258.575342
91174.181482 57.518266 258.575342
90437.163175 57.834943 258.575342
91028.712095 57.489128 258.575342
90956.038625 57.474541 258.575342
90661.040677 57.570166 258.575342
90588.448841 57.555582 258.575342
90961.572636 57.320707 258.575342
90889.062432 57.306048 258.575342
91040.846792 57.181591 258.575342
90744.164473 57.276694 258.575342
90671.776718 57.262000 258.575342
90599.429779 57.247293 258.575342
90751.377404 57.122688 258.575342
90679.112098 57.107932 258.575342
90606.887608 57.093165 258.575342
90310.450187 57.188352 258.575342
90238.307330 57.173587 258.575342
90390.459037 57.048794 258.575342
90318.397812 57.033980 258.575342
89798.814135 57.239562 258.575342
89726.834544 57.224775 258.575342
90102.459037 56.989467 258.575342
89582.997809 57.195167 258.575342
89288.775371 57.291064 258.575342
89662.633861 57.055041 258.575342
88703.285624 57.483808 258.575342
89073.448841 57.246605 258.575342
89447.429779 57.010391 258.575342
88930.101902 57.216905 258.575342
88858.489657 57.202038 258.575342
89456.846792 56.855285 258.575342
88715.387616 57.172267 258.575342
88422.476752 57.268595 258.575342
88351.027772 57.253705 258.575342
88946.715493 56.905787 258.575342
88652.038625 57.001549 258.575342
88580.712095 56.986571 258.575342
88732.735901 56.860777 258.575342
88885.744751 56.735199 258.575342
88814.540669 56.720134 258.575342
88743.377404 56.705057 258.575342
87560.428481 57.245904 258.575342
87931.244759 57.007664 258.575342
88305.878759 56.770431 258.575342
87789.203943 56.977578 258.575342
88388.173322 56.629491 258.575342
87869.691686 56.836128 258.575342
87798.814135 56.821017 258.575342
87727.977401 56.805894 258.575342
87880.491003 56.679647 258.575342
87364.061086 56.887030 258.575342
87293.346800 56.871896 258.575342
87445.038625 56.745278 258.575342
87597.715493 56.618881 258.575342
87527.123656 56.603659 258.575342
86130.878904 57.260281 258.575342
86940.387616 56.796041 258.575342
87092.283523 56.669233 258.575342
87021.854952 56.653987 258.575342
87174.776718 56.527363 258.575342
87104.429779 56.512067 258.575342
86810.814135 56.608175 258.575342
86963.858350 56.481438 258.575342
86670.324339 56.577572 258.575342
86600.140666 56.562252 258.575342
86086.211446 56.770818 258.575342
86459.895768 56.531574 258.575342
86389.834544 56.516216 258.575342
86319.814135 56.500846 258.575342
85366.038722 56.934831 258.575342
86179.895768 56.470069 258.575342
86109.997809 56.454662 258.575342
59768.460075 -88.872710 258.575342
59713.751369 -88.549902 258.575342
59643.975859 -88.549054 258.575342
59583.211315 -88.386975 258.575342
59489.439667 -88.870069 258.575342
81833.358515 58.424763 258.575342
59365.281982 -88.545651 258.575342
81694.174842 58.394773 258.575342
81830.957677 58.262568 258.575342
81555.154434 58.364732 258.575342
81899.276576 58.115484 258.575342
81416.297291 58.334640 258.575342
80937.135728 58.555095 258.575342
81072.234192 58.422139 258.575342
80595.042714 58.643321 258.575342
81139.072801 58.274302 258.575342
80660.074503 58.494956 258.575342
80795.336233 58.361822 258.575342
81137.896453 58.111414 258.575342
80657.132151 58.331586 258.575342
58373.751176 -89.022292 258.575342
58304.751176 -89.021713 258.575342
80245.707156 58.404359 258.575342
80381.213784 58.270959 258.575342
80312.336233 58.255770 258.575342
80655.182167 58.004837 258.575342
80380.072801 58.107305 258.575342
80724.888820 57.856796 258.575342
80242.603413 58.076773 258.575342
80587.501065 57.826115 258.575342
57698.807078 -88.688736 258.575342
57630.215242 -88.687956 258.575342
57578.660295 -88.359130 258.575342
80313.215351 57.764597 258.575342
80037.488289 57.866871 258.575342
80384.519292 57.616347 258.575342
57287.868303 -88.684041 258.575342
80039.582698 57.702869 258.575342
80179.478476 57.569902 258.575342
79695.753596 57.789764 258.575342
79627.529106 57.774302 258.575342
79974.805006 57.523338 258.575342
79906.662149 57.507790 258.575342
79423.100534 57.727839 258.575342
79562.296984 57.594336 258.575342
56682.241165 -88.511621 258.575342
79634.498884 57.445465 258.575342
78534.992870 58.021797 258.575342
79290.460249 57.532024 258.575342
78809.031985 57.753004 258.575342
78947.529106 57.618959 258.575342
79295.213170 57.367260 258.575342
78812.018902 57.587731 258.575342
56169.290416 -88.006276 258.575342
78264.989294 57.793965 258.575342
56023.166508 -88.170096 258.575342
55936.710553 -88.501733 258.575342
55831.410889 -89.833388 258.575342
55767.697998 -89.499872 258.575342
55696.472113 -89.833186 258.575342
55636.145647 -89.332368 258.575342
55563.112942 -89.665970 258.575342
55532.139125 -88.496284 258.575342
55430.861263 -89.498355 258.575342
55359.839460 -89.832680 258.575342
55292.635378 -89.832578 258.575342
55226.888453 -89.664955 258.575342
55157.877551 90.000000 258.575342
55092.684371 -89.664547 258.575342
55025.643555 -89.664343 258.575342
54961.004120 -89.496215 258.575342
54890.268032 -89.831965 258.575342
54827.126569 -89.495600 258.575342
54757.888453 -89.663523 258.575342
54689.163265 90.000000 258.575342
54626.616365 -89.494675 258.575342
54593.853410 -88.483414 258.575342
54519.113201 -88.651033 258.575342
54490.208784 -87.975778 258.575342
54356.063950 -89.831142 258.575342
54289.472113 89.831038 258.575342
54222.921093 -89.830935 258.575342
54156.410889 -89.830831 258.575342
54089.941501 -89.830727 258.575342
54024.929269 -89.661249 258.575342
53957.125174 -89.830519 258.575342
53894.555141 -89.491255 258.575342
53862.241165 -88.473146 258.575342
53758.206807 -89.830205 258.575342
53699.064015 -89.320433 258.575342
53629.575549 -89.490000 258.575342
53559.655787 -89.829891 258.575342
53494.970085 -89.659575 258.575342
53431.269427 -89.489054 258.575342
53361.472113 -89.829575 258.575342
53295.020408 90.000000 258.575342
53229.553746 -89.829364 258.575342
53163.655787 -89.829259 258.575342
53097.798644 -89.829153 258.575342
53031.982317 -89.829047 258.575342
52966.206807 -89.828941 258.575342
52901.888453 -89.657672 258.575342
52838.555141 -89.486196 258.575342
52770.541514 -89.657246 258.575342
52703.512929 -89.828515 258.575342
52637.941501 -89.828408 258.575342
52572.410889 -89.828301 258.575342
52506.921093 -89.828194 258.575342
52441.472113 -89.828087 258.575342
52376.063950 -89.827980 258.575342
52310.696603 -89.827872 258.575342
52245.370072 -89.827765 258.575342
52181.500698 -89.655317 258.575342
52116.255800 -89.655101 258.575342
52051.051718 -89.654885 258.575342
51995.802829 -89.136727 258.575342
51930.680380 -89.136186 258.575342
51865.598747 -89.135644 258.575342
51800.557931 -89.135102 258.575342
51740.751176 -88.961505 258.575342
51670.598747 -89.134015 258.575342
51624.092793 -88.613717 258.575342
51545.996073 -88.959545 258.575342
51481.159339 -88.958890 258.575342
51416.363420 -88.958234 258.575342
51351.608318 -88.957577 258.575342
51293.031504 -88.783122 258.575342
51228.358034 -88.782354 258.575342
51157.587910 -88.955602 258.575342
51087.802829 -89.129089 258.575342
51023.251808 -89.128538 258.575342
50970.072320 -88.779272 258.575342
50890.023198 -89.301928 258.575342
50829.843645 -89.126882 258.575342
50765.455890 -89.126328 258.575342
50701.108951 -89.125774 258.575342
50636.802829 -89.125219 258.575342
50572.537523 -89.124663 258.575342
50513.506278 -88.948964 258.575342
50439.880341 -89.298820 258.575342
50379.986502 -89.122992 258.575342
50315.884461 -89.122433 258.575342
50257.016482 -88.946285 258.575342
50187.802829 -89.121314 258.575342
50129.016482 -88.944941 258.575342
50055.635443 -89.296134 258.575342
49991.737484 -89.295684 258.575342
49932.129359 -89.119067 258.575342
49873.506278 -88.942241 258.575342
49815.868238 -88.765209 258.575342
49736.553810 -89.293879 258.575342
49677.108951 -89.116809 258.575342
49613.455890 -89.116242 258.575342
49555.036890 -88.938847 258.575342
49486.272217 -89.115107 258.575342
49427.934849 -88.937484 258.575342
49359.251808 -89.113969 258.575342
49300.996073 -88.936117 258.575342
49267.803152 -88.226082 258.575342
49164.778300 -89.289785 258.575342
49117.031504 -88.756454 258.575342
49042.415074 -89.111112 258.575342
48979.170176 -89.110538 258.575342
48915.966094 -89.109963 258.575342
48852.802829 -89.109388 258.575342
48801.011095 -88.752434 258.575342
48731.791992 -88.929921 258.575342
48674.888647 -88.750818 258.575342
48600.557931 -89.107080 258.575342
48542.791992 -88.927839 258.575342
48474.680380 -89.105921 258.575342
48411.802829 -89.105341 258.575342
48360.296810 -88.746761 258.575342
48286.170176 -89.104177 258.575342
48228.608318 -88.924352 258.575342
48160.700788 -89.103011 258.575342
48109.358034 -88.743496 258.575342
48091.576131 -87.845260 258.575342
47991.215242 -88.562194 258.575342
47921.582524 -88.741037 258.575342
47874.179941 -88.380446 258.575342
47796.602932 -88.739391 258.575342
47728.036890 -88.918726 258.575342
47671.786606 -88.737742 258.575342
47609.439667 -88.736916 258.575342
47547.133544 -88.736088 258.575342
47508.946009 -88.193533 258.575342
47429.725446 -88.553706 258.575342
47360.460075 -88.733599 258.575342
47305.398915 -88.551807 258.575342
47236.215177 -88.731935 258.575342
47181.235650 -88.549902 258.575342
47119.215242 -88.548948 258.575342
47084.146100 -88.003870 258.575342
47012.292948 -88.184013 258.575342
46933.398915 -88.546077 258.575342
46864.460075 -88.726914 258.575342
46809.725446 -88.544158 258.575342
46734.730767 -88.907294 258.575342
46679.133544 -88.724389 258.575342
46624.521364 -88.541268 258.575342
46570.894227 -88.357935 258.575342
46494.174361 -88.721854 258.575342
46439.684630 -88.538368 258.575342
46386.179941 -88.354668 258.575342
46343.574671 -87.987977 258.575342
46292.984294 -87.803781 258.575342
46210.803152 -88.168327 258.575342
46170.208784 -87.800861 258.575342
46071.113201 -88.532531 258.575342
46009.827487 -88.531554 258.575342
45956.608512 -88.346994 258.575342
45925.147559 -87.794999 258.575342
45843.211315 -88.160996 258.575342
45742.431361 -89.263695 258.575342
45690.791992 -88.894880 258.575342
45614.643555 -89.631340 258.575342
45553.643555 -89.631093 258.575342
45495.044937 -89.446278 258.575342
45430.349664 -89.815297 258.575342
45369.000000 90.000000 258.575342
45310.051718 -89.630102 258.575342
45247.839460 -89.814925 258.575342
45188.500698 89.629605 258.575342
45126.370072 89.814676 258.575342
45065.696603 89.814551 258.575342
45005.063950 89.814427 258.575342
45001.125691 -87.958175 258.575342
44921.690145 -88.328056 258.575342
44823.410889 89.814051 258.575342
44764.357840 89.627855 258.575342
44702.512929 -89.813800 258.575342
44643.541514 89.627351 258.575342
44583.194575 89.627099 258.575342
44522.888453 89.626847 258.575342
44462.623146 89.626594 258.575342
44404.759222 89.439521 258.575342
44344.575549 89.439141 258.575342
44282.072126 89.625834 258.575342
44224.330651 89.438379 258.575342
44167.574219 89.250682 258.575342
44101.888453 89.625070 258.575342
44040.020408 90.000000 258.575342
44003.215177 -88.686169 258.575342
43943.317218 -88.685274 258.575342
43883.460075 -88.684377 258.575342
43823.643749 -88.683479 258.575342
43763.868238 -88.682580 258.575342
43688.553810 89.246585 258.575342
43644.439667 -88.680779 258.575342
43569.206872 89.245554 258.575342
43509.594627 89.245037 258.575342
43442.941501 89.811120 258.575342
43390.492586 89.244001 258.575342
43327.697998 89.432598 258.575342
43280.996073 88.864527 258.575342
43242.833002 -88.295900 258.575342
43149.473508 89.431427 258.575342
43090.146978 89.431036 258.575342
43038.415074 89.051128 258.575342
42990.500891 88.670781 258.575342
42931.296810 88.669865 258.575342
42872.133544 88.668947 258.575342
42813.011095 88.668028 258.575342
42761.011160 88.476779 258.575342
42694.888647 88.666187 258.575342
42642.970344 88.474672 258.575342
42592.037084 -88.282926 258.575342
42506.680380 89.045211 258.575342
42447.802829 89.044549 258.575342
42415.404431 88.279353 258.575342
42330.170176 89.043223 258.575342
42289.827487 88.468315 258.575342
42231.113201 88.467250 258.575342
42172.439732 88.466184 258.575342
42113.807078 88.465117 258.575342
42055.215242 88.464048 258.575342
41996.664221 88.462977 258.575342
41938.154017 -88.461905 258.575342
41857.023198 89.230277 258.575342
41821.256058 88.459756 258.575342
41770.894227 88.266126 258.575342
41721.517438 88.072264 258.575342
41663.211315 88.070915 258.575342
41604.946009 88.069564 258.575342
41556.635896 87.875202 258.575342
41498.452222 87.873712 258.575342
41430.394989 88.065500 258.575342
41372.292948 88.064142 258.575342
41324.146100 87.869230 258.575342
41256.211315 88.061419 258.575342
41219.004702 87.672457 258.575342
41150.207324 87.864730 258.575342
41114.970796 87.475185 258.575342
41045.310825 87.667535 258.575342
40999.297327 87.471623 258.575342
40941.521817 87.469839 258.575342
40883.787123 87.468052 258.575342
40814.290416 87.660940 258.575342
40756.637355 87.659285 258.575342
40699.025110 87.657628 258.575342
40641.453682 87.655968 258.575342
40595.725898 87.459079 258.575342
40538.236102 87.457276 258.575342
40468.984294 87.650976 258.575342
40400.717528 87.845005 258.575342
40366.011613 87.451854 258.575342
40308.685082 87.450042 258.575342
40277.837704 87.056291 258.575342
40182.351641 87.642608 258.575342
40136.950388 87.444589 258.575342
40067.984294 87.639244 258.575342
40063.738518 86.851465 258.575342
39992.021378 87.045781 258.575342
39949.616069 86.846967 258.575342
39892.616069 86.844712 258.575342
39835.656885 86.842455 258.575342
39764.103010 87.037319 258.575342
39753.964661 86.443631 258.575342
39636.697443 87.230546 258.575342
39657.800195 86.241223 258.575342
39551.473212 86.831120 258.575342
39544.330807 86.235827 258.575342
39487.657338 86.233122 258.575342
39431.024685 86.230414 258.575342
39374.432848 86.227703 258.575342
39300.413641 86.423142 258.575342
39211.799743 86.817410 258.575342
39187.434049 86.417982 258.575342
39148.473664 86.216816 258.575342
39110.498322 86.015451 258.575342
39054.151383 86.012573 258.575342
38979.432848 86.208610 258.575342
38941.579955 86.006805 258.575342
38885.355465 86.003914 258.575342
38848.528431 85.801769 258.575342
38792.385574 85.798726 258.575342
38756.584398 85.596244 258.575342
38700.523174 85.593049 258.575342
38604.845261 85.989399 258.575342
38530.453256 86.186551 258.575342
38512.283533 85.783448 258.575342
38497.931531 85.380175 258.575342
38442.074388 85.376813 258.575342
38365.012970 85.573783 258.575342
38352.671870 85.169705 258.575342
38274.747858 85.366696 258.575342
38219.053980 85.363314 258.575342
38163.400919 85.359927 258.575342
38129.977992 85.155586 258.575342
38074.406564 85.152044 258.575342
38018.875951 85.148496 258.575342
38010.597471 84.742536 258.575342
37885.747858 85.342918 258.575342
37899.740328 84.734831 258.575342
37869.394978 84.529522 258.575342
37789.046450 84.727103 258.575342
37758.782733 84.521490 258.575342
37703.537835 84.517466 258.575342
37648.333753 84.513435 258.575342
37544.070720 84.913893 258.575342
37538.048039 84.505357 258.575342
37508.932630 84.298971 258.575342
37378.825822 84.902633 258.575342
37372.925590 84.493195 258.575342
37317.966406 84.489128 258.575342
37315.924712 84.079345 258.575342
37288.901837 83.872189 258.575342
37179.299977 84.273670 258.575342
37151.414508 84.066204 258.575342
37043.782733 84.468708 258.575342
37015.034671 84.260936 258.575342
36987.271651 84.053004 258.575342
36932.638998 84.048592 258.575342
36934.700739 83.636688 258.575342
36909.892848 83.428312 258.575342
36855.382644 83.423433 258.575342
36714.516549 84.030875 258.575342
36716.741556 83.617750 258.575342
36633.554898 83.817409 258.575342
36608.006862 83.608239 258.575342
36614.131223 83.194549 258.575342
36559.865917 83.189476 258.575342
36474.954072 83.389073 258.575342
36451.457754 83.179308 258.575342
36366.627542 83.379190 258.575342
36343.212856 83.169110 258.575342
36289.151631 83.164000 258.575342
36266.762804 82.953629 258.575342
36245.359020 82.743131 258.575342
36158.844437 82.943068 258.575342
36073.314896 83.143481 258.575342
36019.457754 83.138333 258.575342
36029.848816 82.721343 258.575342
35911.865917 83.128012 258.575342
35990.322906 82.298718 258.575342
35936.629028 82.292932 258.575342
35848.511707 82.493183 258.575342
35697.172039 83.107278 258.575342
35707.807999 82.688416 258.575342
35621.701580 82.889788 258.575342
35568.211784 82.884416 258.575342
35650.731392 82.051430 258.575342
35597.323229 82.045431 258.575342
35440.563101 82.660749 258.575342
35420.756605 82.447728 258.575342
35437.343637 82.027379 258.575342
35348.690253 82.228709 258.575342
35330.894657 82.015300 258.575342
35174.338612 82.632874 258.575342
35224.608943 82.003184 258.575342
35101.654564 82.413277 258.575342
35118.486494 81.991031 258.575342
35030.078008 82.193228 258.575342
35086.176962 81.562604 258.575342
34995.961656 81.764351 258.575342
34980.381044 81.549761 258.575342
34927.544309 81.543325 258.575342
34952.174948 81.120310 258.575342
34860.234454 81.321870 258.575342
34731.982064 81.732894 258.575342
34716.605534 81.517484 258.575342
34702.214046 81.301981 258.575342
34649.622209 81.295331 258.575342
34597.071189 81.288671 258.575342
34623.875994 80.863743 258.575342
34531.276989 81.065917 258.575342
34518.978035 80.849753 258.575342
34466.590280 80.842741 258.575342
34497.335256 80.417208 258.575342
34403.011063 80.619150 258.575342
34350.745757 80.611952 258.575342
34257.447423 80.814590 258.575342
34205.263749 80.807525 258.575342
34194.194736 80.590291 258.575342
34184.110766 80.372989 258.575342
34048.957627 80.786267 258.575342
34038.011063 80.568531 258.575342
33944.957627 80.772040 258.575342
33976.110766 80.343285 258.575342
33882.194736 80.546670 258.575342
33915.317961 80.117632 258.575342
33863.501635 80.109998 258.575342
33811.726124 80.102352 258.575342
33717.029134 80.305898 258.575342
33752.204076 79.875939 258.575342
33613.682195 80.290863 258.575342
33562.069950 80.283328 258.575342
33510.498521 80.275781 258.575342
33501.930206 80.056233 258.575342
33539.197683 79.625038 258.575342
33442.897954 79.828733 258.575342
33436.340540 79.608915 258.575342
33384.973193 79.600835 258.575342
33288.795913 79.804966 258.575342
33328.155924 79.372546 258.575342
33276.911026 79.364271 258.575342
33225.706944 79.355983 258.575342
33128.748703 79.560249 258.575342
33032.775505 79.765110 258.575342
33026.544621 79.543926 258.575342
32975.503805 79.535746 258.575342
32970.298781 79.314352 258.575342
32919.339597 79.305987 258.575342
32915.160432 79.084390 258.575342
32817.543679 79.289219 258.575342
32720.911968 79.494655 258.575342
32762.650228 79.058700 258.575342
32711.895126 79.050111 258.575342
32614.441638 79.255525 258.575342
32563.768169 79.247069 258.575342
32467.340540 79.453243 258.575342
32416.748703 79.444922 258.575342
32506.415289 78.792614 258.575342
32408.221656 78.998292 258.575342
32405.435697 78.774939 258.575342
32307.323697 78.980911 258.575342
32304.619371 78.757209 258.575342
32254.272432 78.748324 258.575342
32252.593964 78.524432 258.575342
32202.328658 78.515357 258.575342
32103.476513 78.721583 258.575342
32101.920495 78.497166 258.575342
32003.149983 78.703686 258.575342
32001.675597 78.478917 258.575342
31951.614372 78.469772 258.575342
31901.593964 78.460611 258.575342
31802.986718 78.667724 258.575342
31801.675597 78.442248 258.575342
31751.777638 78.433045 258.575342
31751.492376 78.207386 258.575342
31701.676049 78.197991 258.575342
31651.900539 78.188581 258.575342
31552.593964 78.396087 258.575342
31602.988075 77.952967 258.575342
31502.818906 78.160263 258.575342
31453.206661 78.150794 258.575342
31454.151340 77.924070 258.575342
31404.620728 77.914407 258.575342
31255.042944 78.340211 258.575342
31255.165845 78.112767 258.575342
31156.185801 78.321468 258.575342
31106.818454 78.312074 258.575342
31057.491923 78.302665 258.575342
31057.778090 78.074499 258.575342
30910.333656 78.503058 258.575342
30959.329110 78.055273 258.575342
30910.165845 78.045638 258.575342
30811.471515 78.255395 258.575342
30619.339597 78.906703 258.575342
30762.920947 78.016639 258.575342
30764.437054 77.787390 258.575342
30664.961763 77.997229 258.575342
30616.043396 77.987501 258.575342
30721.546846 77.318700 258.575342
30468.757229 78.188581 258.575342
30469.533192 77.958223 258.575342
30522.754531 77.507686 258.575342
30474.040245 77.497544 258.575342
30425.366776 77.487385 258.575342
30376.734123 77.477211 258.575342
30226.165845 77.909113 258.575342
30177.614825 77.899244 258.575342
30129.104621 77.889359 258.575342
30131.151340 77.657716 258.575342
30134.183102 77.426092 258.575342
30085.795347 77.415819 258.575342
30089.852968 77.184037 258.575342
30041.546846 77.173562 258.575342
29889.416646 77.607116 258.575342
29945.057050 77.152560 258.575342
29844.468817 77.364205 258.575342
29694.349519 77.799670 258.575342
29748.223919 77.343442 258.575342
29700.162694 77.333036 258.575342
29600.681952 77.545855 258.575342
29604.162694 77.312173 258.575342
29661.977265 76.855725 258.575342
29560.730519 77.067876 258.575342
29566.222163 76.834075 258.575342
29465.057050 77.046533 258.575342
29524.923339 76.589283 258.575342
29588.607349 76.132989 258.575342
29484.732006 76.344153 258.575342
29274.199907 77.003638 258.575342
29389.466700 76.321609 258.575342
29286.658032 76.533818 258.575342
29184.834408 76.746771 258.575342
29083.995825 76.960464 258.575342
29199.425883 76.276300 258.575342
29096.780481 76.489121 258.575342
27499.465655 -87.862891 258.575342
27437.031504 -88.336066 258.575342
27404.853410 -87.859203 258.575342
27336.363420 -88.571200 258.575342
27310.404431 -87.855503 258.575342
27263.241165 -87.853648 258.575342
27216.118716 -87.851789 258.575342
27198.780212 -87.134283 258.575342
27104.739396 -87.129312 258.575342
27057.780212 -87.126820 258.575342
27010.861845 -87.124323 258.575342
26963.984294 -87.121823 258.575342
26917.147559 -87.119317 258.575342
26823.596539 -87.114294 258.575342
27963.365020 76.455012 258.575342
27916.936448 76.443538 258.575342
26393.778753 -87.333483 258.575342
26347.431814 -87.331137 258.575342
26311.984294 -87.086350 258.575342
26208.635896 -87.324074 258.575342
26143.567696 -87.808146 258.575342
26106.394989 -87.562732 258.575342
26081.065927 -87.073469 258.575342
25897.065927 -87.063082 258.575342
25821.424839 -87.794509 258.575342
25767.541772 -88.037616 258.575342
25729.751369 -87.790581 258.575342
25713.718988 -87.052621 258.575342
24751.003242 -87.246347 258.575342
24661.288957 -87.241339 258.575342
23641.309365 -87.182411 258.575342
23608.310825 -86.923881 258.575342
23534.751369 -87.689792 258.575342
23509.860385 -87.174539 258.575342
23432.133544 -88.199433 258.575342
24545.589003 77.333036 258.575342
24598.247025 76.831781 258.575342
24654.722769 76.331637 258.575342
24511.063352 76.807961 258.575342
24467.532740 76.796019 258.575342
24473.614825 76.539070 258.575342
24284.282881 77.263929 258.575342
24240.874718 77.252339 258.575342
23040.358034 -88.184184 258.575342
23012.139125 -87.663692 258.575342
22932.500698 -89.480057 258.575342
24115.333656 76.958553 258.575342
24600.896305 74.500783 258.575342
24674.817102 74.003837 258.575342
25205.312133 71.843798 258.575342
25028.150365 72.300594 258.575342
25846.243939 69.484560 258.575342
26039.772628 68.781290 258.575342
27119.970634 65.864991 258.575342
27649.253407 64.548380 258.575342
29759.211831 60.403134 258.575342
30071.876300 59.787612 258.575342
31146.572214 58.029074 258.575342
31891.301850 56.882662 258.575342
32118.636287 56.489738 258.575342
32908.770419 55.379093 258.575342
33295.288621 54.820953 258.575342
33838.117093 54.095595 258.575342
34856.404326 52.874194 258.575342
36906.771727 50.723925 258.575342
37200.446903 50.381047 258.575342
38895.394733 48.816736 258.575342
43207.306582 45.510562 258.575342
44796.582698 44.421862 258.575342
45804.728340 43.750780 258.575342
45975.386065 43.596238 258.575342
45720.238544 43.695477 258.575342
45890.977902 43.540896 258.575342
46062.702303 43.386890 258.575342
46451.167457 43.108342 258.575342
46193.350522 43.205714 258.575342
47020.018314 42.681012 258.575342
45894.539038 43.275825 258.575342
47155.632563 42.502692 258.575342
46457.969435 42.844903 258.575342
47071.877461 42.447065 258.575342
45727.028833 43.164353 258.575342
46768.753008 42.514069 258.575342
46508.429925 42.609454 258.575342
46904.857052 42.335514 258.575342
46643.671375 42.430262 258.575342
46383.470741 42.525541 258.575342
46124.255149 42.621354 258.575342
46518.957090 42.346230 258.575342
46258.878904 42.441401 258.575342
46436.018314 42.290083 258.575342
46394.610151 42.261972 258.575342
46353.242804 42.233836 258.575342
46973.346800 41.839592 258.575342
46932.061086 41.811443 258.575342
46669.395119 41.904695 258.575342
47071.977401 41.634233 258.575342
46587.027772 41.848248 258.575342
46767.326392 41.698601 258.575342
46504.823691 41.791700 258.575342
46463.782874 41.763389 258.575342
46202.306032 41.856976 258.575342
45505.581680 42.197835 258.575342
45247.963375 42.293641 258.575342
43926.714955 43.023180 258.575342
44950.493379 42.361480 258.575342
44694.885976 42.458346 258.575342
44440.263616 42.555766 258.575342
44186.626299 42.653744 258.575342
43933.974024 42.752286 258.575342
44318.243208 42.469845 258.575342
44064.728340 42.567712 258.575342
44450.967609 42.286493 258.575342
44625.268889 42.132438 258.575342
44369.988017 42.229000 258.575342
44329.559446 42.200214 258.575342
45372.671375 41.550995 258.575342
45113.736047 41.645095 258.575342
44855.785761 41.739736 258.575342
44815.520455 41.710886 258.575342
43914.161575 42.181731 258.575342
42818.805006 42.791186 258.575342
42363.202575 43.021877 258.575342
19051.803152 -87.146636 258.575342
18995.439732 -87.714263 258.575342
18949.031504 -87.997656 258.575342
18916.827487 -87.709516 258.575342
18885.608512 -87.420893 258.575342
18838.378507 -87.704750 258.575342
18807.241165 -87.415521 258.575342
18753.011095 -87.987214 258.575342
199002.139531 17.846499 258.575342
198963.098715 17.829032 258.575342
200093.050880 17.757720 258.575342
198885.139531 17.794088 258.575342
200601.065751 17.696103 258.575342
200562.188200 17.678691 258.575342
18474.159339 -88.261874 258.575342
18422.616365 -89.129822 258.575342
18387.166055 -88.838610 258.575342
18345.146978 -89.127987 258.575342
200368.412690 17.591581 258.575342
201504.397560 17.521188 258.575342
18226.888453 -89.416787 258.575342
200839.473828 17.512801 258.575342
18148.410889 89.707768 258.575342
18109.941501 89.707457 258.575342
18071.512929 89.707147 258.575342
18033.125174 89.706835 258.575342
17996.194575 -89.413061 258.575342
17956.000000 90.000000 258.575342
17919.623146 89.411808 258.575342
17881.398657 89.411180 258.575342
17841.326531 90.000000 258.575342
17805.072126 -89.409919 258.575342
17766.970085 -89.409287 258.575342
17784.146100 -86.750963 258.575342
17960.937176 82.932034 258.575342
17995.190896 82.050764 258.575342
17957.252121 82.042317 258.575342
17945.320385 81.742806 258.575342
17881.497019 82.025369 258.575342
17818.658695 82.308934 258.575342
17805.905182 82.008349 258.575342
17719.070720 82.585566 258.575342
17705.454613 82.284236 258.575342
17620.590237 82.863749 258.575342
17606.111537 82.561685 258.575342
17545.406564 82.848395 258.575342
17555.087267 82.251060 258.575342
17568.585691 81.654119 258.575342
17558.047161 81.351195 258.575342
17520.638998 81.341896 258.575342
17430.394978 81.922155 258.575342
17393.068447 81.913434 258.575342
17355.782733 81.904694 258.575342
17293.515838 82.192314 258.575342
17186.911123 83.076399 258.575342
17353.700739 80.694877 258.575342
17346.321419 80.389849 258.575342
17404.134530 79.496776 258.575342
17544.136146 78.024144 258.575342
17148.802263 81.247803 258.575342
17361.118824 78.875237 258.575342
17131.578290 80.634208 258.575342
17038.047161 81.219179 258.575342
17087.607133 80.316676 258.575342
16964.414508 81.199992 258.575342
16534.861263 -89.081487 258.575342
16517.031504 -87.855238 258.575342
16480.358034 -87.852852 258.575342
16467.803152 -86.930727 258.575342
16431.211315 -86.927308 258.575342
16347.448980 90.000000 258.575342
16315.187794 89.075324 258.575342
16291.465461 88.149060 258.575342
16249.843645 88.455657 258.575342
16231.868303 87.527216 258.575342
16195.521364 87.524441 258.575342
16186.125691 86.594172 258.575342
16172.521817 85.972293 258.575342
16136.297327 85.967767 258.575342
193425.813690 16.725802 258.575342
16173.028934 83.796614 258.575342
16118.514481 84.097920 258.575342
16082.453256 84.091283 258.575342
16064.845261 83.775679 258.575342
16111.957584 82.535305 258.575342
16032.584398 83.143481 258.575342
16063.254394 82.210536 258.575342
16076.497019 81.586521 258.575342
16093.557365 80.963093 258.575342
16057.781855 80.952948 258.575342
16108.443868 80.023792 258.575342
16167.644734 79.097798 258.575342
16165.511707 78.781574 258.575342
16129.899462 78.769035 258.575342
16164.200780 78.149048 258.575342
16165.022880 77.832785 258.575342
16244.256580 76.913373 258.575342
16208.807601 76.898816 258.575342
16296.620970 75.983161 258.575342
16178.161709 76.568182 258.575342
16312.795913 75.353991 258.575342
16277.510199 75.337769 258.575342
16287.116050 75.023102 258.575342
16392.129575 74.115415 258.575342
16356.966309 74.097898 258.575342
16370.471515 73.784452 258.575342
16486.938204 72.883398 258.575342
16400.437054 73.158382 258.575342
16632.180986 71.678990 258.575342
16541.984563 71.949562 258.575342
16733.680509 70.772451 258.575342
16757.817102 70.464477 258.575342
16843.841334 69.871627 258.575342
16933.683288 69.281864 258.575342
16774.290314 69.828131 258.575342
16927.949176 68.954336 258.575342
17023.578936 68.368589 258.575342
17260.883459 67.231360 258.575342
17226.291622 67.207225 258.575342
17333.374548 66.631785 258.575342
17157.230398 67.158809 258.575342
17558.993563 65.491806 258.575342
17600.575209 65.196203 258.575342
17490.177237 65.440458 258.575342
17686.693629 64.607128 258.575342
17421.524175 65.388908 258.575342
17696.965097 64.287013 258.575342
17823.259079 63.729034 258.575342
18121.443065 62.653092 258.575342
18087.300208 62.625133 258.575342
18053.198167 62.597123 258.575342
18546.015221 61.029399 258.575342
18421.821200 61.253949 258.575342
18661.195124 60.467093 258.575342
18720.262639 60.187255 258.575342
18875.209941 59.660375 258.575342
18937.191768 59.383429 258.575342
19000.158638 59.107395 258.575342
19262.398074 58.346854 258.575342
19430.727809 57.835211 258.575342
19397.033932 57.803925 258.575342
19673.559212 57.060263 258.575342
19639.946967 57.028505 258.575342
19711.656771 56.761534 258.575342
19784.351618 56.495539 258.575342
20408.043331 55.085035 258.575342
20601.208664 54.602564 258.575342
20454.021231 54.793799 258.575342
20764.824372 54.091352 258.575342
20848.109790 53.837267 258.575342
20129.315779 55.147468 258.575342
20781.579178 53.770259 258.575342
20984.431673 53.298414 258.575342
20951.268407 53.264618 258.575342
21037.590586 53.013344 258.575342
21615.895486 51.910348 258.575342
21091.856991 52.729000 258.575342
21928.017304 51.214411 258.575342
21642.005471 51.596758 258.575342
22118.969308 50.732783 258.575342
22215.922874 50.493536 258.575342
22183.086139 50.458575 258.575342
22412.785134 50.018185 258.575342
22780.854098 49.383741 258.575342
22883.636287 49.150968 258.575342
22715.466343 49.313033 258.575342
23092.155793 48.688566 258.575342
23618.545929 47.883726 258.575342
23728.100967 47.658510 258.575342
23838.641048 47.434336 258.575342
23239.635878 48.158827 258.575342
23917.737601 47.175252 258.575342
24176.171547 46.768063 258.575342
24438.423216 46.365235 258.575342
24258.345677 46.511909 258.575342
24672.227299 45.930517 258.575342
24640.002810 45.894249 258.575342
