124612.914444 56.886775 26.794521
124811.167958 56.770723 26.794521
125303.590480 56.553133 26.794521
125800.589677 56.336401 26.794521
125413.013699 56.423678 26.794521
125912.374631 56.207297 26.794521
125228.512563 56.395666 26.794521
125136.335391 56.381645 26.794521
86801.569966 87.901831 26.794521
86726.286326 87.754448 26.794521
122538.831052 57.159466 26.794521
124181.007788 56.529044 26.794521
124971.435502 56.209929 26.794521
123997.191679 56.500971 26.794521
124492.465240 56.283206 26.794521
124106.559434 56.370859 26.794521
123721.834494 56.458785 26.794521
123630.146627 56.444702 26.794521
124420.867924 56.125149 26.794521
124329.277918 56.110982 26.794521
123942.484829 56.198425 26.794521
123850.992684 56.184258 26.794521
123759.549469 56.170081 26.794521
123963.407199 56.054212 26.794521
123872.061846 56.039993 26.794521
123485.513409 56.127486 26.794521
123689.517931 56.011524 26.794521
123598.319369 55.997274 26.794521
123507.169737 55.983013 26.794521
122826.696944 56.172595 26.794521
123325.017266 55.954460 26.794521
123530.398377 55.838566 26.794521
123439.444468 55.824243 26.794521
122462.783446 56.115569 26.794521
122078.939256 56.203684 26.794521
122575.240358 55.984820 26.794521
122484.482171 55.970495 26.794521
122689.024928 55.854191 26.794521
122303.112588 55.941813 26.794521
122507.753207 55.825447 26.794521
122121.938727 55.913089 26.794521
121737.305115 56.001008 26.794521
122236.212603 55.782252 26.794521
122145.796929 55.767832 26.794521
122055.430186 55.753402 26.794521
121669.860359 55.841093 26.794521
121285.471400 55.929061 26.794521
121784.623540 55.710047 26.794521
121105.080427 55.900207 26.794521
120430.113990 56.091434 26.794521
121219.005255 55.768828 26.794521
121424.233039 55.652089 26.794521
121039.005726 55.739847 26.794521
121244.331372 55.623046 26.794521
121154.453934 55.608509 26.794521
121361.009377 55.491875 26.794521
120974.845850 55.579401 26.794521
120885.115204 55.564831 26.794521
120795.433488 55.550250 26.794521
120705.800703 55.535658 26.794521
120616.216848 55.521056 26.794521
120526.681924 55.506442 26.794521
120437.195930 55.491818 26.794521
120347.758867 55.477183 26.794521
120258.370734 55.462537 26.794521
120169.031532 55.447880 26.794521
120079.741261 55.433212 26.794521
120286.883870 55.316209 26.794521
119311.935417 55.609291 26.794521
119812.164029 55.389143 26.794521
120019.453430 55.272048 26.794521
119634.023860 55.359709 26.794521
119841.411122 55.242552 26.794521
118866.707322 55.535880 26.794521
119071.928572 55.418193 26.794521
118395.970456 55.609686 26.794521
118600.157631 55.491702 26.794521
117926.561248 55.683786 26.794521
116969.081146 55.981300 26.794521
116880.426971 55.966635 26.794521
116218.296743 56.161485 26.794521
80208.369651 87.817258 26.794521
80063.998945 88.424961 26.794521
124394.149190 53.275490 26.794521
123358.859062 53.555333 26.794521
124217.379076 53.245080 26.794521
123812.308609 53.327987 26.794521
123408.419010 53.411165 26.794521
123320.205210 53.395953 26.794521
123864.426014 53.184130 26.794521
123776.310075 53.168866 26.794521
123371.484261 53.251796 26.794521
123600.224988 53.138304 26.794521
123512.255840 53.123007 26.794521
122791.949950 53.304455 26.794521
123019.705532 53.190647 26.794521
122931.883176 53.175332 26.794521
122528.482882 53.258558 26.794521
122756.385255 53.144670 26.794521
121725.224894 53.425831 26.794521
122581.083057 53.113965 26.794521
122177.878485 53.197208 26.794521
122405.976580 53.083215 26.794521
122635.255543 52.969435 26.794521
122547.824631 52.954017 26.794521
121828.056976 53.135682 26.794521
122373.109599 52.923149 26.794521
121338.944873 53.203815 26.794521
122198.590289 52.892237 26.794521
121794.645225 52.975244 26.794521
121077.386095 53.157535 26.794521
121620.419498 52.944296 26.794521
121217.753161 53.027587 26.794521
120502.904696 53.210467 26.794521
120729.326085 53.095673 26.794521
120642.433409 53.080179 26.794521
120870.084596 52.965574 26.794521
120468.794848 53.049159 26.794521
114039.132685 55.175796 26.794521
113662.843398 55.265572 26.794521
113287.734979 55.355644 26.794521
112913.807426 55.446015 26.794521
113114.585723 55.325348 26.794521
119949.053499 52.955829 26.794521
119549.238201 53.039719 26.794521
119462.834830 53.024129 26.794521
119689.843386 52.909013 26.794521
119603.537876 52.893385 26.794521
119203.918301 52.977292 26.794521
118805.479592 53.061479 26.794521
119344.914929 52.846434 26.794521
119573.300074 52.731430 26.794521
118859.381288 52.914683 26.794521
118773.369361 52.899003 26.794521
118687.406365 52.883311 26.794521
118914.855295 52.767955 26.794521
118515.627164 52.851893 26.794521
119057.668887 52.637063 26.794521
118344.043685 52.820430 26.794521
118886.183270 52.605517 26.794521
110422.527696 55.475878 26.794521
117153.738076 53.073973 26.794521
117689.232834 52.857391 26.794521
117915.941272 52.741572 26.794521
75278.947147 84.597427 26.794521
74612.345513 88.052660 26.794521
75188.147290 84.278274 26.794521
74441.642784 88.050428 26.794521
74342.964952 88.207307 26.794521
74852.312649 84.582007 26.794521
74767.132541 84.578912 26.794521
74682.001364 84.575814 26.794521
74636.353516 84.415642 26.794521
74551.320199 84.412449 26.794521
74506.902148 84.252088 26.794521
73790.984621 87.724275 26.794521
74337.080168 84.245504 26.794521
74211.676239 84.399636 26.794521
73492.876441 88.196965 26.794521
74042.147842 84.393208 26.794521
73957.457039 84.389988 26.794521
73833.380768 84.544637 26.794521
73788.222225 84.383538 26.794521
73625.941353 84.696494 26.794521
73504.275746 84.851745 26.794521
73495.302584 84.532066 26.794521
73410.905365 84.528914 26.794521
73326.557075 84.525759 26.794521
73363.956722 84.047356 26.794521
73238.008022 84.202340 26.794521
73113.240190 84.357588 26.794521
73111.352229 84.037045 26.794521
73027.248592 84.033600 26.794521
72860.929280 84.347795 26.794521
72170.844032 87.859430 26.794521
72692.966660 84.341248 26.794521
72569.624347 84.497196 26.794521
72525.199761 84.334685 26.794521
72363.652847 84.650303 26.794521
72318.194186 84.487609 26.794521
71653.305121 88.012842 26.794521
72150.818732 84.481199 26.794521
72106.638799 84.318212 26.794521
71983.639000 84.474774 26.794521
71939.556928 84.311596 26.794521
71816.654990 84.468334 26.794521
71694.933918 84.625339 26.794521
71689.301101 84.301643 26.794521
71646.546687 84.138079 26.794521
71483.274136 84.455410 26.794521
71361.748786 84.612770 26.794521
70735.700419 87.999990 26.794521
71195.449804 84.606463 26.794521
71230.676904 84.120932 26.794521
71067.649005 84.439169 26.794521
71024.105169 84.274932 26.794521
70335.096393 87.831662 26.794521
70252.216019 87.830383 26.794521
70736.029650 84.426108 26.794521
70692.681536 84.261483 26.794521
70650.514289 84.096757 26.794521
70527.263303 84.254734 26.794521
70444.627582 84.251354 26.794521
70362.040791 84.247970 26.794521
69658.891660 87.984584 26.794521
69576.402731 87.983389 26.794521
69480.562869 88.145618 26.794521
70114.447541 83.910469 26.794521
69990.407132 84.068885 26.794521
69828.113191 84.389873 26.794521
69785.303313 84.224170 26.794521
69625.371106 84.545807 26.794521
69470.015574 84.868173 26.794521
69499.429667 84.376580 26.794521
68850.736038 87.808402 26.794521
69415.382222 84.044281 26.794521
69417.960007 83.715317 26.794521
69251.529765 84.037214 26.794521
69129.110597 84.196728 26.794521
69047.306695 84.193279 26.794521
68344.940452 87.965295 26.794521
68924.412018 84.023030 26.794521
68724.451711 84.510064 26.794521
68099.969120 87.961637 26.794521
68032.941670 87.795262 26.794521
67923.499689 88.124476 26.794521
67885.633698 87.627302 26.794521
67748.357917 88.287737 26.794521
67707.193977 87.789963 26.794521
67641.543115 87.623023 26.794521
67560.277449 87.621593 26.794521
68194.571264 83.658966 26.794521
68070.573251 83.819372 26.794521
68076.246728 83.487185 26.794521
67951.214640 83.647574 26.794521
67827.363418 83.808258 26.794521
67746.391335 83.804544 26.794521
67708.298390 83.636142 26.794521
67671.386312 83.467647 26.794521
67546.598876 83.628498 26.794521
67554.878739 83.295038 26.794521
67385.095084 83.620836 26.794521
67348.378728 83.451932 26.794521
67180.956807 83.778424 26.794521
67187.168519 83.444047 26.794521
66978.146188 83.936491 26.794521
66939.361681 83.767162 26.794521
66945.720185 83.432183 26.794521
66821.373124 83.593872 26.794521
66698.206930 83.755860 26.794521
66660.750082 83.586126 26.794521
66580.511956 83.582246 26.794521
66457.492553 83.744517 26.794521
66464.144641 83.408327 26.794521
66297.260955 83.736932 26.794521
66349.104984 83.234105 26.794521
66180.055286 83.562777 26.794521
66100.110744 83.558869 26.794521
66064.177276 83.388315 26.794521
65940.368451 83.551038 26.794521
65817.740492 83.714067 26.794521
65824.784024 83.376249 26.794521
65790.178214 83.205290 26.794521
65710.527255 83.201154 26.794521
65630.925227 83.197013 26.794521
65506.278048 83.360093 26.794521
65382.811736 83.523483 26.794521
65347.318643 83.351986 26.794521
65223.950192 83.515566 26.794521
65101.762609 83.679455 26.794521
65109.246515 83.339788 26.794521
65075.081080 83.167883 26.794521
64995.870495 83.163701 26.794521
65010.292811 82.823809 26.794521
64931.180088 82.819416 26.794521
64713.438244 83.319358 26.794521
64773.101432 82.810613 26.794521
64600.551530 83.142715 26.794521
64567.860546 82.970085 26.794521
64488.992475 82.965765 26.794521
64410.173334 82.961441 26.794521
64285.177108 83.125835 26.794521
64300.039798 82.784074 26.794521
64127.783479 83.117363 26.794521
64095.386078 82.944091 26.794521
63881.529349 83.447492 26.794521
63938.286033 82.935383 26.794521
63907.167359 82.761810 26.794521
63781.381710 82.926655 26.794521
63750.360897 82.752866 26.794521
63672.031062 82.748385 26.794521
63642.240047 82.574406 26.794521
63515.518183 82.739408 26.794521
63485.825029 82.565212 26.794521
63457.312741 82.390936 26.794521
63281.115844 82.725901 26.794521
63155.721638 82.891525 26.794521
63173.582159 82.546757 26.794521
62999.795926 82.882688 26.794521
63017.754308 82.537495 26.794521
62989.535604 82.362567 26.794521
62962.497766 82.187562 26.794521
62884.755097 82.182704 26.794521
62658.195881 82.689636 26.794521
62678.662789 82.343537 26.794521
62502.955196 82.680514 26.794521
62523.519964 82.333987 26.794521
62446.021948 82.329203 26.794521
62318.951036 82.495533 26.794521
62341.926469 82.148530 26.794521
62264.575244 82.143624 26.794521
62239.158648 81.967558 26.794521
62161.905284 81.962535 26.794521
62084.700851 81.957506 26.794521
61955.659650 82.123938 26.794521
61878.553078 82.119001 26.794521
61801.495436 82.114058 26.794521
61776.372423 81.937328 26.794521
61547.151356 82.448354 26.794521
61622.501793 81.927201 26.794521
61493.754174 82.094225 26.794521
61366.187423 82.261597 26.794521
61392.062825 81.911963 26.794521
61212.708237 82.251843 26.794521
61186.795801 82.074292 26.794521
61215.081867 81.724190 26.794521
61033.610198 82.064288 26.794521
61061.994125 81.713750 26.794521
60932.506015 81.881315 26.794521
60804.198771 82.049235 26.794521
60832.729490 81.698040 26.794521
60651.502473 82.039168 26.794521
60680.131053 81.687534 26.794521
60603.905230 81.682271 26.794521
60581.877909 81.503721 26.794521
60451.600376 81.671725 26.794521
60429.670916 81.492949 26.794521
60299.491244 81.661153 26.794521
60118.606740 82.003733 26.794521
60201.727405 81.476739 26.794521
60125.844096 81.471322 26.794521
59890.956812 81.988451 26.794521
59867.057063 81.808898 26.794521
59844.338180 81.629275 26.794521
59822.800164 81.449586 26.794521
59588.108603 81.967984 26.794521
59564.404575 81.787971 26.794521
59596.030986 81.433212 26.794521
59413.371914 81.777468 26.794521
59445.096186 81.422261 26.794521
59262.534976 81.766938 26.794521
59240.207537 81.586393 26.794521
59219.060965 81.405783 26.794521
59089.664182 81.575605 26.794521
59123.896978 81.219487 26.794521
58834.413215 81.916359 26.794521
58918.365699 81.383714 26.794521
58684.261304 81.905954 26.794521
58661.144442 81.724549 26.794521
58586.190813 81.719220 26.794521
58511.286114 81.713884 26.794521
58543.597552 81.355968 26.794521
58468.790714 81.350398 26.794521
58449.314314 81.168560 26.794521
58265.174259 81.515772 26.794521
58299.945291 81.157163 26.794521
58225.334176 81.151454 26.794521
58150.771990 81.145737 26.794521
57913.810022 81.670949 26.794521
57946.512904 81.311205 26.794521
57983.792462 80.951679 26.794521
57909.425999 80.945823 26.794521
57778.695022 81.117044 26.794521
57760.839864 80.934086 26.794521
57630.206748 81.105515 26.794521
57446.604929 81.455090 26.794521
57426.632689 81.271659 26.794521
57407.841317 81.088165 26.794521
57171.368654 81.616655 26.794521
57204.560841 81.254601 26.794521
57076.485181 81.427222 26.794521
57056.757594 81.243192 26.794521
56875.762161 81.594740 26.794521
56964.431578 81.053264 26.794521
56890.701211 81.047421 26.794521
56817.019776 81.041570 26.794521
56799.800714 80.857059 26.794521
56726.217139 80.851080 26.794521
56596.269051 81.023972 26.794521
56467.501830 81.197259 26.794521
56339.915475 81.370940 26.794521
56375.958701 81.006305 26.794521
56359.033223 80.821069 26.794521
56229.329787 80.994489 26.794521
56156.088726 80.988570 26.794521
55973.465517 81.342524 26.794521
55954.471888 81.156674 26.794521
55827.228047 81.331105 26.794521
55863.613787 80.964814 26.794521
55790.617378 80.958855 26.794521
55717.669900 80.952889 26.794521
55644.771353 80.946915 26.794521
55462.490657 81.302427 26.794521
55555.534493 80.754352 26.794521
55540.328117 80.567718 26.794521
55410.079912 80.742118 26.794521
55453.648714 80.374675 26.794521
55264.821052 80.729852 26.794521
55249.810399 80.542724 26.794521
55063.344471 80.898840 26.794521
55047.299742 80.711393 26.794521
54918.477056 80.886742 26.794521
54960.075568 80.517600 26.794521
54887.764187 80.511298 26.794521
54701.542912 80.868535 26.794521
54743.288216 80.498669 26.794521
54671.123626 80.492342 26.794521
54429.767635 81.032662 26.794521
54469.395858 80.661810 26.794521
54454.923440 80.473311 26.794521
54325.409192 80.649332 26.794521
54197.075811 80.825770 26.794521
54297.840945 80.271785 26.794521
54226.018869 80.265282 26.794521
53981.609583 80.807320 26.794521
53966.298812 80.617992 26.794521
53838.210083 80.794980 26.794521
53766.583729 80.788797 26.794521
53639.724798 80.966316 26.794521
53679.891257 80.592770 26.794521
53551.998250 80.770200 26.794521
53594.526442 80.396428 26.794521
53465.599361 80.573765 26.794521
53451.811970 80.383494 26.794521
53380.528130 80.377014 26.794521
53309.293220 80.370526 26.794521
53238.107240 80.364029 26.794521
53166.970192 80.357523 26.794521
53038.336693 80.535525 26.794521
53083.520202 80.160050 26.794521
53072.339198 79.969050 26.794521
52941.588618 80.146738 26.794521
52870.696222 80.140068 26.794521
52741.175440 80.318305 26.794521
52670.380904 80.311737 26.794521
52658.312616 80.120005 26.794521
52528.938626 80.298577 26.794521
52458.290882 80.291983 26.794521
52387.692069 80.285381 26.794521
52375.819503 80.093129 26.794521
52246.641234 80.272149 26.794521
52234.866529 80.079636 26.794521
52164.463438 80.072876 26.794521
51866.191629 80.811848 26.794521
52023.804048 80.059329 26.794521
51953.547748 80.052541 26.794521
51883.340379 80.045745 26.794521
51813.181941 80.038939 26.794521
51626.849736 80.405811 26.794521
51673.011856 80.025300 26.794521
51375.082560 80.767655 26.794521
51592.846745 79.824731 26.794521
51522.932959 79.817756 26.794521
51453.068104 79.810772 26.794521
51383.252179 79.803778 26.794521
51253.675932 79.984160 26.794521
51067.735171 80.352934 26.794521
51114.288735 79.970371 26.794521
50928.445835 80.339625 26.794521
50975.097260 79.956546 26.794521
50965.384171 79.761615 26.794521
50895.910760 79.754554 26.794521
50766.677027 79.935736 26.794521
50581.078780 80.306191 26.794521
50687.784110 79.733314 26.794521
50442.474471 80.292753 26.794521
50549.277662 79.719106 26.794521
50480.097834 79.711987 26.794521
50410.966937 79.704858 26.794521
50341.884970 79.697720 26.794521
50272.851933 79.690571 26.794521
50203.867827 79.683413 26.794521
50075.123399 79.865750 26.794521
50126.987596 79.479665 26.794521
49878.722523 80.041620 26.794521
49989.361898 79.465028 26.794521
49859.681255 79.647475 26.794521
49851.931922 79.450351 26.794521
49722.349140 79.633030 26.794521
49593.947225 79.816184 26.794521
49525.403494 79.809064 26.794521
49577.659136 79.420875 26.794521
49448.272076 79.604021 26.794521
49320.065883 79.787645 26.794521
49311.527127 79.589456 26.794521
49183.418795 79.773316 26.794521
49174.977900 79.574851 26.794521
49106.776683 79.567533 26.794521
48920.137826 79.943522 26.794521
48970.521039 79.552866 26.794521
48670.021219 80.314101 26.794521
48834.461117 79.538159 26.794521
48827.445741 79.338969 26.794521
48821.611233 79.139752 26.794521
48691.679403 79.323942 26.794521
48503.119187 79.701069 26.794521
48556.108786 79.308873 26.794521
48427.455685 79.493791 26.794521
48299.983450 79.679198 26.794521
48353.119841 79.286191 26.794521
48164.804277 79.664566 26.794521
48097.288087 79.657235 26.794521
48150.571269 79.263414 26.794521
48083.152940 79.255800 26.794521
47895.033099 79.635179 26.794521
47948.463073 79.240540 26.794521
47943.264661 79.039501 26.794521
47753.027739 79.419011 26.794521
47626.044809 79.605626 26.794521
47679.670505 79.209892 26.794521
47612.594689 79.202203 26.794521
47366.140045 79.778142 26.794521
47417.648660 79.381225 26.794521
47473.733951 78.984758 26.794521
47406.853857 78.976894 26.794521
47340.022694 78.969018 26.794521
47211.167336 79.155841 26.794521
47206.507160 78.953234 26.794521
47139.822788 78.945325 26.794521
47073.187347 78.937405 26.794521
47006.600837 78.929473 26.794521
46940.063257 78.921531 26.794521
46873.574607 78.913577 26.794521
46807.134888 78.905611 26.794521
46740.744100 78.897635 26.794521
46674.402242 78.889647 26.794521
46485.095000 79.273991 26.794521
46541.865318 78.873637 26.794521
46413.597126 79.061926 26.794521
46347.450990 79.054027 26.794521
46220.412595 79.242959 26.794521
46154.364320 79.235173 26.794521
46028.555723 79.424747 26.794521
46083.355752 79.022319 26.794521
46017.454269 79.014364 26.794521
46013.674842 78.809140 26.794521
45885.798094 78.998419 26.794521
45882.116528 78.792900 26.794521
45693.396452 79.180358 26.794521
45627.739621 79.172483 26.794521
45562.131721 79.164596 26.794521
45496.572751 79.156697 26.794521
45492.003901 78.950308 26.794521
45426.542793 78.942249 26.794521
45361.130615 78.934178 26.794521
45175.016925 79.324149 26.794521
45169.511861 79.117034 26.794521
45165.187664 78.909897 26.794521
45099.971208 78.901780 26.794521
45034.803683 78.893651 26.794521
44848.934645 79.284951 26.794521
44611.228840 79.878633 26.794521
44839.594689 78.869193 26.794521
44836.696012 78.661287 26.794521
44709.700013 78.852829 26.794521
44706.899197 78.644621 26.794521
44580.001059 78.836417 26.794521
44515.224978 78.828193 26.794521
44450.497827 78.819958 26.794521
44447.892733 78.611142 26.794521
44321.190317 78.803450 26.794521
44195.668769 78.996306 26.794521
43898.691946 79.795949 26.794521
44127.596031 78.778598 26.794521
44063.162463 78.770290 26.794521
43761.804687 79.570390 26.794521
43813.691677 79.157586 26.794521
43809.214154 78.947270 26.794521
43744.976309 78.939056 26.794521
43562.300824 79.336190 26.794521
43556.838156 79.125276 26.794521
43376.524405 79.523653 26.794521
43488.514232 78.906077 26.794521
43364.711786 79.100919 26.794521
43360.576776 78.889514 26.794521
43178.194875 79.288305 26.794521
43173.025790 79.076453 26.794521
43109.228319 79.068274 26.794521
43105.289032 78.856242 26.794521
42923.102852 79.256145 26.794521
42918.129490 79.043663 26.794521
42795.850424 79.239993 26.794521
42732.297606 79.231900 26.794521
42787.280288 78.814375 26.794521
42605.338761 79.215676 26.794521
42484.387354 79.412971 26.794521
42597.062208 78.789105 26.794521
42415.267472 79.191249 26.794521
42238.049413 79.595099 26.794521
42347.475249 78.969169 26.794521
42225.636558 79.166713 26.794521
42048.565291 79.571420 26.794521
42158.137918 78.944115 26.794521
42036.446019 79.142067 26.794521
42032.157684 78.927350 26.794521
41853.018265 79.332487 26.794521
41678.455523 79.739339 26.794521
41784.876994 79.109032 26.794521
41722.107064 79.100743 26.794521
41601.840684 79.299953 26.794521
41427.473664 79.707967 26.794521
41420.132033 79.491713 26.794521
41413.971269 79.275424 26.794521
41295.032548 79.475627 26.794521
41177.274693 79.676405 26.794521
41170.128785 79.459492 26.794521
41107.750299 79.451407 26.794521
40935.989665 79.862185 26.794521
40983.140119 79.435198 26.794521
40977.321869 79.217755 26.794521
40803.444153 79.628701 26.794521
40741.310320 79.620708 26.794521
40679.225417 79.612702 26.794521
40617.189445 79.604685 26.794521
40610.483911 79.386276 26.794521
40548.545800 79.378079 26.794521
40431.375112 79.580558 26.794521
40369.534862 79.572492 26.794521
40253.593971 79.775700 26.794521
40191.851582 79.767765 26.794521
40184.307695 79.548217 26.794521
40122.663167 79.540101 26.794521
40061.067569 79.531972 26.794521
39840.467998 80.160900 26.794521
39678.594673 80.579633 26.794521
39822.424788 79.719900 26.794521
39761.024913 79.711879 26.794521
39646.656333 79.916840 26.794521
39533.468620 80.122389 26.794521
39524.101235 79.901055 26.794521
39411.011383 80.106901 26.794521
39349.856160 80.099139 26.794521
39237.996106 80.305723 26.794521
39176.938744 80.298098 26.794521
39218.569774 79.861380 26.794521
39054.970812 80.282814 26.794521
38994.060242 80.275154 26.794521
38835.086887 80.698648 26.794521
38774.274178 80.691292 26.794521
38811.622114 80.252102 26.794521
38701.285440 80.460333 26.794521
38544.771680 80.885801 26.794521
38629.624362 80.228941 26.794521
38671.695766 79.789181 26.794521
38508.537179 80.213440 26.794521
38498.820746 79.989190 26.794521
38438.399480 79.981244 26.794521
38378.027146 79.973286 26.794521
38369.589441 79.748629 26.794521
38309.314967 79.740480 26.794521
38302.107059 79.515600 26.794521
38188.912812 79.724144 26.794521
38181.802765 79.498908 26.794521
38121.724013 79.490543 26.794521
38061.694192 79.482164 26.794521
37896.809969 79.909164 26.794521
37888.763707 79.683079 26.794521
37776.994980 79.893007 26.794521
37520.937450 80.761215 26.794521
37657.375712 79.876798 26.794521
37546.885713 80.087656 26.794521
37537.952167 79.860538 26.794521
37530.199489 79.633370 26.794521
37318.348757 80.283498 26.794521
37210.318352 80.495905 26.794521
37248.938482 80.047690 26.794521
37139.874001 80.259953 26.794521
37080.480277 80.252079 26.794521
37021.135483 80.244193 26.794521
36913.349731 80.457396 26.794521
36902.592688 80.228383 26.794521
36893.016512 79.999307 26.794521
36642.171755 80.878242 26.794521
36676.655584 80.426365 26.794521
36570.246420 80.640832 26.794521
36558.602093 80.410774 26.794521
36452.290791 80.625565 26.794521
36347.160355 80.840981 26.794521
36288.304867 80.833492 26.794521
36229.498309 80.825992 26.794521
36170.740682 80.818479 26.794521
35980.145553 81.483945 26.794521
36008.278138 81.027650 26.794521
35949.667302 81.020279 26.794521
35982.425494 80.564002 26.794521
35877.686503 80.780732 26.794521
35819.222458 80.773145 26.794521
35760.807345 80.765546 26.794521
35748.667178 80.532918 26.794521
35599.029828 80.975796 26.794521
35585.855587 80.742675 26.794521
35438.579971 81.186999 26.794521
35469.465734 80.727366 26.794521
35366.250123 80.945897 26.794521
35308.177523 80.938392 26.794521
35206.191709 81.157728 26.794521
35237.273195 80.696595 26.794521
35179.347386 80.688870 26.794521
35121.470508 80.681133 26.794521
35018.548480 80.900679 26.794521
35005.863544 80.665621 26.794521
34948.133457 80.657845 26.794521
34845.358221 80.877902 26.794521
34743.763851 81.098604 26.794521
34775.236781 80.634442 26.794521
34628.646192 81.083700 26.794521
34615.122902 80.847355 26.794521
34513.724255 81.068747 26.794521
34545.392907 80.603056 26.794521
34534.280281 80.366344 26.794521
34385.670472 80.816605 26.794521
34328.429691 80.808886 26.794521
34362.557937 80.342073 26.794521
34170.132776 81.023587 26.794521
34113.038786 81.016016 26.794521
34055.993727 81.008433 26.794521
34042.959742 80.770094 26.794521
34031.106625 80.531669 26.794521
33929.114277 80.754487 26.794521
33785.472588 81.209577 26.794521
33860.558613 80.507634 26.794521
33758.713057 80.730977 26.794521
33702.010512 80.723114 26.794521
33645.356897 80.715238 26.794521
33633.846292 80.475398 26.794521
33488.234314 80.931894 26.794521
33520.783715 80.459199 26.794521
33510.551839 80.218875 26.794521
33362.822779 80.675657 26.794521
33351.556828 80.434798 26.794521
33295.245726 80.426637 26.794521
33238.983556 80.418462 26.794521
32929.184878 81.815709 26.794521
33081.511925 80.635741 26.794521
32938.604194 81.096384 26.794521
32969.330097 80.619679 26.794521
32826.520227 81.081073 26.794521
32857.343991 80.603563 26.794521
32714.631982 81.065709 26.794521
32745.553607 80.587392 26.794521
32520.674853 81.522524 26.794521
32633.958945 80.571165 26.794521
32491.442658 81.034824 26.794521
32522.560005 80.554883 26.794521
32422.971787 80.782854 26.794521
32324.564436 81.011521 26.794521
32311.866431 80.766882 26.794521
32171.858669 81.233273 26.794521
32158.126588 80.988097 26.794521
32145.575375 80.742822 26.794521
32005.714405 81.210368 26.794521
31950.430844 81.202707 26.794521
31895.196214 81.195032 26.794521
31881.708786 80.948788 26.794521
31826.572017 80.940885 26.794521
31814.314386 80.694326 26.794521
31634.180665 81.403674 26.794521
31579.190687 81.396136 26.794521
31524.249640 81.388585 26.794521
31551.622130 80.901165 26.794521
31414.514338 81.373443 26.794521
31400.286418 81.125359 26.794521
31304.974758 81.358248 26.794521
31290.844699 81.109727 26.794521
31156.196502 81.584419 26.794521
31181.598702 81.094040 26.794521
31008.745904 81.811668 26.794521
31031.982092 81.320028 26.794521
31018.096686 81.070407 26.794521
30332.711802 86.449172 26.794521
30909.339994 81.054583 26.794521
30814.468709 81.289209 26.794521
30760.212689 81.281471 26.794521
30746.571935 81.030741 26.794521
30651.847442 81.265952 26.794521
30597.738214 81.258173 26.794521
30465.941056 81.738540 26.794521
30530.232885 80.998756 26.794521
30396.269714 81.479098 26.794521
30422.356942 80.982678 26.794521
30176.980055 82.200005 26.794521
30274.110387 81.211204 26.794521
30180.909274 81.448524 26.794521
29560.546416 86.654200 26.794521
29506.877563 86.651155 26.794521
29425.325979 87.149812 26.794521
29399.686648 86.645049 26.794521
29361.828321 86.390867 26.794521
29308.355190 86.387571 26.794521
29289.654269 85.881544 26.794521
29218.351391 86.129296 26.794521
29148.229379 86.377649 26.794521
29094.951970 86.374330 26.794521
29026.059756 86.623500 26.794521
28972.880208 86.620399 26.794521
28935.413326 86.364335 26.794521
29220.477249 82.835655 26.794521
29419.714620 81.083472 26.794521
29448.995400 80.579084 26.794521
29822.282082 78.353910 26.794521
30225.231414 76.400497 26.794521
30427.478500 75.427653 26.794521
30719.014115 74.224597 26.794521
30962.108771 73.267754 26.794521
31304.679383 72.086559 26.794521
31418.065967 71.608219 26.794521
31982.227218 69.991189 26.794521
32116.086517 69.522062 26.794521
32958.435224 67.502540 26.794521
33224.645564 66.828271 26.794521
33390.345873 66.375248 26.794521
33787.775317 65.496297 26.794521
34323.166553 64.417636 26.794521
34637.113942 63.770130 26.794521
35217.880493 62.718785 26.794521
35559.092215 62.087518 26.794521
36185.234081 61.064235 26.794521
36839.723286 60.058896 26.794521
37078.258966 59.647713 26.794521
37772.463805 58.667437 26.794521
38026.944454 58.265925 26.794521
38601.445274 57.495547 26.794521
39194.106007 56.736726 26.794521
39637.583445 56.168933 26.794521
39921.690162 55.785549 26.794521
40729.382219 54.877445 26.794521
41928.406437 53.646926 26.794521
42060.031911 53.451752 26.794521
43514.788232 52.098042 26.794521
44243.623841 51.425061 26.794521
45396.617764 50.449822 26.794521
45549.945751 50.267356 26.794521
45911.415584 49.931209 26.794521
46277.462093 49.597715 26.794521
47940.788286 48.371778 26.794521
48551.247534 47.906088 26.794521
48722.931155 47.733966 26.794521
50263.206451 46.711069 26.794521
51146.425778 46.128948 26.794521
52047.805017 45.556894 26.794521
53212.790983 44.862644 26.794521
54658.362721 44.055108 26.794521
55371.038754 43.645612 26.794521
56093.951145 43.241390 26.794521
56564.674034 42.965618 26.794521
59189.185679 41.731029 26.794521
59687.172901 41.468773 26.794521
59361.709510 41.558367 26.794521
60696.877373 40.950813 26.794521
62346.589099 40.244832 26.794521
61440.955899 40.554276 26.794521
62533.087611 40.078762 26.794521
62771.206429 39.940623 26.794521
63010.506114 39.803009 26.794521
63542.842871 39.556770 26.794521
63492.648085 39.529349 26.794521
63442.502229 39.501906 26.794521
63979.513523 39.257768 26.794521
63050.501103 39.556023 26.794521
63292.358244 39.419447 26.794521
62950.551905 39.500944 26.794521
62609.926433 39.582884 26.794521
62560.074160 39.555270 26.794521
62510.270818 39.527633 26.794521
63043.096880 39.281581 26.794521
62121.218593 39.582234 26.794521
62943.734848 39.226282 26.794521
63481.235448 38.982352 26.794521
63726.928772 38.847341 26.794521
64271.318851 38.606515 26.794521
64221.858022 38.578880 26.794521
64770.873707 38.340120 26.794521
64721.510739 38.312490 26.794521
65275.152030 38.075781 26.794521
64923.843292 38.152420 26.794521
66089.593263 37.710689 26.794521
65734.986576 37.785871 26.794521
66297.879080 37.553222 26.794521
66865.348260 37.322546 26.794521
65587.778423 37.702905 26.794521
438545.869986 13.666676 26.794521
64882.401233 37.854212 26.794521
63632.144659 38.245599 26.794521
62989.420090 38.430188 26.794521
63237.028239 38.295729 26.794521
63485.817255 38.161797 26.794521
62253.867385 38.560534 26.794521
62499.358453 38.425028 26.794521
432367.105098 13.653660 26.794521
432318.573950 13.640415 26.794521
434195.148719 13.596345 26.794521
433183.620969 13.598506 26.794521
434098.331074 13.569903 26.794521
432124.938660 13.587421 26.794521
433038.614689 13.558795 26.794521
432028.414598 13.560915 26.794521
431019.395374 13.563040 26.794521
431932.086258 13.534403 26.794521
433809.052472 13.490543 26.794521
433761.010628 13.477311 26.794521
430827.130138 13.509948 26.794521
61236.581801 38.244332 26.794521
61775.794969 38.001308 26.794521
60848.984423 38.295432 26.794521
60801.187232 38.266908 26.794521
59311.136991 38.786098 26.794521
23483.407247 83.987027 26.794521
23311.212155 85.665697 26.794521
22029.085315 86.705449 26.794521
22010.687701 86.121853 26.794521
21980.071091 85.827690 26.794521
22338.402785 81.216208 26.794521
22292.220301 81.207042 26.794521
22212.312031 81.483668 26.794521
22346.420356 80.048804 26.794521
22262.082201 80.322971 26.794521
22293.832301 79.743715 26.794521
22288.460804 79.448918 26.794521
22371.062527 78.587969 26.794521
22281.260413 78.859149 26.794521
22150.940894 79.415840 26.794521
22105.198785 79.404768 26.794521
22101.203878 79.108684 26.794521
22013.861358 79.382556 26.794521
22009.964312 79.085857 26.794521
22238.378216 77.371316 26.794521
22005.712820 78.492341 26.794521
22051.584391 77.911426 26.794521
21870.902554 78.753768 26.794521
21914.608114 78.170787 26.794521
21824.212299 78.443932 26.794521
21494.995150 80.448390 26.794521
21605.264999 79.281452 26.794521
21560.110056 79.270100 26.794521
21254.810362 81.292498 26.794521
260829.626798 16.371648 26.794521
257844.581499 16.450422 26.794521
260739.659426 16.337970 26.794521
259222.466689 16.368710 26.794521
260649.887776 16.304280 26.794521
260605.075346 16.287431 26.794521
256888.095254 16.389716 26.794521
256112.333176 16.396760 26.794521
256798.715048 16.355783 26.794521
21810.962485 74.839991 26.794521
21337.725884 77.103048 26.794521
21393.582626 76.514835 26.794521
21454.016044 75.928219 26.794521
21409.595059 75.913327 26.794521
21365.223004 75.898404 26.794521
21544.289783 74.744188 26.794521
21276.625687 75.868466 26.794521
21635.218086 73.863927 26.794521
21591.041753 73.846977 26.794521
21546.914351 73.829991 26.794521
21502.835880 73.812972 26.794521
21648.421525 72.951926 26.794521
21804.243528 72.096853 26.794521
21560.509234 72.916139 26.794521
21926.419139 71.228612 26.794521
21741.460023 71.762624 26.794521
21984.453474 70.639206 26.794521
22090.898303 70.071989 26.794521
21897.030488 70.599051 26.794521
22080.361477 69.758166 26.794521
22036.772311 69.737279 26.794521
20139.145233 78.583666 26.794521
20138.484136 78.273431 26.794521
19474.828931 84.016116 26.794521
22432.117257 67.764105 26.794521
22561.592258 67.210263 26.794521
22518.296675 67.187130 26.794521
22742.768816 66.373668 26.794521
22883.709972 65.827802 26.794521
22934.328524 65.543899 26.794521
23179.322312 64.746354 26.794521
23234.566470 64.465514 26.794521
23290.991496 64.185348 26.794521
23450.288286 63.653079 26.794521
23407.384147 63.627083 26.794521
23571.306543 63.098077 26.794521
23739.805616 62.572789 26.794521
23804.398848 62.298058 26.794521
23979.787400 61.778253 26.794521
24047.874302 61.506007 26.794521
24230.152333 60.991798 26.794521
24417.007040 60.481490 26.794521
24259.220211 60.693964 26.794521
24684.644601 59.709042 26.794521
24882.965463 59.208483 26.794521
24840.599560 59.179375 26.794521
25167.875653 58.450415 26.794521
24878.080297 58.886464 26.794521
25335.443559 57.929937 26.794521
25420.998811 57.671000 26.794521
25901.098661 56.735922 26.794521
25992.411456 56.481879 26.794521
26084.905119 56.228733 26.794521
26315.360573 55.756262 26.794521
26550.392704 55.287951 26.794521
26648.692840 55.039635 26.794521
26748.173842 54.792239 26.794521
26992.408255 54.332054 26.794521
27241.219344 53.876052 26.794521
27346.506820 53.633559 26.794521
27752.571549 52.976597 26.794521
27710.988534 52.944181 26.794521
27973.578580 52.500545 26.794521
27932.093427 52.467902 26.794521
27738.029169 52.640360 26.794521
29273.859351 50.605708 26.794521
28908.022003 50.964095 26.794521
29028.416096 50.734454 26.794521
29313.938453 50.311490 26.794521
29272.746882 50.278040 26.794521
29396.683575 50.051268 26.794521
29521.801136 49.825455 26.794521
29314.545086 49.984050 26.794521
30115.924951 48.999659 26.794521
30593.986698 48.408078 26.794521
30378.953886 48.558904 26.794521
30863.905111 47.973352 26.794521
31179.298188 47.576705 26.794521
31318.341498 47.362745 26.794521
31277.639233 47.328421 26.794521
31599.970719 46.937681 26.794521
31377.307936 47.080922 26.794521
31886.323408 46.516419 26.794521
31661.494612 46.657526 26.794521
32177.399563 46.098955 26.794521
32324.708942 45.891644 26.794521
33239.918539 45.008611 26.794521
33589.759012 44.641381 26.794521
32965.968084 45.106712 26.794521
33509.284160 44.571713 26.794521
33469.120130 44.536817 26.794521
34222.890855 43.848588 26.794521
34586.559217 43.492708 26.794521
34344.108745 43.617710 26.794521
34914.835946 43.105578 26.794521
35080.745612 42.913382 26.794521
35040.875165 42.878319 26.794521
35625.332394 42.377339 26.794521
35585.559808 42.342245 26.794521
36180.302325 41.849506 26.794521
