123461.336733 57.297782 110.630137
123655.062501 57.180865 110.630137
124138.429532 56.961455 110.630137
124626.373239 56.742901 110.630137
123377.943818 57.139380 110.630137
125026.618588 56.511225 110.630137
86955.679846 88.196209 110.630137
86893.698208 87.902944 110.630137
86785.906231 88.048050 110.630137
86726.286326 87.754448 110.630137
124272.989238 56.543064 110.630137
124473.995929 56.427130 110.630137
123797.219063 56.617188 110.630137
123997.191679 56.500971 110.630137
124492.465240 56.283206 110.630137
123230.990818 56.677577 110.630137
123429.978289 56.561045 110.630137
122469.513425 56.855281 110.630137
122955.927217 56.635457 110.630137
123155.061480 56.518829 110.630137
123355.376609 56.402390 110.630137
123556.872606 56.286140 110.630137
123172.441250 56.374130 110.630137
122789.190761 56.462393 110.630137
122697.845407 56.448258 110.630137
123485.513409 56.127486 110.630137
123100.145839 56.215253 110.630137
122133.378661 56.508529 110.630137
122624.809504 56.289097 110.630137
122826.696944 56.172595 110.630137
123029.765252 56.056285 110.630137
122351.654193 56.246438 110.630137
122847.808503 56.027731 110.630137
122756.903524 56.013438 110.630137
122371.927398 56.101286 110.630137
121988.132139 56.189411 110.630137
122190.362093 56.072688 110.630137
122099.652836 56.058374 110.630137
121424.148164 56.249257 110.630137
122212.501192 55.927457 110.630137
121827.818649 56.015366 110.630137
122031.425193 55.898711 110.630137
122236.212603 55.782252 110.630137
121850.544915 55.869923 110.630137
120881.213747 56.163333 110.630137
121082.752140 56.046099 110.630137
121285.471400 55.929061 110.630137
120610.407101 56.120226 110.630137
121105.080427 55.900207 110.630137
120139.389721 56.194643 110.630137
120049.316561 56.180252 110.630137
120250.016601 56.062599 110.630137
120744.885648 55.842370 110.630137
120361.971139 55.930678 110.630137
120859.201920 55.710823 110.630137
120769.373413 55.696295 110.630137
120385.473758 55.784361 110.630137
120589.863190 55.667206 110.630137
120206.061396 55.755291 110.630137
119531.584264 55.946827 110.630137
119733.856614 55.829117 110.630137
119644.321690 55.814565 110.630137
118972.255223 56.006718 110.630137
119173.542428 55.888680 110.630137
119376.010501 55.770843 110.630137
118994.815093 55.859541 110.630137
119490.369168 55.638578 110.630137
119695.247905 55.521110 110.630137
119311.935417 55.609291 110.630137
119222.791937 55.594630 110.630137
118840.709246 55.683104 110.630137
118459.807422 55.771862 110.630137
118080.086464 55.860905 110.630137
118866.707322 55.535880 110.630137
118484.820353 55.624392 110.630137
118395.970456 55.609686 110.630137
118015.313284 55.698493 110.630137
118511.405595 55.476954 110.630137
117837.858143 55.669068 110.630137
118041.060173 55.550753 110.630137
117952.454929 55.535992 110.630137
118156.886757 55.417851 110.630137
117483.535027 55.610085 110.630137
117979.920920 55.388233 110.630137
117891.511398 55.373407 110.630137
117510.162665 55.462022 110.630137
118008.959223 55.240508 110.630137
116751.007799 55.640114 110.630137
117538.362614 55.313993 110.630137
117450.197745 55.299112 110.630137
116777.237459 55.491584 110.630137
117568.134875 55.166001 110.630137
116310.428103 55.565960 110.630137
116805.039430 55.343088 110.630137
116425.263007 55.432065 110.630137
114610.025153 56.046126 110.630137
78870.232871 87.952399 110.630137
78798.123181 87.797803 110.630137
78710.398686 87.796575 110.630137
78639.518793 87.641751 110.630137
137223.850194 49.108764 110.630137
137501.704558 49.005069 110.630137
137414.175785 48.989210 110.630137
138060.955888 48.798308 110.630137
137605.829036 48.869822 110.630137
137151.883050 48.941572 110.630137
137798.809944 48.750600 110.630137
136977.265879 48.909762 110.630137
137256.594693 48.806176 110.630137
137537.104375 48.702802 110.630137
137449.967046 48.686848 110.630137
136995.182707 48.758336 110.630137
136541.579235 48.830061 110.630137
136089.156630 48.902025 110.630137
135637.914891 48.974228 110.630137
135915.322347 48.870066 110.630137
135464.178470 48.942262 110.630137
135377.383654 48.926264 110.630137
135654.937902 48.822051 110.630137
135933.673015 48.718052 110.630137
136213.588996 48.614267 110.630137
136126.989903 48.598208 110.630137
135308.443668 48.757888 110.630137
113606.137220 55.099878 110.630137
136235.182148 48.462439 110.630137
135781.082836 48.533871 110.630137
136062.424337 48.430218 110.630137
135608.422886 48.501642 110.630137
135522.166307 48.485511 110.630137
135803.654598 48.381809 110.630137
134983.235935 48.541025 110.630137
135263.690151 48.437059 110.630137
112829.828005 54.962493 110.630137
135091.617367 48.404705 110.630137
135005.654371 48.388513 110.630137
134553.176301 48.460147 110.630137
134833.875170 48.356098 110.630137
134381.494961 48.427723 110.630137
112024.898070 54.975705 110.630137
134210.009343 48.395258 110.630137
134490.903934 48.291145 110.630137
134038.719447 48.362751 110.630137
133953.147895 48.346482 110.630137
133867.625274 48.330203 110.630137
132689.251187 48.579024 110.630137
133331.294754 48.385747 110.630137
133245.918924 48.369443 110.630137
134260.284037 48.089412 110.630137
133807.310128 48.160739 110.630137
133722.081089 48.144392 110.630137
133270.336977 48.215956 110.630137
133551.769804 48.111666 110.630137
133466.687557 48.095287 110.630137
133015.090236 48.166836 110.630137
133296.669855 48.062498 110.630137
133211.734399 48.046088 110.630137
132760.283870 48.117622 110.630137
133042.010280 48.013236 110.630137
133324.917557 47.909072 110.630137
133609.005701 47.805128 110.630137
133524.314898 47.788656 110.630137
132336.585204 48.035389 110.630137
132618.556266 47.930924 110.630137
109320.829778 54.800320 110.630137
132082.953170 47.985923 110.630137
132365.071024 47.881411 110.630137
132280.673804 47.864885 110.630137
132196.325515 47.848349 110.630137
131015.729953 48.096592 110.630137
132027.775729 47.815245 110.630137
131577.010227 47.886706 110.630137
132227.117605 47.694310 110.630137
131408.754023 47.853548 110.630137
132058.959262 47.661112 110.630137
131607.257546 47.732300 110.630137
130791.304629 47.892033 110.630137
131439.392787 47.699048 110.630137
75844.107326 76.680130 110.630137
75478.995242 77.130639 110.630137
75772.567366 76.512751 110.630137
75497.924677 76.810241 110.630137
75702.355064 76.345216 110.630137
75521.577580 76.489934 110.630137
75247.081683 76.787877 110.630137
75069.797869 76.933558 110.630137
74986.330330 76.926159 110.630137
75091.578344 76.612319 110.630137
74819.542042 76.911337 110.630137
74829.988637 76.750438 110.630137
74560.314068 77.050228 110.630137
74758.393212 76.581962 110.630137
74675.219255 76.574352 110.630137
74785.288598 76.260117 110.630137
74509.018133 76.559106 110.630137
74522.022185 76.397902 110.630137
74248.113454 76.697672 110.630137
74260.083430 76.536173 110.630137
74273.234272 76.374701 110.630137
74190.402829 76.366950 110.630137
74011.589101 76.513164 110.630137
73647.553488 76.968824 110.630137
73657.504244 76.806647 110.630137
73668.635866 76.644492 110.630137
69728.029657 88.148912 110.630137
73598.410496 76.474642 110.630137
73515.921567 76.466912 110.630137
73433.481568 76.459173 110.630137
73256.191219 76.606250 110.630137
72987.446331 76.908987 110.630137
73186.455154 76.435904 110.630137
73200.242094 76.273262 110.630137
73215.209900 76.110651 110.630137
69047.341485 87.483172 110.630137
68965.244000 87.481673 110.630137
68866.399774 87.644268 110.630137
68784.400149 87.642863 110.630137
68686.785720 87.805786 110.630137
68564.684370 88.297964 110.630137
68508.499326 87.967726 110.630137
68401.027635 88.295928 110.630137
68344.940452 87.965295 110.630137
68277.766210 87.799221 110.630137
68168.177438 88.127846 110.630137
68130.164655 87.631567 110.630137
68048.605405 87.630147 110.630137
67951.431351 87.793940 110.630137
67869.969962 87.792616 110.630137
67804.221240 87.625877 110.630137
71923.670472 75.818258 110.630137
67597.947719 88.119964 110.630137
71961.076195 75.490315 110.630137
71779.300498 75.637689 110.630137
71900.382552 75.317944 110.630137
71717.572779 75.465162 110.630137
71841.016567 75.145428 110.630137
71759.995554 75.136852 110.630137
71576.200636 75.283983 110.630137
71393.586585 75.431492 110.630137
71726.267573 74.799978 110.630137
71436.400804 75.102448 110.630137
71564.665920 74.782411 110.630137
71378.851782 74.929286 110.630137
71403.259989 74.764804 110.630137
71217.543713 74.911823 110.630137
71136.963074 74.903076 110.630137
70849.653760 75.207007 110.630137
70975.948587 74.885554 110.630137
70895.514739 74.876778 110.630137
70711.175052 75.024468 110.630137
70426.325333 75.329559 110.630137
70865.812130 74.537802 110.630137
70470.313884 74.998297 110.630137
70599.166166 74.676172 110.630137
70309.984424 74.980800 110.630137
70438.934568 74.658324 110.630137
70253.805458 74.806208 110.630137
70385.117335 74.483767 110.630137
70093.867442 74.788465 110.630137
70225.277181 74.465674 110.630137
70252.781079 74.299934 110.630137
70172.983329 74.290780 110.630137
69774.578578 74.752857 110.630137
69906.184039 74.429363 110.630137
69826.533080 74.420260 110.630137
69431.670930 74.883849 110.630137
69774.728532 74.244850 110.630137
69376.568434 74.708117 110.630137
69402.199904 74.541320 110.630137
69429.012241 74.374585 110.630137
69138.349514 74.681151 110.630137
64349.773819 87.562949 110.630137
64305.237584 87.221793 110.630137
64191.303720 87.559941 110.630137
64112.142065 87.558434 110.630137
68953.601942 74.319431 110.630137
68559.278028 74.785669 110.630137
69011.356382 73.985039 110.630137
68932.390450 73.975622 110.630137
68853.473449 73.966194 110.630137
68558.772282 74.273178 110.630137
68479.953142 74.263895 110.630137
68508.533512 74.096099 110.630137
68322.461653 74.245298 110.630137
68569.236852 73.760724 110.630137
68165.165885 74.226658 110.630137
68412.038946 73.741560 110.630137
68115.416420 74.049052 110.630137
68145.422309 73.880854 110.630137
68176.609066 73.712732 110.630137
67988.615847 73.861770 110.630137
68130.646853 73.534963 110.630137
67832.005107 73.842641 110.630137
67863.387586 73.674140 110.630137
67895.950931 73.505719 110.630137
67381.622881 74.132809 110.630137
67739.731635 73.486166 110.630137
67661.695383 73.476373 110.630137
67583.708061 73.466569 110.630137
67505.769670 73.456753 110.630137
67427.880210 73.446926 110.630137
67461.918005 73.278019 110.630137
67497.136667 73.109198 110.630137
67306.383737 73.258140 110.630137
67455.842457 72.930344 110.630137
67264.055452 73.079079 110.630137
67415.875906 72.751382 110.630137
67108.912627 73.058941 110.630137
66918.404349 73.208243 110.630137
66840.955264 73.198229 110.630137
66990.707568 72.869362 110.630137
66686.203883 73.178165 110.630137
66951.328183 72.689763 110.630137
66874.074819 72.679451 110.630137
66567.454054 72.988092 110.630137
66604.440749 72.818220 110.630137
66759.014381 72.489211 110.630137
66681.956740 72.478768 110.630137
66488.541958 72.627714 110.630137
66182.165845 72.937132 110.630137
66451.077398 72.447369 110.630137
66610.423428 72.118423 110.630137
66653.412319 71.948872 110.630137
66456.846381 72.097075 110.630137
66143.923302 72.405333 110.630137
66184.795112 72.235093 110.630137
65758.959633 72.704659 110.630137
66031.609508 72.213811 110.630137
65955.090102 72.203152 110.630137
66117.091450 71.873273 110.630137
66040.669905 71.862424 110.630137
65725.825467 72.171099 110.630137
65887.973606 71.840686 110.630137
65573.227030 72.149668 110.630137
65856.406846 71.659319 110.630137
65539.494258 71.967941 110.630137
65704.101992 71.637316 110.630137
65628.022960 71.626295 110.630137
65674.058612 71.455648 110.630137
65476.011689 71.604216 110.630137
65522.145202 71.433379 110.630137
65446.261893 71.422224 110.630137
65493.625203 71.251414 110.630137
65294.642066 71.399877 110.630137
64975.905980 71.709199 110.630137
65143.217961 71.377478 110.630137
64945.513552 71.526532 110.630137
64991.989578 71.355027 110.630137
65163.976096 71.023814 110.630137
65213.945793 70.852785 110.630137
65013.041297 71.000956 110.630137
64813.317668 71.149584 110.630137
64862.302219 70.978045 110.630137
64787.006076 70.966569 110.630137
64711.758864 70.955080 110.630137
64762.022143 70.783481 110.630137
64313.883917 71.253347 110.630137
64486.310809 70.920533 110.630137
64411.259319 70.908990 110.630137
64588.311818 70.576899 110.630137
64261.303130 70.885864 110.630137
64438.453490 70.553419 110.630137
64111.542663 70.862685 110.630137
64288.790884 70.529884 110.630137
64470.615781 70.198011 110.630137
64267.049434 70.346011 110.630137
64192.389388 70.334114 110.630137
64246.635643 70.162078 110.630137
64172.073457 70.150072 110.630137
64097.560203 70.138052 110.630137
63639.919576 70.608091 110.630137
63948.680485 70.113971 110.630137
63874.314022 70.101910 110.630137
63929.985796 69.929546 110.630137
63596.870517 70.238439 110.630137
63522.650845 70.226416 110.630137
63707.326781 69.892992 110.630137
63764.326214 69.720496 110.630137
63690.253334 69.708188 110.630137
63485.108141 69.856310 110.630137
63542.254365 69.683529 110.630137
63468.328277 69.671178 110.630137
63394.451119 69.658812 110.630137
63189.501648 69.807200 110.630137
63379.096774 69.473524 110.630137
63438.751524 69.300777 110.630137
63099.431792 69.609206 110.630137
63025.799287 69.596768 110.630137
62952.215712 69.584316 110.630137
62617.570518 69.894694 110.630137
63205.350702 69.077394 110.630137
62864.011751 69.385793 110.630137
63058.526066 69.051905 110.630137
62985.187144 69.039138 110.630137
62911.897152 69.026356 110.630137
62704.139039 69.174277 110.630137
62765.463960 69.000748 110.630137
62692.320760 68.987922 110.630137
62484.709438 69.136038 110.630137
62681.830140 68.801534 110.630137
62473.184743 68.949353 110.630137
62132.335097 69.259211 110.630137
62192.821665 69.084844 110.630137
62390.138089 68.749638 110.630137
62454.118327 68.575888 110.630137
62381.366571 68.562782 110.630137
62171.882821 68.710558 110.630137
62099.228926 68.697500 110.630137
62026.623961 68.684427 110.630137
62090.848852 68.510203 110.630137
61881.560824 68.658236 110.630137
61809.102651 68.645118 110.630137
61873.474334 68.470608 110.630137
62078.071681 68.135544 110.630137
61866.715502 68.282957 110.630137
61933.497849 68.108722 110.630137
61861.284329 68.095288 110.630137
61789.119739 68.081838 110.630137
61577.959282 68.229504 110.630137
61785.114085 67.894044 110.630137
61295.961894 68.364338 110.630137
61500.950685 68.027880 110.630137
52970.448455 86.938690 110.630137
61638.645146 67.678853 110.630137
52826.755373 86.934525 110.630137
61353.741254 67.812351 110.630137
61423.325709 67.637653 110.630137
61210.341754 67.784992 110.630137
61138.715400 67.771289 110.630137
61350.887254 67.435419 110.630137
61279.358761 67.421527 110.630137
60783.953187 67.891875 110.630137
60994.007959 67.554817 110.630137
60922.626258 67.540955 110.630137
60993.734094 67.365797 110.630137
60638.700976 67.674915 110.630137
60851.215344 67.337834 110.630137
60496.280087 67.647233 110.630137
60997.169338 66.987765 110.630137
60495.363590 67.457437 110.630137
60424.324403 67.443460 110.630137
60495.774752 67.267640 110.630137
60282.392819 67.415457 110.630137
60070.191752 67.563797 110.630137
60283.097563 67.225326 110.630137
60355.875571 67.049431 110.630137
60285.129966 67.035199 110.630137
60359.137772 66.859424 110.630137
60143.785549 67.006683 110.630137
60073.186736 66.992400 110.630137
59859.064310 67.140248 110.630137
59788.563358 67.126010 110.630137
59861.683879 66.949451 110.630137
59791.280788 66.935101 110.630137
59434.913478 67.246046 110.630137
59941.162293 66.582448 110.630137
59870.905993 66.567892 110.630137
59510.157729 66.877530 110.630137
59584.703770 66.700714 110.630137
59369.889783 66.848643 110.630137
59444.533685 66.671637 110.630137
59229.817559 66.819688 110.630137
59304.559322 66.642491 110.630137
58946.368514 66.953834 110.630137
58876.503658 66.939375 110.630137
58950.260276 66.761572 110.630137
59025.197762 66.583992 110.630137
58667.202675 66.895896 110.630137
58885.810565 66.554639 110.630137
58527.913339 66.866824 110.630137
58892.455505 66.362298 110.630137
58388.819726 66.837683 110.630137
58462.918857 66.659203 110.630137
58684.035272 66.317799 110.630137
58468.823306 66.466161 110.630137
58254.792207 66.615070 110.630137
58041.941975 66.764525 110.630137
58553.795007 66.095164 110.630137
58337.646827 66.243282 110.630137
58268.515929 66.228325 110.630137
58199.433962 66.213351 110.630137
57984.564510 66.362139 110.630137
58061.416820 66.183349 110.630137
57846.645228 66.332258 110.630137
58070.563751 65.989675 110.630137
58001.726437 65.974534 110.630137
58081.038341 65.796033 110.630137
58012.298888 65.780778 110.630137
57648.539725 66.092915 110.630137
58024.198998 65.587061 110.630137
57955.606336 65.571675 110.630137
57589.730091 65.883307 110.630137
57228.430523 66.196912 110.630137
57600.889709 65.688869 110.630137
57384.392481 65.837448 110.630137
56171.991873 67.149566 110.630137
57395.845681 65.642668 110.630137
57476.827758 65.463461 110.630137
57259.394315 65.611776 110.630137
57191.242028 65.596302 110.630137
57123.138672 65.580810 110.630137
57055.084246 65.565299 110.630137
56987.078750 65.549770 110.630137
56919.122185 65.534222 110.630137
57000.446775 65.354345 110.630137
57082.952232 65.174725 110.630137
57015.142459 65.158967 110.630137
56797.017455 65.307301 110.630137
56879.669703 65.127395 110.630137
56812.006721 65.111581 110.630137
56744.392670 65.095748 110.630137
56526.463388 65.244315 110.630137
56458.947198 65.228521 110.630137
56391.479938 65.212708 110.630137
56174.829384 65.361965 110.630137
56256.692210 65.181026 110.630137
56189.371741 65.165156 110.630137
55972.867979 65.314590 110.630137
56205.241757 64.968401 110.630137
55987.703920 65.117434 110.630137
56070.943335 64.936374 110.630137
56003.867519 64.920331 110.630137
55786.476472 65.069539 110.630137
55869.862679 64.888189 110.630137
54917.727733 65.871301 110.630137
54850.847640 65.855659 110.630137
55669.222398 64.839830 110.630137
55602.440166 64.823672 110.630137
55236.110478 65.139413 110.630137
55469.022492 64.791298 110.630137
55252.022890 64.940972 110.630137
55036.204154 65.091233 110.630137
55269.262960 64.742589 110.630137
55202.774311 64.726314 110.630137
54985.970431 64.876222 110.630137
54919.579642 64.859986 110.630137
55003.601946 64.677371 110.630137
55088.805116 64.495037 110.630137
54871.065021 64.644644 110.630137
54654.505794 64.794843 110.630137
54890.219917 64.445625 110.630137
55130.510716 64.097917 110.630137
55219.354347 63.916253 110.630137
54998.463097 64.064531 110.630137
55087.404589 63.882676 110.630137
54866.611200 64.031064 110.630137
54646.998677 64.180049 110.630137
55045.870774 63.667270 110.630137
54980.116082 63.650316 110.630137
54603.494572 63.963890 110.630137
54692.729648 63.781461 110.630137
54627.121748 63.764521 110.630137
54561.562778 63.747561 110.630137
54652.076582 63.565241 110.630137
54743.771253 63.383226 110.630137
54678.359075 63.366055 110.630137
54299.816205 63.679515 110.630137
54079.609981 63.828566 110.630137
54325.260344 63.479656 110.630137
54260.043888 63.462477 110.630137
54194.876363 63.445277 110.630137
54129.757768 63.428057 110.630137
54221.843883 63.245283 110.630137
53999.667370 63.393555 110.630137
53623.779817 63.709081 110.630137
53869.772694 63.358969 110.630137
53804.898751 63.341645 110.630137
53584.049897 63.490689 110.630137
53519.273815 63.473399 110.630137
53610.570507 63.289547 110.630137
53389.868444 63.438755 110.630137
53325.239155 63.421401 110.630137
53416.682638 63.237260 110.630137
53509.306989 63.053436 110.630137
53131.644869 63.369214 110.630137
53380.390923 63.018281 110.630137
53158.850507 63.167249 110.630137
53251.670579 62.983041 110.630137
52874.204181 63.299335 110.630137
52809.966336 63.281812 110.630137
52590.885514 63.432133 110.630137
52526.745530 63.414644 110.630137
52004.770374 63.904154 110.630137
52092.224348 63.717277 110.630137
52180.859189 63.530716 110.630137
52116.914926 63.513219 110.630137
51598.531302 64.005151 110.630137
51385.452676 64.158737 110.630137
51470.887430 63.970524 110.630137
51257.906665 64.124230 110.630137
51493.803441 63.765178 110.630137
51430.152761 63.747710 110.630137
51216.186851 63.901013 110.630137
51152.634033 63.883582 110.630137
51089.130145 63.866128 110.630137
51025.675188 63.848653 110.630137
50962.269161 63.831156 110.630137
50898.912065 63.813638 110.630137
50985.968061 63.624821 110.630137
50328.043799 64.295639 110.630137
50859.498521 63.589514 110.630137
50496.740761 63.915371 110.630137
50582.860542 63.725717 110.630137
50370.564804 63.880255 110.630137
50307.550222 63.862665 110.630137
50096.484281 64.017915 110.630137
50330.900073 63.654984 110.630137
50268.032282 63.637246 110.630137
49907.880908 63.965192 110.630137
49698.142626 64.121280 110.630137
49782.389979 63.929933 110.630137
49867.818198 63.738912 110.630137
49805.195060 63.721144 110.630137
49157.011316 64.400547 110.630137
49531.995286 63.859148 110.630137
49322.550587 64.015603 110.630137
49260.123171 63.997913 110.630137
49344.713037 63.805824 110.630137
49430.483770 63.614066 110.630137
49368.203145 63.596141 110.630137
49157.871163 63.752297 110.630137
49095.688399 63.734410 110.630137
48740.749798 64.066615 110.630137
48824.501311 63.873446 110.630137
48909.433691 63.680612 110.630137
48847.446649 63.662633 110.630137
48638.540186 63.819764 110.630137
48576.651005 63.801824 110.630137
48514.810755 63.783862 110.630137
48162.478541 64.118237 110.630137
48391.277047 63.747868 110.630137
48329.583588 63.729836 110.630137
48267.939060 63.711782 110.630137
48353.311815 63.517982 110.630137
48291.765148 63.499797 110.630137
48378.367700 63.306235 110.630137
48316.918894 63.287920 110.630137
48255.519018 63.269582 110.630137
47753.263017 63.779654 110.630137
47691.961003 63.761523 110.630137
47342.430897 64.098698 110.630137
47281.226743 64.080695 110.630137
47508.348543 63.706989 110.630137
47447.242251 63.688765 110.630137
47386.184889 63.670516 110.630137
47471.012873 63.474961 110.630137
47557.021725 63.279757 110.630137
47496.111154 63.261267 110.630137
47435.249515 63.242754 110.630137
47374.436806 63.224217 110.630137
47020.868259 63.560533 110.630137
47105.989827 63.364319 110.630137
46754.783014 63.702119 110.630137
46838.870506 63.505220 110.630137
46633.597970 63.665347 110.630137
46573.078844 63.646925 110.630137
46803.149544 63.271462 110.630137
46742.728279 63.252819 110.630137
46682.355944 63.234151 110.630137
46476.196124 63.393949 110.630137
46127.644629 63.734150 110.630137
46210.991629 63.535889 110.630137
46150.815016 63.517299 110.630137
36999.687674 87.234122 110.630137
45744.595433 63.840705 110.630137
45827.006219 63.641519 110.630137
45767.025329 63.622920 110.630137
36774.198050 87.000588 110.630137
45363.461063 63.948153 110.630137
36670.144658 86.770905 110.630137
36627.155161 86.543399 110.630137
36534.959516 86.990775 110.630137
36507.731616 86.537743 110.630137
45492.101694 63.311195 110.630137
45432.512248 63.292310 110.630137
36328.963277 86.529225 110.630137
36252.676021 86.752346 110.630137
45398.741972 63.054881 110.630137
44908.630618 63.579687 110.630137
45280.003454 63.016713 110.630137
44932.430568 63.359954 110.630137
44589.434359 63.705842 110.630137
44530.236357 63.687029 110.630137
44471.087285 63.668191 110.630137
44411.987144 63.649329 110.630137
35736.249299 86.500525 110.630137
35644.787612 86.953396 110.630137
35618.293670 86.494728 110.630137
35559.389251 86.491822 110.630137
35500.533763 86.488911 110.630137
43918.237105 63.719751 110.630137
44140.964882 63.332949 110.630137
44224.696792 63.130657 110.630137
43742.111015 63.662835 110.630137
43683.500179 63.643812 110.630137
43906.423678 63.256168 110.630137
35073.119727 86.698127 110.630137
34998.991947 86.925390 110.630137
43589.722875 63.382591 110.630137
43672.665362 63.178977 110.630137
34809.361599 87.148360 110.630137
34798.084482 86.453605 110.630137
34723.069419 86.681506 110.630137
34681.694630 86.447652 110.630137
34606.777427 86.675929 110.630137
34565.500499 86.441679 110.630137
34475.017423 86.902090 110.630137
34402.510885 87.131534 110.630137
34344.585076 87.129114 110.630137
34273.308336 87.359228 110.630137
34243.412049 86.891622 110.630137
34201.296768 86.656260 110.630137
34143.566681 86.653431 110.630137
34085.885525 86.650598 110.630137
34028.253300 86.647759 110.630137
33955.006270 86.878435 110.630137
33913.135641 86.642068 110.630137
33825.454673 87.107149 110.630137
33782.549968 86.870470 110.630137
33697.230734 87.336735 110.630137
33700.283160 86.396231 110.630137
33582.602380 87.332190 110.630137
33513.093673 87.565114 110.630137
33455.901822 87.563032 110.630137
33398.758902 87.560947 110.630137
41890.833807 63.041194 110.630137
41833.788748 63.021330 110.630137
33267.823312 86.846328 110.630137
41860.022155 62.793836 110.630137
33139.446047 87.077334 110.630137
41606.097816 62.941602 110.630137
41549.297410 62.921602 110.630137
41353.501136 63.090271 110.630137
41859.769399 62.318958 110.630137
41519.366507 62.673187 110.630137
41604.070493 62.465275 110.630137
41547.514739 62.444949 110.630137
41491.007916 62.424596 110.630137
32629.563512 87.054567 110.630137
32587.686349 86.813555 110.630137
32531.326317 86.810793 110.630137
32475.015215 86.808026 110.630137
32418.753044 86.805255 110.630137
32348.008005 87.041765 110.630137
32266.175907 87.518483 110.630137
32265.923850 86.557321 110.630137
32209.857401 86.554323 110.630137
32123.644349 87.031443 110.630137
40731.353602 62.387797 110.630137
32041.951638 86.545295 110.630137
31955.885377 87.023655 110.630137
31914.595380 86.780093 110.630137
31858.822514 86.777273 110.630137
40035.110228 62.856676 110.630137
40117.348085 62.644759 110.630137
31663.865839 87.252488 110.630137
31668.679764 86.282276 110.630137
31596.355879 86.520990 110.630137
31510.681063 87.002683 110.630137
31485.446245 86.514861 110.630137
39784.325598 62.520884 110.630137
40008.214638 62.117835 110.630137
39673.709546 62.479362 110.630137
31264.214142 86.502536 110.630137
31165.433046 87.230588 110.630137
39508.152448 62.416862 110.630137
39732.286141 62.012706 110.630137
39960.996510 61.610848 110.630137
30958.579416 86.976051 110.630137
39288.094678 62.333120 110.630137
39512.424093 61.928077 110.630137
39457.580907 61.906847 110.630137
39402.786652 61.885586 110.630137
39207.864593 62.056260 110.630137
30616.267230 87.205841 110.630137
30622.010835 86.219182 110.630137
30550.616630 86.461874 110.630137
30530.790307 85.966265 110.630137
38934.871927 61.949845 110.630137
39161.905590 61.544087 110.630137
38966.194108 61.714435 110.630137
38911.840228 61.692906 110.630137
38717.358544 61.864175 110.630137
38803.279258 61.649759 110.630137
38749.072169 61.628140 110.630137
38415.692479 61.993422 110.630137
38361.583251 61.971936 110.630137
38169.610092 62.145133 110.630137
38253.511587 61.928874 110.630137
38061.636289 62.102208 110.630137
38424.857176 61.497790 110.630137
38512.301271 61.282975 110.630137
38177.000222 61.647884 110.630137
37846.275849 62.015990 110.630137
37792.558065 61.994359 110.630137
37602.108286 62.168915 110.630137
37823.182150 61.755401 110.630137
29469.133207 85.642346 110.630137
29378.623993 86.139885 110.630137
29252.491867 87.393705 110.630137
29271.726661 86.132832 110.630137
29255.338543 85.626422 110.630137
29165.025051 86.125754 110.630137
29079.288235 86.626596 110.630137
28932.680621 87.379330 110.630137
28746.119522 86.861725 110.630137
28723.380161 86.350923 110.630137
31681.761835 71.687648 110.630137
31628.924800 71.671815 110.630137
31746.692338 71.196700 110.630137
33432.702484 67.160712 110.630137
33487.362821 66.924623 110.630137
35432.867626 63.322233 110.630137
36163.606894 62.085771 110.630137
37507.171101 60.096993 110.630137
40419.129595 56.541201 110.630137
41042.848449 55.806768 110.630137
42217.319115 54.567501 110.630137
42525.692335 54.201681 110.630137
47786.279429 49.855411 110.630137
48591.303821 49.231284 110.630137
49193.943910 48.763341 110.630137
52097.157733 46.890968 110.630137
55692.798786 44.864430 110.630137
56913.256168 44.200500 110.630137
57899.635029 43.674240 110.630137
61902.919961 41.853337 110.630137
63830.617606 41.030040 110.630137
64066.087642 40.891539 110.630137
64592.330877 40.642831 110.630137
64540.570314 40.616064 110.630137
65071.439155 40.369393 110.630137
64147.603647 40.673134 110.630137
65261.150823 40.206649 110.630137
64916.597841 40.288998 110.630137
64865.081930 40.262157 110.630137
64813.614951 40.235294 110.630137
64762.196901 40.208411 110.630137
64128.247308 40.401154 110.630137
63787.334787 40.484748 110.630137
63736.063530 40.457749 110.630137
64265.157804 40.210186 110.630137
63633.667805 40.403685 110.630137
63872.135672 40.266134 110.630137
63531.467803 40.349535 110.630137
64352.614005 39.992572 110.630137
63719.055856 40.184863 110.630137
63668.127112 40.157729 110.630137
64492.815913 39.802379 110.630137
65031.357122 39.558977 110.630137
64391.203078 39.748114 110.630137
66725.124896 38.867821 110.630137
66674.440805 38.840799 110.630137
66623.805644 38.813755 110.630137
66271.175781 38.891579 110.630137
66220.638481 38.864473 110.630137
67079.676817 38.524240 110.630137
66724.929873 38.601031 110.630137
66978.846870 38.470058 110.630137
66624.197787 38.546763 110.630137
66573.905139 38.519598 110.630137
66523.661422 38.492412 110.630137
65868.247435 38.674150 110.630137
65217.410123 38.857699 110.630137
65167.313198 38.830362 110.630137
64521.101493 39.015680 110.630137
63292.358244 39.419447 110.630137
62950.551905 39.500944 110.630137
62900.650702 39.473372 110.630137
63142.654634 39.336792 110.630137
62800.995087 39.418162 110.630137
63043.096880 39.281581 110.630137
63286.379541 39.145524 110.630137
62361.154375 39.444592 110.630137
63187.115370 39.090225 110.630137
63726.928772 38.847341 110.630137
63677.419013 38.819682 110.630137
63627.958184 38.792001 110.630137
63874.930237 38.657514 110.630137
63825.567269 38.629813 110.630137
63479.869282 38.708829 110.630137
62841.232083 38.895992 110.630137
62792.015907 38.868157 110.630137
62449.860520 38.948476 110.630137
61818.161731 39.138405 110.630137
24791.441578 84.698495 110.630137
24444.492301 87.148693 110.630137
24395.667570 87.145839 110.630137
24095.464089 86.293665 110.630137
24019.099140 86.845023 110.630137
23958.446856 87.119892 110.630137
23922.379356 86.838645 110.630137
23887.492722 86.556980 110.630137
23869.450691 85.996503 110.630137
23821.262055 85.992449 110.630137
23742.926817 86.546501 110.630137
23709.367842 86.263567 110.630137
23646.794199 86.539480 110.630137
23573.133497 87.096429 110.630137
23537.457441 86.812873 110.630137
23326.403148 86.232976 110.630137
23311.212155 85.665697 110.630137
23263.610686 85.661257 110.630137
23233.985756 85.374833 110.630137
23205.541692 85.088051 110.630137
23199.601913 84.519092 110.630137
23091.621724 85.360566 110.630137
23104.839350 84.507830 110.630137
23057.531464 84.502181 110.630137
23056.315152 83.931383 110.630137
23033.824353 83.642720 110.630137
22938.356743 84.201880 110.630137
22914.831869 83.912607 110.630137
22892.487862 83.623044 110.630137
22797.167043 84.183891 110.630137
22879.457483 82.760236 110.630137
22726.872519 83.887390 110.630137
22704.724234 83.596620 110.630137
22683.756816 83.305574 110.630137
22562.829488 84.153661 110.630137
22590.266447 83.291672 110.630137
22469.436980 84.141481 110.630137
22422.814121 84.135372 110.630137
22376.240193 84.129251 110.630137
22353.302485 83.836329 110.630137
22219.268878 84.979944 110.630137
23270.978474 76.499578 110.630137
23068.943173 77.313690 110.630137
23125.253358 76.747680 110.630137
23131.990648 76.458310 110.630137
23085.759234 76.444499 110.630137
23093.726321 76.154934 110.630137
22888.539863 76.970687 110.630137
22947.358574 76.402900 110.630137
23183.390101 75.013129 110.630137
23137.403339 74.997893 110.630137
23151.274761 74.709011 110.630137
22986.899291 75.241904 110.630137
22999.736637 74.952004 110.630137
23199.974228 73.843506 110.630137
23154.232118 73.827117 110.630137
23238.344873 73.267596 110.630137
23127.231690 73.522067 110.630137
23147.105307 73.233679 110.630137
23591.535681 71.335571 110.630137
22863.050469 74.018363 110.630137
23283.808040 72.100882 110.630137
23238.408445 72.082814 110.630137
23193.057780 72.064710 110.630137
23218.884662 71.777467 110.630137
23102.503241 72.028397 110.630137
23057.299368 72.010187 110.630137
22942.147745 72.262579 110.630137
22438.759189 74.163217 110.630137
22518.980295 73.594236 110.630137
22348.693956 74.130497 110.630137
20822.971822 84.513908 110.630137
20738.810506 85.103855 110.630137
255516.708098 16.471856 110.630137
257665.038198 16.382692 110.630137
262037.122040 16.223395 110.630137
260515.597280 16.253724 110.630137
260470.931642 16.236866 110.630137
21869.639802 74.558660 110.630137
21063.765593 78.840337 110.630137
21151.133179 77.956041 110.630137
21200.247233 77.364144 110.630137
21204.316138 77.061839 110.630137
21159.944083 77.048044 110.630137
21215.996547 76.457444 110.630137
21386.056765 75.296797 110.630137
21286.549995 75.566971 110.630137
21530.100564 74.129143 110.630137
21309.941212 74.964443 110.630137
21441.894690 74.095669 110.630137
21584.084526 73.232430 110.630137
21669.909849 72.654130 110.630137
21625.978169 72.635961 110.630137
21582.095420 72.617756 110.630137
21741.460023 71.762624 110.630137
21767.671815 71.466134 110.630137
21867.325027 70.894120 110.630137
21897.030488 70.599051 110.630137
21927.916817 70.304390 110.630137
21959.984013 70.010152 110.630137
22071.152310 69.444203 110.630137
21949.740770 69.695381 110.630137
20230.324002 77.370407 110.630137
22100.061464 68.837714 110.630137
20190.943997 77.046818 110.630137
22260.765307 67.986061 110.630137
22388.074297 67.429451 110.630137
22699.571094 66.349829 110.630137
22566.050768 66.588738 110.630137
22797.461320 65.779193 110.630137
23039.108229 64.978004 110.630137
22996.106229 64.953007 110.630137
23248.038426 64.159753 110.630137
23205.134287 64.134111 110.630137
23467.351773 63.349004 110.630137
23633.586972 62.821658 110.630137
23590.829625 62.795007 110.630137
23870.172947 62.024079 110.630137
23827.513461 61.996845 110.630137
23894.517358 61.723421 110.630137
24187.590708 60.963854 110.630137
24259.220211 60.693964 110.630137
24448.436651 60.185120 110.630137
24406.021817 60.156598 110.630137
24599.863864 59.651402 110.630137
24677.348771 59.385786 110.630137
25001.277986 58.653072 110.630137
25083.388499 58.391200 110.630137
25549.856182 57.443135 110.630137
25637.724238 57.186115 110.630137
25595.651918 57.155759 110.630137
25817.002951 56.674737 110.630137
25775.028492 56.644069 110.630137
26136.654120 55.945471 110.630137
26369.471308 55.474723 110.630137
26466.688438 55.225212 110.630137
26285.864903 55.412065 110.630137
26807.105905 54.514018 110.630137
26908.997572 54.268343 110.630137
27157.906522 53.811933 110.630137
27263.291859 53.569193 110.630137
27519.090288 53.118990 110.630137
27477.605134 53.086543 110.630137
27890.657203 52.435211 110.630137
27394.781618 53.021502 110.630137
28588.050762 51.360137 110.630137
29191.231557 50.539129 110.630137
29313.938453 50.311490 110.630137
29272.746882 50.278040 110.630137
29067.656844 50.438907 110.630137
29355.589865 50.017682 110.630137
29480.756356 49.791784 110.630137
29775.578857 49.376709 110.630137
29904.239018 49.153777 110.630137
30034.080046 48.931806 110.630137
29993.230988 48.897810 110.630137
30124.301814 48.676726 110.630137
30782.353788 47.904959 110.630137
31097.844726 47.508138 110.630137
30878.528821 47.654564 110.630137
31559.366315 46.903236 110.630137
31518.810840 46.868747 110.630137
32031.271052 46.307213 110.630137
31990.813439 46.272601 110.630137
32136.990881 46.064290 110.630137
32473.199187 45.685280 110.630137
32813.984169 45.310200 110.630137
33159.345827 44.939021 110.630137
32733.509317 45.240529 110.630137
33078.968836 44.869262 110.630137
33233.363416 44.667611 110.630137
33982.655326 43.975512 110.630137
34142.807448 43.778634 110.630137
34710.138840 43.263677 110.630137
34466.654293 43.387649 110.630137
34630.349016 43.193539 110.630137
35208.014627 42.687008 110.630137
35376.334957 42.496606 110.630137
35756.192941 42.153675 110.630137
