126374.239103 56.277404 184.602740
125690.132382 56.465618 184.602740
125303.590480 56.553133 184.602740
125211.217585 56.539174 184.602740
125118.893621 56.525205 184.602740
124733.630447 56.613012 184.602740
124934.392485 56.497235 184.602740
125136.335391 56.381645 184.602740
125044.207149 56.367614 184.602740
124952.127838 56.353572 184.602740
124565.977379 56.441172 184.602740
124768.116007 56.325457 184.602740
124971.435502 56.209929 184.602740
124584.299898 56.297300 184.602740
124787.717254 56.181711 184.602740
124400.679511 56.269102 184.602740
124308.942714 56.254988 184.602740
124512.506861 56.139305 184.602740
124125.615910 56.226727 184.602740
123739.905826 56.314422 184.602740
124237.736843 56.096805 184.602740
123850.992684 56.184258 184.602740
123759.549469 56.170081 184.602740
123963.407199 56.054212 184.602740
123872.061846 56.039993 184.602740
123485.513409 56.127486 184.602740
123985.901881 55.910024 184.602740
123598.319369 55.997274 184.602740
123803.553688 55.881472 184.602740
123416.069036 55.968742 184.602740
123325.017266 55.954460 184.602740
122644.642334 56.144103 184.602740
123143.060517 55.925864 184.602740
123348.539489 55.809909 184.602740
122961.299490 55.897227 184.602740
122281.120280 56.086993 184.602740
123076.118136 55.766844 184.602740
122689.024928 55.854191 184.602740
122598.364602 55.839824 184.602740
122507.753207 55.825447 184.602740
122417.190741 55.811060 184.602740
122623.061157 55.694857 184.602740
122236.212603 55.782252 184.602740
122145.796929 55.767832 184.602740
122055.430186 55.753402 184.602740
121965.112374 55.738961 184.602740
121874.843492 55.724509 184.602740
122081.007491 55.608122 184.602740
121694.452519 55.695573 184.602740
120721.970195 55.988475 184.602740
120924.885177 55.871310 184.602740
121128.981025 55.754343 184.602740
120451.897507 55.945143 184.602740
120654.959280 55.827884 184.602740
120859.201920 55.710823 184.602740
121064.625427 55.593960 184.602740
120974.845850 55.579401 184.602740
120885.115204 55.564831 184.602740
120795.433488 55.550250 184.602740
120705.800703 55.535658 184.602740
120616.216848 55.521056 184.602740
120526.681924 55.506442 184.602740
120437.195930 55.491818 184.602740
120644.142818 55.374938 184.602740
120554.754685 55.360272 184.602740
120169.031532 55.447880 184.602740
119490.369168 55.638578 184.602740
120286.883870 55.316209 184.602740
119901.307509 55.403844 184.602740
119812.164029 55.389143 184.602740
119427.817465 55.477069 184.602740
119044.651768 55.565277 184.602740
118955.655080 55.550584 184.602740
119160.827400 55.432929 184.602740
119071.928572 55.418193 184.602740
119574.714640 55.198227 184.602740
118894.277709 55.388690 184.602740
119100.777687 55.271144 184.602740
118422.702490 55.462195 184.602740
118334.048315 55.447424 184.602740
118539.563148 55.329550 184.602740
118451.006834 55.314737 184.602740
118068.379373 55.403047 184.602740
117979.920920 55.388233 184.602740
118480.883490 55.167316 184.602740
118097.270884 55.255376 184.602740
118304.211237 55.137552 184.602740
117920.696492 55.225629 184.602740
117832.482692 55.210739 184.602740
118039.569837 55.092821 184.602740
117656.201883 55.180925 184.602740
117863.386889 55.062945 184.602740
117775.368811 55.047990 184.602740
117098.027571 55.239474 184.602740
117599.479446 55.018047 184.602740
117511.608160 55.003059 184.602740
117423.785804 54.988060 184.602740
116453.652145 55.283352 184.602740
116365.927650 55.268390 184.602740
117160.612319 54.942994 184.602740
117072.985685 54.927949 184.602740
116985.407981 54.912893 184.602740
116308.507116 55.104633 184.602740
116810.399366 54.882748 184.602740
116133.596362 55.074544 184.602740
116340.334459 54.955889 184.602740
116548.253422 54.837445 184.602740
115871.597210 55.029326 184.602740
116078.482098 54.910578 184.602740
115991.295838 54.895451 184.602740
115904.158510 54.880313 184.602740
115817.070111 54.865163 184.602740
115730.030644 54.850003 184.602740
115643.040106 54.834830 184.602740
115556.098500 54.819647 184.602740
115469.205824 54.804452 184.602740
115382.362078 54.789245 184.602740
115295.567263 54.774027 184.602740
115208.821378 54.758798 184.602740
115122.124424 54.743557 184.602740
115330.728415 54.624681 184.602740
115244.129322 54.609397 184.602740
114275.218926 54.905891 184.602740
115071.077927 54.578797 184.602740
114102.265392 54.875385 184.602740
114898.222255 54.548150 184.602740
114222.495722 54.740557 184.602740
114136.190212 54.725244 184.602740
114049.933633 54.709919 184.602740
114257.846062 54.590516 184.602740
114466.939358 54.471331 184.602740
113498.469336 54.768248 184.602740
113705.396621 54.648503 184.602740
113913.504772 54.528975 184.602740
113827.541775 54.513561 184.602740
113741.627710 54.498135 184.602740
113655.762574 54.482698 184.602740
113569.946370 54.467249 184.602740
113484.179096 54.451788 184.602740
113104.340674 54.540576 184.602740
113018.671261 54.525111 184.602740
113227.170856 54.405335 184.602740
113141.599304 54.389828 184.602740
113056.076682 54.374309 184.602740
112970.602991 54.358777 184.602740
112591.058153 54.447611 184.602740
112799.802401 54.327680 184.602740
112420.355423 54.416529 184.602740
112629.197532 54.296536 184.602740
111084.687468 54.805952 184.602740
110999.507360 54.790449 184.602740
112079.537130 54.354222 184.602740
112583.826975 54.129868 184.602740
111616.433425 54.427802 184.602740
111824.437181 54.307368 184.602740
111446.513584 54.396569 184.602740
111654.615201 54.276072 184.602740
110694.208991 54.575881 184.602740
111484.988943 54.244729 184.602740
111107.261068 54.333960 184.602740
111315.558407 54.213338 184.602740
111230.916534 54.197625 184.602740
110270.754977 54.497667 184.602740
111355.899659 54.061442 184.602740
110977.284501 54.150413 184.602740
111186.958428 54.029893 184.602740
110808.441131 54.118878 184.602740
111018.212920 53.998297 184.602740
110933.913561 53.982481 184.602740
110555.543055 54.071486 184.602740
109886.497211 54.266208 184.602740
110094.200849 54.144983 184.602740
110303.085354 54.023986 184.602740
110513.150726 53.903219 184.602740
109842.036731 54.097467 184.602740
110051.068027 53.976377 184.602740
109967.160113 53.960483 184.602740
109590.312988 54.049842 184.602740
109799.491076 53.928659 184.602740
109422.741811 54.018032 184.602740
109632.017760 53.896786 184.602740
109255.366357 53.986172 184.602740
109758.860245 53.759787 184.602740
109675.294844 53.743789 184.602740
109591.778374 53.727779 184.602740
109508.310834 53.711757 184.602740
109424.892225 53.695723 184.602740
109047.402468 53.784847 184.602740
108964.081720 53.768807 184.602740
108880.809902 53.752754 184.602740
108797.587015 53.736689 184.602740
109008.533136 53.615368 184.602740
108631.288032 53.704523 184.602740
108255.223795 53.793988 184.602740
108465.184772 53.672307 184.602740
108089.218396 53.761785 184.602740
108593.397311 53.534706 184.602740
108510.516937 53.518536 184.602740
108133.565416 53.607728 184.602740
107465.938557 53.803196 184.602740
107675.061180 53.681061 184.602740
107885.364671 53.559163 184.602740
107217.884603 53.754706 184.602740
107720.142159 53.526725 184.602740
107344.616158 53.616258 184.602740
106389.954422 53.919129 184.602740
107179.687229 53.583782 184.602740
107097.296161 53.567525 184.602740
106432.373549 53.763814 184.602740
106350.080342 53.747570 184.602740
106267.836065 53.731313 184.602740
106476.364988 53.608562 184.602740
106686.074777 53.486053 184.602740
106312.121087 53.575948 184.602740
106230.072532 53.559622 184.602740
106439.929113 53.437019 184.602740
106357.978419 53.420649 184.602740
105984.220451 53.510568 184.602740
106194.223824 53.387871 184.602740
105529.839448 53.584434 184.602740
104296.506764 53.997594 184.602740
105366.378435 53.551654 184.602740
105575.445593 53.428558 184.602740
105203.113144 53.518824 184.602740
104831.961562 53.609410 184.602740
105330.767845 53.379200 184.602740
105249.306456 53.362722 184.602740
105459.750203 53.239746 184.602740
105086.530471 53.329727 184.602740
104714.491605 53.420028 184.602740
104633.225939 53.403517 184.602740
105427.577818 53.067319 184.602740
104761.565666 53.263584 184.602740
104972.302996 53.140422 184.602740
105478.341272 52.911488 184.602740
105103.200180 53.000878 184.602740
105316.348174 52.878181 184.602740
105235.425022 52.861509 184.602740
66946.636896 87.277194 184.602740
66865.811604 87.275548 184.602740
66804.094787 87.107319 184.602740
66723.367357 87.105568 184.602740
66662.880337 86.937082 184.602740
66562.059287 87.102060 184.602740
66501.670128 86.933368 184.602740
66400.946939 87.098543 184.602740
66283.477009 87.431200 184.602740
66220.970769 87.262305 184.602740
66140.585852 87.260641 184.602740
66099.500891 86.924044 184.602740
65979.962810 87.257306 184.602740
65938.975709 86.920298 184.602740
65819.535489 87.253963 184.602740
65739.395225 87.252288 184.602740
65659.303891 87.250612 184.602740
65598.321032 87.080831 184.602740
65518.327559 87.079048 184.602740
65438.383016 87.077263 184.602740
65358.487405 87.075476 184.602740
103467.495083 52.491447 184.602740
103387.697332 52.474477 184.602740
65119.094152 87.070100 184.602740
103228.248622 52.440496 184.602740
64959.743303 87.066506 184.602740
64880.141274 87.064705 184.602740
102989.442535 52.389427 184.602740
102909.938368 52.372378 184.602740
102536.363053 52.461902 184.602740
102456.956746 52.444843 184.602740
102084.611228 52.534698 184.602740
102887.663016 52.197718 184.602740
64240.318770 87.901269 184.602740
64147.708323 88.070047 184.602740
64056.278743 88.239068 184.602740
63819.087364 88.235797 184.602740
63673.472356 88.062871 184.602740
63594.604285 88.061670 184.602740
63515.785145 88.060467 184.602740
63464.946597 87.717256 184.602740
63371.693518 87.886928 184.602740
63293.021169 87.885615 184.602740
63228.929550 87.712997 184.602740
63332.078388 86.171097 184.602740
63205.246315 86.510857 184.602740
63150.356978 86.337478 184.602740
63122.499670 85.992770 184.602740
63071.104003 85.819061 184.602740
62992.774168 85.816458 184.602740
62914.493263 85.813852 184.602740
62758.707802 86.326052 184.602740
62815.440252 85.465581 184.602740
62708.059167 85.634343 184.602740
62601.858950 85.803393 184.602740
62551.937733 85.628888 184.602740
62445.835376 85.798144 184.602740
62340.913886 85.967687 184.602740
62237.173263 86.137513 184.602740
62212.166994 85.790246 184.602740
62134.375395 85.787607 184.602740
62084.747761 85.612440 184.602740
61926.104726 86.127810 184.602740
61699.195999 87.337412 184.602740
61604.804450 87.509212 184.602740
61497.061969 87.854949 184.602740
61466.555159 87.332375 184.602740
61372.310401 87.504496 184.602740
61541.919133 85.593094 184.602740
61234.354693 87.327318 184.602740
61387.265614 85.587536 184.602740
61079.799034 87.323936 184.602740
61323.944540 85.061322 184.602740
61246.789037 85.058204 184.602740
61169.682465 85.055083 184.602740
61061.113979 85.225744 184.602740
61015.616112 85.048828 184.602740
60876.766579 85.393792 184.602740
60830.234637 85.216671 184.602740
60784.883562 85.039417 184.602740
60740.713353 84.862032 184.602740
60631.306514 85.033122 184.602740
60587.234166 84.855511 184.602740
60544.342686 84.677771 184.602740
60433.950702 84.848973 184.602740
60357.382365 84.845698 184.602740
60216.709335 85.192308 184.602740
60171.749703 85.014144 184.602740
60063.817314 85.186179 184.602740
60018.955544 85.007785 184.602740
59975.274641 84.829260 184.602740
59898.999887 84.825960 184.602740
59790.131284 84.998217 184.602740
59713.954391 84.995020 184.602740
59606.315585 85.167696 184.602740
59561.747398 84.988612 184.602740
59394.580574 85.513978 184.602740
59409.736127 84.982189 184.602740
59366.446668 84.802741 184.602740
59257.920578 84.975749 184.602740
59182.086200 84.972522 184.602740
59106.300751 84.969292 184.602740
59063.207014 84.789380 184.602740
58954.876647 84.962819 184.602740
58847.727146 85.136576 184.602740
58772.137420 85.133441 184.602740
58696.596624 85.130303 184.602740
58314.469993 87.439861 184.602740
58208.831524 87.795165 184.602740
58180.428726 87.258017 184.602740
58088.287981 87.434878 184.602740
58231.885689 85.648483 184.602740
58214.000484 85.289391 184.602740
58109.555230 85.464545 184.602740
58034.405879 85.461603 184.602740
58050.442181 84.923628 184.602740
57884.253967 85.455709 184.602740
57966.805628 84.560381 184.602740
57825.434502 84.913736 184.602740
57750.529803 84.910429 184.602740
57742.091532 84.549774 184.602740
57667.284694 84.546230 184.602740
57558.752070 84.721531 184.602740
57517.817810 84.539127 184.602740
57409.383047 84.714649 184.602740
57302.129151 84.890502 184.602740
57293.984463 84.528437 184.602740
57185.696491 84.704293 184.602740
57179.913537 84.341852 184.602740
57105.498144 84.338155 184.602740
57031.131680 84.334452 184.602740
56921.907495 84.510529 184.602740
56749.710551 85.047271 184.602740
56773.419221 84.503333 184.602740
56734.155133 84.319595 184.602740
56591.351952 84.676477 184.602740
56585.960443 84.312137 184.602740
56511.936493 84.308401 184.602740
56403.054821 84.485260 184.602740
56364.035386 84.300913 184.602740
56290.158228 84.297162 184.602740
56252.368590 84.112568 184.602740
56107.644050 84.470716 184.602740
56068.820337 84.285880 184.602740
55926.457531 84.644833 184.602740
55957.544985 84.097024 184.602740
55847.922821 84.274553 184.602740
55810.426766 84.089221 184.602740
55700.902463 84.266976 184.602740
55663.504269 84.081398 184.602740
55590.116417 84.077478 184.602740
55553.948020 83.891653 184.602740
55443.487503 84.069624 184.602740
55370.246442 84.065689 184.602740
55297.054311 84.061749 184.602740
55187.872521 84.240301 184.602740
55187.987367 83.871356 184.602740
55077.771502 84.049897 184.602740
55041.945619 83.863200 184.602740
54968.998141 83.859114 184.602740
54858.929068 84.037997 184.602740
54786.079451 84.034021 184.602740
54750.449290 83.846822 184.602740
54677.697534 83.842714 184.602740
54567.824183 84.022058 184.602740
54570.643276 83.651030 184.602740
54422.565324 84.014056 184.602740
54425.482278 83.642534 184.602740
54277.502186 84.006033 184.602740
54280.517002 83.634016 184.602740
54132.634771 83.997989 184.602740
53989.329216 84.362942 184.602740
54025.133604 83.805494 184.602740
53915.700627 83.985882 184.602740
53807.448517 84.166634 184.602740
53808.493043 83.792988 184.602740
53736.377384 83.788808 184.602740
53664.310655 83.784623 184.602740
53592.292857 83.780431 184.602740
53520.323989 83.776234 184.602740
53448.404052 83.772032 184.602740
53376.533046 83.767824 184.602740
53304.710970 83.763610 184.602740
53195.767298 83.945171 184.602740
53088.004493 84.127102 184.602740
53167.275185 83.379278 184.602740
52980.741444 83.932850 184.602740
52946.334547 83.742456 184.602740
52993.109250 83.179817 184.602740
52730.117376 84.107135 184.602740
52809.632720 83.356797 184.602740
52778.817354 83.165919 184.602740
52666.918248 83.347762 184.602740
52595.634408 83.343235 184.602740
52524.399498 83.338702 184.602740
52453.213518 83.334163 184.602740
52304.339609 83.704015 184.602740
52310.988351 83.325066 184.602740
52162.212303 83.695409 184.602740
52168.958906 83.315945 184.602740
52098.017579 83.311375 184.602740
51987.690785 83.494557 184.602740
51956.281718 83.302216 184.602740
51846.052784 83.485638 184.602740
51814.741578 83.293032 184.602740
51826.309510 82.912342 184.602740
51755.661766 82.907482 184.602740
51685.062953 82.902614 184.602740
51614.513070 82.897740 184.602740
51544.012118 82.892860 184.602740
51473.560097 82.887973 184.602740
51403.157006 82.883079 184.602740
51332.802845 82.878178 184.602740
51262.497615 82.873271 184.602740
51192.241316 82.868357 184.602740
51122.033947 82.863436 184.602740
51094.705716 82.669296 184.602740
51024.596208 82.664234 184.602740
50954.535631 82.659165 184.602740
50928.486128 82.464654 184.602740
50814.561268 82.649005 184.602740
50744.647482 82.643915 184.602740
50674.782626 82.638818 184.602740
50604.966702 82.633714 184.602740
50579.161851 82.438525 184.602740
50465.481644 82.623484 184.602740
50439.774654 82.428024 184.602740
50326.192308 82.613226 184.602740
50300.583180 82.417493 184.602740
50231.060838 82.412216 184.602740
50074.795075 82.788804 184.602740
50048.200802 82.592625 184.602740
50022.787396 82.396343 184.602740
49998.554857 82.199965 184.602740
49840.220943 82.577099 184.602740
49860.048409 82.189071 184.602740
49745.774501 82.375077 184.602740
49721.737684 82.178147 184.602740
49607.561636 82.364399 184.602740
49538.528600 82.359049 184.602740
49514.638574 82.161703 184.602740
49356.647174 82.540619 184.602740
49423.043170 81.958630 184.602740
49176.093407 82.722856 184.602740
49239.191455 82.139672 184.602740
49216.678019 81.941677 184.602740
49147.987496 81.936010 184.602740
49126.703857 81.737787 184.602740
49058.111195 81.731973 184.602740
48942.209511 81.918962 184.602740
48921.072663 81.720320 184.602740
48852.626793 81.714481 184.602740
48784.229853 81.708634 184.602740
48668.523891 81.896120 184.602740
48600.224812 81.890390 184.602740
48485.748647 82.078445 184.602740
48559.621289 81.491613 184.602740
48442.979112 81.679275 184.602740
48374.875755 81.673378 184.602740
48259.463376 81.861615 184.602740
48100.137784 82.244950 184.602740
48170.859269 81.655639 184.602740
48102.951634 81.649709 184.602740
47941.508960 82.033318 184.602740
47967.283157 81.637824 184.602740
47948.012203 81.437115 184.602740
47831.810401 81.625905 184.602740
47764.147419 81.619933 184.602740
47745.023257 81.418795 184.602740
47628.968247 81.607964 184.602740
47659.563772 81.211310 184.602740
47542.474686 81.400397 184.602740
47475.056357 81.394246 184.602740
47359.197069 81.583924 184.602740
47109.236406 82.363725 184.602740
47224.605063 81.571852 184.602740
47205.872345 81.369558 184.602740
47138.698668 81.363364 184.602740
47171.949510 80.964742 184.602740
47156.759393 80.762230 184.602740
47037.846809 80.951764 184.602740
46970.868854 80.945260 184.602740
46903.939830 80.938748 184.602740
46837.059737 80.932226 184.602740
46770.228573 80.925696 184.602740
46703.446341 80.919155 184.602740
46636.713039 80.912606 184.602740
46519.274905 81.103384 184.602740
46452.639464 81.096954 184.602740
46541.710049 80.498333 184.602740
46370.269136 80.886313 184.602740
46253.026724 81.077606 184.602740
46237.340767 80.873110 184.602740
46222.835677 80.668547 184.602740
46263.661026 80.266291 184.602740
46143.218527 80.457011 184.602740
46131.124101 80.252182 184.602740
45957.761829 80.641434 184.602740
45944.633328 80.436216 184.602740
45932.685694 80.230942 184.602740
45759.470213 80.620996 184.602740
45746.488504 80.415331 184.602740
45524.880994 81.005948 184.602740
45614.636607 80.401358 184.602740
45548.784054 80.394356 184.602740
45378.077098 80.786358 184.602740
45417.225740 80.380322 184.602740
45351.519979 80.373290 184.602740
45232.845513 80.566061 184.602740
45064.598153 80.959750 184.602740
45154.696279 80.352132 184.602740
45089.186240 80.345058 184.602740
44769.956320 81.342158 184.602740
45012.462524 80.130600 184.602740
44947.099277 80.123355 184.602740
44881.784960 80.116099 184.602740
44871.801081 79.908372 184.602740
44751.303117 80.101555 184.602740
44741.417099 79.893524 184.602740
44621.016997 80.086969 184.602740
44501.797761 80.280934 184.602740
44383.759393 80.475417 184.602740
44371.805224 80.266570 184.602740
44361.031923 80.057669 184.602740
44296.157980 80.050317 184.602740
44231.332968 80.042954 184.602740
44166.556887 80.035581 184.602740
44101.829736 80.028197 184.602740
44092.433024 79.818631 184.602740
43972.522226 80.013396 184.602740
43963.223375 79.803521 184.602740
43898.691946 79.795949 184.602740
43834.209448 79.788366 184.602740
43714.494373 79.983663 184.602740
43705.391243 79.773167 184.602740
43585.774029 79.968730 184.602740
43467.337682 80.164829 184.602740
43247.442741 80.770153 184.602740
43338.910921 80.150122 184.602740
43274.770937 80.142752 184.602740
43264.829454 79.931206 184.602740
43256.068838 79.719614 184.602740
43136.794137 79.916118 184.602740
43184.544826 79.500128 184.602740
43008.954543 79.900986 184.602740
43056.803093 79.484387 184.602740
42936.592178 79.681021 184.602740
42929.257082 79.468600 184.602740
42809.144028 79.665503 184.602740
42636.062270 80.068451 184.602740
42626.610092 79.855318 184.602740
42618.338782 79.642140 184.602740
42392.386180 80.252144 184.602740
42491.379937 79.626507 184.602740
42372.692402 79.824645 184.602740
42364.616814 79.610826 184.602740
42357.722092 79.396971 184.602740
42238.049413 79.595099 184.602740
42231.252552 79.380922 184.602740
42111.677734 79.579325 184.602740
42104.978735 79.364825 184.602740
41985.501778 79.563503 184.602740
41978.900639 79.348680 184.602740
41645.187131 80.378525 184.602740
41796.604821 79.539681 184.602740
41519.402618 80.363823 184.602740
41670.918170 79.523740 184.602740
41552.866732 79.723677 184.602740
41490.145733 79.715828 184.602740
41427.473664 79.707967 184.602740
41364.850526 79.700094 184.602740
41302.276318 79.692210 184.602740
41239.751040 79.684313 184.602740
41177.274693 79.676405 184.602740
41114.847277 79.668484 184.602740
40998.319220 79.869976 184.602740
41045.420744 79.443309 184.602740
40927.858611 79.644650 184.602740
40865.626917 79.636682 184.602740
40803.444153 79.628701 184.602740
40634.143114 80.041378 184.602740
40572.058211 80.033683 184.602740
40563.039874 79.815192 184.602740
40501.052832 79.807318 184.602740
40386.097086 80.010530 184.602740
40221.568445 80.426117 184.602740
40315.385291 79.783623 184.602740
40200.576336 79.987269 184.602740
40246.001153 79.556321 184.602740
40130.158123 79.759818 184.602740
40122.663167 79.540101 184.602740
40061.067569 79.531972 184.602740
39945.371331 79.735904 184.602740
39938.023166 79.515677 184.602740
39931.855867 79.295413 184.602740
39815.174484 79.499332 184.602740
39646.656333 79.916840 184.602740
39747.803033 79.270364 184.602740
39577.118870 79.687743 184.602740
39570.064288 79.466489 184.602740
39454.759494 79.671589 184.602740
39393.653201 79.663494 184.602740
39442.026918 79.228359 184.602740
39271.587408 79.647265 184.602740
39210.627908 79.639132 184.602740
38994.060242 80.275154 184.602740
39088.855698 79.622828 184.602740
39082.192560 79.400192 184.602740
38967.279210 79.606473 184.602740
38906.564362 79.598276 184.602740
38845.898444 79.590066 184.602740
38785.281457 79.581844 184.602740
38778.862972 79.358335 184.602740
38664.194274 79.565361 184.602740
38603.724079 79.557100 184.602740
38597.452385 79.333064 184.602740
38429.912844 79.756765 184.602740
38422.607075 79.532239 184.602740
38257.429269 79.957331 184.602740
38146.449963 80.166643 184.602740
38036.651525 80.376562 184.602740
38026.145669 80.150946 184.602740
37966.066918 80.143078 184.602740
37856.415271 80.353462 184.602740
37654.360521 81.002710 184.602740
37688.012531 80.556885 184.602740
37489.451452 81.208114 184.602740
37568.295403 80.541713 184.602740
37369.832185 81.193943 184.602740
37401.416044 80.746335 184.602740
37341.728737 80.738877 184.602740
37427.560029 80.071708 184.602740
37367.970582 80.063715 184.602740
37308.430067 80.055709 184.602740
37150.826766 80.488228 184.602740
37189.495827 80.039658 184.602740
37031.990388 80.472837 184.602740
37021.135483 80.244193 184.602740
36961.839620 80.236294 184.602740
36952.214514 80.007403 184.602740
36893.016512 79.999307 184.602740
36688.397772 80.656050 184.602740
36725.145473 80.204572 184.602740
36570.246420 80.640832 184.602740
36656.713809 79.966792 184.602740
36597.760459 79.958631 184.602740
36440.744325 80.395133 184.602740
36430.378726 80.164631 184.602740
36275.724326 80.602573 184.602740
36312.814541 80.148564 184.602740
36205.615955 80.363699 184.602740
36195.446078 80.132445 184.602740
36088.345353 80.347905 184.602740
36127.895162 79.892863 184.602740
35877.686503 80.780732 184.602740
36010.918143 79.876288 184.602740
35854.391315 80.316163 184.602740
35894.136847 79.859659 184.602740
35690.349926 80.525116 184.602740
35777.551272 79.842975 184.602740
35527.636195 80.735027 184.602740
35611.539593 80.051061 184.602740
35603.039888 79.817848 184.602740
35595.721050 79.584584 184.602740
35537.697381 79.575989 184.602740
35428.968880 79.792598 184.602740
35321.421245 80.009869 184.602740
35313.166193 79.775695 184.602740
35255.338246 79.767223 184.602740
35197.559229 79.758737 184.602740
35139.829142 79.750238 184.602740
35032.526161 79.968337 184.602740
34879.046093 80.414526 184.602740
34917.310640 79.951629 184.602740
34859.776276 79.943254 184.602740
34851.912668 79.707528 184.602740
34845.229927 79.471753 184.602740
34638.976876 80.146069 184.602740
34679.749949 79.681733 184.602740
34572.838412 79.901171 184.602740
34467.107741 80.121286 184.602740
34409.915890 80.112997 184.602740
34352.772970 80.104695 184.602740
34344.168870 79.867253 184.602740
34145.049952 80.547625 184.602740
34230.127682 79.850210 184.602740
34077.332642 80.301350 184.602740
34067.792327 80.062975 184.602740
33963.585037 80.284965 184.602740
34052.254299 79.586046 184.602740
33945.880997 79.807351 184.602740
33889.178451 79.798737 184.602740
33784.034947 80.020906 184.602740
33633.846292 80.475398 184.602740
33719.364398 79.772806 184.602740
33712.479400 79.533110 184.602740
33606.399681 79.755446 184.602740
33501.500829 79.978482 184.602740
33445.140798 79.969955 184.602740
33486.941411 79.497522 184.602740
33381.057415 79.720552 184.602740
33374.466000 79.479639 184.602740
33268.679865 79.703016 184.602740
33164.074596 79.927100 184.602740
33206.119862 79.452700 184.602740
33100.480518 79.676601 184.602740
32996.022041 79.901214 184.602740
32988.592273 79.658916 184.602740
32884.231657 79.883882 184.602740
32828.409861 79.875195 184.602740
32870.748711 79.398412 184.602740
32765.402950 79.623367 184.602740
32567.654086 80.319271 184.602740
32654.101871 79.605501 184.602740
32598.524727 79.596546 184.602740
32494.506625 79.822757 184.602740
32439.027342 79.813965 184.602740
32336.239037 80.041077 184.602740
32376.705458 79.560570 184.602740
32321.372967 79.551538 184.602740
32266.089407 79.542490 184.602740
32260.476603 79.297435 184.602740
32155.669078 79.524348 184.602740
32052.042419 79.751998 184.602740
32045.444470 79.506143 184.602740
31990.405562 79.497018 184.602740
31839.567742 79.962904 184.602740
31880.474538 79.478719 184.602740
31638.414482 80.422593 184.602740
31770.739236 79.460357 184.602740
31667.455091 79.689280 184.602740
31612.709767 79.680259 184.602740
31510.655419 79.910110 184.602740
31409.781939 80.140703 184.602740
31355.183406 80.132037 184.602740
31394.217773 79.644015 184.602740
31292.359148 79.874608 184.602740
31333.755249 79.386272 184.602740
31230.862548 79.616667 184.602740
31176.508667 79.607519 184.602740
31122.203717 79.598356 184.602740
31116.437587 79.348842 184.602740
31062.230498 79.339443 184.602740
31008.072340 79.330028 184.602740
31003.584938 79.080036 184.602740
30949.524640 79.070386 184.602740
30703.817588 80.026856 184.602740
30841.550837 79.051035 184.602740
30787.637331 79.041334 184.602740
30635.661040 79.515157 184.602740
30534.487442 79.748380 184.602740
30528.078681 79.496489 184.602740
30572.472612 79.002360 184.602740
30420.692044 79.477755 184.602740
30367.072121 79.468364 184.602740
30313.501129 79.458956 184.602740
30308.468956 79.206124 184.602740
30304.617651 78.953255 184.602740
30201.571624 79.186809 184.602740
30148.196354 79.177126 184.602740
29999.022172 79.656294 184.602740
29945.744763 79.646995 184.602740
29892.516284 79.637680 184.602740
29886.694689 79.383088 184.602740
29882.053961 79.128452 184.602740
30034.251195 78.141627 184.602740
30983.443940 74.293806 184.602740
32404.336327 70.127465 184.602740
32444.036839 69.885497 184.602740
33916.514344 66.570260 184.602740
34199.312285 65.909382 184.602740
34492.346584 65.254045 184.602740
36728.477797 61.555202 184.602740
38863.333790 58.648501 184.602740
39121.608227 58.252709 184.602740
43153.168981 53.991260 184.602740
44033.556151 53.135302 184.602740
46743.814907 50.876770 184.602740
47104.159338 50.542562 184.602740
48103.546617 49.757867 184.602740
51146.741452 47.695038 184.602740
52253.760546 46.971345 184.602740
56609.365915 44.561121 184.602740
59164.444532 43.291336 184.602740
61555.624683 42.192800 184.602740
62338.340513 41.818355 184.602740
62566.823208 41.676752 184.602740
64221.809706 40.971738 184.602740
64458.313817 40.833766 184.602740
64117.946066 40.918294 184.602740
64934.864639 40.559340 184.602740
65762.019570 40.204901 184.602740
65416.138929 40.286930 184.602740
65364.427297 40.260191 184.602740
65312.764595 40.233431 184.602740
65555.270901 40.097971 184.602740
65209.585982 40.179847 184.602740
64865.081930 40.262157 184.602740
64521.758745 40.344904 184.602740
63601.563699 40.649770 184.602740
63262.866120 40.734376 184.602740
63787.334787 40.484748 184.602740
62874.078150 40.792387 184.602740
63974.433535 40.320207 184.602740
63057.878950 40.626205 184.602740
63872.135672 40.266134 184.602740
64403.640610 40.019627 184.602740
64645.602146 39.883617 184.602740
63719.055856 40.184863 184.602740
64543.695727 39.829480 184.602740
65082.188006 39.586060 184.602740
65625.256960 39.344655 184.602740
65873.122830 39.211178 184.602740
66122.169568 39.078203 184.602740
65771.705717 39.157026 184.602740
66321.762011 38.918665 184.602740
66573.219413 38.786691 184.602740
68358.714570 38.140318 184.602740
68618.193388 38.011786 184.602740
67948.951511 38.188362 184.602740
67898.561003 38.161330 184.602740
66928.505292 38.442936 184.602740
66270.729570 38.623876 184.602740
65918.442221 38.701401 184.602740
65267.555979 38.885015 184.602740
64324.862462 39.177580 184.602740
64571.149488 39.043082 184.602740
64818.617380 38.909097 184.602740
64471.102428 38.988257 184.602740
63535.396252 39.283393 184.602740
64371.251091 38.933346 184.602740
64025.014868 39.012846 184.602740
64271.595476 38.878350 184.602740
63630.205100 39.065203 184.602740
64469.651470 38.716842 184.602740
64122.479033 38.795697 184.602740
64072.871412 38.768103 184.602740
63431.676758 38.954692 184.602740
63088.046921 39.034838 184.602740
63038.586092 39.007113 184.602740
62404.329848 39.196446 184.602740
62646.823085 39.059861 184.602740
62305.652843 39.140797 184.602740
61965.663468 39.222176 184.602740
61916.447292 39.194275 184.602740
61577.687714 39.276057 184.602740
60666.584019 39.580253 184.602740
24640.280534 87.160053 184.602740
23958.446856 87.119892 184.602740
23922.379356 86.838645 184.602740
23874.092860 86.835446 184.602740
23813.587368 87.111138 184.602740
23805.598320 86.271137 184.602740
23807.845630 85.431035 184.602740
23759.754856 85.426403 184.602740
23730.772557 85.142845 184.602740
23682.779644 85.137914 184.602740
23565.389102 86.252153 184.602740
23489.562389 86.809622 184.602740
23455.116130 86.525352 184.602740
23389.766213 85.955592 184.602740
256743.113776 17.503884 184.602740
23329.139763 85.384295 184.602740
255921.342144 17.495721 184.602740
255873.789605 17.478824 184.602740
256552.805762 17.436387 184.602740
23199.601913 84.519092 184.602740
257914.380676 17.351851 184.602740
23083.515933 84.790234 184.602740
23128.293333 83.655770 184.602740
23056.315152 83.931383 184.602740
23033.824353 83.642720 184.602740
22986.663259 83.636174 184.602740
22992.385356 83.064583 184.602740
22945.322123 83.057439 184.602740
22871.324722 83.333206 184.602740
22798.508187 83.609859 184.602740
22804.426007 83.035919 184.602740
22757.558496 83.028716 184.602740
22738.854950 82.737767 184.602740
22751.711179 82.163299 184.602740
22674.611552 82.438763 184.602740
22543.594658 83.284700 184.602740
22523.954898 82.992478 184.602740
22399.827483 83.842758 184.602740
22458.971008 82.692411 184.602740
22384.379906 82.970555 184.602740
23928.880257 73.517788 184.602740
24016.835729 72.967955 184.602740
24180.496494 72.155933 184.602740
23473.867120 74.816993 184.602740
23810.261887 73.184011 184.602740
23900.676955 72.633451 184.602740
24368.290826 70.771221 184.602740
24400.126438 70.491775 184.602740
24276.170511 70.733335 184.602740
24077.739089 71.238741 184.602740
24031.801258 71.220148 184.602740
23985.912357 71.201519 184.602740
23719.894919 71.977626 184.602740
23602.975263 72.226379 184.602740
23924.195600 70.881694 184.602740
23878.502421 70.862700 184.602740
23909.646472 70.580342 184.602740
23864.051154 70.561054 184.602740
23741.716469 70.805497 184.602740
23850.927545 70.259234 184.602740
23805.479019 70.239615 184.602740
23682.159189 70.483531 184.602740
23560.020226 70.728713 184.602740
23669.427024 70.180534 184.602740
23546.253986 70.424997 184.602740
23658.022518 69.877382 184.602740
23455.895169 70.385787 184.602740
21599.532522 78.682414 184.602740
21469.946962 79.247326 184.602740
22348.693956 74.130497 184.602740
22242.793546 74.392069 184.602740
22021.851306 75.215108 184.602740
22213.963085 74.081171 184.602740
259868.368155 16.311145 184.602740
261298.150976 16.246954 184.602740
261253.436407 16.230121 184.602740
265659.576200 16.073182 184.602740
250937.412480 16.532465 184.602740
251615.968659 16.490885 184.602740
253021.093532 16.425152 184.602740
255159.578719 16.335748 184.602740
255115.157734 16.318721 184.602740
21159.944083 77.048044 184.602740
21165.242785 76.745491 184.602740
21330.775258 75.582265 184.602740
21286.549995 75.566971 184.602740
21411.613994 74.695841 184.602740
21426.163909 74.395649 184.602740
21564.909005 73.531082 184.602740
21520.879464 73.513763 184.602740
21476.898854 73.496409 184.602740
21625.978169 72.635961 184.602740
21716.429098 72.059464 184.602740
21672.595279 72.040712 184.602740
21767.671815 71.466134 184.602740
21867.325027 70.894120 184.602740
21751.377446 71.150397 184.602740
21779.999902 70.854368 184.602740
21959.984013 70.010152 184.602740
21916.443777 69.989457 184.602740
22027.661005 69.423001 184.602740
21984.218630 69.401758 184.602740
21940.825186 69.380472 184.602740
22056.716950 68.815930 184.602740
22260.765307 67.986061 184.602740
22388.074297 67.429451 184.602740
22699.571094 66.349829 184.602740
22476.811170 66.852579 184.602740
22797.461320 65.779193 184.602740
22848.177733 65.494809 184.602740
22996.106229 64.953007 184.602740
23050.316312 64.670805 184.602740
23205.134287 64.134111 184.602740
23467.351773 63.349004 184.602740
23220.031762 63.828263 184.602740
23697.048268 62.545973 184.602740
23870.172947 62.024079 184.602740
23719.030945 62.243957 184.602740
23784.902905 61.969561 184.602740
23962.702121 61.450769 184.602740
24259.220211 60.693964 184.602740
24332.030581 60.424876 184.602740
24406.021817 60.156598 184.602740
24363.655914 60.128027 184.602740
24798.282587 59.150217 184.602740
24878.080297 58.886464 184.602740
25083.388499 58.391200 184.602740
25293.273377 57.900018 184.602740
25507.734931 57.412938 184.602740
25595.651918 57.155759 184.602740
25950.388067 56.451159 184.602740
26042.930660 56.197863 184.602740
26136.654120 55.945471 184.602740
26094.777522 55.914404 184.602740
26189.730779 55.662777 184.602740
25875.522129 56.073885 184.602740
26807.105905 54.514018 184.602740
27053.702052 54.055610 184.602740
27452.975163 53.392003 184.602740
27116.323507 53.779799 184.602740
27519.090288 53.118990 184.602740
27779.465393 52.672989 184.602740
27738.029169 52.640360 184.602740
28157.921787 51.995418 184.602740
27503.807417 52.781365 184.602740
28706.180983 51.128393 184.602740
28987.175594 50.701139 184.602740
29272.746882 50.278040 184.602740
29562.894845 49.859080 184.602740
29521.801136 49.825455 184.602740
29480.756356 49.791784 184.602740
29439.760508 49.758065 184.602740
29904.239018 49.153777 184.602740
29863.341030 49.119859 184.602740
30165.101940 48.710797 184.602740
30297.304702 48.490751 184.602740
30605.955091 48.087786 184.602740
30565.252825 48.053544 184.602740
30878.528821 47.654564 184.602740
31016.586987 47.439393 184.602740
31518.810840 46.868747 184.602740
31845.816864 46.481861 184.602740
32177.399563 46.098955 184.602740
32136.990881 46.064290 184.602740
32284.349190 45.856929 184.602740
32622.870299 45.479861 184.602740
32773.722278 45.275386 184.602740
33119.132866 44.904163 184.602740
32885.591094 45.036953 184.602740
33233.363416 44.667611 184.602740
33585.712414 44.302139 184.602740
33942.638088 43.940506 184.602740
34304.140437 43.582680 184.602740
34874.916569 43.070541 184.602740
35247.836144 42.722096 184.602740
35208.014627 42.687008 184.602740
35585.559808 42.342245 184.602740
35336.611301 42.461455 184.602740
