97285.183535 58.822748 293.095890
97208.959045 58.809158 293.095890
97132.775371 58.795557 293.095890
97726.561077 58.458849 293.095890
96980.530473 58.768322 293.095890
97126.834544 58.646690 293.095890
96828.448841 58.741045 293.095890
96752.469249 58.727390 293.095890
96676.530473 58.713724 293.095890
96600.632514 58.700048 293.095890
95210.412355 59.340383 293.095890
97118.887608 58.348934 293.095890
95493.164618 59.094192 293.095890
96297.448841 58.645236 293.095890
96667.429779 58.415278 293.095890
96816.030465 58.293719 293.095890
96516.164473 58.387680 293.095890
96217.283523 58.481932 293.095890
95039.368700 59.012369 293.095890
95622.476752 58.671317 293.095890
95326.550930 58.766450 293.095890
95693.040677 58.535093 293.095890
95175.775420 58.738936 293.095890
69477.451770 -89.402564 293.095890
95245.640017 58.602367 293.095890
96061.744751 58.154923 293.095890
96211.738643 58.033184 293.095890
95687.123656 58.235112 293.095890
95612.001208 58.221177 293.095890
95313.610054 58.315615 293.095890
95016.203943 58.410349 293.095890
95163.569237 58.287742 293.095890
95536.173322 58.057117 293.095890
95461.254955 58.043101 293.095890
95386.377404 58.029074 293.095890
94420.191037 58.449716 293.095890
95236.744751 58.000987 293.095890
95161.989649 57.986927 293.095890
95087.275363 57.972856 293.095890
94788.348146 58.067164 293.095890
94937.969241 57.944680 293.095890
94415.814135 58.147718 293.095890
94788.826383 57.916460 293.095890
94266.752911 58.119581 293.095890
94639.846792 57.888196 293.095890
94117.854952 58.091399 293.095890
93599.680833 58.295727 293.095890
94192.429779 57.954315 293.095890
93894.814135 58.049042 293.095890
93598.183535 58.144069 293.095890
94193.887608 57.803135 293.095890
93895.450187 57.897622 293.095890
94045.561077 57.774692 293.095890
93747.205289 57.869209 293.095890
93673.144065 57.854985 293.095890
93599.123656 57.840750 293.095890
93749.397812 57.717672 293.095890
93900.657010 57.594791 293.095890
93826.759051 57.580471 293.095890
93080.140666 57.892870 293.095890
93453.887608 57.660471 293.095890
93380.112098 57.646143 293.095890
93082.123656 57.740790 293.095890
93232.683526 57.617452 293.095890
92711.467197 57.821431 293.095890
93085.418220 57.588716 293.095890
92787.593044 57.683421 293.095890
92938.316179 57.559934 293.095890
92864.826383 57.545526 293.095890
92791.377404 57.531107 293.095890
91826.619609 57.955040 293.095890
92644.601894 57.502234 293.095890
92347.021616 57.597026 293.095890
92273.735901 57.582587 293.095890
92200.491003 57.568136 293.095890
92351.540669 57.444350 293.095890
92278.377404 57.429851 293.095890
91981.001208 57.524715 293.095890
91907.919575 57.510218 293.095890
91834.878759 57.495710 293.095890
91538.569237 57.590909 293.095890
91913.173322 57.357181 293.095890
91840.254955 57.342612 293.095890
91319.814135 57.547358 293.095890
91470.286922 57.422995 293.095890
91621.744751 57.298837 293.095890
91548.989649 57.284222 293.095890
91701.473337 57.160232 293.095890
91179.348146 57.364614 293.095890
91330.969241 57.240307 293.095890
90810.814135 57.445333 293.095890
91411.024357 57.101508 293.095890
90889.062432 57.306048 293.095890
91266.044765 57.072076 293.095890
90968.418220 57.166883 293.095890
91121.228439 57.042597 293.095890
90599.429779 57.247293 293.095890
90527.123656 57.232576 293.095890
90679.112098 57.107932 293.095890
90159.324339 57.313316 293.095890
90534.703934 57.078387 293.095890
90238.307330 57.173587 293.095890
90166.205289 57.158810 293.095890
89427.048180 57.475788 293.095890
89576.448841 57.350177 293.095890
89726.834544 57.224775 293.095890
89211.109405 57.431587 293.095890
89582.997809 57.195167 293.095890
89511.140666 57.180345 293.095890
89216.959045 57.276256 293.095890
89367.548829 57.150665 293.095890
89519.123656 57.025286 293.095890
89001.754963 57.231761 293.095890
88930.101902 57.216905 293.095890
89080.854952 57.091162 293.095890
88786.918228 57.187158 293.095890
88493.966548 57.283472 293.095890
88643.897820 57.157363 293.095890
88351.027772 57.253705 293.095890
88946.715493 56.905787 293.095890
88208.252262 57.223890 293.095890
89028.275363 56.765293 293.095890
88509.426380 56.971581 293.095890
88438.181482 56.956579 293.095890
88144.612106 57.052700 293.095890
88519.123656 56.815658 293.095890
88002.326392 57.022688 293.095890
88153.610054 56.896451 293.095890
88082.569237 56.881388 293.095890
87789.203943 56.977578 293.095890
88163.919575 56.740218 293.095890
87869.691686 56.836128 293.095890
87576.448841 56.932359 293.095890
87063.714195 57.140846 293.095890
87434.816188 56.902152 293.095890
87586.426380 56.775611 293.095890
87515.712095 56.760451 293.095890
87445.038625 56.745278 293.095890
87597.715493 56.618881 293.095890
87303.814135 56.714897 293.095890
87456.572636 56.588424 293.095890
87162.752911 56.684467 293.095890
87092.283523 56.669233 293.095890
87245.164473 56.542647 293.095890
86729.101902 56.750380 293.095890
60588.194575 -89.680122 293.095890
60516.472113 -89.839967 293.095890
60446.206807 -89.839874 293.095890
60375.982317 -89.839781 293.095890
60307.214983 -89.679378 293.095890
60239.432692 -89.518793 293.095890
60165.553746 -89.839501 293.095890
60095.020408 90.000000 293.095890
60025.472113 -89.839314 293.095890
59955.492521 -89.839220 293.095890
59885.553746 -89.839126 293.095890
59817.072126 -89.678067 293.095890
59749.575549 -89.516825 293.095890
59687.313033 -89.194271 293.095890
59607.623146 -89.677502 293.095890
59552.996073 -89.032021 293.095890
59473.859933 -89.354269 293.095890
59434.894227 -88.546503 293.095890
59395.025110 -88.061192 293.095890
57520.064467 -88.194071 293.095890
57432.710553 -88.521379 293.095890
57373.252132 -88.356194 293.095890
57295.894227 -88.519615 293.095890
57236.517438 -88.354231 293.095890
57178.125691 -88.188678 293.095890
57099.946009 -88.352264 293.095890
57041.635896 -88.186511 293.095890
56963.537846 -88.350291 293.095890
56644.004702 -88.014651 293.095890
56576.065927 -88.013459 293.095890
56508.167967 -88.012265 293.095890
56440.310825 -88.011070 293.095890
56372.494498 -88.009874 293.095890
56169.290416 -88.006276 293.095890
56071.894227 -88.503541 293.095890
56023.166508 -88.170096 293.095890
55945.680703 -88.335348 293.095890
55878.150091 -88.334342 293.095890
55801.690145 -88.499921 293.095890
55763.984294 -87.999040 293.095890
55675.803152 -88.331317 293.095890
55599.465655 -88.497195 293.095890
55541.109274 -88.329294 293.095890
55360.147559 -87.991752 293.095890
55282.125691 -88.157868 293.095890
55205.088866 -88.324216 293.095890
55138.007234 -88.323197 293.095890
55061.996267 -88.489876 293.095890
54986.970344 -88.656785 293.095890
54928.037084 -88.488036 293.095890
54870.088866 -88.319107 293.095890
54794.241165 -88.486190 293.095890
54727.404431 -88.485266 293.095890
54669.578662 -88.316026 293.095890
54612.737936 -88.146609 293.095890
54546.023651 -88.145475 293.095890
54412.717528 -88.143204 293.095890
54356.984294 -87.973298 293.095890
54290.433274 -87.972056 293.095890
54223.923069 -87.970812 293.095890
54157.453682 -87.969567 293.095890
54070.252132 -88.306716 293.095890
54003.864376 -88.305676 293.095890
53920.521364 -88.643564 293.095890
53862.241165 -88.473146 293.095890
53804.946009 -88.302546 293.095890
53695.759222 -89.490314 293.095890
53632.880341 -89.320013 293.095890
53570.986502 -89.149515 293.095890
53497.330651 -89.489370 293.095890
53434.574219 -89.318753 293.095890
53368.553810 -89.318332 293.095890
53302.574219 -89.317910 293.095890
53230.970085 -89.658732 293.095890
53231.167967 -87.951970 293.095890
53135.567696 -88.462739 293.095890
53069.751369 -88.461786 293.095890
53012.946009 -88.289909 293.095890
52947.211315 -88.288848 293.095890
52902.290416 -87.945611 293.095890
52806.894227 -88.457961 293.095890
52771.025110 -87.943056 293.095890
52694.595079 -88.113165 293.095890
52629.064467 -88.111991 293.095890
52574.433274 -87.939212 293.095890
52508.984294 -87.937928 293.095890
52422.803152 -88.280308 293.095890
52340.439732 -88.623238 293.095890
52302.023651 -88.106095 293.095890
52247.596539 -87.932774 293.095890
52152.608512 -88.448316 293.095890
52106.288957 -88.102540 293.095890
52051.984294 -87.928891 293.095890
51976.003242 -88.100162 293.095890
51884.011160 -88.617195 293.095890
51835.966417 -88.270598 293.095890
51761.996267 -88.442471 293.095890
51706.007234 -88.268425 293.095890
51661.861845 -87.921083 293.095890
51559.215242 -88.612845 293.095890
51502.404431 -88.438550 293.095890
51429.582589 -88.611098 293.095890
51381.823560 -88.262969 293.095890
51327.023651 -88.088185 293.095890
51262.350181 -88.086979 293.095890
51178.833002 -88.433620 293.095890
51099.133544 -88.780815 293.095890
51028.445053 -88.954281 293.095890
50985.179941 -88.430647 293.095890
50950.453682 -87.906613 293.095890
50848.256058 -88.603179 293.095890
50800.864376 -88.253062 293.095890
50736.517438 -88.251955 293.095890
50655.215242 -88.600520 293.095890
50607.946009 -88.249735 293.095890
50513.506278 -88.948964 293.095890
50455.460075 -88.773061 293.095890
50391.317218 -88.772281 293.095890
50334.296874 -88.596065 293.095890
50263.153953 -88.770716 293.095890
50199.133544 -88.769932 293.095890
50129.016482 -88.944941 293.095890
50065.077706 -88.944267 293.095890
50014.398915 -88.591581 293.095890
49937.322604 -88.942917 293.095890
49879.643749 -88.765999 293.095890
49860.718988 -87.883850 293.095890
49759.215242 -88.587973 293.095890
49631.868303 -88.586163 293.095890
49555.036890 -88.938847 293.095890
49497.602932 -88.761245 293.095890
49441.154017 -88.583438 293.095890
49377.664221 -88.582527 293.095890
49307.133544 -88.758854 293.095890
49258.833002 -88.403377 293.095890
49187.439732 -88.579788 293.095890
49132.139125 -88.401319 293.095890
49060.827487 -88.577957 293.095890
48997.582589 -88.577039 293.095890
48934.378507 -88.576120 293.095890
48864.133544 -88.753240 293.095890
48801.011095 -88.752434 293.095890
48737.929463 -88.751626 293.095890
48674.888647 -88.750818 293.095890
48618.970344 -88.571508 293.095890
48548.929463 -88.749199 293.095890
48486.011095 -88.748387 293.095890
48430.215242 -88.568726 293.095890
48384.374581 -88.209956 293.095890
48304.582589 -88.566866 293.095890
48241.827487 -88.565934 293.095890
48172.031504 -88.744314 293.095890
48116.439732 -88.564066 293.095890
48070.803152 -88.204125 293.095890
48008.211315 -88.202954 293.095890
47936.690145 -88.381503 293.095890
47903.923069 -87.841042 293.095890
47830.595079 -88.019513 293.095890
47741.256058 -88.558434 293.095890
47686.894227 -88.377268 293.095890
47624.547288 -88.376206 293.095890
47394.452222 -88.010418 293.095890
47270.207324 -88.007804 293.095890
47219.004702 -87.825433 293.095890
47095.004702 -87.822571 293.095890
46972.635443 -89.273401 293.095890
46905.072126 -89.636446 293.095890
46845.575549 -89.454319 293.095890
46826.721519 -88.180417 293.095890
46774.860385 -87.997279 293.095890
46713.125691 -87.995955 293.095890
46662.290416 -87.812493 293.095890
46579.864376 -88.175600 293.095890
46471.512929 89.817378 293.095890
46409.941501 89.817257 293.095890
46347.938776 90.000000 293.095890
46286.921093 89.817014 293.095890
46225.472113 89.816893 293.095890
46231.576131 -87.802322 293.095890
46170.208784 -87.800861 293.095890
46042.786412 89.633058 293.095890
45983.861263 89.449229 293.095890
45920.255800 89.632568 293.095890
45861.412284 89.448494 293.095890
45797.888453 89.632078 293.095890
45746.680380 89.079647 293.095890
45678.044937 89.447389 293.095890
45624.557931 89.078416 293.095890
45553.643555 89.631093 293.095890
45498.349729 89.261722 293.095890
45441.680380 89.076563 293.095890
45399.215242 -88.521710 293.095890
45355.374581 -88.151129 293.095890
45315.351641 -87.780205 293.095890
45243.737936 -87.963659 293.095890
45173.109274 -88.147401 293.095890
45133.208784 -87.775728 293.095890
45034.807078 88.515740 293.095890
44991.211315 -88.143659 293.095890
44921.690145 -88.328056 293.095890
44861.179941 -88.326928 293.095890
44830.453682 -87.768226 293.095890
44719.036890 88.882936 293.095890
44688.864376 88.137387 293.095890
44649.290416 87.763701 293.095890
44578.125691 87.948506 293.095890
44540.521817 87.574277 293.095890
44457.635896 87.945727 293.095890
44408.310825 87.757638 293.095890
44337.309365 87.942940 293.095890
44288.065927 87.754595 293.095890
44252.554586 87.379066 293.095890
44167.984294 87.751543 293.095890
44119.807531 87.562732 293.095890
44048.065927 87.748483 293.095890
43999.970796 87.559414 293.095890
43940.113653 87.557751 293.095890
43847.721519 -88.119600 293.095890
43846.960153 87.178743 293.095890
43787.225459 87.176817 293.095890
43713.840300 87.362955 293.095890
43698.093762 86.796759 293.095890
43638.481517 86.794570 293.095890
43612.902236 86.415942 293.095890
43535.903437 86.601799 293.095890
43493.881828 86.411035 293.095890
43400.440701 86.785782 293.095890
43393.437098 86.217498 293.095890
43298.189151 86.592473 293.095890
43256.330807 86.401181 293.095890
43234.814145 86.020785 293.095890
43156.212608 86.207101 293.095890
43116.365166 86.015314 293.095890
43037.845261 86.201881 293.095890
43039.625409 85.631220 293.095890
42959.298684 85.817600 293.095890
42842.187950 86.383805 293.095890
42862.502960 85.622185 293.095890
42742.641179 86.188769 293.095890
42525.092793 -88.472559 293.095890
42664.502766 85.803150 293.095890
42626.911123 85.610080 293.095890
42590.304523 85.416842 293.095890
42531.549421 85.413671 293.095890
42472.835135 85.410495 293.095890
42370.727256 85.788600 293.095890
42378.662557 85.213508 293.095890
42320.070720 85.210188 293.095890
42261.519700 85.206863 293.095890
42227.087267 85.012625 293.095890
42144.540108 85.200200 293.095890
42161.177528 84.623683 293.095890
42102.789773 84.619946 293.095890
41993.454613 84.998735 293.095890
42013.047161 84.421236 293.095890
41982.636531 84.226125 293.095890
41896.557365 84.413461 293.095890
41760.475022 84.984768 293.095890
41780.230835 84.405664 293.095890
41669.252121 84.785637 293.095890
41691.922245 84.205961 293.095890
41633.901837 84.201911 293.095890
41634.464276 83.813953 293.095890
41517.983470 84.193795 293.095890
41432.230835 84.382144 293.095890
41402.228368 84.185656 293.095890
41465.273008 83.412211 293.095890
41375.865917 83.599858 293.095890
41349.762804 83.402975 293.095890
41324.644734 83.205971 293.095890
41266.991673 83.201204 293.095890
41176.803620 83.389073 293.095890
41119.232192 83.384426 293.095890
40969.639515 83.959385 293.095890
41036.787591 83.182071 293.095890
40946.762804 83.370446 293.095890
41025.323229 82.593492 293.095890
40967.955882 82.588279 293.095890
40875.220865 82.776153 293.095890
40926.993289 82.191892 293.095890
40869.748391 82.186391 293.095890
40812.544309 82.180883 293.095890
40832.807601 81.789345 293.095890
40736.499760 81.976608 293.095890
40718.603519 81.777759 293.095890
40661.562703 81.771954 293.095890
40604.562703 81.766141 293.095890
40547.603519 81.760320 293.095890
40413.258595 82.142108 293.095890
40515.011063 81.361527 293.095890
40500.192399 81.162015 293.095890
40401.378410 81.349294 293.095890
40344.623308 81.343165 293.095890
40372.889390 80.949635 293.095890
40316.215920 80.943222 293.095890
40303.489790 80.743150 293.095890
40291.748703 80.543017 293.095890
40235.197683 80.536313 293.095890
40224.482454 80.335982 293.095890
40214.752269 80.135601 293.095890
40111.584495 80.322261 293.095890
40149.619371 79.928035 293.095890
40045.589003 80.114580 293.095890
40036.966309 79.913727 293.095890
40029.328658 79.712834 293.095890
40022.676049 79.511906 293.095890
39966.492376 79.504453 293.095890
40012.325959 79.109960 293.095890
40008.628479 78.908953 293.095890
39900.162694 79.094477 293.095890
39742.165845 79.474536 293.095890
39893.916040 78.691882 293.095890
39947.507516 78.297555 293.095890
40004.916714 77.903776 293.095890
39780.515175 78.474189 293.095890
38140.759222 -89.395244 293.095890
38084.983712 -89.394801 293.095890
38029.249018 -89.394358 293.095890
37973.555141 -89.393914 293.095890
37917.902080 -89.393469 293.095890
37865.594627 -89.190722 293.095890
37819.465461 -88.785292 293.095890
37763.934849 -88.784399 293.095890
37703.251808 -88.986208 293.095890
37637.888453 -89.594149 293.095890
37588.145647 -89.187741 293.095890
37532.778300 -89.187142 293.095890
37477.451770 -89.186542 293.095890
37416.500698 -89.592950 293.095890
37361.255800 -89.592649 293.095890
37311.717076 -89.184737 293.095890
42961.569144 68.613984 293.095890
43329.460079 67.895207 293.095890
43601.552861 67.356414 293.095890
43769.349453 66.994010 293.095890
43491.512045 67.326193 293.095890
43659.390269 66.963390 293.095890
43831.086215 66.601996 293.095890
43890.932160 66.414019 293.095890
43836.095425 66.398377 293.095890
44013.579178 66.038844 293.095890
43842.212127 66.194783 293.095890
43904.109790 66.007115 293.095890
44085.492897 65.648666 293.095890
44270.693725 65.291703 293.095890
43857.768006 65.787695 293.095890
44405.161255 64.919792 293.095890
44228.373744 65.072840 293.095890
44543.568955 64.549021 293.095890
44119.475785 65.039992 293.095890
44310.586869 64.684473 293.095890
44380.405690 64.498930 293.095890
44451.209553 64.313682 293.095890
44777.939560 63.793933 293.095890
44595.772406 63.944078 293.095890
44669.531397 63.759729 293.095890
44744.275431 63.575687 293.095890
45215.163215 62.895347 293.095890
45028.438195 63.042923 293.095890
45240.689605 62.695518 293.095890
45321.262261 62.513561 293.095890
45267.323486 62.495805 293.095890
45485.362702 62.150624 293.095890
45431.505560 62.132684 293.095890
45653.403314 61.789009 293.095890
45461.298650 61.933569 293.095890
45545.893110 61.752749 293.095890
45353.870079 61.897403 293.095890
45718.037157 61.392123 293.095890
45384.933926 61.698197 293.095890
45894.121375 61.032868 293.095890
45983.641048 60.853761 293.095890
46074.145764 60.675005 293.095890
45733.651988 60.977259 293.095890
46258.110323 60.318552 293.095890
46058.860012 60.459036 293.095890
46151.416445 60.280819 293.095890
46244.957921 60.102961 293.095890
46191.713023 60.083978 293.095890
45991.681751 60.224055 293.095890
46682.096701 59.414450 293.095890
46628.974252 59.395163 293.095890
46879.933490 59.062923 293.095890
47134.710449 58.732470 293.095890
47081.710449 58.712891 293.095890
47340.345946 58.384102 293.095890
47131.158125 58.518763 293.095890
47078.280574 58.499063 293.095890
46870.118612 58.634353 293.095890
46972.647921 58.459596 293.095890
47233.375952 58.131128 293.095890
46867.178533 58.420041 293.095890
47445.248235 57.784459 293.095890
47392.615582 57.764415 293.095890
47340.023745 57.744349 293.095890
47287.472725 57.724260 293.095890
47395.008880 57.551290 293.095890
47342.539492 57.531107 293.095890
47290.110920 57.510900 293.095890
47077.676807 57.643683 293.095890
47508.301623 57.165856 293.095890
47618.874538 56.993931 293.095890
46920.758439 57.583014 293.095890
47514.384742 56.953022 293.095890
47956.503539 56.480567 293.095890
47738.648965 56.610097 293.095890
47686.546925 56.589469 293.095890
47634.485700 56.568819 293.095890
47582.465292 56.548146 293.095890
47696.197417 56.377085 293.095890
47644.258641 56.356321 293.095890
47926.616794 56.036192 293.095890
47707.159482 56.164746 293.095890
47822.943324 55.994371 293.095890
47771.167814 55.973427 293.095890
47551.832951 56.102047 293.095890
47667.739243 55.931470 293.095890
47116.118353 56.361069 293.095890
47733.018332 55.740230 293.095890
47681.446903 55.719129 293.095890
47293.771727 55.997091 293.095890
47578.426495 55.676857 293.095890
47696.466137 55.506852 293.095890
47307.024957 55.783902 293.095890
47593.690627 55.464357 293.095890
47372.875475 55.592038 293.095890
47491.078382 55.421771 293.095890
47610.266332 55.251928 293.095890
47730.439325 55.082512 293.095890
47507.898985 55.209120 293.095890
47286.343688 55.336322 293.095890
47577.071978 55.018074 293.095890
47526.031162 54.996548 293.095890
47820.617989 54.680149 293.095890
46912.773434 55.399847 293.095890
47545.474911 54.784060 293.095890
47494.597360 54.762402 293.095890
47443.760626 54.740721 293.095890
47220.643407 54.866908 293.095890
47342.209605 54.697288 293.095890
47464.760846 54.528105 293.095890
47588.297130 54.359359 293.095890
47363.454724 54.484454 293.095890
47139.597360 54.610143 293.095890
46916.725039 54.736429 293.095890
47038.536136 54.566431 293.095890
46988.066748 54.544539 293.095890
46765.316876 54.670873 293.095890
46887.250422 54.500685 293.095890
47010.169010 54.330941 293.095890
46614.276060 54.605104 293.095890
47258.961314 53.992789 293.095890
47033.582845 54.117446 293.095890
46983.399171 54.095313 293.095890
46585.781034 54.368557 293.095890
46883.154273 54.050976 293.095890
46658.883295 54.176273 293.095890
46608.862887 54.154082 293.095890
46733.093049 53.984292 293.095890
46508.944520 54.109630 293.095890
45942.082659 54.533645 293.095890
46583.399171 53.917394 293.095890
46359.373091 54.042773 293.095890
45792.633679 54.467065 293.095890
46086.597360 54.146438 293.095890
45522.772260 54.572629 293.095890
46160.515948 53.953294 293.095890
45593.939802 54.377953 293.095890
45544.368373 54.355614 293.095890
46537.263601 53.443650 293.095890
46664.816238 53.274691 293.095890
46793.353916 53.106195 293.095890
46565.959095 53.229327 293.095890
46694.578406 53.060715 293.095890
46645.251876 53.037940 293.095890
46417.979503 53.161101 293.095890
46725.652148 52.846880 293.095890
46676.448067 52.823999 293.095890
46270.367258 53.092658 293.095890
46399.231467 52.923699 293.095890
46350.149835 52.900778 293.095890
45946.079928 53.170722 293.095890
45720.981722 53.295146 293.095890
46025.163176 52.978100 293.095890
29291.766004 -89.539947 293.095890
45750.324826 53.078967 293.095890
45878.530523 52.909072 293.095890
45652.692173 53.032943 293.095890
29095.084358 -89.769199 293.095890
29046.370072 -89.769006 293.095890
29001.473508 -89.306466 293.095890
28949.063950 89.768618 293.095890
28900.472113 -89.768424 293.095890
28851.921093 89.768229 293.095890
28803.410889 -89.768034 293.095890
45263.794214 52.847858 293.095890
28706.512929 89.767643 293.095890
28658.125174 -89.767446 293.095890
45295.673380 52.630745 293.095890
45425.353916 52.460637 293.095890
45199.101952 52.584010 293.095890
44973.835030 52.708000 293.095890
45102.693789 52.537175 293.095890
44701.410293 52.809224 293.095890
45006.448891 52.490240 293.095890
45136.374325 52.319789 293.095890
45088.353916 52.296227 293.095890
45219.305209 52.126212 293.095890
44992.435549 52.249028 293.095890
45123.468475 52.078901 293.095890
45075.611332 52.055207 293.095890
45027.795005 52.031489 293.095890
44980.019495 52.007745 293.095890
44575.367258 52.277786 293.095890
44705.660039 52.106824 293.095890
45016.812973 51.790274 293.095890
45150.020066 51.620867 293.095890
44562.823304 52.035381 293.095890
44694.223577 51.864751 293.095890
44467.802896 51.987624 293.095890
44242.367258 52.111124 293.095890
44194.959095 52.087213 293.095890
44147.591748 52.063276 293.095890
44100.265217 52.039313 293.095890
43699.838865 52.312191 293.095890
43477.439987 52.437604 293.095890
43256.026153 52.563659 293.095890
43208.862887 52.539723 293.095890
42816.153611 52.817708 293.095890
42769.071978 52.793789 293.095890
42210.732618 53.227551 293.095890
42675.031162 52.745871 293.095890
42116.773434 53.179799 293.095890
42581.153611 52.697848 293.095890
42534.276060 52.673796 293.095890
42659.760626 52.498198 293.095890
42269.266332 52.777784 293.095890
42222.511230 52.753688 293.095890
42347.174019 52.577325 293.095890
42300.500549 52.553141 293.095890
42082.490822 52.681240 293.095890
42035.898985 52.657038 293.095890
42160.725039 52.480427 293.095890
41942.837761 52.608552 293.095890
42067.745447 52.431818 293.095890
42193.638177 52.255611 293.095890
41803.552047 52.535621 293.095890
41586.772260 52.664436 293.095890
42054.597360 52.182313 293.095890
42181.597581 52.006454 293.095890
41789.786264 52.285344 293.095890
26105.326531 90.000000 293.095890
41869.781034 52.084206 293.095890
26013.553746 -89.755912 293.095890
41433.919394 52.339947 293.095890
41387.898985 52.315365 293.095890
25886.823237 -88.776485 293.095890
25836.635443 -89.020264 293.095890
40741.616794 52.704059 293.095890
40864.304046 52.524599 293.095890
40818.487720 52.499950 293.095890
41112.633679 52.167300 293.095890
41066.898985 52.142526 293.095890
41021.205108 52.117725 293.095890
40805.119199 52.246665 293.095890
41101.316876 51.914876 293.095890
40544.446903 52.351473 293.095890
41182.536136 51.712426 293.095890
40793.347965 51.993302 293.095890
40747.898985 51.968335 293.095890
40873.867896 51.790012 293.095890
40657.123475 51.918316 293.095890
40783.174019 51.739872 293.095890
40566.511230 51.868185 293.095890
40864.964707 51.536809 293.095890
40819.760626 51.511610 293.095890
40774.597360 51.486383 293.095890
40045.855067 52.076652 293.095890
40512.071978 51.588781 293.095890
40295.654087 51.717119 293.095890
39910.732618 52.001108 293.095890
40205.694904 51.666539 293.095890
39820.855067 51.950603 293.095890
39607.433120 52.081029 293.095890
39900.629403 51.744891 293.095890
39517.800467 52.030422 293.095890
39641.589761 51.849252 293.095890
39428.331079 51.979700 293.095890
39216.057441 52.110854 293.095890
24382.480289 -89.495754 293.095890
24336.472113 89.747641 293.095890
24291.921093 89.747410 293.095890
24248.827228 -89.494366 293.095890
24204.357840 -89.493902 293.095890
24162.289835 -89.240180 293.095890
24115.541514 -89.492971 293.095890
24076.859933 -88.985088 293.095890
36722.955347 53.982799 293.095890
36066.831395 54.628148 293.095890
23966.725446 -87.965196 293.095890
33682.064859 57.376184 293.095890
34189.350163 56.635015 293.095890
34285.465729 56.433132 293.095890
34101.186898 56.586262 293.095890
34057.166490 56.561837 293.095890
34013.186898 56.537382 293.095890
33829.974743 56.691406 293.095890
33510.362702 57.026313 293.095890
33330.064859 57.182816 293.095890
32882.591787 57.705719 293.095890
32574.432911 58.050262 293.095890
23447.241165 -87.685483 293.095890
23377.108951 -88.712472 293.095890
23368.864376 -87.423838 293.095890
23325.252132 -87.421429 293.095890
25051.677503 72.047915 293.095890
25214.046725 71.324437 293.095890
25458.132337 70.372989 293.095890
25415.213970 70.355743 293.095890
26671.591815 66.703978 293.095890
27369.028503 64.935601 293.095890
29441.299507 60.755020 293.095890
29514.212127 60.531796 293.095890
31450.596176 57.415236 293.095890
31805.914095 56.832511 293.095890
32169.770866 56.256337 293.095890
36167.995500 51.579671 293.095890
36288.323517 51.391055 293.095890
36740.115784 50.882917 293.095890
40025.572007 47.955063 293.095890
40915.566912 47.205275 293.095890
44015.564299 44.975099 293.095890
45213.930725 44.162683 293.095890
45381.714955 44.006370 293.095890
45550.484228 43.850634 293.095890
45297.225159 43.951046 293.095890
45890.977902 43.540896 293.095890
46062.702303 43.386890 293.095890
46451.167457 43.108342 293.095890
45978.539038 43.331409 293.095890
45722.651371 43.429905 293.095890
45894.539038 43.275825 293.095890
45852.600262 43.247995 293.095890
45810.702303 43.220140 293.095890
45768.845160 43.192259 293.095890
45300.238544 43.417424 293.095890
45258.463034 43.389477 293.095890
45858.330114 42.982832 293.095890
46032.391947 42.829823 293.095890
45990.738886 42.801832 293.095890
46165.826578 42.649386 293.095890
46124.255149 42.621354 293.095890
46082.724537 42.593297 293.095890
46258.878904 42.441401 293.095890
46217.429925 42.413304 293.095890
46834.619609 42.017292 293.095890
46793.252262 41.989180 293.095890
46751.925731 41.961043 293.095890
46932.061086 41.811443 293.095890
46669.395119 41.904695 293.095890
47071.977401 41.634233 293.095890
46587.027772 41.848248 293.095890
46767.326392 41.698601 293.095890
46504.823691 41.791700 293.095890
46685.203943 41.642032 293.095890
45982.773416 41.979480 293.095890
46161.346848 41.828601 293.095890
45032.207665 42.418481 293.095890
45641.429925 42.017292 293.095890
45166.249090 42.236663 293.095890
45342.153108 42.083927 293.095890
44868.942359 42.304375 293.095890
45043.983784 42.151003 293.095890
45220.010251 41.998227 293.095890
44962.677661 42.093767 293.095890
45138.785761 41.940965 293.095890
44881.534804 42.036428 293.095890
44841.024600 42.007719 293.095890
44800.555212 41.978985 293.095890
45194.470741 41.702638 293.095890
44719.738886 41.921438 293.095890
45332.324437 41.522225 293.095890
45511.550930 41.371167 293.095890
44598.820518 41.834922 293.095890
45211.528518 41.435762 293.095890
44087.845160 42.026945 293.095890
43833.835045 42.123791 293.095890
19681.970085 -89.438760 293.095890
19657.016482 -88.314997 293.095890
19667.984294 -86.629475 293.095890
19061.717528 -86.861844 293.095890
19022.350181 -86.858595 293.095890
18983.023651 -86.855340 293.095890
18903.608318 -88.281737 293.095890
18864.363420 -88.279950 293.095890
18825.159339 -88.278159 293.095890
18799.215242 -87.702359 293.095890
18768.118716 -87.412827 293.095890
18713.929463 -87.985113 293.095890
18689.996267 -87.407422 293.095890
18650.996267 -87.404711 293.095890
197138.792980 17.875377 293.095890
198263.161420 17.803604 293.095890
197060.997062 17.840280 293.095890
197603.331618 17.795620 293.095890
199313.714929 17.697312 293.095890
18387.166055 -88.838610 293.095890
18348.451770 -88.837385 293.095890
18306.473508 -89.127066 293.095890
18271.145647 -88.834928 293.095890
18236.802829 -88.542233 293.095890
18190.697998 -89.124292 293.095890
18152.187794 -89.123364 293.095890
18109.941501 -89.707457 293.095890
18071.040816 90.000000 293.095890
18036.902080 -89.120566 293.095890
17998.555141 -89.119630 293.095890
17960.249018 -89.118692 293.095890
17918.206807 -89.705896 293.095890
17879.510204 90.000000 293.095890
17843.214983 -89.410550 293.095890
17803.183673 90.000000 293.095890
17769.330651 -89.113969 293.095890
17734.574219 -88.817432 293.095890
17689.472113 89.704001 293.095890
17652.908861 89.407381 293.095890
17908.152353 82.625031 293.095890
17945.320385 81.742806 293.095890
17907.463242 81.734022 293.095890
17843.680692 82.016868 293.095890
17805.905182 82.008349 293.095890
17821.047161 81.415736 293.095890
17730.476611 81.991257 293.095890
17745.700222 81.397393 293.095890
17582.977992 82.856080 293.095890
17617.639876 81.965482 293.095890
17555.087267 82.251060 293.095890
17493.519700 82.537650 293.095890
17480.148491 82.234365 293.095890
17418.662557 82.521541 293.095890
17456.361201 81.627143 293.095890
17594.660763 79.856091 293.095890
17657.935151 78.970315 293.095890
17620.690253 78.958518 293.095890
17583.486171 78.946696 293.095890
17581.731392 78.643464 293.095890
17580.961656 78.340211 293.095890
17437.654564 79.203643 293.095890
17435.078008 78.899158 293.095890
17398.078008 78.887210 293.095890
17293.134530 79.462737 293.095890
17048.014262 81.526731 293.095890
17155.131223 80.030896 293.095890
16899.233986 82.406811 293.095890
16795.870113 83.301820 293.095890
16849.760736 82.089521 293.095890
16495.786412 -89.386948 293.095890
16480.358034 -87.852852 293.095890
16450.807078 -87.543736 293.095890
16520.440701 84.785851 293.095890
16349.337432 -89.384208 293.095890
16310.938776 90.000000 293.095890
16278.718406 89.074288 293.095890
16245.594627 88.764418 293.095890
16248.864376 86.910098 293.095890
16233.290416 86.289544 293.095890
191802.304004 16.857109 293.095890
190615.971058 16.891464 293.095890
199886.041028 16.464578 293.095890
193425.813690 16.725802 293.095890
193968.953671 16.682279 293.095890
194513.078695 16.638877 293.095890
16120.222308 83.474425 293.095890
16064.845261 83.775679 293.095890
16089.768266 82.843040 293.095890
16076.018808 82.526918 293.095890
16040.120849 82.518513 293.095890
16076.497019 81.586521 293.095890
16121.412041 80.656882 293.095890
16004.905182 81.567588 293.095890
16078.700739 80.329569 293.095890
16135.068927 79.402134 293.095890
16131.991673 79.085610 293.095890
16164.363722 78.465317 293.095890
16128.792293 78.452430 293.095890
16202.319819 77.530447 293.095890
16205.071189 77.214600 293.095890
16169.622209 77.200355 293.095890
16173.399438 76.884227 293.095890
16304.215920 75.668498 293.095890
16268.889390 75.652613 293.095890
16233.603675 75.636694 293.095890
16287.116050 75.023102 293.095890
16297.706944 74.708629 293.095890
16309.282881 74.394370 293.095890
16420.043396 73.489447 293.095890
16435.477871 73.176880 293.095890
16504.301948 72.571777 293.095890
16576.943747 71.969261 293.095890
16597.221802 71.659018 293.095890
16733.680509 70.772451 293.095890
16757.817102 70.464477 293.095890
16843.841334 69.871627 293.095890
16870.892239 69.565358 293.095890
16962.663462 68.976904 293.095890
17058.252406 68.391691 293.095890
16957.955208 68.649614 293.095890
17123.026419 67.786188 293.095890
17296.636482 66.931259 293.095890
17262.085462 66.906848 293.095890
17298.864344 66.607102 293.095890
17336.628268 66.308001 293.095890
17600.575209 65.196203 293.095890
17566.187454 65.170295 293.095890
17765.536526 64.340299 293.095890
17731.230403 64.313682 293.095890
17696.965097 64.287013 293.095890
17987.554456 63.202595 293.095890
17953.370783 63.175055 293.095890
18172.752688 62.365800 293.095890
18312.388288 61.822270 293.095890
18366.612223 61.537686 293.095890
18332.591815 61.508876 293.095890
18478.015221 60.971068 293.095890
18627.256348 60.437531 293.095890
18593.358389 60.407916 293.095890
18841.352798 59.630255 293.095890
19000.158638 59.107395 293.095890
19162.782199 58.588940 293.095890
19129.047505 58.558096 293.095890
19194.969503 58.284847 293.095890
19061.700566 58.496246 293.095890
19535.609960 57.264806 293.095890
19296.197197 57.709738 293.095890
19784.351618 56.495539 293.095890
19750.861822 56.463389 293.095890
20487.429394 54.826767 293.095890
20567.800501 54.569504 293.095890
20534.433154 54.536391 293.095890
20848.109790 53.837267 293.095890
20932.380251 53.584200 293.095890
20899.135353 53.550589 293.095890
20984.431673 53.298414 293.095890
20832.768006 53.483206 293.095890
20918.145958 53.230769 293.095890
21368.508194 52.334277 293.095890
21458.688910 52.087395 293.095890
21801.018866 51.422248 293.095890
22023.000785 50.973075 293.095890
22118.969308 50.732783 293.095890
22215.922874 50.493536 293.095890
22053.255022 50.663011 293.095890
22281.065564 50.220277 293.095890
22646.301850 49.582323 293.095890
22748.139812 49.348412 293.095890
22850.962818 49.115552 293.095890
22548.281441 49.476299 293.095890
23618.545929 47.883726 293.095890
23728.100967 47.658510 293.095890
23553.484704 47.812192 293.095890
23663.121375 47.586832 293.095890
23917.737601 47.175252 293.095890
23885.349845 47.139251 293.095890
23997.941644 46.917029 293.095890
24258.345677 46.511909 293.095890
24522.567430 46.111147 293.095890
24640.002810 45.894249 293.095890
