97730.858350 58.607264 90.904110
97878.887608 58.486221 90.904110
97578.450187 58.579966 90.904110
97726.561077 58.458849 90.904110
97202.895768 58.660350 90.904110
97799.595786 58.324178 90.904110
97050.814135 58.633019 90.904110
97422.397812 58.403977 90.904110
96455.109405 58.822052 90.904110
95720.613598 59.134957 90.904110
96524.775371 58.686361 90.904110
96448.959045 58.672664 90.904110
96818.858350 58.442833 90.904110
96967.377404 58.321348 90.904110
96667.429779 58.415278 90.904110
97041.228439 58.186203 90.904110
96516.164473 58.387680 90.904110
96217.283523 58.481932 90.904110
96365.062432 58.360038 90.904110
95843.897820 58.562694 90.904110
96438.377404 58.224457 90.904110
96362.969241 58.210572 90.904110
96512.799867 58.088979 90.904110
96212.275363 58.182769 90.904110
96136.989649 58.168851 90.904110
96061.744751 58.154923 90.904110
95762.286922 58.249036 90.904110
96136.575378 58.019208 90.904110
95836.254955 58.113072 90.904110
95536.919575 58.207231 90.904110
95461.878759 58.193273 90.904110
95611.132506 58.071123 90.904110
95536.173322 58.057117 90.904110
95461.254955 58.043101 90.904110
95162.123656 58.137335 90.904110
95087.286922 58.123323 90.904110
95236.744751 58.000987 90.904110
95387.187622 57.878843 90.904110
95312.473337 57.864746 90.904110
95237.799867 57.850638 90.904110
94937.969241 57.944680 90.904110
95088.575378 57.822389 90.904110
94564.572636 58.024929 90.904110
94714.316179 57.902333 90.904110
94639.846792 57.888196 90.904110
95016.758394 57.657726 90.904110
94716.228439 57.751572 90.904110
94641.881500 57.737375 90.904110
94342.377404 57.831533 90.904110
94043.858350 57.925991 90.904110
94419.085582 57.694717 90.904110
93895.450187 57.897622 90.904110
94045.561077 57.774692 90.904110
93747.205289 57.869209 90.904110
94122.595786 57.637684 90.904110
93599.123656 57.840750 90.904110
93749.397812 57.717672 90.904110
93675.459037 57.703389 90.904110
93826.759051 57.580471 90.904110
93303.450187 57.783698 90.904110
93679.085582 57.551797 90.904110
93380.112098 57.646143 90.904110
92858.814135 57.850040 90.904110
93232.683526 57.617452 90.904110
93159.030465 57.603089 90.904110
92861.164473 57.697781 90.904110
93237.044765 57.465503 90.904110
92938.316179 57.559934 90.904110
92417.263115 57.764075 90.904110
92567.123656 57.640275 90.904110
92270.405972 57.735329 90.904110
92869.799867 57.393278 90.904110
92123.712095 57.706537 90.904110
92273.735901 57.582587 90.904110
91754.816188 57.787527 90.904110
91681.612106 57.773118 90.904110
92278.377404 57.429851 90.904110
91981.001208 57.524715 90.904110
92132.173322 57.400817 90.904110
91834.878759 57.495710 90.904110
91761.878759 57.481190 90.904110
92138.371296 57.247971 90.904110
91616.001208 57.452115 90.904110
91767.377404 57.328032 90.904110
91246.977401 57.532818 90.904110
91397.491003 57.408417 90.904110
91774.187622 57.174884 90.904110
91476.275363 57.269595 90.904110
91628.799867 57.145569 90.904110
91556.167214 57.130894 90.904110
91483.575378 57.116207 90.904110
91411.024357 57.101508 90.904110
91113.316179 57.196287 90.904110
91040.846792 57.181591 90.904110
90744.164473 57.276694 90.904110
90448.467197 57.372108 90.904110
90376.120258 57.357428 90.904110
90303.814135 57.342736 90.904110
90231.548829 57.328032 90.904110
90382.633861 57.203105 90.904110
90534.703934 57.078387 90.904110
90238.307330 57.173587 90.904110
90166.205289 57.158810 90.904110
90318.397812 57.033980 90.904110
90022.123656 57.129221 90.904110
90399.595786 56.894498 90.904110
90327.657010 56.879623 90.904110
89582.997809 57.195167 90.904110
89958.703934 56.959732 90.904110
90112.085582 56.834927 90.904110
88923.762466 57.372484 90.904110
89519.123656 57.025286 90.904110
88780.333895 57.342861 90.904110
88488.203991 57.439436 90.904110
62816.256058 -88.743292 90.904110
62737.602932 -88.899712 90.904110
62710.923069 -88.113165 90.904110
62594.582524 -88.898455 90.904110
62538.241165 -88.583033 90.904110
62466.833002 -88.582224 90.904110
62387.439732 -88.738979 90.904110
62324.139125 -88.580601 90.904110
87189.398006 57.642278 90.904110
62211.351641 -88.105602 90.904110
62102.378507 -88.736088 90.904110
87193.429925 57.485151 90.904110
87560.428481 57.245904 90.904110
87269.814232 57.342989 90.904110
87638.782874 57.104147 90.904110
87347.306032 57.200953 90.904110
86838.225843 57.410500 90.904110
86767.307476 57.395534 90.904110
61534.215242 -88.730266 90.904110
98977.489596 51.983301 90.904110
99709.758150 51.672668 90.904110
99370.370664 51.754537 90.904110
99568.288762 51.640495 90.904110
99497.615293 51.624391 90.904110
98890.662098 51.804519 90.904110
99087.758419 51.690151 90.904110
98749.519241 51.772307 90.904110
99215.329578 51.559862 90.904110
99144.860190 51.543701 90.904110
99614.529065 51.332218 90.904110
99273.620474 51.413544 90.904110
98933.696925 51.495149 90.904110
98594.758419 51.577034 90.904110
98524.493113 51.560829 90.904110
98722.901007 51.446493 90.904110
98652.717333 51.430252 90.904110
98313.942092 51.512142 90.904110
98512.472435 51.397734 90.904110
97906.090670 51.578065 90.904110
98103.758419 51.463352 90.904110
98571.987821 51.250944 90.904110
96898.752780 51.826294 90.904110
97893.942092 51.414456 90.904110
97824.084950 51.398135 90.904110
97754.268623 51.381801 90.904110
97684.493113 51.365456 90.904110
97347.070262 51.447641 90.904110
97545.064541 51.332731 90.904110
97475.411480 51.316351 90.904110
97674.431619 51.201651 90.904110
97068.539649 51.382148 90.904110
97535.329578 51.168808 90.904110
97197.207399 51.250714 90.904110
96860.070262 51.332905 90.904110
96790.662098 51.316467 90.904110
96988.982909 51.201362 90.904110
96651.968221 51.283556 90.904110
96050.138871 51.465264 90.904110
95980.893973 51.448804 90.904110
96711.921684 51.135396 90.904110
96375.070262 51.217592 90.904110
96573.635970 51.102342 90.904110
96236.866180 51.184539 90.904110
96167.825364 51.167995 90.904110
96098.825364 51.151439 90.904110
95763.122249 51.233925 90.904110
95960.947813 51.118291 90.904110
94567.792869 51.599866 90.904110
95556.489596 51.184187 90.904110
96022.125766 50.969651 90.904110
95953.370664 50.953011 90.904110
95616.968221 51.035212 90.904110
96084.615293 50.821106 90.904110
95212.918167 51.101051 90.904110
95678.758419 50.886332 90.904110
95610.207399 50.869632 90.904110
94212.698671 51.350273 90.904110
95205.539649 50.935123 90.904110
95404.799235 50.819462 90.904110
95605.043864 50.704042 90.904110
95268.064541 50.785954 90.904110
95199.758419 50.769183 90.904110
94597.061024 50.950649 90.904110
94795.580466 50.834601 90.904110
94727.396792 50.817805 90.904110
94926.942092 50.701976 90.904110
94058.608258 50.983084 90.904110
94256.346739 50.866670 90.904110
93657.671147 51.049356 90.904110
93589.691555 51.032537 90.904110
80621.733004 56.845617 90.904110
57313.120892 82.910824 90.904110
57245.263749 82.906602 90.904110
57177.447423 82.902375 90.904110
57109.671913 82.898143 90.904110
56236.984294 -88.007476 90.904110
56139.547288 -88.504443 90.904110
56071.894227 -88.503541 90.904110
56034.025110 -88.003870 90.904110
56731.276989 83.040917 90.904110
56663.746376 83.036751 90.904110
56557.071189 83.196897 90.904110
56528.807601 83.028404 90.904110
55685.717528 -88.164558 90.904110
56394.032091 83.020036 90.904110
56211.982064 83.510296 90.904110
56220.234454 83.176451 90.904110
55397.608512 -88.494459 90.904110
55349.288957 -88.158986 90.904110
55292.984294 -87.990533 90.904110
55225.861845 -87.989311 90.904110
55147.921610 -88.155627 90.904110
55817.377311 83.151754 90.904110
55638.486494 83.644752 90.904110
55607.880023 83.474989 90.904110
55540.961656 83.471042 90.904110
55588.807601 82.969411 90.904110
55521.970866 82.965159 90.904110
55377.748391 83.292969 90.904110
55428.549464 82.790686 90.904110
55282.520168 83.118546 90.904110
55255.032091 82.948101 90.904110
55269.602900 82.611445 90.904110
55203.011063 82.606965 90.904110
55016.071189 83.101821 90.904110
54949.560985 83.097627 90.904110
54922.276989 82.926662 90.904110
54895.978035 82.755613 90.904110
54750.275270 83.085015 90.904110
54723.113723 82.913736 90.904110
54738.011063 82.575453 90.904110
54590.542295 82.905093 90.904110
53721.725446 -88.641056 90.904110
54418.948740 83.063894 90.904110
54352.805883 83.059654 90.904110
54325.889233 82.887743 90.904110
54259.828009 82.883392 90.904110
54233.937219 82.711292 90.904110
54088.642617 83.042643 90.904110
54102.018851 82.702363 90.904110
54077.194736 82.529970 90.904110
53930.134131 82.861559 90.904110
53864.317805 82.857177 90.904110
53838.671913 82.684439 90.904110
53693.622209 83.016970 90.904110
53707.243341 82.675445 90.904110
53601.460662 82.839593 90.904110
53575.978035 82.666428 90.904110
53431.091597 82.999750 90.904110
53444.875994 82.657389 90.904110
53379.386198 82.652862 90.904110
53355.011063 82.479295 90.904110
53169.214046 82.982446 90.904110
53183.161709 82.639245 90.904110
52292.109274 -88.278159 90.904110
53052.549464 82.630140 90.904110
53028.378410 82.456034 90.904110
52963.174328 82.451364 90.904110
52777.622209 82.956328 90.904110
51957.118716 -88.445399 90.904110
51892.037084 -88.444424 90.904110
51856.739396 -87.924994 90.904110
52517.377311 82.938809 90.904110
52491.603519 82.763890 90.904110
52426.685152 82.759387 90.904110
52401.937219 82.584274 90.904110
52378.174328 82.409080 90.904110
51437.608512 -88.437566 90.904110
52248.623308 82.399619 90.904110
51308.139125 -88.435596 90.904110
52078.161709 82.561127 90.904110
51187.803152 -88.259680 90.904110
52032.029134 82.209563 90.904110
51925.460043 82.375865 90.904110
51860.949839 82.371096 90.904110
50912.684630 -88.604064 90.904110
51817.032247 82.018717 90.904110
51667.664124 82.356755 90.904110
51688.297553 82.008720 90.904110
51623.991430 82.003711 90.904110
51559.726124 81.998697 90.904110
51452.539338 82.165542 90.904110
51431.317961 81.988649 90.904110
51324.212807 82.155692 90.904110
51260.110766 82.150758 90.904110
51196.049542 82.145818 90.904110
51090.011063 82.313407 90.904110
51068.049542 82.135918 90.904110
51004.110766 82.130960 90.904110
50857.120892 82.471845 90.904110
49958.567696 -88.414601 90.904110
49894.751369 -88.413587 90.904110
50748.763827 82.111062 90.904110
50643.011063 82.279353 90.904110
50621.335256 82.101075 90.904110
50600.644492 81.922723 90.904110
50580.938770 81.744300 90.904110
50430.498521 82.086049 90.904110
50366.967909 82.081027 90.904110
50303.478113 82.075999 90.904110
49307.133544 -88.758854 90.904110
49250.807078 -88.580703 90.904110
50071.235553 82.235126 90.904110
50049.927093 82.055824 90.904110
49077.823560 -88.222651 90.904110
48997.582589 -88.577039 90.904110
48951.374581 -88.220356 90.904110
49928.748703 81.512080 90.904110
49820.775505 81.681113 90.904110
49802.544621 81.501253 90.904110
49650.746532 81.845303 90.904110
49676.503805 81.490399 90.904110
49568.693872 81.659836 90.904110
49418.906685 82.004936 90.904110
49314.011063 82.175367 90.904110
49380.061219 81.643808 90.904110
49362.116050 81.463141 90.904110
49084.549464 82.336318 90.904110
49104.927093 81.979249 90.904110
49085.215920 81.798139 90.904110
49066.489790 81.616958 90.904110
49048.748703 81.435710 90.904110
49031.992658 81.254398 90.904110
48834.930206 81.777003 90.904110
48772.460818 81.771702 90.904110
48798.789519 81.413638 90.904110
48782.196740 81.231859 90.904110
48629.204076 81.579078 90.904110
48396.937219 82.281739 90.904110
48504.632648 81.568193 90.904110
47437.751369 -88.373011 90.904110
47375.567696 -88.371944 90.904110
48362.932377 81.374740 90.904110
48255.979586 81.546339 90.904110
48107.049542 81.895936 90.904110
48176.748703 81.357962 90.904110
48069.918362 81.529874 90.904110
47964.073063 81.702167 90.904110
47902.175104 81.696769 90.904110
47797.355664 81.869547 90.904110
47778.501635 81.685954 90.904110
47673.763827 81.858943 90.904110
47743.748703 81.318561 90.904110
47682.054826 81.312903 90.904110
47575.551015 81.485655 90.904110
47558.789519 81.301566 90.904110
47497.218091 81.295886 90.904110
47346.930206 81.647879 90.904110
47329.346933 81.463374 90.904110
47223.991430 81.636937 90.904110
47206.489790 81.452189 90.904110
46975.161709 82.165084 90.904110
47083.795913 81.440976 90.904110
46935.641378 81.794741 90.904110
46874.396481 81.789345 90.904110
46856.154696 81.603938 90.904110
46752.029134 81.778533 90.904110
46777.775505 81.412814 90.904110
46672.787349 81.587342 90.904110
46655.653056 81.401498 90.904110
46594.653056 81.395829 90.904110
46533.693872 81.390152 90.904110
46428.868981 81.565112 90.904110
46456.748703 81.198189 90.904110
46395.911968 81.192374 90.904110
46380.911026 81.005910 90.904110
46185.603675 81.542765 90.904110
46213.646662 81.174885 90.904110
46108.122443 81.350206 90.904110
46092.340540 81.163186 90.904110
46077.543679 80.976105 90.904110
45971.197683 81.151457 90.904110
45821.930206 81.509023 90.904110
45896.013067 80.958127 90.904110
45744.938770 81.315673 90.904110
45729.401764 81.127906 90.904110
45624.204076 81.304101 90.904110
45563.897954 81.298304 90.904110
45594.278373 80.928006 90.904110
45534.053883 80.921958 90.904110
45428.075234 81.098292 90.904110
45413.727352 80.909838 90.904110
45262.979586 81.269201 90.904110
45247.769111 81.080430 90.904110
45280.282881 80.708921 90.904110
45220.303289 80.702707 90.904110
45113.625312 80.879396 90.904110
45053.727352 80.873283 90.904110
44993.870209 80.867163 90.904110
44934.053883 80.861034 90.904110
44874.278373 80.854897 90.904110
44861.282881 80.665247 90.904110
44754.849801 80.842598 90.904110
44649.401764 81.020370 90.904110
44730.007126 80.462736 90.904110
44622.752269 80.640107 90.904110
44610.905085 80.449894 90.904110
44600.042944 80.259634 90.904110
44491.966309 80.437018 90.904110
44481.185801 80.246502 90.904110
44325.507371 80.608493 90.904110
44362.491923 80.233335 90.904110
44303.206209 80.226738 90.904110
44195.333656 80.404677 90.904110
44184.757229 80.213518 90.904110
44029.282881 80.576666 90.904110
43923.421230 80.755581 90.904110
44007.389882 80.193622 90.904110
43805.298781 80.743016 90.904110
43938.920947 79.995253 90.904110
43879.961763 79.988465 90.904110
43871.559503 79.796578 90.904110
43812.681952 79.789651 90.904110
43753.845218 79.782715 90.904110
43644.533192 79.961220 90.904110
43536.206209 80.140171 90.904110
43527.063804 79.947543 90.904110
43518.906442 79.754875 90.904110
43460.273789 79.747892 90.904110
43301.593964 80.113229 90.904110
43343.130932 79.733898 90.904110
43336.081061 79.540805 90.904110
43126.063352 80.092927 90.904110
43271.587662 79.340409 90.904110
43058.818906 79.892461 90.904110
43208.201755 79.139717 90.904110
43204.188645 78.946288 90.904110
43038.281540 79.311217 90.904110
43033.405836 79.117414 90.904110
42921.873377 79.296561 90.904110
42917.079306 79.102495 90.904110
42805.628479 79.281866 90.904110
42800.916040 79.087536 90.904110
42797.188645 78.893187 90.904110
42684.916040 79.072536 90.904110
42736.507516 78.691064 90.904110
42678.609557 78.683295 90.904110
42620.752414 78.675515 90.904110
42562.936088 78.667724 90.904110
42395.630326 79.034858 90.904110
42447.425883 78.652111 90.904110
42389.732006 78.644289 90.904110
42388.260410 78.448988 90.904110
42330.648165 78.441022 90.904110
42107.365020 78.996922 90.904110
42215.546124 78.425057 90.904110
40481.582524 -88.630203 90.904110
42100.607349 78.409049 90.904110
42043.199185 78.401028 90.904110
41985.831838 78.392997 90.904110
41985.630999 78.196758 90.904110
41928.345285 78.188581 90.904110
41871.100387 78.180394 90.904110
41756.770614 78.360760 90.904110
41814.802958 77.975555 90.904110
41531.066196 78.722969 90.904110
41700.598876 77.958855 90.904110
41702.572204 77.761953 90.904110
41586.558060 77.942108 90.904110
41471.528958 78.122764 90.904110
41414.610591 78.114486 90.904110
41415.802958 77.916902 90.904110
41358.966223 77.908477 90.904110
41302.170305 77.900041 90.904110
41364.387717 77.513068 90.904110
41130.630999 78.072925 90.904110
41191.041592 77.685014 90.904110
41134.408939 77.676406 90.904110
41018.802958 77.857683 90.904110
41021.266081 77.659155 90.904110
40964.755877 77.650512 90.904110
40908.286490 77.641857 90.904110
40911.816289 77.443070 90.904110
40795.470163 77.624511 90.904110
40799.081595 77.425450 90.904110
40742.775472 77.416622 90.904110
40747.412763 77.217445 90.904110
40753.035096 77.018293 90.904110
40574.102003 77.390064 90.904110
40578.861742 77.190475 90.904110
40584.606524 76.990912 90.904110
40405.795880 77.363395 90.904110
40349.775472 77.354481 90.904110
40354.698477 77.154340 90.904110
40298.759701 77.145275 90.904110
40242.861742 77.136198 90.904110
40126.102003 77.318700 90.904110
40193.035096 76.926579 90.904110
39895.537652 77.685291 90.904110
40081.524892 76.908083 90.904110
40088.622064 76.707310 90.904110
39970.177953 76.889535 90.904110
39914.565708 76.880242 90.904110
39858.994280 76.870936 90.904110
39620.755877 77.439439 90.904110
39810.764921 76.660149 90.904110
39630.678069 77.035506 90.904110
39763.643053 76.449109 90.904110
39581.749382 76.824211 90.904110
39526.422851 76.814827 90.904110
39533.928186 76.612658 90.904110
39478.683288 76.603120 90.904110
39360.688157 76.786595 90.904110
39305.524892 76.777158 90.904110
39313.193492 76.574426 90.904110
39258.111859 76.564835 90.904110
39140.279994 76.748768 90.904110
39211.806319 76.352257 90.904110
39156.847135 76.342498 90.904110
39101.928768 76.332724 90.904110
39047.051217 76.322937 90.904110
38928.479206 76.507002 90.904110
38873.683288 76.497315 90.904110
38882.663462 76.293492 90.904110
38827.949176 76.283650 90.904110
38773.275706 76.273793 90.904110
38654.907778 76.458433 90.904110
38728.730719 76.059722 90.904110
38674.179698 76.049695 90.904110
38685.293222 75.845408 90.904110
38630.823834 75.835224 90.904110
38576.395263 75.825026 90.904110
38327.969002 76.399696 90.904110
38402.036841 75.999348 90.904110
38347.730719 75.989235 90.904110
38293.465412 75.979109 90.904110
38438.944786 75.384535 90.904110
38185.057249 75.958812 90.904110
38002.499615 76.340456 90.904110
38076.812351 75.938458 90.904110
37958.071625 76.124263 90.904110
37968.730719 75.918046 90.904110
37980.374855 75.711891 90.904110
37926.436079 75.701518 90.904110
38075.074663 75.104631 90.904110
37952.761113 75.289121 90.904110
37898.944786 75.278444 90.904110
37777.657095 75.463641 90.904110
37723.922401 75.453064 90.904110
37737.740704 75.246322 90.904110
37550.007508 75.628494 90.904110
37630.475398 75.224831 90.904110
37442.823834 75.607495 90.904110
37523.373357 75.203279 90.904110
37335.803426 75.586437 90.904110
37348.922401 75.378598 90.904110
37098.643053 75.961203 90.904110
37045.275706 75.950887 90.904110
37056.628678 75.742173 90.904110
36874.928186 76.129073 90.904110
36885.418564 75.919850 90.904110
36962.517712 75.512254 90.904110
36843.730719 75.700164 90.904110
36790.608270 75.689624 90.904110
36737.526637 75.679068 90.904110
36684.485821 75.668498 90.904110
36631.485821 75.657912 90.904110
36644.150365 75.448072 90.904110
36525.608270 75.636694 90.904110
36408.051217 75.825927 90.904110
36355.214482 75.815415 90.904110
36367.098065 75.604752 90.904110
36185.928186 75.994972 90.904110
36133.213900 75.984552 90.904110
36144.275706 75.773215 90.904110
36156.322555 75.561945 90.904110
36303.434582 74.950940 90.904110
36388.740602 74.541197 90.904110
36266.829765 74.728986 90.904110
36214.360377 74.717657 90.904110
36161.931805 74.706312 90.904110
36178.944684 74.495316 90.904110
36057.197112 74.683573 90.904110
35936.434582 74.872464 90.904110
35816.657095 75.061988 90.904110
35764.432605 75.050832 90.904110
33349.322604 -88.706429 90.904110
33310.398915 -88.274117 90.904110
33251.215177 -88.488562 90.904110
33206.235650 -88.271411 90.904110
33181.125691 -87.621969 90.904110
33129.146100 -87.620103 90.904110
35014.759701 76.191523 90.904110
35215.914392 75.366192 90.904110
35229.680977 75.152234 90.904110
35177.864651 75.141051 90.904110
35126.089141 75.129851 90.904110
35008.730719 75.321985 90.904110
35022.660569 75.107403 90.904110
34971.007508 75.096154 90.904110
34853.771535 75.288657 90.904110
34737.520604 75.481806 90.904110
34816.293222 75.062307 90.904110
34699.179698 75.255181 90.904110
32467.984294 -87.377286 90.904110
34467.907778 75.642876 90.904110
34353.749382 75.837694 90.904110
34302.422851 75.826881 90.904110
34313.928186 75.610006 90.904110
34262.683288 75.599016 90.904110
34211.479206 75.588010 90.904110
34160.315941 75.576988 90.904110
34109.193492 75.565949 90.904110
33933.473987 75.968812 90.904110
31874.996267 -88.015048 90.904110
31680.374581 -87.787626 90.904110
31650.351641 -87.343601 90.904110
31599.596539 -87.341467 90.904110
31447.576131 -87.335045 90.904110
31386.125691 -87.554873 90.904110
31295.923069 -87.328591 90.904110
31245.453682 -87.326433 90.904110
30963.975859 -87.986047 90.904110
30943.494498 -87.313410 90.904110
30882.452222 -87.535003 90.904110
29967.241165 -87.952814 90.904110
29641.125691 -87.483884 90.904110
29103.023651 -87.460715 90.904110
29044.435805 -87.689362 90.904110
28995.803152 -87.687424 90.904110
27357.608512 -87.857354 90.904110
27302.378507 -88.093593 90.904110
27263.241165 -87.853648 90.904110
27245.861845 -87.136762 90.904110
24527.023651 -87.233793 90.904110
23729.146100 -87.187635 90.904110
24542.092696 78.873057 90.904110
24540.212807 78.616389 90.904110
24413.263749 79.100063 90.904110
24410.521267 78.842727 90.904110
24366.745757 78.832580 90.904110
24407.991430 78.327994 90.904110
24321.335256 78.564593 90.904110
24277.682195 78.554178 90.904110
24192.051879 78.791812 90.904110
24277.367341 78.038042 90.904110
24189.930206 78.274759 90.904110
24190.346933 78.016227 90.904110
24060.029134 78.501820 90.904110
24016.620970 78.491292 90.904110
23931.235553 78.730105 90.904110
23806.705560 79.220204 90.904110
22960.827487 -87.921083 90.904110
22899.170176 -88.699102 90.904110
22851.717076 -88.958234 90.904110
22805.249018 89.217899 90.904110
23985.843860 76.922775 90.904110
24195.342764 75.678125 90.904110
24315.180986 74.931254 90.904110
24502.572204 73.946198 90.904110
24965.718320 72.015981 90.904110
25489.335735 70.123509 90.904110
27221.131524 65.388908 90.904110
27563.539122 64.506006 90.904110
27619.414852 64.270986 90.904110
28724.366823 61.947576 90.904110
29355.830119 60.708342 90.904110
30512.324057 58.719420 90.904110
30594.801389 58.502767 90.904110
30805.262202 58.095890 90.904110
31280.147197 57.315540 90.904110
34353.583799 53.355598 90.904110
34159.566089 53.500072 90.904110
36160.915354 51.310478 90.904110
36779.486012 50.642869 90.904110
37413.205108 49.986528 90.904110
40412.724026 47.409694 90.904110
40746.260789 47.095083 90.904110
42245.013629 45.945499 90.904110
43398.220457 45.103264 90.904110
44171.889128 44.545006 90.904110
45806.733004 43.485451 90.904110
46843.450333 42.832124 90.904110
47239.550930 42.558221 90.904110
47639.469249 42.286615 90.904110
47597.530473 42.258861 90.904110
47777.997809 42.110027 90.904110
47513.775371 42.203277 90.904110
47471.959045 42.175449 90.904110
47430.183535 42.147596 90.904110
47388.448841 42.119719 90.904110
47346.754963 42.091817 90.904110
47083.680833 42.185441 90.904110
47042.068588 42.157478 90.904110
46780.020318 42.251590 90.904110
46738.489706 42.223566 90.904110
47138.897820 41.951938 90.904110
46436.018314 42.290083 90.904110
47056.040677 41.895814 90.904110
47014.673330 41.867715 90.904110
46751.925731 41.961043 90.904110
46932.061086 41.811443 90.904110
47113.181482 41.662418 90.904110
47519.540669 41.394266 90.904110
47703.575378 41.246966 90.904110
47662.452929 41.218777 90.904110
48531.605454 40.719806 90.904110
48033.559106 40.925865 90.904110
48910.347074 40.431449 90.904110
48408.605454 40.635219 90.904110
49060.277081 40.259922 90.904110
49485.847324 40.003104 90.904110
49211.314579 40.088920 90.904110
48937.766877 40.175216 90.904110
47520.329822 40.845582 90.904110
47934.732616 40.582097 90.904110
47438.942067 40.788726 90.904110
47398.309414 40.760261 90.904110
47131.575378 40.850098 90.904110
46641.572636 41.059894 90.904110
46601.062432 41.031304 90.904110
46337.283523 41.122680 90.904110
46296.854952 41.094023 90.904110
46479.776718 40.945385 90.904110
46888.881500 40.678542 90.904110
46623.377404 40.768635 90.904110
46135.548829 40.979148 90.904110
46095.324339 40.950367 90.904110
47181.130534 40.327955 90.904110
46913.901251 40.416774 90.904110
47787.810273 39.921223 90.904110
47978.612380 39.777225 90.904110
48403.151314 39.519658 90.904110
48130.419938 39.605067 90.904110
347114.204830 13.717796 90.904110
349438.177425 13.656965 90.904110
348609.419204 13.659237 90.904110
347781.646026 13.661515 90.904110
343033.958161 13.743189 90.904110
19349.290416 -86.601799 90.904110
19288.864376 -87.164239 90.904110
19225.174361 -88.012095 90.904110
19230.453682 -86.591303 90.904110
19146.072320 -88.007991 90.904110
19113.664221 -87.721347 90.904110
19082.241165 -87.434224 90.904110
19012.145647 -88.857861 90.904110
18977.027319 -88.570953 90.904110
18949.031504 -87.997656 90.904110
18903.608318 -88.281737 90.904110
18877.582589 -87.707135 90.904110
18831.296810 -87.991404 90.904110
18777.088866 -87.125822 90.904110
18738.007234 -87.122823 90.904110
18680.739396 -86.541453 90.904110
18641.780212 -86.537837 90.904110
18398.023651 -86.805685 90.904110
18340.465655 -87.382817 90.904110
18293.807078 -87.670819 90.904110
18248.133544 -87.959548 90.904110
18209.582524 -87.957389 90.904110
18164.934849 -88.247138 90.904110
18132.602932 -87.953056 90.904110
18078.594627 -88.828739 90.904110
18033.125174 -89.706835 90.904110
18001.859933 -88.826245 90.904110
17956.472113 -89.706210 90.904110
17918.206807 -89.705896 90.904110
17881.398657 89.411180 90.904110
17843.214983 89.410550 90.904110
17803.655787 -89.704952 90.904110
17772.635443 -88.818699 90.904110
17727.492521 -89.704319 90.904110
17689.472113 89.704001 90.904110
17655.269427 -89.111112 90.904110
17613.081633 90.000000 90.904110
17575.655787 89.703044 90.904110
17537.798644 89.702724 90.904110
17501.398657 89.404822 90.904110
17461.734694 90.000000 90.904110
17428.249018 89.105341 90.904110
17416.521364 87.612845 90.904110
17349.125174 89.701112 90.904110
17311.512929 -89.700787 90.904110
17670.516549 81.378973 90.904110
17781.701580 79.910144 90.904110
17844.771885 79.028928 90.904110
17842.731392 78.727928 90.904110
17805.323229 78.715938 90.904110
17919.032091 77.550251 90.904110
17881.705560 77.537055 90.904110
18010.603675 76.378076 90.904110
17888.378410 76.935807 90.904110
17810.100484 77.209303 90.904110
17856.029134 76.621125 90.904110
17776.888614 76.894177 90.904110
17824.787349 76.305882 90.904110
17702.766165 76.866279 90.904110
17665.766165 76.852285 90.904110
17628.806981 76.838263 90.904110
17550.814770 77.113554 90.904110
17555.011063 76.810130 90.904110
17477.100484 77.085938 90.904110
17440.304566 77.072086 90.904110
17285.993289 77.933718 90.904110
17072.236571 79.394001 90.904110
17103.547395 78.790706 90.904110
16904.035705 80.263730 90.904110
203171.319724 16.497537 90.904110
201948.820465 16.529827 90.904110
200730.138927 16.562314 90.904110
200104.000212 16.569862 90.904110
204215.085684 16.378591 90.904110
201803.024546 16.459957 90.904110
194150.076120 16.771250 90.904110
193534.487160 16.779258 90.904110
16263.167542 84.124319 90.904110
16226.943052 84.117741 90.904110
16228.528431 83.496331 90.904110
16120.624375 84.721407 90.904110
16156.283533 83.481743 90.904110
16183.957584 82.552023 90.904110
16171.070720 82.236707 90.904110
16264.922245 80.698559 90.904110
16257.782372 80.383486 90.904110
16112.354162 81.595956 90.904110
16215.770399 80.057198 90.904110
16274.848816 79.134203 90.904110
16272.593339 78.819023 90.904110
16236.858645 78.806568 90.904110
16235.629028 78.491007 90.904110
16309.034105 77.571964 90.904110
16311.663025 77.257148 90.904110
16355.406607 76.642517 90.904110
16319.875994 76.627714 90.904110
16244.256580 76.913373 90.904110
16332.029134 75.998674 90.904110
16383.489790 75.386328 90.904110
16348.122443 75.370177 90.904110
16357.646662 75.056179 90.904110
16368.155924 74.742374 90.904110
16525.533192 73.543732 90.904110
16490.329110 73.525675 90.904110
16505.681952 73.213758 90.904110
16627.773183 72.318513 90.904110
16702.221802 71.718807 90.904110
16838.558060 70.834769 90.904110
16862.572204 70.527709 90.904110
16948.473987 69.936535 90.904110
17038.193492 69.348415 90.904110
17131.730719 68.763450 90.904110
17162.517712 68.460717 90.904110
17194.289748 68.158534 90.904110
17227.046827 67.856919 90.904110
17330.189582 67.279486 90.904110
17365.860972 66.979934 90.904110
17331.228319 66.955621 90.904110
17513.336419 66.110148 90.904110
17405.607860 66.357859 90.904110
17593.462951 65.517404 90.904110
17789.856895 64.686075 90.904110
17914.058342 64.128132 90.904110
17960.401936 63.837166 90.904110
18173.914403 63.024049 90.904110
18224.116534 62.736650 90.904110
18361.700416 62.192464 90.904110
18414.816859 61.907717 90.904110
18380.633186 61.879288 90.904110
18614.178486 61.087515 90.904110
18856.262639 60.305793 90.904110
18822.201415 60.276239 90.904110
18788.181007 60.246631 90.904110
18848.151932 59.968091 90.904110
18814.213157 59.938225 90.904110
19363.847054 58.439456 90.904110
19230.374036 58.650464 90.904110
19296.173584 58.377775 90.904110
19362.958176 58.106022 90.904110
19636.569144 57.359564 90.904110
19812.493506 56.857155 90.904110
19885.065904 56.591661 90.904110
19958.623345 56.327140 90.904110
20475.063739 55.150515 90.904110
20782.870936 54.445735 90.904110
20749.381140 54.412694 90.904110
20948.211831 53.937378 90.904110
20682.523997 54.346452 90.904110
20998.992496 53.651263 90.904110
20965.665965 53.617758 90.904110
21050.880652 53.365846 90.904110
21257.469236 52.898987 90.904110
21345.598234 52.650279 90.904110
21557.933808 52.190158 90.904110
21524.811359 52.155956 90.904110
22250.887676 50.871705 90.904110
21582.854669 51.875978 90.904110
22184.846859 50.802347 90.904110
22412.494136 50.360206 90.904110
22248.800425 50.528445 90.904110
22611.081583 49.887526 90.904110
22846.405118 49.454246 90.904110
22679.056952 49.617562 90.904110
22916.350573 49.186333 90.904110
23157.461915 48.759581 90.904110
23402.390980 48.337285 90.904110
23092.155793 48.688566 90.904110
23760.651988 47.694276 90.904110
23871.151252 47.470172 90.904110
23982.635560 47.247108 90.904110
24387.815064 46.656192 90.904110
24503.157910 46.437400 90.904110
24619.485797 46.219640 90.904110
24736.798728 46.002911 90.904110
24704.492606 45.966738 90.904110
25434.690041 45.043678 90.904110
25557.790778 44.833241 90.904110
