125195.494918 56.682701 76.109589
125396.012304 56.567082 76.109589
124428.021864 56.859017 76.109589
125211.217585 56.539174 76.109589
123953.732673 56.933699 76.109589
125320.738666 56.409677 76.109589
124641.404344 56.599043 76.109589
124549.227172 56.585064 76.109589
124165.242725 56.673164 76.109589
125247.379852 56.252179 76.109589
123400.816431 56.850182 76.109589
124181.007788 56.529044 76.109589
124676.183487 56.311384 76.109589
124290.179820 56.399015 76.109589
124492.465240 56.283206 76.109589
124106.559434 56.370859 76.109589
123721.834494 56.458785 76.109589
123923.134769 56.342661 76.109589
123831.495832 56.328547 76.109589
124034.025904 56.212581 76.109589
123942.484829 56.198425 76.109589
123850.992684 56.184258 76.109589
85612.210008 87.150022 76.109589
123081.046966 56.359984 76.109589
123576.809832 56.141695 76.109589
122606.548984 56.434113 76.109589
122807.157697 56.317483 76.109589
123303.067354 56.099037 76.109589
122332.953299 56.391613 76.109589
122533.708803 56.274888 76.109589
122442.657033 56.260668 76.109589
122351.654193 56.246438 76.109589
122553.688425 56.129841 76.109589
122756.903524 56.013438 76.109589
122371.927398 56.101286 76.109589
122575.240358 55.984820 76.109589
122190.362093 56.072688 76.109589
122099.652836 56.058374 76.109589
121716.004369 56.146530 76.109589
121625.392973 56.132214 76.109589
122121.938727 55.913089 76.109589
122031.425193 55.898711 76.109589
121353.852369 56.089205 76.109589
121556.424837 55.972261 76.109589
121466.058094 55.957872 76.109589
121375.740282 55.943472 76.109589
121285.471400 55.929061 76.109589
121784.623540 55.710047 76.109589
120812.092286 56.002897 76.109589
121309.078415 55.783303 76.109589
121219.005255 55.768828 76.109589
120541.872806 55.959598 76.109589
120744.885648 55.842370 76.109589
120361.971139 55.930678 76.109589
120565.081842 55.813387 76.109589
119890.408988 56.004800 76.109589
119800.629411 55.990323 76.109589
120295.743112 55.769832 76.109589
119913.073254 55.858188 76.109589
119823.440469 55.843658 76.109589
120616.216848 55.521056 76.109589
120231.429910 55.608898 76.109589
119847.823838 55.697022 76.109589
119758.386775 55.682427 76.109589
119963.118720 55.565053 76.109589
119873.779518 55.550416 76.109589
119490.369168 55.638578 76.109589
119401.127827 55.623940 76.109589
119311.935417 55.609291 76.109589
119222.791937 55.594630 76.109589
118548.853041 55.786502 76.109589
119338.771846 55.462366 76.109589
118955.655080 55.550584 76.109589
118573.719180 55.639086 76.109589
118484.820353 55.624392 76.109589
117813.389982 55.816946 76.109589
118307.169489 55.594969 76.109589
118218.417453 55.580242 76.109589
118422.702490 55.462195 76.109589
118628.168393 55.344352 76.109589
118245.443070 55.432643 76.109589
118451.006834 55.314737 76.109589
118068.379373 55.403047 76.109589
118274.040998 55.285079 76.109589
118185.631476 55.270233 76.109589
117510.162665 55.462022 76.109589
117129.994799 55.550924 76.109589
117626.576415 55.328863 76.109589
117245.374473 55.417505 76.109589
117744.317823 55.195837 76.109589
117656.201883 55.180925 76.109589
117274.014797 55.269315 76.109589
117480.116797 55.151066 76.109589
116222.458956 55.551095 76.109589
116425.263007 55.432065 76.109589
116046.667452 55.521333 76.109589
116541.425570 55.298303 76.109589
115871.071671 55.491525 76.109589
116953.035869 55.061221 76.109589
115695.671611 55.461671 76.109589
116483.613593 55.134677 76.109589
115811.191543 55.327474 76.109589
116308.507116 55.104633 76.109589
115928.039132 55.193410 76.109589
115840.608221 55.178381 76.109589
78263.756866 86.556151 76.109589
78151.704589 86.708135 76.109589
78064.420469 86.706293 76.109589
77953.597989 86.858577 76.109589
77889.999020 86.702603 76.109589
77779.274401 86.855055 76.109589
77669.730650 87.007723 76.109589
77582.691182 87.006044 76.109589
77541.743288 86.695198 76.109589
77431.214392 86.847988 76.109589
77367.909005 86.691484 76.109589
77257.477970 86.844442 76.109589
77148.227801 86.997618 76.109589
77132.243786 86.530952 76.109589
77045.546832 86.528998 76.109589
76958.898808 86.527042 76.109589
76823.993199 86.835543 76.109589
76785.749553 86.523124 76.109589
76674.529095 86.676541 76.109589
76588.076793 86.674663 76.109589
76455.630779 86.984037 76.109589
76415.318982 86.670902 76.109589
76353.732698 86.513290 76.109589
76242.756892 86.667133 76.109589
76181.268470 86.509340 76.109589
76070.390525 86.663355 76.109589
75938.238094 86.973770 76.109589
75830.853820 87.128363 76.109589
75705.590868 87.439657 76.109589
75529.041270 88.378354 76.109589
75455.395130 88.220575 76.109589
74843.098798 88.370937 76.109589
74757.576176 88.370005 76.109589
74586.677725 88.368139 76.109589
74428.242921 88.208334 76.109589
74330.697026 88.365330 76.109589
75507.400438 82.395188 76.109589
75565.006801 81.764846 76.109589
75421.247238 81.915507 76.109589
75336.213921 81.910915 76.109589
75309.906852 81.750813 76.109589
75284.780650 81.590656 76.109589
73690.434360 87.881625 76.109589
73577.665105 88.198005 76.109589
73492.876441 88.196965 76.109589
74827.041564 81.883255 76.109589
74801.028078 81.722604 76.109589
74600.163508 82.030224 76.109589
74515.570567 82.025672 76.109589
74374.613112 82.177640 76.109589
74290.118031 82.173165 76.109589
72944.321245 87.711099 76.109589
72844.260291 87.869352 76.109589
72775.575737 87.708446 76.109589
72691.276378 87.707116 76.109589
72607.025950 87.705786 76.109589
72522.824452 87.704454 76.109589
73932.467914 81.513534 76.109589
73909.305467 81.351854 76.109589
73825.250761 81.346894 76.109589
73741.244986 81.341929 76.109589
73657.288141 81.336958 76.109589
72002.979273 87.856935 76.109589
71919.120289 87.855685 76.109589
73344.770000 81.479349 76.109589
73321.950066 81.317018 76.109589
73058.810115 81.784948 76.109589
71599.837393 87.689697 76.109589
71500.559327 87.849415 76.109589
71416.993926 87.848157 76.109589
71333.477456 87.846897 76.109589
72699.660427 81.602977 76.109589
71166.591307 87.844372 76.109589
72532.872139 81.593258 76.109589
72509.360644 81.430038 76.109589
70902.097263 88.002339 76.109589
72465.880254 81.103445 76.109589
72382.706297 81.098294 76.109589
72237.508146 81.251578 76.109589
72154.432050 81.246503 76.109589
72196.683073 80.924322 76.109589
71808.998891 81.713268 76.109589
71844.556157 81.390179 76.109589
71761.675783 81.385171 76.109589
71678.844340 81.380157 76.109589
71536.252575 81.534474 76.109589
69989.336683 87.989349 76.109589
69906.652031 87.988160 76.109589
69810.616448 88.150008 76.109589
69741.429520 87.985778 76.109589
71182.883223 81.349950 76.109589
71100.394294 81.344895 76.109589
70958.145042 81.499805 76.109589
70817.076657 81.655023 76.109589
70853.221089 81.329696 76.109589
70831.869071 81.164511 76.109589
70570.197035 81.640335 76.109589
70546.679005 81.474868 76.109589
70405.855273 81.630514 76.109589
70442.244357 81.304245 76.109589
70360.195803 81.299137 76.109589
70401.210493 80.972858 76.109589
70196.245485 81.288903 76.109589
70114.343722 81.283777 76.109589
70032.490889 81.278645 76.109589
70073.701302 80.951610 76.109589
69929.873205 81.107252 76.109589
68249.834548 88.128967 76.109589
68155.909512 88.292866 76.109589
68086.569258 88.126724 76.109589
69542.401434 81.247727 76.109589
69460.891115 81.242553 76.109589
67869.969962 87.792616 76.109589
69358.958458 81.070430 76.109589
67666.994389 88.286708 76.109589
69016.852575 81.546103 76.109589
67530.081915 87.953050 76.109589
69033.797931 81.049252 76.109589
68891.688937 81.206164 76.109589
68810.570062 81.200941 76.109589
68790.441307 81.033304 76.109589
68709.420293 81.027975 76.109589
68567.507020 81.185235 76.109589
68486.583868 81.179987 76.109589
68466.650835 81.011951 76.109589
68447.898669 80.843867 76.109589
68244.107993 81.164207 76.109589
68163.380562 81.158934 76.109589
68082.702062 81.153655 76.109589
68063.013681 80.985118 76.109589
68107.711230 80.653484 76.109589
67781.150891 81.301368 76.109589
67760.477366 81.132478 76.109589
66170.583754 87.764436 76.109589
66090.198837 87.763076 76.109589
66025.526586 87.594093 76.109589
67263.003609 81.603816 76.109589
65834.805870 87.926852 76.109589
67339.549428 80.936416 76.109589
67079.981405 81.424016 76.109589
67179.317830 80.925522 76.109589
66978.524984 81.248998 76.109589
67081.355079 80.750265 76.109589
65384.600193 87.582323 76.109589
66859.441799 80.903656 76.109589
65194.662365 87.916694 76.109589
66699.797367 80.892684 76.109589
66620.048547 80.887189 76.109589
66540.348657 80.881686 76.109589
66460.697698 80.876177 76.109589
66381.095669 80.870662 76.109589
66363.615696 80.699939 76.109589
66222.038403 80.859611 76.109589
66081.641977 81.019622 76.109589
64452.576318 88.244491 76.109589
65863.069041 81.174619 76.109589
65783.760595 81.169258 76.109589
65825.251522 80.831867 76.109589
65746.040938 80.826298 76.109589
65666.879284 80.820722 76.109589
65467.016118 81.147750 76.109589
65447.761578 80.975877 76.109589
65429.687905 80.803955 76.109589
65229.971531 81.131551 76.109589
65271.804971 80.792743 76.109589
65192.936900 80.787127 76.109589
64993.367318 81.115292 76.109589
65097.420676 80.609117 76.109589
63386.225317 87.715838 76.109589
64940.027048 80.597641 76.109589
63261.388957 87.370516 76.109589
64541.328257 81.255683 76.109589
64767.508646 80.413286 76.109589
64625.826957 80.574604 76.109589
62947.384589 87.363962 76.109589
62852.210151 87.534068 76.109589
64267.676345 80.892705 76.109589
62695.599411 87.530989 76.109589
64172.104656 80.713495 76.109589
64032.980423 80.875888 76.109589
64015.787499 80.702063 76.109589
63876.761127 80.864642 76.109589
63798.724875 80.859009 76.109589
63781.678743 80.684863 76.109589
62133.339398 87.692911 76.109589
62015.250350 88.210315 76.109589
63548.010361 80.667600 76.109589
63349.468319 80.999808 76.109589
63331.534903 80.825065 76.109589
63253.841165 80.819383 76.109589
63176.196357 80.813694 76.109589
63098.600479 80.807999 76.109589
63081.994722 80.632883 76.109589
63004.496705 80.627072 76.109589
62747.619861 81.130587 76.109589
62849.647464 80.615428 76.109589
62592.868480 81.119542 76.109589
61110.061193 87.848164 76.109589
62556.799392 80.767932 76.109589
62540.536148 80.592055 76.109589
62463.380645 80.586193 76.109589
60815.873119 87.668042 76.109589
62371.289557 80.404184 76.109589
62294.280846 80.398199 76.109589
62034.497497 80.904117 76.109589
62078.337089 80.556777 76.109589
61940.533980 80.721716 76.109589
61924.662181 80.544960 76.109589
60237.297581 88.184087 76.109589
60186.250241 87.831705 76.109589
60124.115843 87.654657 76.109589
61617.899529 80.521237 76.109589
61304.358054 81.202143 76.109589
61403.870598 80.680899 76.109589
61388.341311 80.503367 76.109589
61373.992892 80.325792 76.109589
60998.574013 81.179943 76.109589
61098.282279 80.657414 76.109589
60962.198272 80.823784 76.109589
60885.972450 80.817992 76.109589
60930.545999 80.467426 76.109589
60793.476848 80.633812 76.109589
60778.339006 80.455386 76.109589
60702.308906 80.449354 76.109589
60688.400861 80.270772 76.109589
60550.395496 80.437269 76.109589
60413.570997 80.604143 76.109589
60398.677808 80.425153 76.109589
60384.965485 80.246120 76.109589
60247.155842 80.413006 76.109589
60233.541380 80.233747 76.109589
58541.092380 87.444824 76.109589
58465.502653 87.443172 76.109589
59883.757887 80.562292 76.109589
59748.456769 80.730235 76.109589
59673.013834 80.724326 76.109589
59657.429083 80.544243 76.109589
59643.025199 80.364114 76.109589
58012.991838 87.433213 76.109589
59492.481844 80.351814 76.109589
59479.356687 80.171415 76.109589
59342.134210 80.339483 76.109589
59329.106915 80.158854 76.109589
59317.260487 79.978187 76.109589
59116.979739 80.320927 76.109589
59042.026110 80.314726 76.109589
59029.194536 80.133636 76.109589
58954.338768 80.127311 76.109589
58879.531930 80.120979 76.109589
58804.774023 80.114638 76.109589
58730.065046 80.108289 76.109589
58655.405000 80.101933 76.109589
58580.793884 80.095568 76.109589
58506.231699 80.089195 76.109589
58494.923506 79.907255 76.109589
58295.180995 80.252280 76.109589
58346.043789 79.894252 76.109589
58146.399138 80.239695 76.109589
58197.359793 79.881215 76.109589
58059.886129 80.050786 76.109589
58048.871519 79.868145 76.109589
57911.495716 80.037918 76.109589
57837.373906 80.031471 76.109589
57763.301026 80.025016 76.109589
57627.203950 80.195394 76.109589
55954.896316 87.933525 76.109589
57541.375969 80.005602 76.109589
57405.425685 80.176285 76.109589
57521.212644 79.638637 76.109589
57257.818161 80.163505 76.109589
57246.160920 79.979600 76.109589
57172.479484 79.973078 76.109589
57098.846979 79.966548 76.109589
57152.805465 79.604926 76.109589
57079.270820 79.598158 76.109589
56878.243046 79.946908 76.109589
55157.800385 87.734975 76.109589
55098.944331 87.549978 76.109589
56658.079488 79.927191 76.109589
56522.716371 80.099108 76.109589
56639.090495 79.557365 76.109589
56565.898365 79.550535 76.109589
56365.213104 79.900783 76.109589
56485.129830 79.358500 76.109589
56219.073496 79.887527 76.109589
56339.088082 79.344556 76.109589
56011.056483 80.053531 76.109589
56127.773122 79.509370 76.109589
55990.586506 79.681593 76.109589
55917.785820 79.674805 76.109589
55909.371062 79.488668 76.109589
55836.668237 79.481749 76.109589
55896.084148 79.116319 76.109589
55691.409377 79.467884 76.109589
55818.655957 78.922832 76.109589
55746.148853 78.915540 76.109589
55539.357002 79.267211 76.109589
53673.922092 87.145136 76.109589
55329.118513 79.433064 76.109589
55322.276067 79.245924 76.109589
55250.013616 79.238809 76.109589
55244.400967 79.051525 76.109589
55105.635506 79.224553 76.109589
54840.508851 79.759860 76.109589
54961.453118 79.210259 76.109589
54696.424325 79.746236 76.109589
54562.382331 79.920991 76.109589
54745.546515 79.188748 76.109589
54543.869575 79.544127 76.109589
54736.187111 78.812438 76.109589
54596.681158 78.985965 76.109589
54592.689750 78.797554 76.109589
54453.281658 78.971290 76.109589
54381.655304 78.963939 76.109589
54243.477010 79.138224 76.109589
54238.549388 78.949206 76.109589
54234.802633 78.760173 76.109589
54163.372001 78.752667 76.109589
54091.990299 78.745152 76.109589
53952.924721 78.919624 76.109589
53949.373688 78.730091 76.109589
53810.405971 78.904775 76.109589
53806.952799 78.714990 76.109589
53804.680494 78.525195 76.109589
53664.727632 78.699849 76.109589
53662.553188 78.509802 76.109589
53591.562930 78.502091 76.109589
53384.024052 78.859989 76.109589
53449.729207 78.486637 76.109589
53310.020998 78.661821 76.109589
53308.091206 78.471142 76.109589
53034.147179 79.013560 76.109589
53166.648928 78.455606 76.109589
53165.997864 78.264670 76.109589
53025.402371 78.440029 76.109589
52818.254937 78.799717 76.109589
52815.486792 78.608155 76.109589
52955.024811 78.049589 76.109589
52743.496424 78.408750 76.109589
52673.142263 78.400904 76.109589
52533.972289 78.577263 76.109589
52463.715990 78.569514 76.109589
52532.370045 78.193095 76.109589
52462.211606 78.185089 76.109589
52322.105418 78.361517 76.109589
52252.044841 78.353608 76.109589
52182.033194 78.345688 76.109589
52182.067158 78.152959 76.109589
52183.281989 77.960232 76.109589
52113.417133 77.952043 76.109589
52043.601208 77.943843 76.109589
51763.844174 78.491452 76.109589
51694.126110 78.483588 76.109589
51834.447017 77.919178 76.109589
51693.698198 78.096313 76.109589
51695.255542 77.902679 76.109589
51625.733201 77.894413 76.109589
51485.131173 78.071873 76.109589
51486.835309 77.877847 76.109589
51276.334462 78.241756 76.109589
51277.004523 78.047333 76.109589
51207.726833 78.039131 76.109589
51209.626691 77.844582 76.109589
51140.446863 77.836237 76.109589
50930.190669 78.201294 76.109589
50931.105382 78.006212 76.109589
50933.200962 77.811136 76.109589
50864.216856 77.802746 76.109589
50940.934723 77.421019 76.109589
50655.266820 77.973114 76.109589
50657.558122 77.777508 76.109589
50661.030291 77.581914 76.109589
50592.290837 77.573346 76.109589
50451.339762 77.752168 76.109589
50382.698169 77.743698 76.109589
50314.105507 77.735216 76.109589
48075.752983 87.377002 76.109589
50177.066975 77.718218 76.109589
50037.492489 77.897981 76.109589
50112.484718 77.513042 76.109589
50044.136709 77.504380 76.109589
49903.577077 77.684084 76.109589
49764.198313 77.864292 76.109589
49767.125712 77.666946 76.109589
49844.626467 77.281145 76.109589
49630.870068 77.649761 76.109589
49708.468684 77.263445 76.109589
49494.810146 77.632529 76.109589
49572.506623 77.245697 76.109589
49358.945947 77.615250 76.109589
49363.347795 77.417107 76.109589
49295.538022 77.408313 76.109589
49084.388010 77.779253 76.109589
49160.065267 77.390690 76.109589
49165.794774 77.192159 76.109589
48952.527680 77.563126 76.109589
48884.962559 77.554397 76.109589
48746.317753 77.736292 76.109589
48749.979109 77.536902 76.109589
48754.821333 77.337529 76.109589
48687.451934 77.328626 76.109589
48620.131466 77.319710 76.109589
48626.252417 77.120085 76.109589
48633.554235 76.920487 76.109589
48418.463644 77.292890 76.109589
48499.255812 76.902069 76.109589
48212.002529 77.466435 76.109589
48217.236197 77.265957 76.109589
48223.650731 77.065503 76.109589
48156.721707 77.056362 76.109589
48089.841614 77.047208 76.109589
47949.617961 77.229872 76.109589
47882.835729 77.220819 76.109589
47964.019341 76.827883 76.109589
47972.991332 76.626938 76.109589
47830.699529 76.809207 76.109589
47616.196104 77.184482 76.109589
47697.575438 76.790480 76.109589
47556.562363 76.973517 76.109589
47564.647070 76.771700 76.109589
47573.912643 76.569919 76.109589
47431.914424 76.752867 76.109589
47441.277858 76.550806 76.109589
47224.853074 76.927040 76.109589
47308.838795 76.531640 76.109589
47092.511872 76.908357 76.109589
46953.022177 77.092743 76.109589
46886.973902 77.083498 76.109589
46820.974558 77.074240 76.109589
46828.416634 76.870835 76.109589
46762.515150 76.861422 76.109589
46696.662598 76.851995 76.109589
46781.039763 76.454437 76.109589
46715.285071 76.444725 76.109589
46499.398523 76.823634 76.109589
46433.741692 76.814154 76.109589
46442.658217 76.609927 76.109589
46302.574822 76.795153 76.109589
46311.589209 76.590639 76.109589
46098.211186 76.971535 76.109589
46032.799008 76.962119 76.109589
46115.352675 76.561605 76.109589
45975.513932 76.747415 76.109589
45910.248546 76.737827 76.109589
45845.032090 76.728225 76.109589
45779.864564 76.718610 76.109589
45789.270395 76.512940 76.109589
45724.200731 76.503165 76.109589
45511.263082 76.886303 76.109589
45519.683768 76.680010 76.109589
45237.979236 77.261936 76.109589
45103.108614 77.450599 76.109589
45179.408899 77.045542 76.109589
45260.285860 76.641189 76.109589
45195.558709 76.631450 76.109589
45130.880489 76.621696 76.109589
45066.251199 76.611928 76.109589
44928.278351 76.799969 76.109589
44937.139411 76.592350 76.109589
44727.003871 76.979045 76.109589
44882.747771 76.374818 76.109589
44670.446219 76.761239 76.109589
44606.110512 76.751521 76.109589
44615.216225 76.543159 76.109589
44334.196721 77.130548 76.109589
44486.789465 76.523384 76.109589
44497.173906 76.314769 76.109589
44433.082852 76.304711 76.109589
44148.863261 76.892557 76.109589
44157.130621 76.683105 76.109589
43879.800509 77.273978 76.109589
44029.291026 76.663429 76.109589
44038.837114 76.453717 76.109589
43758.257985 77.044669 76.109589
43985.815529 76.233892 76.109589
43701.938451 76.824504 76.109589
43710.548325 76.613991 76.109589
43503.557406 77.006137 76.109589
43511.133205 76.795126 76.109589
43447.629317 76.785305 76.109589
43313.045743 76.977091 76.109589
41150.959540 87.164716 76.109589
41120.061850 86.737916 76.109589
43052.977774 77.150288 76.109589
42989.718539 77.140676 76.109589
42996.504915 76.928395 76.109589
42933.343541 76.918613 76.109589
42663.636866 77.518610 76.109589
42807.167584 76.899005 76.109589
42744.153001 76.889180 76.109589
40567.975374 87.358652 76.109589
42411.676396 77.480990 76.109589
40489.182067 86.712573 76.109589
42353.722552 77.257645 76.109589
40331.133869 87.136020 76.109589
40268.412870 87.133788 76.109589
40177.809140 87.561105 76.109589
40080.543455 87.127073 76.109589
41977.836930 77.199758 76.109589
41984.225327 76.984929 76.109589
41852.933167 77.180347 76.109589
41790.554681 77.170620 76.109589
41464.085514 77.986462 76.109589
41466.141888 77.770262 76.109589
41535.980000 77.347546 76.109589
39581.711290 87.109011 76.109589
41479.396210 77.121766 76.109589
41486.176051 76.905657 76.109589
41355.275335 77.102122 76.109589
39305.537879 87.534175 76.109589
39107.602411 87.746090 76.109589
39045.811092 87.744306 76.109589
38799.135119 87.737143 76.109589
38749.856378 87.516546 76.109589
38553.242034 87.729935 76.109589
38504.159015 87.508631 76.109589
38369.335991 87.724498 76.109589
37603.166366 87.256423 76.109589
37468.679321 87.474418 76.109589
37436.140787 87.027248 76.109589
37347.787861 87.470331 76.109589
37287.415526 87.468282 76.109589
37214.824196 87.689453 76.109589
37166.817649 87.464175 76.109589
37094.324180 87.685701 76.109589
29252.491867 87.393705 76.109589
30353.832911 78.457747 76.109589
30353.475276 78.205049 76.109589
30247.131301 78.437126 76.109589
30193.853892 78.426788 76.109589
30193.643048 78.173422 76.109589
30140.463500 78.162842 76.109589
30141.482454 77.909255 76.109589
30034.251195 78.141627 76.109589
29981.218439 78.130991 76.109589
30094.079135 77.390865 76.109589
30340.190505 76.172070 76.109589
30896.899807 74.016332 76.109589
31462.896904 72.133179 76.109589
31576.136696 71.655956 76.109589
31869.036552 70.723379 76.109589
32180.096319 69.799595 76.109589
33327.370929 67.122603 76.109589
33490.611643 66.669544 76.109589
34585.149852 64.521679 76.109589
35148.643774 63.463287 76.109589
35609.363793 62.624612 76.109589
35426.977827 62.806082 76.109589
37443.323016 59.811534 76.109589
37835.325083 59.213718 76.109589
39017.682722 57.690588 76.109589
38965.481784 57.666322 76.109589
41074.076288 55.305815 76.109589
41547.773494 54.759173 76.109589
41673.249981 54.561389 76.109589
42895.653419 53.349272 76.109589
44760.495513 51.689189 76.109589
47158.161813 49.794289 76.109589
48392.214779 48.870061 76.109589
48998.642122 48.403408 76.109589
49391.365798 48.086547 76.109589
52577.820710 46.101609 76.109589
53248.915215 45.670881 76.109589
54424.535518 44.983172 76.109589
55628.503159 44.310333 76.109589
56860.818140 43.652067 76.109589
59733.389520 42.286265 76.109589
62742.974128 40.986072 76.109589
62976.669597 40.846460 76.109589
62356.352170 41.045104 76.109589
63447.603133 40.568789 76.109589
63684.841202 40.430728 76.109589
63923.260138 40.293181 76.109589
64162.859940 40.156148 76.109589
64403.640610 40.019627 76.109589
64352.614005 39.992572 76.109589
64594.624471 39.856559 76.109589
64543.695727 39.829480 76.109589
64492.815913 39.802379 76.109589
64441.985030 39.775257 76.109589
64391.203078 39.748114 76.109589
64340.470055 39.720949 76.109589
63996.797822 39.802588 76.109589
63946.162661 39.775361 76.109589
64188.564572 39.639327 76.109589
63553.182925 39.830108 76.109589
64087.538903 39.584805 76.109589
64037.099464 39.557511 76.109589
63693.720814 39.638904 76.109589
64525.739469 39.286976 76.109589
64771.830772 39.152478 76.109589
65317.750766 38.912311 76.109589
64968.908156 38.991175 76.109589
65217.410123 38.857699 76.109589
65467.092957 38.724732 76.109589
65717.956659 38.592272 76.109589
65667.957594 38.564938 76.109589
65317.095764 38.642661 76.109589
65267.194561 38.615262 76.109589
64917.562529 38.693359 76.109589
64271.595476 38.878350 76.109589
63630.205100 39.065203 76.109589
63580.499619 39.037608 76.109589
62943.734848 39.226282 76.109589
63187.115370 39.090225 76.109589
62261.988065 39.389121 76.109589
62212.478306 39.361352 76.109589
61873.425144 39.443396 76.109589
62113.605579 39.305748 76.109589
62646.823085 39.059861 76.109589
62014.928574 39.250056 76.109589
62548.243942 39.004212 76.109589
62792.015907 38.868157 76.109589
62449.860520 38.948476 76.109589
62987.850424 38.704776 76.109589
63234.033054 38.569779 76.109589
62889.760586 38.649001 76.109589
62840.789063 38.621080 76.109589
62204.758250 38.808751 76.109589
61283.711782 39.107915 76.109589
60372.901670 39.411585 76.109589
24419.550763 85.765384 76.109589
24370.823892 85.761145 76.109589
24200.857947 87.134365 76.109589
24177.945657 86.577748 76.109589
24159.610042 86.020656 76.109589
24067.532427 86.848202 76.109589
24032.499002 86.567396 76.109589
24014.310179 86.008616 76.109589
23982.770424 85.726926 76.109589
23902.024521 86.278677 76.109589
23886.246362 85.718285 76.109589
23838.057727 85.713952 76.109589
23717.259028 87.105272 76.109589
23694.836043 86.542994 76.109589
23646.794199 86.539480 76.109589
23585.401424 86.816118 76.109589
23477.294463 87.090504 76.109589
23381.651150 87.084554 76.109589
23346.170816 86.799830 76.109589
23298.471486 86.796552 76.109589
23013.303048 86.776745 76.109589
23009.541628 85.922256 76.109589
22979.029414 85.634421 76.109589
22949.698067 85.346211 76.109589
22941.739067 84.774116 76.109589
22855.326948 85.336592 76.109589
22847.465809 84.763316 76.109589
22780.211095 85.042293 76.109589
22753.388273 84.752470 76.109589
22727.746318 84.462313 76.109589
22680.829876 84.456571 76.109589
22656.417719 84.165790 76.109589
22609.599138 84.159732 76.109589
22562.829488 84.153661 76.109589
22472.329998 84.719665 76.109589
22425.658209 84.714157 76.109589
22422.814121 84.135372 76.109589
22293.210398 85.278033 76.109589
22329.715196 84.123117 76.109589
22219.268878 84.979944 76.109589
22285.118508 83.536362 76.109589
22264.591465 83.242560 76.109589
22167.691801 83.810478 76.109589
22121.411456 83.803981 76.109589
22029.137399 84.374912 76.109589
23381.453222 74.786293 76.109589
23335.319669 74.770898 76.109589
23229.425793 75.028335 76.109589
23067.167404 75.561442 76.109589
23021.180642 75.546715 76.109589
23032.788191 75.256946 76.109589
22872.940467 75.793124 76.109589
23120.487080 74.404480 76.109589
23074.696040 74.388619 76.109589
22908.203488 74.921258 76.109589
23441.543295 72.458738 76.109589
23609.284897 71.638679 76.109589
23637.082068 71.354225 76.109589
23591.535681 71.335571 76.109589
23472.645736 71.583400 76.109589
23575.114124 71.032243 76.109589
23455.190103 71.279391 76.109589
23264.186396 71.795841 76.109589
23364.537704 71.241756 76.109589
22829.308139 73.113908 76.109589
23200.688537 71.471872 76.109589
23155.533594 71.453158 76.109589
22259.331430 74.997078 76.109589
22272.951665 74.702555 76.109589
22000.025866 75.807927 76.109589
22010.348152 75.511444 76.109589
258488.023370 16.392602 76.109589
256977.671182 16.423636 76.109589
255471.895669 16.454853 76.109589
254698.348533 16.462015 76.109589
248864.114577 16.640670 76.109589
244524.850725 16.773079 76.109589
247338.771749 16.655779 76.109589
21150.557945 78.258763 76.109589
21293.207038 77.089340 76.109589
21349.112711 76.500532 76.109589
21356.577424 76.199412 76.109589
21209.565909 76.759600 76.109589
21320.899880 75.883451 76.109589
21386.056765 75.296797 76.109589
21455.790327 74.711990 76.109589
21470.291311 74.412101 76.109589
21367.486592 74.679659 76.109589
21441.894690 74.095669 76.109589
21584.084526 73.232430 76.109589
21669.909849 72.654130 76.109589
21692.579040 72.356638 76.109589
21785.293842 71.781626 76.109589
21741.460023 71.762624 76.109589
21767.671815 71.466134 76.109589
21940.717516 70.619149 76.109589
21680.248830 71.427441 76.109589
22003.573179 70.030805 76.109589
22036.772311 69.737279 76.109589
21916.443777 69.989457 76.109589
20095.653928 78.571152 76.109589
22063.270801 69.130118 76.109589
22263.825488 68.298908 76.109589
22388.772743 67.741439 76.109589
22431.320949 67.452418 76.109589
22563.157684 66.899485 76.109589
22609.199560 66.612419 76.109589
22656.422303 66.325945 76.109589
22613.322442 66.302015 76.109589
23039.108229 64.978004 76.109589
23093.269381 64.696035 76.109589
23348.597388 63.905868 76.109589
23407.384147 63.627083 76.109589
23571.306543 63.098077 76.109589
23847.156196 62.325037 76.109589
23912.881364 62.051266 76.109589
23979.787400 61.778253 76.109589
24047.874302 61.506007 76.109589
24117.142072 61.234538 76.109589
23851.955732 61.695931 76.109589
24259.220211 60.693964 76.109589
24448.436651 60.185120 76.109589
24642.229768 59.680247 76.109589
24840.599560 59.179375 76.109589
24920.348340 58.915799 76.109589
25001.277986 58.653072 76.109589
25208.850061 58.159992 76.109589
25420.998811 57.671000 76.109589
25378.877561 57.640916 76.109589
25992.411456 56.481879 76.109589
25950.388067 56.451159 76.109589
26178.579648 55.976488 76.109589
25733.102963 56.613351 76.109589
26231.558447 55.693988 76.109589
26189.730779 55.662777 76.109589
26424.909701 55.193768 76.109589
27095.382928 54.087569 76.109589
27053.702052 54.055610 76.109589
27157.906522 53.811933 76.109589
27263.291859 53.569193 76.109589
27519.090288 53.118990 76.109589
27328.372909 53.295018 76.109589
27738.029169 52.640360 76.109589
28003.029880 52.198384 76.109589
28429.763047 51.559816 76.109589
28866.732571 50.930874 76.109589
28987.175594 50.701139 76.109589
29272.746882 50.278040 76.109589
29231.604242 50.244542 76.109589
29026.563134 50.405405 76.109589
29480.756356 49.791784 76.109589
29775.578857 49.376709 76.109589
29904.239018 49.153777 76.109589
29525.258808 49.499194 76.109589
29993.230988 48.897810 76.109589
30297.304702 48.490751 76.109589
30782.353788 47.904959 76.109589
30919.182156 47.688894 76.109589
31057.191391 47.473788 76.109589
31559.366315 46.903236 76.109589
31155.826019 47.225181 76.109589
31661.494612 46.657526 76.109589
31990.813439 46.272601 76.109589
32324.708942 45.891644 76.109589
32284.349190 45.856929 76.109589
31869.734183 46.168500 76.109589
32773.722278 45.275386 76.109589
33313.642545 44.737452 76.109589
33469.120130 44.536817 76.109589
33823.684070 44.173317 76.109589
33388.938862 44.466898 76.109589
34142.807448 43.778634 76.109589
33902.669780 43.905459 76.109589
34264.221060 43.547609 76.109589
34835.046122 43.035465 76.109589
35208.014627 42.687008 76.109589
35376.334957 42.496606 76.109589
35967.681665 42.001142 76.109589
