97955.112098 58.499891 135.287671
97878.887608 58.486221 135.287671
97132.775371 58.795557 135.287671
97056.632514 58.781945 135.287671
96980.530473 58.768322 135.287671
97126.834544 58.646690 135.287671
96607.027772 58.849318 135.287671
97198.144065 58.511533 135.287671
97122.205289 58.497815 135.287671
96600.632514 58.700048 135.287671
95644.756455 59.121380 135.287671
96894.633861 58.456595 135.287671
97043.112098 58.335146 135.287671
96967.377404 58.321348 135.287671
96667.429779 58.415278 135.287671
96591.776718 58.401484 135.287671
96292.854952 58.495721 135.287671
96217.283523 58.481932 135.287671
94605.024600 59.231822 135.287671
94963.878904 58.998694 135.287671
95768.448841 58.548899 135.287671
69658.833002 -88.657421 135.287671
69552.778300 -89.402887 135.287671
95988.021616 58.290743 135.287671
95912.735901 58.276852 135.287671
95170.395119 58.588545 135.287671
95762.286922 58.249036 135.287671
95241.448841 58.452028 135.287671
95836.254955 58.113072 135.287671
95313.610054 58.315615 135.287671
95016.203943 58.410349 135.287671
95163.569237 58.287742 135.287671
95088.610054 58.273790 135.287671
95461.254955 58.043101 135.287671
94716.448841 58.354622 135.287671
95087.286922 58.123323 135.287671
94789.181482 58.217868 135.287671
94937.735901 58.095266 135.287671
93975.448889 58.517241 135.287671
94788.348146 58.067164 135.287671
94713.715493 58.053097 135.287671
94193.448841 58.256675 135.287671
94564.572636 58.024929 135.287671
94266.752911 58.119581 135.287671
93748.497160 58.323825 135.287671
94565.418220 57.874047 135.287671
94266.776718 57.968460 135.287671
94192.429779 57.954315 135.287671
94342.377404 57.831533 135.287671
93820.548829 58.034900 135.287671
94193.887608 57.803135 135.287671
94344.901908 57.680476 135.287671
93154.211446 58.211165 135.287671
93747.205289 57.869209 135.287671
93227.469249 58.073327 135.287671
93599.123656 57.840750 135.287671
93525.144065 57.826504 135.287671
92784.109405 58.140388 135.287671
93601.561077 57.689094 135.287671
93303.450187 57.783698 135.287671
93229.633861 57.769407 135.287671
92932.548829 57.864328 135.287671
92194.550930 58.179365 135.287671
92562.754963 57.945280 135.287671
92267.680833 58.040824 135.287671
92415.489657 57.916700 135.287671
93011.846792 57.574330 135.287671
92714.062432 57.669051 135.287671
92640.572636 57.654668 135.287671
92791.377404 57.531107 135.287671
91168.021761 58.286595 135.287671
92420.348146 57.611454 135.287671
92347.021616 57.597026 135.287671
91828.061086 57.801926 135.287671
91977.181482 57.677699 135.287671
91460.191037 57.883239 135.287671
91608.448841 57.758696 135.287671
91981.001208 57.524715 135.287671
91684.610054 57.619885 135.287671
91834.878759 57.495710 135.287671
91761.878759 57.481190 135.287671
91688.919575 57.466658 135.287671
91616.001208 57.452115 135.287671
91543.123656 57.437561 135.287671
91024.612106 57.642910 135.287671
91397.491003 57.408417 135.287671
90657.640017 57.724260 135.287671
91476.275363 57.269595 135.287671
90733.673330 57.584738 135.287671
91330.969241 57.240307 135.287671
91483.575378 57.116207 135.287671
91185.826383 57.210972 135.287671
90443.387616 57.526379 135.287671
90816.593044 57.291377 135.287671
90520.854952 57.386776 135.287671
90226.101902 57.482488 135.287671
90823.683526 57.137431 135.287671
90751.377404 57.122688 135.287671
90454.858350 57.217846 135.287671
90606.887608 57.093165 135.287671
90087.140666 57.298589 135.287671
90462.561077 57.063596 135.287671
90166.205289 57.158810 135.287671
90094.144065 57.144021 135.287671
89798.814135 57.239562 135.287671
89504.469249 57.335417 135.287671
89654.895768 57.209977 135.287671
89582.997809 57.195167 135.287671
89734.450187 57.069901 135.287671
89662.633861 57.055041 135.287671
89145.183535 57.261437 135.287671
89519.123656 57.025286 135.287671
89224.120258 57.120938 135.287671
89152.467197 57.106056 135.287671
89080.854952 57.091162 135.287671
89232.593044 56.965632 135.287671
88937.752911 57.061339 135.287671
89089.572636 56.935734 135.287671
88351.027772 57.253705 135.287671
89170.969241 56.795338 135.287671
88652.038625 57.001549 135.287671
88804.021616 56.875792 135.287671
88287.061086 57.082664 135.287671
88885.744751 56.735199 135.287671
87923.191037 57.164116 135.287671
88743.377404 56.705057 135.287671
88224.691686 56.911501 135.287671
88153.610054 56.896451 135.287671
88530.132506 56.659754 135.287671
88459.132506 56.644628 135.287671
87718.244759 56.962518 135.287671
87647.326392 56.947445 135.287671
87576.448841 56.932359 135.287671
86625.593190 57.365564 135.287671
99441.125766 51.770604 135.287671
61314.745789 -88.887017 135.287671
98765.224290 51.935178 135.287671
99228.982909 51.722367 135.287671
99158.350256 51.706265 135.287671
98820.070262 51.788419 135.287671
61006.433274 -88.086979 135.287671
99484.906188 51.462099 135.287671
98608.539649 51.740049 135.287671
99074.431619 51.527528 135.287671
99273.620474 51.413544 135.287671
98933.696925 51.495149 135.287671
98594.758419 51.577034 135.287671
99062.702107 51.364885 135.287671
98992.477617 51.348642 135.287671
98652.717333 51.430252 135.287671
98313.942092 51.512142 135.287671
98782.049045 51.299845 135.287671
98442.411211 51.381457 135.287671
98103.758419 51.463352 135.287671
97766.090670 51.545529 135.287671
98232.472435 51.332559 135.287671
97626.253935 51.512946 135.287671
98092.717333 51.299902 135.287671
97219.836535 51.579102 135.287671
97953.125497 51.267198 135.287671
97614.758419 51.349100 135.287671
97813.696925 51.234448 135.287671
97475.411480 51.316351 135.287671
59365.281982 -88.545651 135.287671
96801.795718 51.481011 135.287671
59235.150091 -88.382242 135.287671
97735.416392 51.054294 135.287671
59087.241165 -88.542233 135.287671
96523.918167 51.415382 135.287671
96988.982909 51.201362 135.287671
97188.288762 51.086494 135.287671
96850.370664 51.168403 135.287671
96513.437609 51.250598 135.287671
96444.233527 51.234101 135.287671
96642.758419 51.118875 135.287671
58518.011095 -88.860728 135.287671
58464.037084 -88.534482 135.287671
58413.880793 -88.207946 135.287671
58325.996267 -88.532748 135.287671
96297.554337 51.036091 135.287671
96228.635970 51.019499 135.287671
96159.758419 51.002895 135.287671
96090.921684 50.986279 135.287671
96560.334760 50.772820 135.287671
96222.003048 50.854446 135.287671
95884.656378 50.936359 135.287671
95548.294751 51.018560 135.287671
96015.982639 50.804419 135.287671
95947.390803 50.787719 135.287671
95878.839782 50.771008 135.287671
57520.064467 -88.194071 135.287671
95205.539649 50.935123 135.287671
94870.367147 51.017615 135.287671
95068.723323 50.901664 135.287671
57246.431814 -88.189759 135.287671
57151.215242 -88.682468 135.287671
57090.975859 -88.516960 135.287671
57014.725446 -88.680892 135.287671
56954.567696 -88.515184 135.287671
56871.317218 -88.844349 135.287671
56827.292948 -88.348315 135.287671
56735.153953 -88.842963 135.287671
56682.241165 -88.511621 135.287671
56614.261574 -88.510727 135.287671
56555.292948 -88.344346 135.287671
56478.424839 -88.508937 135.287671
56410.567696 -88.508040 135.287671
56361.635896 -88.175600 135.287671
56304.718988 -88.008676 135.287671
56216.211315 -88.339359 135.287671
56158.431814 -88.172302 135.287671
56071.894227 -88.503541 135.287671
56023.166508 -88.170096 135.287671
55831.433274 -88.000250 135.287671
55763.984294 -87.999040 135.287671
55494.596539 -87.994188 135.287671
55427.351641 -87.992971 135.287671
55339.374581 -88.326251 135.287671
55272.211315 -88.325234 135.287671
55188.092793 -88.659235 135.287671
55138.007234 -88.323197 135.287671
55053.970344 -88.657603 135.287671
54979.888647 -88.824636 135.287671
54928.037084 -88.488036 135.287671
54890.861845 -87.983183 135.287671
54794.241165 -88.486190 135.287671
54727.404431 -88.485266 135.287671
54669.578662 -88.316026 135.287671
54593.853410 -88.483414 135.287671
54536.109274 -88.313966 135.287671
54479.350181 -88.144340 135.287671
54423.576131 -87.974539 135.287671
54346.125691 -88.142066 135.287671
54290.433274 -87.972056 135.287671
54186.154017 -88.646894 135.287671
54119.684630 -88.646063 135.287671
54061.281982 -88.475960 135.287671
54013.778753 -88.136357 135.287671
53928.547288 -88.474086 135.287671
53891.984294 -87.964570 135.287671
53814.860385 -88.132915 135.287671
53748.635896 -88.131765 135.287671
54458.134131 82.896428 135.287671
53606.394989 -88.299404 135.287671
53550.207324 -88.128305 135.287671
53297.065927 -87.953237 135.287671
53231.167967 -87.951970 135.287671
53165.310825 -87.950701 135.287671
52902.290416 -87.945611 135.287671
52836.637355 -87.944334 135.287671
52771.025110 -87.943056 135.287671
52705.453682 -87.941776 135.287671
52639.923069 -87.940495 135.287671
52498.125691 -88.109637 135.287671
52443.576131 -87.936642 135.287671
52182.351641 -87.931481 135.287671
52117.147559 -87.930187 135.287671
52051.984294 -87.928891 135.287671
51986.861845 -87.927594 135.287671
51910.921610 -88.098971 135.287671
51835.966417 -88.270598 135.287671
51791.739396 -87.923692 135.287671
51706.007234 -88.268425 135.287671
51391.737936 -88.089389 135.287671
51252.435805 -88.260778 135.287671
51068.574671 -88.083351 135.287671
50985.179941 -88.430647 135.287671
50920.710553 -88.429654 135.287671
50856.281982 -88.428659 135.287671
50800.864376 -88.253062 135.287671
50746.431814 -88.077275 135.287671
50682.125691 -88.076055 135.287671
50617.860385 -88.074834 135.287671
51630.053883 81.478960 135.287671
51612.609412 81.302247 135.287671
50425.309365 -88.071160 135.287671
50372.065927 -87.894623 135.287671
50180.004702 -87.890596 135.287671
49988.310825 -87.886554 135.287671
49894.751369 -88.413587 135.287671
49830.975859 -88.412572 135.287671
49776.211315 -88.235168 135.287671
49703.547288 -88.410538 135.287671
49639.894227 -88.409519 135.287671
49585.252132 -88.231772 135.287671
49531.595079 -88.053830 135.287671
49458.150091 -88.229500 135.287671
49404.574671 -88.051329 135.287671
49351.984294 -87.872966 135.287671
49225.208784 -87.870228 135.287671
49077.823560 -88.222651 135.287671
49014.578662 -88.221504 135.287671
48942.404431 -88.398223 135.287671
48898.125691 -88.041260 135.287671
48845.861845 -87.861970 135.287671
48689.996267 -88.394075 135.287671
48656.739396 -87.857817 135.287671
48593.780212 -87.856429 135.287671
48206.023651 -88.027243 135.287671
48154.208784 -87.846663 135.287671
48080.717528 -88.024673 135.287671
48018.125691 -88.023386 135.287671
47945.660295 -88.201782 135.287671
47874.179941 -88.380446 135.287671
47803.684630 -88.559376 135.287671
47728.036890 -88.918726 135.287671
49182.548693 79.828178 135.287671
49066.852968 79.996586 135.287671
47547.133544 -88.736088 135.287671
47518.860385 -88.013025 135.287671
47446.721519 -88.192349 135.287671
47405.310825 -87.829712 135.287671
47305.398915 -88.551807 135.287671
47281.065927 -87.826861 135.287671
47219.004702 -87.825433 135.287671
47156.984294 -87.824003 135.287671
47084.146100 -88.003870 135.287671
47033.065927 -87.821137 135.287671
46971.167967 -87.819701 135.287671
46888.537846 -88.181617 135.287671
46817.751369 -88.362271 135.287671
48305.923339 79.553219 135.287671
48136.546846 79.899379 135.287671
46662.290416 -87.812493 135.287671
46600.637355 -87.811046 135.287671
46539.025110 -87.809597 135.287671
48166.202428 78.990178 135.287671
46386.179941 -88.354668 135.287671
46354.433274 -87.805238 135.287671
46088.109274 -88.165890 135.287671
46017.853410 -88.348095 135.287671
45975.493038 -87.979936 135.287671
45925.147559 -87.794999 135.287671
45834.241165 -88.344788 135.287671
45802.861845 -87.792056 135.287671
45730.921610 -87.974539 135.287671
45650.996267 -88.341469 135.287671
45589.996267 -88.340359 135.287671
45521.011160 -88.523689 135.287671
45468.118716 -88.338136 135.287671
45407.241165 -88.337022 135.287671
45346.404431 -88.335906 135.287671
45294.578662 -88.149888 135.287671
45254.596539 -87.778715 135.287671
45122.350181 -87.960920 135.287671
45061.717528 -87.959548 135.287671
44967.133544 -88.700329 135.287671
44900.445053 -88.885195 135.287671
44839.934849 -88.884443 135.287671
44785.602932 -88.697697 135.287671
44725.174361 -88.696818 135.287671
44679.894227 -88.323537 135.287671
44649.290416 -87.763701 135.287671
46704.051217 77.514091 135.287671
44498.975859 -88.320131 135.287671
46457.035096 77.854333 135.287671
44378.567696 -88.317853 135.287671
44310.398915 -88.503653 135.287671
46467.812351 77.294735 135.287671
44190.235650 -88.501620 135.287671
44138.241165 -88.313278 135.287671
44087.231723 -88.124717 135.287671
44027.292948 -88.123441 135.287671
43967.394989 -88.122162 135.287671
43898.567696 -88.308679 135.287671
43868.494498 -87.743877 135.287671
46120.657095 76.870018 135.287671
46128.434582 76.682853 135.287671
45934.660569 77.031551 135.287671
43608.864376 -88.114456 135.287671
43549.252132 -88.113165 135.287671
43499.595079 -87.923218 135.287671
43413.154017 -88.488266 135.287671
43361.690145 -88.298238 135.287671
43294.215242 -88.486190 135.287671
43242.833002 -88.295900 135.287671
43175.439732 -88.484109 135.287671
43116.113201 -88.483066 135.287671
43056.827487 -88.482022 135.287671
45483.258336 76.397136 135.287671
45563.799747 76.029599 135.287671
42879.215242 -88.478881 135.287671
45516.803119 75.832005 135.287671
42753.929463 -88.667108 135.287671
45398.680670 75.813200 135.287671
42635.888647 -88.665264 135.287671
42584.011160 -88.473616 135.287671
42518.011095 -88.663415 135.287671
42474.241165 -88.280546 135.287671
42400.296810 -88.661560 135.287671
42330.170176 -89.043223 135.287671
42276.608318 -88.851117 135.287671
42212.700788 -89.041892 135.287671
42154.027319 -89.041226 135.287671
42087.840855 -89.424300 135.287671
42041.996073 -88.847915 135.287671
41978.251808 -89.039220 135.287671
45082.427612 74.611735 135.287671
45023.958224 74.601499 135.287671
45122.271220 74.233907 135.287671
45063.883464 74.223430 135.287671
44926.693629 74.391669 135.287671
41632.996073 -88.842269 135.287671
41574.730767 -88.841458 135.287671
41516.506278 -88.840646 135.287671
41464.460075 -88.646538 135.287671
41406.317218 -88.645588 135.287671
41355.296874 -88.451101 135.287671
41297.235650 -88.450013 135.287671
41232.133544 -88.642729 135.287671
41189.261574 -88.253923 135.287671
41123.296874 -88.446737 135.287671
41058.317218 -88.639859 135.287671
41007.541772 -88.444546 135.287671
44250.740607 74.075321 135.287671
40878.730767 -88.831636 135.287671
40827.133544 -88.636013 135.287671
40758.108951 -89.024944 135.287671
40711.786606 -88.634082 135.287671
40654.174361 -88.633114 135.287671
40590.465461 -88.827494 135.287671
40539.072320 -88.631174 135.287671
40475.445053 -88.825829 135.287671
40431.215242 -88.433496 135.287671
40360.587910 -88.824159 135.287671
40303.220563 -88.823322 135.287671
40245.894033 -88.822484 135.287671
40188.608318 -88.821645 135.287671
40131.363420 -88.820805 135.287671
40068.966094 -89.016594 135.287671
40016.996073 -88.819121 135.287671
39954.680380 -89.015188 135.287671
39902.791992 -88.817432 135.287671
39840.557931 -89.013779 135.287671
39794.888647 -88.618432 135.287671
39753.037084 -88.222651 135.287671
39681.011095 -88.616451 135.287671
39624.133544 -88.615458 135.287671
39551.717076 -89.208161 135.287671
39504.363420 -88.811483 135.287671
39434.861263 -89.405250 135.287671
39397.031504 -88.611473 135.287671
43141.341024 72.678846 135.287671
42671.609363 73.576770 135.287671
43113.569015 72.474371 135.287671
42803.493232 73.006824 135.287671
42915.055310 72.631792 135.287671
42858.585922 72.619990 135.287671
42974.006538 72.245718 135.287671
42831.222076 72.414822 135.287671
42604.914403 72.766475 135.287671
42548.608280 72.754719 135.287671
42576.851228 72.560744 135.287671
42436.118484 72.731160 135.287671
42379.934811 72.719357 135.287671
42493.752688 72.342845 135.287671
42352.198167 72.513065 135.287671
42555.327063 71.955074 135.287671
42499.306655 71.942775 135.287671
42443.327063 71.930460 135.287671
42300.047354 72.100090 135.287671
42244.149395 72.087850 135.287671
42188.292252 72.075594 135.287671
42219.816859 71.881037 135.287671
41736.778946 72.784347 135.287671
41849.116534 72.404859 135.287671
37992.439667 -88.586033 135.287671
41823.222076 72.197165 135.287671
37869.843645 -88.988440 135.287671
41885.776043 71.806411 135.287671
41656.507790 72.160381 135.287671
41601.017995 72.148087 135.287671
41719.306655 71.768875 135.287671
41490.160852 72.123449 135.287671
41434.793505 72.111106 135.287671
41465.863681 71.914775 135.287671
41070.656497 72.640901 135.287671
41355.333069 71.889785 135.287671
41213.732280 72.061567 135.287671
41244.965722 71.864729 135.287671
41103.446566 72.036698 135.287671
41310.387733 71.471512 135.287671
41255.346917 71.458707 135.287671
41289.576302 71.262211 135.287671
40969.761640 71.801795 135.287671
41002.184206 71.604474 135.287671
36875.802829 -88.974896 135.287671
41069.984466 71.210313 135.287671
41015.188547 71.197295 135.287671
40782.918900 71.553312 135.287671
40905.719159 71.171207 135.287671
40673.531145 71.527628 135.287671
40796.413037 71.145050 135.287671
40652.591815 71.316708 135.287671
40687.270180 71.118822 135.287671
40722.933588 70.921107 135.287671
40578.290588 71.092524 135.287671
40523.862017 71.079348 135.287671
40469.474262 71.066155 135.287671
40505.300935 70.867933 135.287671
40450.994812 70.854594 135.287671
40306.555894 71.026469 135.287671
40342.505016 70.827864 135.287671
40108.918345 71.185786 135.287671
39966.490328 71.358984 135.287671
39912.388288 71.345889 135.287671
39858.327063 71.332775 135.287671
39716.965722 71.506779 135.287671
40018.015221 70.747241 135.287671
39609.047354 71.480689 135.287671
39910.178486 70.720221 135.287671
39414.895546 71.642527 135.287671
39985.684920 70.321517 135.287671
39931.909409 70.307724 135.287671
39878.174716 70.293913 135.287671
39824.480838 70.280082 135.287671
39770.827777 70.266233 135.287671
39904.172340 69.881389 135.287671
39945.495655 69.682346 135.287671
39703.119782 70.038650 135.287671
39373.443792 70.584022 135.287671
39596.181007 70.010565 135.287671
39542.772843 69.996494 135.287671
39396.399205 70.168766 135.287671
39343.072675 70.154766 135.287671
39382.793251 69.954167 135.287671
39236.542062 70.126710 135.287671
39370.294789 69.739498 135.287671
39130.174716 70.098578 135.287671
39170.058558 69.897464 135.287671
38931.908569 70.257944 135.287671
39063.936109 69.868996 135.287671
38917.929818 70.042084 135.287671
39051.927442 69.653440 135.287671
38812.052267 70.013721 135.287671
38667.112651 70.187642 135.287671
38799.344272 69.797488 135.287671
38746.548353 69.783128 135.287671
38600.786960 69.956764 135.287671
38641.078966 69.754350 135.287671
38682.356014 69.552149 135.287671
38535.772843 69.725492 135.287671
38390.174716 69.899494 135.287671
38337.623695 69.885127 135.287671
33762.741604 -88.928673 135.287671
33710.272217 -88.927839 135.287671
33663.036890 -88.712472 135.287671
33610.649135 -88.711468 135.287671
38168.487129 69.623868 135.287671
37931.112651 69.988217 135.287671
37878.847345 69.973825 135.287671
37826.622855 69.959413 135.287671
37866.501246 69.754938 135.287671
37541.004874 70.312227 135.287671
37488.902833 70.297985 135.287671
37347.612223 70.475492 135.287671
37207.306655 70.653670 135.287671
36896.136943 71.219704 135.287671
37103.388288 70.625516 135.287671
36792.300208 71.192228 135.287671
36912.292252 70.790555 135.287671
36860.475926 70.776527 135.287671
36552.342974 71.345741 135.287671
36500.608280 71.332038 135.287671
36705.271844 70.734327 135.287671
36231.077512 71.696402 135.287671
36345.649096 71.290811 135.287671
32566.272217 -88.909168 135.287671
32519.934849 -88.690034 135.287671
32468.445053 -88.688996 135.287671
32423.133544 -88.469378 135.287671
36004.636089 71.418140 135.287671
35953.268742 71.404384 135.287671
35985.506239 71.193928 135.287671
35934.220525 71.180009 135.287671
35967.483881 70.969601 135.287671
32122.378507 -88.242481 135.287671
35614.424450 71.532948 135.287671
35729.485831 71.124132 135.287671
31969.011160 -88.238269 135.287671
31910.888647 -88.457139 135.287671
31859.888647 -88.455904 135.287671
31816.011160 -88.234037 135.287671
31751.873625 -88.674282 135.287671
31707.133544 -88.452189 135.287671
31656.296810 -88.450946 135.287671
31605.500891 -88.449701 135.287671
35105.036695 71.394569 135.287671
31528.109274 -87.782288 135.287671
31460.439732 -88.224082 135.287671
35035.636089 71.153380 135.287671
34740.017526 71.738886 135.287671
34770.197855 71.524637 135.287671
34801.363226 71.310577 135.287671
34588.486914 71.697514 135.287671
34618.789691 71.482815 135.287671
31106.868303 -88.214015 135.287671
31049.439667 -88.435877 135.287671
31033.125691 -87.540998 135.287671
30972.946009 -87.762491 135.287671
30943.494498 -87.313410 135.287671
30832.309365 -87.532998 135.287671
30763.322798 -87.979487 135.287671
30732.146100 -87.528978 135.287671
30663.241165 -87.976191 135.287671
30622.231723 -87.749708 135.287671
30572.292948 -87.747870 135.287671
30543.167967 -87.295848 135.287671
30472.537846 -87.744185 135.287671
30413.751369 -87.967904 135.287671
30363.975859 -87.966238 135.287671
30333.125691 -87.512769 135.287671
30294.290416 -87.284754 135.287671
30244.637355 -87.282525 135.287671
30184.166508 -87.506635 135.287671
30115.710553 -87.957869 135.287671
30095.923069 -87.275814 135.287671
30035.574671 -87.500471 135.287671
29996.984294 -87.271322 135.287671
29848.882253 -87.264556 135.287671
29799.596539 -87.262293 135.287671
29680.374581 -87.714263 135.287671
29614.215242 -88.169543 135.287671
29592.003242 -87.481795 135.287671
29533.007234 -87.708565 135.287671
29434.966417 -87.704750 135.287671
29386.007234 -87.702837 135.287671
29328.118716 -87.930619 135.287671
29279.241165 -87.928891 135.287671
29239.374581 -87.697081 135.287671
29103.023651 -87.460715 135.287671
29005.717528 -87.456456 135.287671
28967.984294 -87.223243 135.287671
28801.680703 -87.679639 135.287671
28340.004702 -87.192623 135.287671
28281.125691 -87.424056 135.287671
28214.261574 -87.890148 135.287671
28196.065927 -87.185461 135.287671
28148.167967 -87.183065 135.287671
28100.310825 -87.180665 135.287671
28004.718988 -87.175854 135.287671
27660.574671 -87.395302 135.287671
27481.882253 -87.149094 135.287671
27057.780212 -87.126820 135.287671
27010.861845 -87.124323 135.287671
26683.576131 -87.106726 135.287671
26636.984294 -87.104195 135.287671
26311.984294 -87.086350 135.287671
26265.718988 -87.083783 135.287671
25485.453682 -87.039439 135.287671
24482.350181 -87.231268 135.287671
24403.984294 -86.974491 135.287671
24359.433274 -86.971723 135.287671
24304.064467 -87.221124 135.287671
24249.680703 -87.471088 135.287671
24196.281982 -87.721609 135.287671
24170.778753 -87.213467 135.287671
24099.521364 -87.970812 135.287671
24048.133544 -88.222651 135.287671
24018.975859 -87.713210 135.287671
23959.643749 -88.219371 135.287671
23909.322604 -88.472206 135.287671
23865.179747 -88.470793 135.287671
26603.240513 71.072326 135.287671
26559.179289 71.056034 135.287671
26371.636482 71.498264 135.287671
26398.945976 71.252501 135.287671
26283.718115 71.466221 135.287671
26100.074663 71.912210 135.287671
25535.004599 73.770148 135.287671
25491.188273 73.755820 135.287671
25509.259586 73.504835 135.287671
25528.315941 73.254033 135.287671
25359.984191 73.712687 135.287671
25255.428533 73.936025 135.287671
24866.229461 75.361251 135.287671
24934.076736 74.865700 135.287671
24779.127420 75.334969 135.287671
24735.637624 75.321793 135.287671
23142.241165 -87.670272 135.287671
23107.803152 -87.409317 135.287671
23055.465655 -87.665890 135.287671
23012.139125 -87.663692 135.287671
22947.608318 -88.440513 135.287671
23433.130151 81.221712 135.287671
23358.294488 81.468110 135.287671
25316.890989 71.624723 135.287671
25343.169173 71.373828 135.287671
26046.026322 69.045401 135.287671
26082.772628 68.799633 135.287671
27833.802607 64.377478 135.287671
30200.508953 59.858714 135.287671
30399.312520 59.444608 135.287671
33407.702273 55.151806 135.287671
34242.996002 54.078908 135.287671
35267.647921 52.864890 135.287671
39957.355058 48.439542 135.287671
40651.137290 47.828186 135.287671
41933.685440 46.803919 135.287671
46785.921950 43.591873 135.287671
47612.018314 43.067083 135.287671
47788.999910 42.916757 135.287671
47526.957090 43.012226 135.287671
48368.283523 42.496569 135.287671
48325.854952 42.469116 135.287671
48506.776718 42.321012 135.287671
48018.754963 42.535312 135.287671
48646.377404 42.145957 135.287671
48156.548829 42.359063 135.287671
48114.324339 42.331489 135.287671
48519.703934 42.063303 135.287671
47586.211446 42.519076 135.287671
47544.109405 42.491409 135.287671
47502.048180 42.463716 135.287671
47239.550930 42.558221 135.287671
47418.048180 42.408258 135.287671
46936.099947 42.625464 135.287671
47113.734603 42.474891 135.287671
47513.775371 42.203277 135.287671
47917.633861 41.933951 135.287671
47875.858350 41.906123 135.287671
47167.027772 42.241294 135.287671
47569.120258 41.970822 135.287671
47975.030465 41.702638 135.287671
47485.854952 41.914969 135.287671
48117.044765 41.527524 135.287671
47626.062432 41.738641 135.287671
48260.166557 41.352927 135.287671
48445.804004 41.206839 135.287671
48177.309414 41.296942 135.287671
48591.059146 41.033313 135.287671
49471.297489 40.540752 135.287671
48280.416249 41.094737 135.287671
48696.176882 40.832254 135.287671
47970.880843 41.156557 135.287671
47929.717578 41.128408 135.287671
47662.452929 41.218777 135.287671
47396.173322 41.309653 135.287671
47806.472680 41.043815 135.287671
47765.472680 41.015569 135.287671
47498.371296 41.105777 135.287671
47232.254955 41.196492 135.287671
46967.123656 41.287720 135.287671
46926.286922 41.259328 135.287671
46218.395119 41.592997 135.287671
46844.735901 41.202470 135.287671
46804.021616 41.174005 135.287671
46317.673330 41.386234 135.287671
46946.969241 40.997516 135.287671
46682.123656 41.088458 135.287671
46641.572636 41.059894 135.287671
46601.062432 41.031304 135.287671
46114.918228 41.243249 135.287671
46296.854952 41.094023 135.287671
46479.776718 40.945385 135.287671
46663.683526 40.797332 135.287671
45953.448841 41.128408 135.287671
45691.762466 41.220705 135.287671
45431.061134 41.313531 135.287671
44735.112292 41.653107 135.287671
19758.424839 -87.478539 135.287671
19748.065927 -86.636324 135.287671
18993.882253 -86.570116 135.287671
18954.596539 -86.566559 135.287671
18915.351641 -86.562995 135.287671
18876.147559 -86.559423 135.287671
18612.037084 -87.401994 135.287671
18558.011095 -87.976663 135.287671
18526.215242 -87.685483 135.287671
18468.966094 -88.551426 135.287671
18422.616365 -89.129822 135.287671
18391.415074 -88.548375 135.287671
18345.146978 -89.127987 135.287671
18302.696603 -89.709002 135.287671
18267.840855 -89.126143 135.287671
18225.000000 90.000000 135.287671
18190.697998 -89.124292 135.287671
18149.827228 -89.415551 135.287671
18121.272217 -88.537592 135.287671
18072.929269 -89.414308 135.287671
18033.125174 -89.706835 135.287671
17996.194575 -89.413061 135.287671
17960.249018 -89.118692 135.287671
17918.206807 -89.705896 135.287671
17883.759222 -89.116809 135.287671
17843.214983 -89.410550 135.287671
17807.432692 -89.114918 135.287671
17772.635443 -88.818699 135.287671
17774.231723 -87.045781 135.287671
17690.888453 89.408018 135.287671
17652.908861 89.407381 135.287671
17862.829490 83.209283 135.287671
17870.254394 82.617171 135.287671
17856.475022 82.317131 135.287671
17771.447380 82.894259 135.287671
17756.805414 82.593492 135.287671
17719.070720 82.585566 135.287671
17756.442834 81.698698 135.287671
17598.400919 83.158214 135.287671
17606.111537 82.561685 135.287671
17670.516549 81.378973 135.287671
17660.840613 81.076848 135.287671
17542.619468 81.948206 135.287671
17739.338612 79.597600 135.287671
17769.914742 79.005557 135.287671
17804.308595 78.414595 135.287671
17766.982064 78.402263 135.287671
17729.696350 78.389905 135.287671
17586.225992 79.249889 135.287671
17810.100484 77.209303 135.287671
17856.029134 76.621125 135.287671
17861.868981 76.320381 135.287671
17698.733137 77.168440 135.287671
17334.517906 79.779447 135.287671
17545.377311 77.720578 135.287671
17432.880023 78.290096 135.287671
17324.200457 78.863238 135.287671
17555.011063 76.810130 135.287671
17518.174328 76.796019 135.287671
17400.174948 77.362971 135.287671
17403.549464 77.058205 135.287671
17287.520168 77.627899 135.287671
17069.083135 79.086288 135.287671
16966.354641 79.667947 135.287671
16703.148491 82.054657 135.287671
16347.448980 90.000000 135.287671
16315.187794 -89.075324 135.287671
16291.465461 88.149060 135.287671
16426.886077 83.844920 135.287671
16248.864376 86.910098 135.287671
191263.104193 16.901125 135.287671
190652.236364 16.909401 135.287671
192919.883242 16.787291 135.287671
16226.943052 84.117741 135.287671
16190.759379 84.111149 135.287671
16192.385574 83.489045 135.287671
16136.926894 83.789651 135.287671
16120.222308 83.474425 135.287671
16171.070720 82.236707 135.287671
16184.190896 81.614762 135.287671
16174.218344 81.299132 135.287671
16138.320385 81.289385 135.287671
16076.497019 81.586521 135.287671
16179.954072 80.046087 135.287671
16206.497498 79.425783 135.287671
16170.762804 79.413972 135.287671
16135.068927 79.402134 135.287671
16235.384453 78.175432 135.287671
16311.663025 77.257148 135.287671
16237.850432 77.544316 135.287671
16240.560985 77.228813 135.287671
16325.460043 76.313136 135.287671
16332.029134 75.998674 135.287671
16296.620970 75.983161 135.287671
16261.253623 75.967614 135.287671
16450.180840 74.463041 135.287671
16322.360948 75.039658 135.287671
16379.650228 74.428780 135.287671
16592.305551 72.939504 135.287671
16557.142286 72.920842 135.287671
16574.424397 72.609861 135.287671
16646.984563 72.008533 135.287671
16557.650734 72.279873 135.287671
16688.362451 71.389689 135.287671
16768.598876 70.793267 135.287671
16852.653023 70.199759 135.287671
17131.730719 68.763450 135.287671
17162.517712 68.460717 135.287671
17127.721794 68.437755 135.287671
17159.534646 68.135288 135.287671
17260.788948 67.555885 135.287671
17437.150058 66.705542 135.287671
17260.883459 67.231360 135.287671
17440.158881 66.382715 135.287671
17405.607860 66.357859 135.287671
17518.396960 65.788101 135.287671
17635.003781 65.222060 135.287671
17834.271220 64.393380 135.287671
17879.670587 64.101421 135.287671
18090.350375 63.284903 135.287671
17811.017526 64.047845 135.287671
18189.851228 62.708850 135.287671
18241.079219 62.422019 135.287671
18468.918345 61.623798 135.287671
18614.178486 61.087515 135.287671
18580.076445 61.058484 135.287671
18729.195124 60.526055 135.287671
18695.174716 60.496601 135.287671
18943.046676 59.720455 135.287671
19004.946870 59.443906 135.287671
19165.559530 58.924080 135.287671
19131.702387 58.893534 135.287671
19296.173584 58.377775 135.287671
19362.958176 58.106022 135.287671
19228.663380 58.315878 135.287671
19602.875266 57.328032 135.287671
19778.840445 56.825336 135.287671
19639.946967 57.028505 135.287671
20142.223966 55.833459 135.287671
20782.870936 54.445735 135.287671
20865.048862 54.191053 135.287671
20948.211831 53.937378 135.287671
20798.191719 54.124639 135.287671
20764.824372 54.091352 135.287671
20731.497842 54.058011 135.287671
20467.820909 54.470004 135.287671
21257.469236 52.898987 135.287671
21467.875541 52.436684 135.287671
21682.099567 51.978930 135.287671
21524.811359 52.155956 135.287671
21741.005471 51.700209 135.287671
21834.018866 51.456790 135.287671
22184.846859 50.802347 135.287671
22412.494136 50.360206 135.287671
22248.800425 50.528445 135.287671
22346.698217 50.290344 135.287671
22445.581052 50.053290 135.287671
22545.448930 49.817282 135.287671
22380.030032 49.983029 135.287671
23020.076988 48.954693 135.287671
23263.117600 48.530115 135.287671
23369.758327 48.301693 135.287671
23477.384096 48.074316 135.287671
23728.100967 47.658510 135.287671
23838.641048 47.434336 135.287671
24095.104910 47.025083 135.287671
24062.676338 46.989113 135.287671
24030.288583 46.953095 135.287671
23997.941644 46.917029 135.287671
24704.492606 45.966738 135.287671
24974.379717 45.572539 135.287671
25248.084550 45.182608 135.287671
