96187.520455 59.365772 278.301370
97208.959045 58.809158 278.301370
96911.354303 58.903722 278.301370
95526.513787 59.544485 278.301370
96980.530473 58.768322 278.301370
97350.144065 58.538938 278.301370
96607.027772 58.849318 278.301370
96974.834544 58.619338 278.301370
97346.459037 58.390232 278.301370
97046.307330 58.484086 278.301370
96970.450187 58.470346 278.301370
96671.324339 58.564505 278.301370
95931.285624 58.876074 278.301370
96297.448841 58.645236 278.301370
96000.333895 58.739995 278.301370
96146.101902 58.617765 278.301370
96070.489657 58.604013 278.301370
95553.020318 58.807641 278.301370
95919.387616 58.576478 278.301370
95622.476752 58.671317 278.301370
95768.448841 58.548899 278.301370
95693.040677 58.535093 278.301370
95396.252262 58.629980 278.301370
95988.021616 58.290743 278.301370
95245.640017 58.602367 278.301370
95837.491003 58.262949 278.301370
95538.977401 58.357342 278.301370
95687.123656 58.235112 278.301370
95388.691686 58.329535 278.301370
95091.244759 58.424253 278.301370
95686.132506 58.085117 278.301370
95386.878759 58.179305 278.301370
95311.919575 58.165326 278.301370
95461.254955 58.043101 278.301370
95386.377404 58.029074 278.301370
95311.540669 58.015036 278.301370
95012.491003 58.109300 278.301370
94937.735901 58.095266 278.301370
95087.275363 57.972856 278.301370
95237.799867 57.850638 278.301370
94490.405972 58.161771 278.301370
94415.814135 58.147718 278.301370
94788.826383 57.916460 278.301370
94266.752911 58.119581 278.301370
93969.918228 58.214531 278.301370
94341.164473 57.982594 278.301370
94043.467197 58.077291 278.301370
94192.429779 57.954315 278.301370
93894.814135 58.049042 278.301370
94268.112098 57.817340 278.301370
94193.887608 57.803135 278.301370
93895.450187 57.897622 278.301370
93597.997809 57.992409 278.301370
93301.530473 58.087498 278.301370
67223.004702 -88.177611 278.301370
93823.377404 57.731944 278.301370
93079.469249 58.044951 278.301370
93675.459037 57.703389 278.301370
92270.201988 58.346320 278.301370
93080.140666 57.892870 278.301370
93229.633861 57.769407 278.301370
92710.183535 57.973814 278.301370
92636.448841 57.959553 278.301370
93008.429779 57.726465 278.301370
92934.776718 57.712129 278.301370
92637.854952 57.807109 278.301370
92787.593044 57.683421 278.301370
93163.514153 57.451081 278.301370
92864.826383 57.545526 278.301370
92343.814135 57.749708 278.301370
92270.405972 57.735329 278.301370
92197.038625 57.720938 278.301370
92571.275363 57.487780 278.301370
92273.735901 57.582587 278.301370
92200.491003 57.568136 278.301370
91903.977401 57.663263 278.301370
92054.123656 57.539200 278.301370
91981.001208 57.524715 278.301370
91684.610054 57.619885 278.301370
91611.569237 57.605403 278.301370
90874.306032 57.921671 278.301370
91688.919575 57.466658 278.301370
91616.001208 57.452115 278.301370
91319.814135 57.547358 278.301370
90803.191037 57.753270 278.301370
91174.181482 57.518266 278.301370
91324.735901 57.393828 278.301370
91476.275363 57.269595 278.301370
91403.601894 57.254957 278.301370
91106.715493 57.349990 278.301370
91034.123656 57.335354 278.301370
91185.826383 57.210972 278.301370
91113.316179 57.196287 278.301370
91040.846792 57.181591 278.301370
90968.418220 57.166883 278.301370
90896.030465 57.152163 278.301370
90376.120258 57.357428 278.301370
90527.123656 57.232576 278.301370
89787.762466 57.549221 278.301370
90606.887608 57.093165 278.301370
89864.775371 57.409100 278.301370
90238.307330 57.173587 278.301370
90166.205289 57.158810 278.301370
89870.834544 57.254336 278.301370
89798.814135 57.239562 278.301370
89504.469249 57.335417 278.301370
89654.895768 57.209977 278.301370
88918.734603 57.528073 278.301370
89734.450187 57.069901 278.301370
88336.940129 57.721998 278.301370
88483.753008 57.595408 278.301370
88852.027772 57.357679 278.301370
89224.120258 57.120938 278.301370
88930.101902 57.216905 278.301370
88858.489657 57.202038 278.301370
89009.283523 57.076257 278.301370
88937.752911 57.061339 278.301370
88422.476752 57.268595 278.301370
88794.814135 57.031468 278.301370
88501.040677 57.127520 278.301370
88652.038625 57.001549 278.301370
88580.712095 56.986571 278.301370
88732.735901 56.860777 278.301370
88661.491003 56.845750 278.301370
88590.286922 56.830710 278.301370
87193.429925 57.485151 278.301370
88224.691686 56.911501 278.301370
88153.610054 56.896451 278.301370
87860.203943 56.992627 278.301370
87567.782874 57.089125 278.301370
88163.919575 56.740218 278.301370
87647.326392 56.947445 278.301370
88022.123656 56.709957 278.301370
87284.191037 57.028913 278.301370
87880.491003 56.679647 278.301370
87586.426380 56.775611 278.301370
87071.925731 56.983625 278.301370
87001.252262 56.968505 278.301370
86930.619609 56.953372 278.301370
87303.814135 56.714897 278.301370
87010.897820 56.811237 278.301370
86498.489706 57.020045 278.301370
87092.283523 56.669233 278.301370
87021.854952 56.653987 278.301370
86287.203991 56.974541 278.301370
87104.429779 56.512067 278.301370
86588.448841 56.719878 278.301370
86518.183535 56.704608 278.301370
86447.959045 56.689326 278.301370
86600.140666 56.562252 278.301370
85865.734603 56.883199 278.301370
85795.632563 56.867932 278.301370
86167.469249 56.628073 278.301370
85876.027772 56.724900 278.301370
86249.834544 56.485464 278.301370
86403.205289 56.358424 278.301370
86333.307330 56.342992 278.301370
86040.140666 56.439242 278.301370
85970.324339 56.423809 278.301370
86123.858350 56.296619 278.301370
85387.027772 56.617320 278.301370
85317.333895 56.601901 278.301370
85027.203991 56.699166 278.301370
59357.256058 -88.707187 278.301370
59280.602932 -88.868080 278.301370
81624.644230 58.379759 278.301370
59156.690145 -88.543089 278.301370
59087.241165 -88.542233 278.301370
59047.576131 -88.055494 278.301370
58940.439732 -88.702623 278.301370
58879.139125 -88.539658 278.301370
58818.823560 -88.376525 278.301370
58690.288957 -88.212172 278.301370
58631.984294 -88.048612 278.301370
58552.003242 -88.210061 278.301370
58482.921610 -88.209004 278.301370
58424.739396 -88.045153 278.301370
58334.966417 -88.369804 278.301370
58275.921610 -88.205825 278.301370
58217.861845 -88.041681 278.301370
58128.211315 -88.366907 278.301370
57462.453682 -88.028846 278.301370
57373.252132 -88.356194 278.301370
57325.637355 -88.026494 278.301370
57257.290416 -88.025316 278.301370
56780.004702 -88.017031 278.301370
56701.125691 -88.181072 278.301370
56644.004702 -88.014651 278.301370
56565.207324 -88.178887 278.301370
56429.452222 -88.176697 278.301370
56372.494498 -88.009874 278.301370
56283.946009 -88.340359 278.301370
56216.211315 -88.339359 278.301370
56139.547288 -88.504443 278.301370
56101.637355 -88.005073 278.301370
56013.252132 -88.336352 278.301370
55945.680703 -88.335348 278.301370
55861.154017 -88.667338 278.301370
55801.690145 -88.499921 278.301370
55763.984294 -87.999040 278.301370
55658.807078 -88.664918 278.301370
55618.350181 -88.163446 278.301370
55561.882253 -87.995403 278.301370
55464.853410 -88.495372 278.301370
55427.351641 -87.992971 278.301370
55349.288957 -88.158986 278.301370
55263.241165 -88.492629 278.301370
55215.003242 -88.156748 278.301370
55147.921610 -88.155627 278.301370
55091.739396 -87.986864 278.301370
54994.996267 -88.488957 278.301370
54920.011160 -88.655966 278.301370
54870.088866 -88.319107 278.301370
54803.211315 -88.318081 278.301370
54696.717076 -89.326659 278.301370
54622.839460 -89.831555 278.301370
54556.084358 -89.831452 278.301370
54489.370072 -89.831348 278.301370
54424.112942 -89.662493 278.301370
54357.480289 -89.662286 278.301370
54290.888453 -89.662079 278.301370
54260.690145 -88.478764 278.301370
54186.154017 -88.646894 278.301370
54091.357840 -89.661457 278.301370
54024.929269 -89.661249 278.301370
53964.206872 -89.322104 278.301370
53928.547288 -88.474086 278.301370
53862.241165 -88.473146 278.301370
53804.946009 -88.302546 278.301370
53738.721519 -88.301500 278.301370
53627.214983 -89.659995 278.301370
53563.432692 -89.489685 278.301370
53494.970085 -89.659575 278.301370
53444.016482 -88.978189 278.301370
53361.472113 -89.829575 278.301370
53295.492521 -89.829470 278.301370
53229.553746 -89.829364 278.301370
53163.655787 -89.829259 278.301370
53101.575549 -89.487470 278.301370
53033.398657 -89.658097 278.301370
52982.730767 -88.973750 278.301370
52901.888453 -89.657672 278.301370
52881.517438 -88.287785 278.301370
52815.864376 -88.286721 278.301370
52760.166508 -88.114339 278.301370
52667.684630 -88.627523 278.301370
52610.179941 -88.455080 278.301370
52544.690145 -88.454118 278.301370
52471.215242 -88.624955 278.301370
52413.833002 -88.452189 278.301370
52340.439732 -88.623238 278.301370
52275.113201 -88.622378 278.301370
52217.853410 -88.449286 278.301370
52171.493038 -88.103726 278.301370
52106.288957 -88.102540 278.301370
52031.211315 -88.273847 278.301370
51942.011095 -88.790749 278.301370
51884.011160 -88.617195 278.301370
51835.966417 -88.270598 278.301370
51770.966417 -88.269512 278.301370
51706.007234 -88.268425 278.301370
51641.088866 -88.267337 278.301370
51559.215242 -88.612845 278.301370
51494.378507 -88.611972 278.301370
51422.500891 -88.784655 278.301370
51372.853410 -88.436582 278.301370
51293.031504 -88.783122 278.301370
51235.439732 -88.608468 278.301370
51163.725381 -88.781585 278.301370
51099.133544 -88.780815 278.301370
51028.445053 -88.954281 278.301370
50963.934849 -88.953620 278.301370
50912.684630 -88.604064 278.301370
50829.843645 -89.126882 278.301370
50776.786606 -88.776950 278.301370
50727.547288 -88.426666 278.301370
50636.802829 -89.125219 278.301370
50572.537523 -89.124663 278.301370
50526.725446 -88.598741 278.301370
50455.460075 -88.773061 278.301370
50385.179747 -88.947626 278.301370
50315.884461 -89.122433 278.301370
50257.016482 -88.946285 278.301370
50187.802829 -89.121314 278.301370
50142.235650 -88.593378 278.301370
50065.077706 -88.944267 278.301370
50001.179747 -88.943593 278.301370
49927.880341 -89.295234 278.301370
49868.313033 -89.118504 278.301370
49796.983712 -89.470737 278.301370
49736.553810 -89.293879 278.301370
49672.859933 -89.293427 278.301370
49613.455890 -89.116242 278.301370
49549.843645 -89.115675 278.301370
49491.465461 -88.938166 278.301370
49422.741604 -89.114539 278.301370
49370.582524 -88.759652 278.301370
49331.211315 -88.227223 278.301370
49243.725381 -88.758055 278.301370
49180.358034 -88.757255 278.301370
49110.894033 -88.934059 278.301370
49042.415074 -89.111112 278.301370
48984.363420 -88.932683 278.301370
48915.966094 -89.109963 278.301370
48871.215242 -88.575200 278.301370
48794.873625 -88.930613 278.301370
48737.929463 -88.751626 278.301370
48674.888647 -88.750818 278.301370
48656.739396 -87.857817 278.301370
48542.791992 -88.927839 278.301370
48486.011095 -88.748387 278.301370
48430.215242 -88.568726 278.301370
48367.378507 -88.567797 278.301370
48312.608512 -88.387814 278.301370
48234.745789 -88.745131 278.301370
48179.113201 -88.565001 278.301370
48103.220563 -88.922951 278.301370
48046.725381 -88.742678 278.301370
47977.996073 -88.921546 278.301370
47915.445053 -88.920842 278.301370
47859.072320 -88.740215 278.301370
47803.684630 -88.559376 278.301370
47749.281982 -88.378329 278.301370
47678.868303 -88.557491 278.301370
47603.302196 -88.917310 278.301370
47547.133544 -88.736088 278.301370
47484.868238 -88.735260 278.301370
47422.643749 -88.734430 278.301370
47367.541772 -88.552757 278.301370
47305.398915 -88.551807 278.301370
47251.322798 -88.369804 278.301370
47189.261574 -88.368732 278.301370
47127.241165 -88.367659 278.301370
47065.261574 -88.366584 278.301370
47012.292948 -88.184013 278.301370
46971.167967 -87.819701 278.301370
46898.452222 -87.999920 278.301370
46817.751369 -88.362271 278.301370
46764.946009 -88.179215 278.301370
46703.211315 -88.178012 278.301370
46662.290416 -87.812493 278.301370
46579.864376 -88.175600 278.301370
46539.025110 -87.809597 278.301370
46456.680703 -88.173182 278.301370
46386.179941 -88.354668 278.301370
46324.690145 -88.353576 278.301370
46282.125691 -87.986642 278.301370
46193.807078 -88.534482 278.301370
46132.439732 -88.533507 278.301370
46098.023651 -87.982624 278.301370
46036.737936 -87.981281 278.301370
45986.351641 -87.796467 278.301370
45895.404431 -88.345892 278.301370
45843.211315 -88.160996 278.301370
45792.003242 -87.975891 278.301370
45674.268032 89.815791 278.301370
45669.880793 -87.973185 278.301370
45619.739396 -87.787626 278.301370
45558.780212 -87.786146 278.301370
45497.861845 -87.784664 278.301370
45365.288957 -87.966390 278.301370
45254.596539 -87.778715 278.301370
45193.882253 -87.777222 278.301370
45112.435805 -88.146155 278.301370
45072.576131 -87.774232 278.301370
45001.125691 -87.958175 278.301370
44913.664221 -88.513739 278.301370
44880.064467 -87.955421 278.301370
44800.710553 -88.325799 278.301370
44770.025110 -87.766720 278.301370
44679.894227 -88.323537 278.301370
44619.547288 -88.322403 278.301370
44559.241165 -88.321268 278.301370
44498.975859 -88.320131 278.301370
44457.635896 -87.945727 278.301370
44397.452222 -87.944334 278.301370
44348.167967 -87.756118 278.301370
44288.065927 -87.754595 278.301370
44217.146100 -87.940145 278.301370
44147.211315 -88.125992 278.301370
44078.261574 -88.312131 278.301370
44010.296874 -88.498559 278.301370
43950.398915 -88.497536 278.301370
43917.452222 -87.933126 278.301370
43868.494498 -87.743877 278.301370
43787.946009 -88.118317 278.301370
43728.211315 -88.117032 278.301370
43659.547288 -88.304054 278.301370
43618.778753 -87.926059 278.301370
43540.281982 -88.301732 278.301370
43499.595079 -87.923218 278.301370
43440.064467 -87.921795 278.301370
43391.433274 -87.731502 278.301370
43311.211315 -88.107986 278.301370
43261.717528 -87.917514 278.301370
43168.358034 -88.673523 278.301370
43143.023651 -87.914650 278.301370
43073.823560 -88.102777 278.301370
43005.608512 -88.291205 278.301370
42938.378507 -88.479929 278.301370
42906.125691 -87.908898 278.301370
42837.088866 -88.097540 278.301370
42787.921610 -87.906011 278.301370
42709.996267 -88.285300 278.301370
42659.966417 88.093593 278.301370
42621.780212 87.711101 278.301370
42574.664674 87.518872 278.301370
42515.787123 87.517154 278.301370
42407.378507 -88.470440 278.301370
42398.154470 87.513710 278.301370
42352.146423 87.320867 278.301370
42231.113201 -88.467250 278.301370
42222.011613 87.508525 278.301370
42151.576131 -87.698363 278.301370
42104.787123 87.505057 278.301370
42046.236102 87.503320 278.301370
42014.164235 87.117812 278.301370
41929.256511 87.499837 278.301370
41897.266276 87.113791 278.301370
41853.514028 86.919587 278.301370
41795.167089 86.917436 278.301370
41768.964661 86.530581 278.301370
41710.699355 86.528156 278.301370
41669.943052 86.333224 278.301370
41611.759379 86.330658 278.301370
41519.624375 86.713709 278.301370
41478.046294 86.518420 278.301370
41403.461109 86.709097 278.301370
41329.860967 86.900115 278.301370
41271.881375 86.897936 278.301370
41199.307092 87.089425 278.301370
41205.616521 86.312594 278.301370
41130.291192 86.503715 278.301370
41072.474865 86.501252 278.301370
41032.167542 86.304798 278.301370
40992.845261 86.108154 278.301370
40935.151383 86.105408 278.301370
40896.854961 85.908437 278.301370
40859.543582 85.711285 278.301370
40781.671288 85.902653 278.301370
40724.140676 85.899755 278.301370
40647.294241 86.091621 278.301370
40609.201900 85.893947 278.301370
40532.437098 86.086078 278.301370
40494.426390 85.888122 278.301370
40457.400725 85.689982 278.301370
40360.457506 86.077735 278.301370
40322.569247 85.879354 278.301370
40285.666031 85.680788 278.301370
40295.070720 85.091021 278.301370
40151.079451 85.870548 278.301370
40157.733094 85.279764 278.301370
40078.502960 85.472381 278.301370
40066.825822 85.077024 278.301370
39986.733094 85.269659 278.301370
39977.026042 84.873826 278.301370
39850.747858 85.459434 278.301370
39914.299977 84.473973 278.301370
39857.504058 84.470025 278.301370
39774.782733 84.662550 278.301370
39718.068447 84.658729 278.301370
39661.394978 84.654903 278.301370
39579.740328 84.848094 278.301370
39601.047161 84.253297 278.301370
39517.585691 84.446218 278.301370
39487.985937 84.245048 278.301370
39378.639876 84.635691 278.301370
39431.741556 83.842268 278.301370
39291.789773 84.430233 278.301370
39348.749990 83.636097 278.301370
39292.443868 83.631520 278.301370
39206.435433 83.824532 278.301370
39150.210944 83.820082 278.301370
39094.027270 83.815625 278.301370
39129.946478 83.217579 278.301370
39073.844437 83.212689 278.301370
38986.151631 83.405777 278.301370
38930.131223 83.401013 278.301370
38905.783212 83.197976 278.301370
38882.420244 82.994815 278.301370
38762.314896 83.386680 278.301370
38770.665142 82.984675 278.301370
38748.368850 82.781099 278.301370
38659.073306 82.974507 278.301370
38636.858645 82.770633 278.301370
38515.068927 83.163398 278.301370
38559.975967 82.561253 278.301370
38504.363722 82.555853 278.301370
38520.553493 82.152656 278.301370
38393.261681 82.545028 278.301370
38373.180372 82.340335 278.301370
38391.381044 81.936504 278.301370
38335.972881 81.930640 278.301370
38243.308595 82.124083 278.301370
38342.835178 81.321716 278.301370
38328.623308 81.116622 278.301370
38232.304566 81.309083 278.301370
38177.100484 81.302754 278.301370
38163.011063 81.097212 278.301370
38192.868981 80.692692 278.301370
38094.825052 80.884958 278.301370
38039.784236 80.878310 278.301370
38071.653056 80.473230 278.301370
38061.544621 80.267278 278.301370
38006.626254 80.260180 278.301370
37997.543679 80.054026 278.301370
37896.911968 80.245954 278.301370
37842.116050 80.238825 278.301370
37787.360948 80.231686 278.301370
37825.180840 79.825570 278.301370
37677.973193 80.217378 278.301370
37763.558146 79.611289 278.301370
37661.282881 79.803219 278.301370
37752.614825 79.197505 278.301370
37648.532740 79.388899 278.301370
37694.151340 78.982523 278.301370
37691.183102 78.775422 278.301370
37436.619371 79.565519 278.301370
37530.988075 78.958299 278.301370
37426.165845 79.149926 278.301370
37133.483397 80.145207 278.301370
37419.652490 78.734240 278.301370
37365.468817 78.725967 278.301370
37417.079306 78.318503 278.301370
37309.628479 78.509516 278.301370
37363.209053 78.101905 278.301370
37309.188645 78.093168 278.301370
37200.916040 78.284133 278.301370
37256.507516 77.876098 278.301370
37147.372318 78.066882 278.301370
37262.059571 77.459491 278.301370
37039.698849 78.049294 278.301370
37097.342042 77.640558 278.301370
37217.817102 77.033456 278.301370
37105.109080 77.223086 278.301370
37170.428533 76.815414 278.301370
37116.816289 76.805723 278.301370
37063.244860 76.796019 278.301370
37132.463667 76.388515 278.301370
37141.764921 76.179982 278.301370
37088.315941 76.169830 278.301370
36849.367309 76.757061 278.301370
36677.027448 77.147469 278.301370
34825.894033 -88.734153 278.301370
34778.745789 -88.522134 278.301370
37082.289748 75.324950 278.301370
36962.517712 75.512254 278.301370
37043.434582 75.105529 278.301370
37058.768540 74.896968 278.301370
37005.686907 74.885881 278.301370
36884.189684 75.072665 278.301370
37110.680670 74.271839 278.301370
37203.132337 73.867404 278.301370
37077.036432 74.051995 278.301370
37171.458184 73.647659 278.301370
37044.499684 73.831955 278.301370
36991.703766 73.820105 278.301370
34083.608318 -88.720441 278.301370
34030.894033 -88.719450 278.301370
37135.713326 72.999771 278.301370
37160.979344 72.792058 278.301370
37267.017526 72.389906 278.301370
36977.937816 72.962436 278.301370
37324.363226 71.975818 278.301370
33721.602932 -88.499143 278.301370
37219.465267 71.949562 278.301370
37004.670587 72.325542 278.301370
33564.439667 -88.495633 278.301370
37398.569015 71.135979 278.301370
33448.537523 -88.923652 278.301370
37467.816859 70.723712 278.301370
37156.443065 71.288056 278.301370
37363.490328 70.695754 278.301370
33239.884461 -88.920279 278.301370
33193.016482 -88.703386 278.301370
37119.965722 70.846467 278.301370
37155.327063 70.639603 278.301370
37280.902833 70.240820 278.301370
32985.179747 -88.699307 278.301370
32933.322604 -88.698283 278.301370
32876.313033 -88.914324 278.301370
32829.730767 -88.696231 278.301370
32772.802829 -88.912611 278.301370
37060.300935 69.962117 278.301370
37191.827777 69.564011 278.301370
37422.067084 68.977128 278.301370
37275.600912 69.152254 278.301370
37414.804013 68.756786 278.301370
37460.097413 68.551879 278.301370
37408.648434 68.536404 278.301370
37357.240270 68.520909 278.301370
37113.250757 68.885676 278.301370
37254.546393 68.489853 278.301370
37399.659750 68.095549 278.301370
37152.015781 68.458712 278.301370
37396.826646 67.875088 278.301370
37246.047505 68.048083 278.301370
37194.925056 68.032217 278.301370
36947.444352 68.396171 278.301370
37292.978584 67.622385 278.301370
37141.418482 67.795109 278.301370
37394.972282 67.213651 278.301370
37140.101033 67.573877 278.301370
36692.648434 68.317508 278.301370
37038.386747 67.541427 278.301370
36987.590829 67.525169 278.301370
37038.340054 67.319887 278.301370
36886.121441 67.492585 278.301370
37039.400853 67.098350 278.301370
36784.815318 67.459911 278.301370
36534.047505 67.823965 278.301370
36887.625343 67.048596 278.301370
36940.507919 66.843374 278.301370
36786.645751 67.015314 278.301370
36839.609960 66.809834 278.301370
36685.829425 66.981940 278.301370
36635.482486 66.965218 278.301370
36688.569144 66.759352 278.301370
36534.911057 66.931706 278.301370
36588.079348 66.725582 278.301370
36434.502894 66.898102 278.301370
36592.089824 66.502711 278.301370
36334.257996 66.864405 278.301370
36284.196772 66.847522 278.301370
36337.569144 66.640749 278.301370
36603.433251 66.057059 278.301370
36447.269016 66.228127 278.301370
36397.371057 66.210833 278.301370
36137.895675 66.572462 278.301370
36297.697588 66.176174 278.301370
36247.922077 66.158808 278.301370
36198.187384 66.141419 278.301370
36148.493506 66.124006 278.301370
36098.840445 66.106569 278.301370
36049.228200 66.089108 278.301370
35999.656771 66.071623 278.301370
35950.126159 66.054114 278.301370
35900.636363 66.036580 278.301370
35641.569144 66.400084 278.301370
35801.779220 66.001441 278.301370
35647.130640 66.174298 278.301370
35597.804110 66.156773 278.301370
35653.799628 65.948550 278.301370
35499.273498 66.121651 278.301370
35450.069416 66.104053 278.301370
35506.187384 65.895439 278.301370
35457.064935 65.877687 278.301370
35407.983302 65.859909 278.301370
35358.942486 65.842108 278.301370
35309.942486 65.824281 278.301370
35260.983302 65.806430 278.301370
35212.064935 65.788554 278.301370
35163.187384 65.770653 278.301370
34904.732409 66.136989 278.301370
35171.780190 65.543404 278.301370
34911.518395 65.908857 278.301370
34968.085343 65.698800 278.301370
34919.411873 65.680774 278.301370
34765.497987 65.855101 278.301370
34716.906151 65.837131 278.301370
34564.018123 66.012313 278.301370
34515.507919 65.994401 278.301370
34467.038532 65.976465 278.301370
34522.946967 65.765003 278.301370
34266.829425 66.134712 278.301370
34426.212273 65.728787 278.301370
34483.187384 65.517404 278.301370
34225.303838 65.886405 278.301370
34073.686568 66.062951 278.301370
34128.895675 65.850202 278.301370
34185.089824 65.637800 278.301370
34242.269016 65.425750 278.301370
34088.926559 65.601226 278.301370
34040.906151 65.582900 278.301370
34098.207792 65.370448 278.301370
33944.987783 65.546171 278.301370
33897.089824 65.527767 278.301370
33849.232681 65.509338 278.301370
33697.079348 65.686020 278.301370
33649.303838 65.667648 278.301370
33705.906151 65.453893 278.301370
33450.482486 65.826899 278.301370
33715.840445 65.221829 278.301370
33881.623345 64.814816 278.301370
33942.165828 64.602537 278.301370
34003.693354 64.390640 278.301370
33956.203558 64.371441 278.301370
33908.754579 64.352215 278.301370
33752.288277 64.526104 278.301370
33278.130640 65.286135 278.301370
33657.594400 64.487726 278.301370
33502.194773 64.662578 278.301370
33454.949875 64.643427 278.301370
33300.576108 64.819169 278.301370
33577.754579 64.216876 278.301370
33100.064935 64.976709 278.301370
32947.702069 65.154165 278.301370
33112.167945 64.742616 278.301370
32958.942486 64.919498 278.301370
33125.378447 64.508611 278.301370
32865.064935 64.881220 278.301370
26926.215242 -88.080318 278.301370
26872.296810 -88.318667 278.301370
26825.500891 -88.317201 278.301370
26767.415074 -88.796782 278.301370
26720.700788 -88.795730 278.301370
32271.400853 65.360445 278.301370
26638.725381 -88.311310 278.301370
32281.569144 65.123297 278.301370
32339.355130 64.905544 278.301370
32611.521304 64.294036 278.301370
26467.710553 -87.821615 278.301370
26440.166508 -87.335825 278.301370
26366.868303 -88.060055 278.301370
26347.431814 -87.331137 278.301370
32060.906151 64.789220 278.301370
32014.640844 64.769735 278.301370
26189.751369 -87.810080 278.301370
26152.537846 -87.564885 278.301370
31771.752817 64.910808 278.301370
31829.987783 64.691511 278.301370
26014.231723 -87.558416 278.301370
31949.412843 64.254136 278.301370
31903.433251 64.234231 278.301370
31541.650777 64.813096 278.301370
31392.360037 64.994505 278.301370
31142.550012 65.379250 278.301370
30896.557709 65.767069 278.301370
25683.975859 -87.788612 278.301370
25667.984294 -87.049994 278.301370
25584.521364 -88.030606 278.301370
25546.894227 -87.782684 278.301370
25510.252132 -87.534402 278.301370
25485.453682 -87.039439 278.301370
25429.064467 -87.283336 278.301370
25373.660295 -87.527770 278.301370
30289.648434 66.005881 278.301370
30640.815318 65.164962 278.301370
30395.271995 65.555100 278.301370
30251.273815 65.741683 278.301370
25137.853410 -87.764708 278.301370
30259.414852 65.496685 278.301370
25039.378507 -88.009275 278.301370
24980.996073 -88.505344 278.301370
24942.011095 -88.254800 278.301370
24896.929463 -88.253220 278.301370
24851.888647 -88.251638 278.301370
24800.751176 -88.499921 278.301370
24761.929463 -88.248464 278.301370
24710.873625 -88.497195 278.301370
24665.996073 -88.495828 278.301370
24621.159339 -88.494459 278.301370
24576.363420 -88.493087 278.301370
24537.745789 -88.240478 278.301370
24493.031504 -88.238872 278.301370
24455.439732 -87.985639 278.301370
24397.587910 -88.487575 278.301370
24352.996073 -88.486190 278.301370
29696.672461 64.746023 278.301370
29753.666585 64.519360 278.301370
24225.602932 -88.229175 278.301370
29363.088321 65.100463 278.301370
29418.316441 64.872177 278.301370
29373.969503 64.851897 278.301370
29131.375856 65.249106 278.301370
24018.975859 -87.713210 278.301370
23974.751369 -87.711101 278.301370
23949.452222 -87.200610 278.301370
23916.167967 -86.943762 278.301370
23872.065927 -86.940938 278.301370
23828.004702 -86.938108 278.301370
23783.984294 -86.935273 278.301370
23740.004702 -86.932433 278.301370
23666.322798 -87.696226 278.301370
23641.309365 -87.182411 278.301370
28945.550012 64.397093 278.301370
28801.173584 64.585449 278.301370
28857.958176 64.355451 278.301370
28713.663380 64.543989 278.301370
28669.969503 64.523211 278.301370
23333.455890 -88.711268 278.301370
23285.594627 -88.967986 278.301370
23242.023198 -88.967019 278.301370
23207.934849 -88.449286 278.301370
23164.445053 -88.447831 278.301370
23127.133544 -88.187595 278.301370
23107.803152 -87.409317 278.301370
24401.303434 74.958498 278.301370
24709.473987 73.493635 278.301370
25119.189684 71.811612 278.301370
25008.677503 72.031962 278.301370
26495.364933 67.410190 278.301370
27170.058558 65.626728 278.301370
28212.569144 63.257519 278.301370
29369.371929 60.978793 278.301370
31275.459104 57.840230 278.301370
31493.310462 57.440075 278.301370
33525.533481 54.696724 278.301370
33628.742976 54.495728 278.301370
35568.513450 52.260837 278.301370
35845.070104 51.905499 278.301370
38844.816238 49.049106 278.301370
39884.389379 48.128901 278.301370
40025.572007 47.955063 278.301370
42065.634551 46.360148 278.301370
44219.989294 44.842777 278.301370
44589.325024 44.552356 278.301370
45171.624602 44.135057 278.301370
44504.753596 44.497058 278.301370
45297.225159 43.951046 278.301370
45255.041486 43.923346 278.301370
45635.912013 43.640071 278.301370
46020.600262 43.359162 278.301370
45551.748748 43.584563 278.301370
45936.518629 43.303630 278.301370
45894.539038 43.275825 278.301370
45425.809972 43.501109 278.301370
45810.702303 43.220140 278.301370
45983.656644 43.066603 278.301370
45727.028833 43.164353 278.301370
45685.253323 43.136421 278.301370
45858.330114 42.982832 278.301370
45816.636236 42.954857 278.301370
45774.983175 42.926857 278.301370
45949.126641 42.773816 278.301370
46124.255149 42.621354 278.301370
45866.024600 42.717707 278.301370
45824.534804 42.689615 278.301370
46217.429925 42.413304 278.301370
46176.021761 42.385182 278.301370
46572.775420 42.111219 278.301370
46973.346800 41.839592 278.301370
46710.640017 41.932882 278.301370
47560.744751 41.422421 278.301370
47519.540669 41.394266 278.301370
48156.804004 41.010409 278.301370
48343.712207 40.864826 278.301370
47621.371296 41.190563 278.301370
48951.347074 40.459609 278.301370
48679.483743 40.547169 278.301370
46825.610054 41.464609 278.301370
47457.452929 41.077466 278.301370
46743.814135 41.407869 278.301370
46259.191037 41.621458 278.301370
44481.018718 42.584353 278.301370
44227.340585 42.682369 278.301370
43974.647493 42.780947 278.301370
43933.974024 42.752286 278.301370
43682.306792 42.851395 278.301370
43852.749534 42.694884 278.301370
43601.163935 42.793919 278.301370
43350.563378 42.893527 278.301370
43943.197727 42.481442 278.301370
44329.559446 42.200214 278.301370
44503.983175 42.046117 278.301370
44463.636236 42.017292 278.301370
44639.085824 41.863787 278.301370
44383.064808 41.959562 278.301370
43914.161575 42.181731 278.301370
43661.054870 42.279217 278.301370
42987.808276 42.633227 278.301370
42116.787087 43.123600 278.301370
19678.261574 -87.473405 278.301370
19151.433274 -86.584270 278.301370
19101.125691 -86.865086 278.301370
19034.807078 -87.716629 278.301370
18982.220563 -88.285300 278.301370
18964.139125 -87.426242 278.301370
18903.608318 -88.281737 278.301370
18885.608512 -87.420893 278.301370
18819.966094 -88.565001 278.301370
18807.241165 -87.415521 278.301370
18777.088866 -87.125822 278.301370
18713.929463 -87.985113 278.301370
200132.050880 17.775145 278.301370
199508.102684 17.784601 278.301370
198885.139531 17.794088 278.301370
198846.221164 17.776611 278.301370
198224.283869 17.786100 278.301370
18468.966094 -88.551426 278.301370
18425.921157 -88.839832 278.301370
18396.608318 -88.258213 278.301370
199821.193737 17.635652 278.301370
195129.373038 17.833999 278.301370
18267.840855 -89.126143 278.301370
18229.249018 -89.125219 278.301370
200252.637180 17.539274 278.301370
18171.072320 -87.955224 278.301370
18113.718406 -89.122433 278.301370
18078.594627 -88.828739 278.301370
18040.206872 -88.827494 278.301370
18001.859933 -88.826245 278.301370
17957.888453 -89.412435 278.301370
17919.623146 -89.411808 278.301370
17887.064015 -88.822484 278.301370
17843.214983 -89.410550 278.301370
17807.432692 -89.114918 278.301370
17765.553746 -89.704636 278.301370
17727.492521 -89.704319 278.301370
17696.553810 -88.816162 278.301370
17652.908861 -89.407381 278.301370
17841.584398 83.501950 278.301370
17870.254394 82.617171 278.301370
17832.397251 82.609295 278.301370
17771.447380 82.894259 278.301370
17711.482551 83.180194 278.301370
17719.070720 82.585566 278.301370
17705.454613 82.284236 278.301370
17643.723781 82.569662 278.301370
17606.111537 82.561685 278.301370
17568.540108 82.553690 278.301370
17485.686633 83.136092 278.301370
17493.519700 82.537650 278.301370
17410.747858 83.121265 278.301370
17395.529013 82.817491 278.301370
17879.846699 77.837747 278.301370
17881.705560 77.537055 278.301370
17766.993289 78.100595 278.301370
17807.174948 77.510581 278.301370
17618.894657 78.655607 278.301370
17618.084105 78.352674 278.301370
17695.685152 77.470661 278.301370
17619.418128 77.746807 278.301370
17544.136146 78.024144 278.301370
17398.078008 78.887210 278.301370
17084.932630 81.535958 278.301370
17471.499760 77.694238 278.301370
16985.170488 81.816253 278.301370
17118.294488 80.020066 278.301370
17081.498570 80.009213 278.301370
16532.500698 -89.387629 278.301370
16505.700788 -88.467676 278.301370
16487.439732 -87.546468 278.301370
16424.840855 -89.078416 278.301370
16536.964661 84.480978 278.301370
16370.582524 -87.845661 278.301370
16311.410889 89.691751 278.301370
16282.023198 88.765801 278.301370
16249.843645 88.455657 278.301370
16239.894227 87.218576 278.301370
16212.517438 86.906633 278.301370
16176.211315 86.903160 278.301370
16149.860385 86.590346 278.301370
16136.297327 85.967767 278.301370
16126.551990 85.344738 278.301370
16105.044640 85.030309 278.301370
16136.926894 83.789651 278.301370
16082.453256 84.091283 278.301370
16064.845261 83.775679 278.301370
16089.768266 82.843040 278.301370
16099.152353 82.219279 278.301370
16112.354162 81.595956 278.301370
16076.497019 81.586521 278.301370
16121.412041 80.656882 278.301370
16114.435433 80.340400 278.301370
16078.700739 80.329569 278.301370
16167.644734 79.097798 278.301370
16099.415865 79.390269 278.301370
16199.772208 78.162254 278.301370
16128.792293 78.452430 278.301370
16202.319819 77.530447 278.301370
16244.256580 76.913373 278.301370
16208.807601 76.898816 278.301370
16213.529056 76.583114 278.301370
16261.253623 75.967614 278.301370
16312.795913 75.353991 278.301370
16277.510199 75.337769 278.301370
16287.116050 75.023102 278.301370
16392.129575 74.115415 278.301370
16405.593964 73.802297 278.301370
16420.043396 73.489447 278.301370
16486.938204 72.883398 278.301370
16504.301948 72.571777 278.301370
16469.301948 72.552674 278.301370
16597.221802 71.659018 278.301370
16733.680509 70.772451 278.301370
16817.775472 70.178379 278.301370
16782.938737 70.156955 278.301370
16870.892239 69.565358 278.301370
17027.342963 68.695288 278.301370
17058.252406 68.391691 278.301370
17157.659072 67.809813 278.301370
17191.482826 67.508218 278.301370
17226.291622 67.207225 278.301370
17122.339969 67.460359 278.301370
17298.864344 66.607102 278.301370
17483.927572 65.762714 278.301370
17375.377235 66.009559 278.301370
17643.141898 64.901306 278.301370
17608.794959 64.875142 278.301370
17811.017526 64.047845 278.301370
17776.752220 64.020980 278.301370
17987.554456 63.202595 278.301370
18036.934811 62.913465 278.301370
18259.149395 62.107690 278.301370
18312.388288 61.822270 278.301370
18455.841608 61.282925 278.301370
18603.112651 60.747811 278.301370
18478.015221 60.971068 278.301370
18353.902833 61.195836 278.301370
18593.358389 60.407916 278.301370
18841.352798 59.630255 278.301370
19000.158638 59.107395 278.301370
19162.782199 58.588940 278.301370
19329.223482 58.074916 278.301370
19397.033932 57.803925 278.301370
19569.222205 57.296446 278.301370
19535.609960 57.264806 278.301370
19606.375538 56.996692 278.301370
19784.351618 56.495539 278.301370
19644.636363 56.697514 278.301370
20374.594351 55.052214 278.301370
20341.186188 55.019339 278.301370
20420.653884 54.760777 278.301370
20965.665965 53.617758 278.301370
20814.824076 53.803789 278.301370
20899.135353 53.550589 278.301370
20748.375096 53.736674 278.301370
20951.268407 53.264618 278.301370
21279.312520 52.582196 278.301370
21246.230887 52.548076 278.301370
21335.467377 52.300035 278.301370
21801.018866 51.422248 278.301370
22023.000785 50.973075 278.301370
22248.800425 50.528445 278.301370
22215.922874 50.493536 278.301370
22445.581052 50.053290 278.301370
22412.785134 50.018185 278.301370
22646.301850 49.582323 278.301370
22613.587564 49.547033 278.301370
22987.403519 48.919242 278.301370
23092.155793 48.688566 278.301370
23197.893110 48.458938 278.301370
23728.100967 47.658510 278.301370
23695.590763 47.622696 278.301370
23950.166172 47.211204 278.301370
23488.586745 47.740460 278.301370
24030.288583 46.953095 278.301370
23997.941644 46.917029 278.301370
24258.345677 46.511909 278.301370
24522.567430 46.111147 278.301370
24640.002810 45.894249 278.301370
