126374.239103 56.277404 357.205479
125690.132382 56.465618 357.205479
125892.962572 56.350402 357.205479
125505.337663 56.437668 357.205479
124825.905480 56.626970 357.205479
124441.774241 56.715037 357.205479
87020.598660 87.612011 357.205479
86928.421487 87.610745 357.205479
124457.098930 56.571074 357.205479
124365.019619 56.557074 357.205479
125155.349471 56.238106 357.205479
123889.151582 56.631197 357.205479
86403.350770 88.190451 357.205479
123414.611205 56.705605 357.205479
123905.357020 56.486919 357.205479
123521.715087 56.575097 357.205479
123429.978289 56.561045 357.205479
123630.146627 56.444702 357.205479
123246.651486 56.532911 357.205479
124034.025904 56.212581 357.205479
123942.484829 56.198425 357.205479
123556.872606 56.286140 357.205479
122589.860776 56.579149 357.205479
123081.046966 56.359984 357.205479
123282.689754 56.243640 357.205479
122898.405189 56.331660 357.205479
123100.145839 56.215253 357.205479
123303.067354 56.099037 357.205479
122917.797645 56.186825 357.205479
123120.817022 56.070546 357.205479
123325.017266 55.954460 357.205479
123234.014426 55.940167 357.205479
123143.060517 55.925864 357.205479
122756.903524 56.013438 357.205479
122371.927398 56.101286 357.205479
122575.240358 55.984820 357.205479
122484.482171 55.970495 357.205479
122099.652836 56.058374 357.205479
122303.112588 55.941813 357.205479
122212.501192 55.927457 357.205479
122121.938727 55.913089 357.205479
122031.425193 55.898711 357.205479
121940.960589 55.884323 357.205479
122145.796929 55.767832 357.205479
121466.058094 55.957872 357.205479
121669.860359 55.841093 357.205479
122171.227442 55.622605 357.205479
122081.007491 55.608122 357.205479
121694.452519 55.695573 357.205479
121900.714379 55.579125 357.205479
121514.257269 55.666595 357.205479
120834.860947 55.856846 357.205479
121039.005726 55.739847 357.205479
120949.079358 55.725341 357.205479
120565.081842 55.813387 357.205479
121064.625427 55.593960 357.205479
120974.845850 55.579401 357.205479
120589.863190 55.667206 357.205479
120500.181474 55.652645 357.205479
120410.548689 55.638074 357.205479
120320.964834 55.623491 357.205479
120526.681924 55.506442 357.205479
120141.943916 55.594294 357.205479
120644.142818 55.374938 357.205479
120258.370734 55.462537 357.205479
120169.031532 55.447880 357.205479
120079.741261 55.433212 357.205479
119695.247905 55.521110 357.205479
119901.307509 55.403844 357.205479
119812.164029 55.389143 357.205479
120316.969317 55.169917 357.205479
119634.023860 55.359709 357.205479
118955.655080 55.550584 357.205479
119456.079414 55.330231 357.205479
119071.928572 55.418193 357.205479
119278.330689 55.300710 357.205479
118894.277709 55.388690 357.205479
119397.161638 55.168622 357.205479
118422.702490 55.462195 357.205479
118923.420407 55.241534 357.205479
118539.563148 55.329550 357.205479
117863.898615 55.521221 357.205479
118362.499451 55.299914 357.205479
118274.040998 55.285079 357.205479
118185.631476 55.270233 357.205479
118097.270884 55.255376 357.205479
118008.959223 55.240508 357.205479
117920.696492 55.225629 357.205479
118127.734706 55.107743 357.205479
117744.317823 55.195837 357.205479
117362.081806 55.284219 357.205479
117863.386889 55.062945 357.205479
117480.116797 55.151066 357.205479
117098.027571 55.239474 357.205479
117599.479446 55.018047 357.205479
116629.247926 55.313243 357.205479
117423.785804 54.988060 357.205479
117336.012378 54.973049 357.205479
117248.287883 54.958027 357.205479
117160.612319 54.942994 357.205479
117072.985685 54.927949 357.205479
116985.407981 54.912893 357.205479
116308.507116 55.104633 357.205479
116810.399366 54.882748 357.205479
117019.352405 54.764608 357.205479
116635.586473 54.852558 357.205479
116253.001408 54.940797 357.205479
116460.969302 54.822322 357.205479
115491.373878 55.118147 357.205479
116582.931803 54.688894 357.205479
116495.794474 54.673717 357.205479
116408.706076 54.658528 357.205479
116025.282658 54.746534 357.205479
115348.920029 54.938583 357.205479
77330.256988 87.621860 357.205479
77243.364312 87.620522 357.205479
77193.507719 87.309166 357.205479
77022.734546 88.083385 357.205479
76982.979867 87.616499 357.205479
76896.282913 87.615155 357.205479
76827.562497 87.458434 357.205479
76740.963404 87.456999 357.205479
76636.485634 87.611114 357.205479
76533.188730 87.765438 357.205479
76431.072693 87.919969 357.205479
76395.056337 87.451245 357.205479
76273.978617 87.761642 357.205479
76204.468779 87.604348 357.205479
76155.199352 87.290871 357.205479
76049.932159 87.445464 357.205479
75963.773440 87.444015 357.205479
75842.940373 87.755287 357.205479
75756.879515 87.754012 357.205479
75670.867589 87.752735 357.205479
75619.627872 87.438201 357.205479
114630.779561 54.187202 357.205479
75447.848671 87.435285 357.205479
75362.032466 87.433824 357.205479
114971.758530 53.934629 357.205479
114886.040186 53.919063 357.205479
75104.877435 87.429432 357.205479
114714.750291 53.887898 357.205479
74952.744945 87.269210 357.205479
74867.222323 87.267650 357.205479
74762.689088 87.423552 357.205479
74642.541048 87.737300 357.205479
74591.888497 87.420602 357.205479
74506.561598 87.419124 357.205479
74421.283629 87.417645 357.205479
74336.054590 87.416164 357.205479
74250.874482 87.414681 357.205479
74165.743305 87.413197 357.205479
113776.154396 53.715651 357.205479
113092.693497 53.906521 357.205479
113907.048390 53.581272 357.205479
73790.984621 87.724275 357.205479
73740.821375 87.405749 357.205479
73638.056173 87.562935 357.205479
73610.446142 87.085338 357.205479
73486.455384 87.401260 357.205479
73401.764581 87.399760 357.205479
73299.195101 87.557304 357.205479
73214.602159 87.555893 357.205479
73167.045300 87.236062 357.205479
73082.550219 87.234463 357.205479
72961.116917 87.551648 357.205479
72876.719697 87.550230 357.205479
112505.792354 53.478474 357.205479
112121.713236 53.565996 357.205479
72551.162627 88.345399 357.205479
71460.359739 88.332815 357.205479
71416.993926 87.848157 357.205479
71293.277868 88.330862 357.205479
71250.009916 87.845635 357.205479
71166.591307 87.844372 357.205479
71083.221628 87.843108 357.205479
71015.564615 87.680208 357.205479
70888.697401 88.164134 357.205479
70849.069910 87.677482 357.205479
70735.700419 87.999990 357.205479
70626.907604 88.323004 357.205479
70543.831509 88.322016 357.205479
70473.072270 88.158727 357.205479
70377.826109 88.320038 357.205479
70320.564594 87.994092 357.205479
70154.852777 87.991724 357.205479
70072.070265 87.990537 357.205479
70238.426069 86.038477 357.205479
70183.856452 85.873823 357.205479
70073.105696 86.033799 357.205479
70018.633941 85.868950 357.205479
69936.096081 85.866508 357.205479
69825.492116 86.026761 357.205479
69743.052118 86.024410 357.205479
69688.776084 85.859167 357.205479
69329.229525 87.979796 357.205479
69469.042605 86.180484 357.205479
69441.896462 85.851800 357.205479
69359.701116 85.849339 357.205479
69368.691424 85.357184 357.205479
69195.457215 85.844407 357.205479
69142.655632 85.678443 357.205479
69031.409036 85.839463 357.205479
68686.785720 87.805786 357.205479
68564.684370 88.297964 357.205479
68482.831537 88.296947 357.205479
68426.695424 87.966511 357.205479
68331.540590 88.130086 357.205479
68293.429945 87.634401 357.205479
68168.177438 88.127846 357.205479
68324.861263 85.652607 357.205479
68214.103973 85.814569 357.205479
67829.770375 88.288765 357.205479
67760.625843 88.122222 357.205479
67666.994389 88.286708 357.205479
67979.688726 85.309886 357.205479
67836.533307 85.636958 357.205479
67448.865179 87.951818 357.205479
67342.029585 88.282578 357.205479
67273.178636 88.115429 357.205479
67220.040353 87.781965 357.205479
67154.683075 87.614417 357.205479
67017.847669 88.278428 357.205479
66962.592305 87.944391 357.205479
67188.169475 85.615916 357.205479
67078.097212 85.779213 357.205479
67056.946730 85.444657 357.205479
66639.388999 87.939410 357.205479
66588.906033 87.604298 357.205479
66784.532321 85.602661 357.205479
66384.100427 88.102847 357.205479
66316.968581 87.934405 357.205479
66251.017602 87.765794 357.205479
66170.583754 87.764436 357.205479
66105.862573 87.595556 357.205479
66042.322258 87.426511 357.205479
65962.035202 87.424945 357.205479
65821.406008 88.094752 357.205479
65801.607881 87.421805 357.205479
65721.467617 87.420233 357.205479
65624.580611 87.586750 357.205479
65528.874473 87.753511 357.205479
65802.690345 85.232758 357.205479
65691.234959 85.397447 357.205479
65642.850191 85.226944 357.205479
65501.113758 85.559704 357.205479
65483.205759 85.221116 357.205479
65403.456939 85.218196 357.205479
65292.246205 85.383375 357.205479
65124.854331 85.885629 357.205479
65164.504061 85.209416 357.205479
65084.950963 85.206483 357.205479
64943.557043 85.540646 357.205479
64925.991558 85.200605 357.205479
64478.244107 87.905147 357.205479
64799.870656 85.025978 357.205479
64687.919430 85.191760 357.205479
64608.659914 85.188805 357.205479
64529.449330 85.185846 357.205479
64516.705173 84.844680 357.205479
64437.592450 84.841507 357.205479
64393.435310 84.669157 357.205479
64245.739077 85.004519 357.205479
64200.547862 84.831967 357.205479
64156.537514 84.659296 357.205479
64042.762790 84.825587 357.205479
64034.888892 84.483105 357.205479
63956.118682 84.479698 357.205479
63841.358813 84.646090 357.205479
63798.725054 84.472871 357.205479
63720.101636 84.469452 357.205479
63641.527148 84.466028 357.205479
63563.001591 84.462600 357.205479
63448.486374 84.629491 357.205479
63406.097268 84.455731 357.205479
63256.773259 84.793451 357.205479
63213.350077 84.619483 357.205479
63208.278288 84.274754 357.205479
63092.875788 84.441943 357.205479
63014.692744 84.438485 357.205479
62936.558631 84.435023 357.205479
62858.473448 84.431557 357.205479
62780.437196 84.428086 357.205479
62739.620401 84.253338 357.205479
62661.682010 84.249754 357.205479
62087.909344 87.345766 357.205479
62468.781493 84.414160 357.205479
62428.160420 84.238972 357.205479
62350.417751 84.235370 357.205479
62311.026474 84.059959 357.205479
62195.079204 84.228151 357.205479
62117.483327 84.224535 357.205479
62039.936380 84.220914 357.205479
61925.267838 84.389622 357.205479
61884.989278 84.213659 357.205479
61845.891585 84.037583 357.205479
61768.540360 84.033837 357.205479
61691.238065 84.030087 357.205479
61653.419100 83.853678 357.205479
61498.477806 84.195442 357.205479
61279.431818 84.884726 357.205479
61382.518193 84.015039 357.205479
61229.987563 84.357756 357.205479
61190.149378 84.180786 357.205479
61190.926458 83.830405 357.205479
61036.278747 84.173430 357.205479
60997.719290 83.996121 357.205479
60882.603839 84.166056 357.205479
60883.576641 83.814791 357.205479
60767.427114 83.984714 357.205479
60730.195315 83.806955 357.205479
60614.143650 83.977084 357.205479
60577.009712 83.799099 357.205479
60541.056641 83.621005 357.205479
60424.019830 83.791223 357.205479
60347.598285 83.787277 357.205479
60231.791272 83.957927 357.205479
60155.467588 83.954081 357.205479
60118.627234 83.775411 357.205479
60082.967746 83.596633 357.205479
60048.489125 83.417750 357.205479
59890.096557 83.763499 357.205479
59814.017525 83.759518 357.205479
59820.252031 83.405150 357.205479
59662.006254 83.751542 357.205479
59546.639616 83.923136 357.205479
59592.455312 83.392501 357.205479
59474.922662 83.563846 357.205479
59440.835485 83.384042 357.205479
59365.098967 83.379804 357.205479
59376.203732 83.024133 357.205479
59256.602931 83.195423 357.205479
59270.069429 82.839450 357.205479
59194.528634 82.834858 357.205479
59073.942688 83.006220 357.205479
59089.819851 82.649724 357.205479
58923.105750 82.997230 357.205479
58847.760676 82.992726 357.205479
58728.502389 83.164752 357.205479
58653.255177 83.160348 357.205479
58760.697089 82.449718 357.205479
58685.547737 82.444857 357.205479
58610.447317 82.439990 357.205479
58396.717776 82.965580 357.205479
58460.393266 82.430237 357.205479
58433.929526 82.248593 357.205479
58359.024828 82.243589 357.205479
58142.095200 82.769958 357.205479
58160.872332 82.410656 357.205479
58134.604314 82.228540 357.205479
58109.517163 82.046343 357.205479
57889.387449 82.573480 357.205479
57910.624175 82.213433 357.205479
57885.683816 82.030881 357.205479
57811.170561 82.025713 357.205479
57736.706237 82.020539 357.205479
57564.179128 82.371190 357.205479
57638.678143 81.832373 357.205479
57513.606848 82.004977 357.205479
57389.716420 82.177954 357.205479
57365.118574 81.994568 357.205479
57241.326007 82.167758 357.205479
57167.204197 82.162651 357.205479
57093.131317 82.157536 357.205479
57068.729193 81.973670 357.205479
56994.754174 81.968429 357.205479
56920.828086 81.963180 357.205479
56897.704690 81.778997 357.205479
56723.500875 82.131864 357.205479
56750.097166 81.768238 357.205479
56676.366799 81.762848 357.205479
56551.931601 81.936836 357.205479
56529.052858 81.752048 357.205479
56455.469283 81.746637 357.205479
56381.934639 81.741219 357.205479
56257.695163 81.915638 357.205479
56134.636554 82.090440 357.205479
56161.624289 81.724923 357.205479
56140.171065 81.539452 357.205479
56014.995375 81.714023 357.205479
55941.754314 81.708562 357.205479
55973.465517 81.342524 357.205479
55847.304682 81.517134 357.205479
55722.324714 81.692138 357.205479
55701.165073 81.505931 357.205479
55681.186299 81.319656 357.205479
55608.238821 81.313921 357.205479
55482.322639 81.489072 357.205479
55409.473022 81.483437 357.205479
55336.672335 81.477795 357.205479
55263.920579 81.472146 357.205479
55088.578293 81.829723 357.205479
55118.563859 81.460825 357.205479
55045.958895 81.455153 357.205479
54921.517162 81.631358 357.205479
54900.895757 81.443787 357.205479
54776.551886 81.620212 357.205479
54863.195548 81.068445 357.205479
54736.685665 81.244502 357.205479
54611.356649 81.420965 357.205479
54592.111833 81.232825 357.205479
54466.880678 81.409508 357.205479
54501.883294 81.038645 357.205479
54429.767635 81.032662 357.205479
54412.982414 80.844146 357.205479
54285.683108 81.020671 357.205479
54213.714241 81.014664 357.205479
54197.075811 80.825770 357.205479
53962.756091 81.369170 357.205479
54053.382728 80.813479 357.205479
54038.023027 80.624276 357.205479
53854.603860 80.984507 357.205479
53894.623527 80.611699 357.205479
53766.583729 80.788797 357.205479
53695.006306 80.782606 357.205479
53679.891257 80.592770 357.205479
53608.411694 80.586443 357.205479
53594.526442 80.396428 357.205479
53409.185917 80.757760 357.205479
53337.853146 80.751528 357.205479
53322.982749 80.561052 357.205479
53251.747840 80.554683 357.205479
53296.784557 80.179952 357.205479
53225.647508 80.173327 357.205479
53214.368643 79.982583 357.205479
53024.842886 80.344485 357.205479
53072.339198 79.969050 357.205479
52768.952477 80.701368 357.205479
52870.696222 80.140068 357.205479
52627.216615 80.688743 357.205479
52729.058221 80.126702 357.205479
52718.121869 79.935057 357.205479
52528.938626 80.298577 357.205479
52576.777452 79.921396 357.205479
52567.119828 79.729455 357.205479
52496.569945 79.722481 357.205479
52305.318551 80.086387 357.205479
52355.616972 79.708505 357.205479
52347.287006 79.516142 357.205479
52214.859720 79.694491 357.205479
52144.554490 79.687470 357.205479
52013.357001 79.866383 357.205479
52066.163947 79.487556 357.205479
51996.005509 79.480385 357.205479
51925.896001 79.473205 357.205479
51732.821108 79.838653 357.205479
51849.028839 79.272711 357.205479
51715.861060 79.451606 357.205479
51583.874149 79.630960 357.205479
51576.082419 79.437158 357.205479
51506.266494 79.429919 357.205479
51313.485185 79.796775 357.205479
51183.957868 79.977270 357.205479
51360.317365 79.221187 357.205479
51355.034161 79.026939 357.205479
51095.847702 79.581009 357.205479
51088.398486 79.386280 357.205479
51082.130137 79.191524 357.205479
51077.042655 78.996747 357.205479
51007.667105 78.989173 357.205479
50810.798425 79.356988 357.205479
50869.062796 78.973995 357.205479
50549.277662 79.719106 357.205479
50796.123144 78.771064 357.205479
50726.992247 78.763316 357.205479
50657.910280 78.755557 357.205479
50588.877243 78.747788 357.205479
50519.893137 78.740008 357.205479
50321.152029 79.109115 357.205479
50382.071717 78.724415 357.205479
50313.234403 78.716603 357.205479
50244.446019 78.708781 357.205479
50175.706565 78.700947 357.205479
50173.616914 78.504404 357.205479
50038.374450 78.685248 357.205479
49969.781788 78.677382 357.205479
49835.769122 78.858828 357.205479
49899.344127 78.472422 357.205479
49830.898257 78.464399 357.205479
49695.900446 78.645811 357.205479
49761.886116 78.259006 357.205479
49693.587037 78.250825 357.205479
49625.336889 78.242634 357.205479
49422.801993 78.614066 357.205479
49099.565585 79.368897 357.205479
49286.546349 78.598127 357.205479
49153.022988 78.780720 357.205479
49020.680494 78.963808 357.205479
49082.529862 78.574137 357.205479
49014.622228 78.566118 357.205479
48946.763524 78.558088 357.205479
48749.147817 78.932728 357.205479
48877.793778 78.350911 357.205479
48613.675062 78.917123 357.205479
48742.418884 78.334519 357.205479
48674.804833 78.326305 357.205479
48607.239712 78.318081 357.205479
48539.723521 78.309844 357.205479
48539.989069 78.110015 357.205479
48472.570740 78.101629 357.205479
48405.201341 78.093230 357.205479
48406.745616 77.893127 357.205479
48339.474078 77.884578 357.205479
48069.053049 78.452675 357.205479
48205.077794 77.867444 357.205479
48137.953048 77.858859 357.205479
48002.012489 78.042594 357.205479
47934.985604 78.034114 357.205479
48006.869073 77.640723 357.205479
47869.943369 77.824400 357.205479
47803.063275 77.815755 357.205479
47533.033690 78.386848 357.205479
47739.446559 77.605606 357.205479
47672.713257 77.596796 357.205479
47677.157502 77.395180 357.205479
47539.393445 77.579139 357.205479
47199.611832 78.345328 357.205479
47406.269354 77.561433 357.205479
47339.780705 77.552561 357.205479
47344.469602 77.350240 357.205479
47278.078814 77.341214 357.205479
47140.608340 77.525870 357.205479
47217.704582 77.129593 357.205479
47151.460585 77.120400 357.205479
47013.004965 77.304983 357.205479
47019.119383 77.101975 357.205479
46953.022177 77.092743 357.205479
46814.713350 77.277675 357.205479
46820.974558 77.074240 357.205479
46828.416634 76.870835 357.205479
46762.515150 76.861422 357.205479
46696.662598 76.851995 357.205479
46630.858975 76.842555 357.205479
46565.104284 76.833101 357.205479
46499.398523 76.823634 357.205479
46433.741692 76.814154 357.205479
46368.133792 76.804660 357.205479
46302.574822 76.795153 357.205479
46237.064783 76.785633 357.205479
46171.603675 76.776099 357.205479
46032.799008 76.962119 357.205479
45967.435760 76.952689 357.205479
46050.038358 76.551900 357.205479
45984.772971 76.542180 357.205479
45845.032090 76.728225 357.205479
45706.472075 76.914836 357.205479
45714.745969 76.708980 357.205479
45576.283816 76.895828 357.205479
45584.655571 76.689681 357.205479
45446.291279 76.876766 357.205479
45454.760895 76.670326 357.205479
45464.411378 76.463927 357.205479
45325.061941 76.650915 357.205479
45334.810285 76.444224 357.205479
45195.558709 76.631450 357.205479
44985.227447 77.017125 357.205479
45140.775624 76.414563 357.205479
45151.851627 76.207479 357.205479
44791.486369 76.988586 357.205479
44947.181338 76.384775 357.205479
44734.830856 76.770942 357.205479
44818.363134 76.364845 357.205479
44829.683789 76.157024 357.205479
44765.397013 76.146890 357.205479
44701.159167 76.136741 357.205479
44486.789465 76.523384 357.205479
44497.173906 76.314769 357.205479
44358.558426 76.503551 357.205479
44369.040728 76.294637 357.205479
44084.870068 76.882878 357.205479
44316.759635 76.075539 357.205479
44177.207941 76.264331 357.205479
44113.361540 76.254199 357.205479
44049.564069 76.244053 357.205479
43985.815529 76.233892 357.205479
43774.199004 76.623907 357.205479
43858.465239 76.213527 357.205479
43794.863491 76.203321 357.205479
43731.310672 76.193102 357.205479
43667.806784 76.182867 357.205479
43604.351827 76.172617 357.205479
43393.028886 76.564191 357.205479
43329.671790 76.554187 357.205479
43052.977774 77.150288 357.205479
43276.496878 76.332630 357.205479
43287.810999 76.121144 357.205479
43150.125199 76.312242 357.205479
42941.359714 76.706214 357.205479
42950.556753 76.493857 357.205479
42960.934660 76.281548 357.205479
42972.493433 76.069294 357.205479
42835.052286 76.261011 357.205479
42626.531453 76.656308 357.205479
42492.583976 76.849733 357.205479
42500.942663 76.636242 357.205479
42510.482216 76.422797 357.205479
42521.202636 76.209402 357.205479
42385.187009 76.402359 357.205479
42322.612801 76.392117 357.205479
42116.698354 76.790124 357.205479
42197.611177 76.371588 357.205479
42208.576250 76.157411 357.205479
42146.197764 76.146966 357.205479
42010.475719 76.340681 357.205479
42096.112009 75.922074 357.205479
41742.574231 76.729982 357.205479
41751.520084 76.514595 357.205479
41618.257634 76.709814 357.205479
41417.311307 77.111951 357.205479
41565.265376 76.483842 357.205479
41432.149718 76.679450 357.205479
41513.600776 76.257586 357.205479
41379.451042 76.452952 357.205479
41389.871345 76.236657 357.205479
41401.472515 76.020419 357.205479
41339.730126 76.009771 357.205479
41278.036667 75.999107 357.205479
41142.999650 76.194611 357.205479
41154.796542 75.977731 357.205479
41019.857385 76.173493 357.205479
40958.359649 76.162910 357.205479
40824.650290 76.359444 357.205479
40908.903457 75.934787 357.205479
40560.774173 76.754437 357.205479
40712.858008 76.120421 357.205479
40579.344372 76.317478 357.205479
40447.011602 76.515182 357.205479
40315.859699 76.713531 357.205479
40395.878703 76.285836 357.205479
40407.081894 76.066947 357.205479
40346.073463 76.056204 357.205479
40141.724793 76.463029 357.205479
39941.952799 76.871907 357.205479
40019.952583 76.442057 357.205479
40030.268490 76.222121 357.205479
39898.376095 76.421021 357.205479
39837.661247 76.410479 357.205479
39776.995329 76.399921 357.205479
39509.784111 77.021651 357.205479
39585.813606 76.589309 357.205479
39525.294479 76.578854 357.205479
39464.824284 76.568383 357.205479
39335.538275 76.769276 357.205479
39275.165941 76.758927 357.205479
39147.109729 76.960616 357.205479
38954.765450 77.375898 357.205479
38960.008842 77.152876 357.205479
38899.832229 77.142773 357.205479
38839.704547 77.132654 357.205479
38846.226667 76.909322 357.205479
38786.196846 76.899015 357.205479
38594.146150 77.316078 357.205479
38469.877192 77.520448 357.205479
38346.789100 77.725476 357.205479
38224.881876 77.931159 357.205479
38290.374895 77.490758 357.205479
38230.638658 77.480830 357.205479
38170.951350 77.470887 357.205479
37925.093597 78.109117 357.205479
37926.445340 77.883051 357.205479
37866.904824 77.873384 357.205479
37686.662797 78.297854 357.205479
36227.956646 86.297476 357.205479
37627.635671 78.061520 357.205479
37629.232067 77.834563 357.205479
37632.009329 77.607619 357.205479
37510.689271 77.815060 357.205479
37451.491269 77.805286 357.205479
37517.620385 77.360478 357.205479
37333.242057 77.785691 357.205479
37399.469034 77.340198 357.205479
37340.466754 77.330034 357.205479
37218.308342 77.537834 357.205479
37222.608985 77.309657 357.205479
37163.753497 77.299445 357.205479
37104.946939 77.289216 357.205479
36982.984250 77.497609 357.205479
36801.261238 77.926227 357.205479
36928.820849 77.258433 357.205479
36870.210013 77.248139 357.205479
36686.369920 77.676801 357.205479
36566.915756 77.887016 357.205479
34984.460148 87.155511 357.205479
34926.045035 87.153131 357.205479
34882.210650 86.920243 357.205479
34856.352805 86.456575 357.205479
36461.304217 77.175622 357.205479
36403.084825 77.165196 357.205479
34664.898958 86.678720 357.205479
34641.500707 86.213523 357.205479
34565.500499 86.441679 357.205479
34507.476829 86.438684 357.205479
34417.042683 86.899480 357.205479
34331.185214 87.361457 357.205479
34301.239997 86.894245 357.205479
34228.880251 87.124261 357.205479
34030.022203 87.583689 357.205479
33972.389977 87.581639 357.205479
33914.806682 87.579586 357.205479
33799.786884 87.575469 357.205479
33754.618307 87.339002 357.205479
33684.962808 87.571337 357.205479
33639.892092 87.334465 357.205479
33596.002243 87.097278 357.205479
33424.426690 87.089831 357.205479
33170.676526 87.552571 357.205479
32785.684120 87.299938 357.205479
32716.860440 87.535645 357.205479
32378.553457 87.522796 357.205479
33477.105461 79.016387 357.205479
32278.443833 87.278790 357.205479
32210.060527 87.516321 357.205479
32166.262005 87.274045 357.205479
32042.007973 87.509813 357.205479
31707.223987 87.496692 357.205479
31651.597913 87.494492 357.205479
31596.020769 87.492288 357.205479
31485.013274 87.487868 357.205479
31263.585449 87.478982 357.205479
31208.350819 87.476751 357.205479
31153.165120 87.474515 357.205479
31042.940512 87.470033 357.205479
30987.901604 87.467786 357.205479
30945.179553 87.220742 357.205479
30890.238506 87.218269 357.205479
30848.746253 86.970667 357.205479
30808.434866 86.722736 357.205479
30739.108812 86.965264 357.205479
30670.963624 87.208335 357.205479
31656.125088 79.194539 357.205479
31503.365909 79.662169 357.205479
30534.952895 86.708077 357.205479
30465.871493 86.951673 357.205479
30397.970958 87.195818 357.205479
30331.251291 87.440504 357.205479
30289.116406 87.190780 357.205479
30059.726540 87.428962 357.205479
30031.236170 86.929673 357.205479
29951.459154 87.424317 357.205479
29923.066645 86.924123 357.205479
29843.387489 87.419654 357.205479
29789.425053 87.417317 357.205479
29520.346829 87.405565 357.205479
29466.677975 87.403201 357.205479
29359.487060 87.398462 357.205479
29331.632787 86.893237 357.205479
30304.617651 78.953255 357.205479
30105.723782 79.674842 357.205479
30099.706465 79.421156 357.205479
30046.380125 79.411665 357.205479
29039.088647 87.384140 357.205479
28998.128095 87.128876 357.205479
28944.948547 87.126238 357.205479
29931.675787 78.883777 357.205479
29878.594100 78.873781 357.205479
29876.315105 78.619086 357.205479
29823.331279 78.608846 357.205479
29719.642622 78.843687 357.205479
29666.756657 78.833619 357.205479
29823.726289 77.844037 357.205479
29716.788614 78.077528 357.205479
29718.199012 77.822143 357.205479
29893.426417 76.836381 357.205479
30283.220539 75.136096 357.205479
30728.528472 73.459082 357.205479
30751.641383 73.208902 357.205479
31430.991255 71.098941 357.205479
31378.545665 71.082553 357.205479
31958.749746 69.469448 357.205479
32194.495666 68.776998 357.205479
32748.946446 67.426743 357.205479
33233.449477 66.316147 357.205479
33403.873253 65.864489 357.205479
34287.497556 64.144977 357.205479
34480.657920 63.706138 357.205479
35061.571263 62.652973 357.205479
35139.555354 62.426765 357.205479
36168.263232 60.797480 357.205479
36974.395326 59.600611 357.205479
37517.201929 58.809401 357.205479
38549.635781 57.471019 357.205479
38979.529983 56.894382 357.205479
38927.818350 56.869574 357.205479
40039.634539 55.582231 357.205479
40677.768447 54.851881 357.205479
41334.062268 54.133059 357.205479
42192.838253 53.257190 357.205479
42889.979643 52.564154 357.205479
43219.657397 52.208681 357.205479
43553.911827 51.855929 357.205479
45090.363287 50.552594 357.205479
45447.354305 50.213614 357.205479
46860.705938 49.115979 357.205479
47454.186141 48.640255 357.205479
48057.902701 48.170493 357.205479
50032.474809 46.851340 357.205479
49981.448204 46.823926 357.205479
50626.061264 46.377554 357.205479
52479.846348 45.260832 357.205479
53408.489920 44.703588 357.205479
54104.186908 44.285133 357.205479
55834.921095 43.366359 357.205479
57355.347423 42.597608 357.205479
57570.485001 42.448521 357.205479
58865.937230 41.821719 357.205479
60468.009768 41.093226 357.205479
60977.414215 40.836408 357.205479
62060.392575 40.356617 357.205479
62583.478120 40.106172 357.205479
63401.864608 39.748111 357.205479
63351.523030 39.720735 357.205479
63301.230383 39.693338 357.205479
63835.831013 39.448123 357.205479
63785.636226 39.420722 357.205479
63442.502229 39.501906 357.205479
63979.513523 39.257768 357.205479
63342.357309 39.446955 357.205479
63585.346386 39.310902 357.205479
63242.408110 39.391917 357.205479
63192.506907 39.364366 357.205479
62560.074160 39.555270 357.205479
61932.218090 39.748107 357.205479
62751.240675 39.390524 357.205479
62993.391399 39.253942 357.205479
62651.878643 39.335183 357.205479
62602.271023 39.307480 357.205479
62261.988065 39.389121 357.205479
62503.202574 39.252007 357.205479
63038.586092 39.007113 357.205479
63283.294272 38.871581 357.205479
63825.567269 38.629813 357.205479
64073.769119 38.495848 357.205479
64622.931596 38.257167 357.205479
64573.715420 38.229474 357.205479
64224.768414 38.306946 357.205479
64175.650099 38.279186 357.205479
63530.417005 38.463158 357.205479
62889.760586 38.649001 357.205479
63432.425027 38.407434 357.205479
62497.746392 38.700691 357.205479
62742.992807 38.565174 357.205479
62989.420090 38.430188 357.205479
62351.272196 38.616663 357.205479
434438.049115 13.662423 357.205479
434389.371175 13.649210 357.205479
434340.742165 13.635996 357.205479
438155.859297 13.561431 357.205479
432318.573950 13.640415 357.205479
437091.223723 13.550365 357.205479
437042.790435 13.537186 357.205479
436994.406078 13.524006 357.205479
436946.070651 13.510824 357.205479
434001.709151 13.543455 357.205479
434917.697984 13.514938 357.205479
431019.395374 13.563040 357.205479
435786.727979 13.473279 357.205479
435738.637205 13.460076 357.205479
432797.916166 13.492581 357.205479
431787.960728 13.494624 357.205479
434629.300131 13.435634 357.205479
434581.405079 13.422412 357.205479
431644.275572 13.454832 357.205479
428717.382422 13.487473 357.205479
429628.200878 13.458840 357.205479
429580.501548 13.445542 357.205479
23294.416484 85.947309 357.205479
23143.399153 87.069573 357.205479
23095.895546 87.066558 357.205479
23074.108657 86.496746 357.205479
23001.035121 87.060510 357.205479
22075.463521 86.708916 357.205479
22072.680712 85.836467 357.205479
22043.147108 85.542527 357.205479
22033.853915 84.958812 357.205479
21968.562957 85.243191 357.205479
21922.380473 85.238172 357.205479
21915.497944 84.652811 357.205479
21890.736739 84.357100 357.205479
21968.297177 82.903959 357.205479
22074.204954 81.456869 357.205479
22288.460804 79.448918 357.205479
21982.378222 81.438911 357.205479
21970.312969 81.142345 357.205479
22192.639165 79.131418 357.205479
22189.727264 78.835900 357.205479
22144.034085 78.824240 357.205479
22142.351981 78.528386 357.205479
22188.076761 77.949225 357.205479
22142.530374 77.936651 357.205479
22097.032917 77.924051 357.205479
22098.942344 77.627898 357.205479
21959.958779 78.183184 357.205479
22008.192084 77.602011 357.205479
21869.306379 78.158364 357.205479
21917.637545 77.576018 357.205479
21733.755622 78.419576 357.205479
21644.638535 78.694368 357.205479
21599.532522 78.682414 357.205479
21278.434650 80.699010 357.205479
21164.745129 81.273846 357.205479
21055.632283 81.851716 357.205479
20980.343085 82.137530 357.205479
20800.566232 83.609489 357.205479
20688.387742 84.496038 357.205479
20845.905797 82.112056 357.205479
20801.191229 82.103529 357.205479
21741.620368 75.420208 357.205479
258954.032488 16.267326 357.205479
263339.895288 16.109387 357.205479
260337.228312 16.186275 357.205479
258820.475949 16.216595 357.205479
253658.722396 16.366816 357.205479
21064.096240 77.626930 357.205479
21165.242785 76.745491 357.205479
21120.968591 76.731353 357.205479
21232.400424 75.853450 357.205479
21083.320758 76.414086 357.205479
21309.941212 74.964443 357.205479
21209.449296 75.234322 357.205479
21397.865149 74.078880 357.205479
21414.825728 73.778827 357.205479
21432.967174 73.479020 357.205479
21389.084425 73.461594 357.205479
21408.455668 73.161750 357.205479
21429.007778 72.862185 357.205479
21653.939177 71.724505 357.205479
21751.377446 71.150397 357.205479
21779.999902 70.854368 357.205479
21664.150183 71.111053 357.205479
21993.232075 69.716351 357.205479
21872.952472 69.968722 357.205479
21829.510097 69.947945 357.205479
21940.825186 69.380472 357.205479
21742.772139 69.906267 357.205479
22094.737411 68.523753 357.205479
22217.518655 67.963524 357.205479
22259.032785 67.673180 357.205479
22301.727783 67.383385 357.205479
22433.711309 66.829058 357.205479
22661.774982 66.015898 357.205479
22805.175733 65.470194 357.205479
22953.153159 64.927964 357.205479
22719.318524 65.420825 357.205479
23262.838040 63.854179 357.205479
23321.722660 63.574947 357.205479
23177.274415 63.802299 357.205479
23443.034501 63.018627 357.205479
23611.680365 62.492195 357.205479
23462.851166 62.714763 357.205479
23851.955732 61.695931 357.205479
23591.346069 62.162438 357.205479
23877.725662 61.395334 357.205479
24289.615747 60.396495 357.205479
24131.975709 60.609250 357.205479
24438.876948 59.860380 357.205479
24279.070899 60.070734 357.205479
24713.795433 59.091752 357.205479
24916.888693 58.594002 357.205479
24751.569754 58.798159 357.205479
24957.024747 58.302003 357.205479
25423.639221 57.352396 357.205479
25511.654069 57.094897 357.205479
25733.102963 56.613351 357.205479
25824.611481 56.358700 357.205479
26052.949854 55.883288 357.205479
25741.005076 56.296810 357.205479
26383.179894 55.162275 357.205479
26481.675752 54.913410 357.205479
26867.365627 54.236414 357.205479
26970.487091 53.991545 357.205479
27369.858063 53.327396 357.205479
27180.272621 53.504631 357.205479
27436.168911 53.054047 357.205479
27394.781618 53.021502 357.205479
27655.303514 52.574958 357.205479
27766.642116 52.336845 357.205479
28190.077334 51.694531 357.205479
29272.746882 50.278040 357.205479
28904.841383 50.634367 357.205479
29355.589865 50.017682 357.205479
29314.545086 49.984050 357.205479
29108.469904 50.143766 357.205479
29398.813589 49.724299 357.205479
29693.733951 49.308987 357.205479
29822.491973 49.085895 357.205479
30124.301814 48.676726 357.205479
29911.679666 48.829680 357.205479
30389.986065 48.237449 357.205479
30700.998188 47.836385 357.205479
30837.924417 47.620187 357.205479
30976.031513 47.404952 357.205479
31296.245918 47.011929 357.205479
31621.036999 46.622935 357.205479
31580.628317 46.588300 357.205479
31724.590817 46.377922 357.205479
31316.767428 46.695635 357.205479
32203.776477 45.787368 357.205479
32733.509317 45.240529 357.205479
32885.591094 45.036953 357.205479
33233.363416 44.667611 357.205479
33193.297247 44.632628 357.205479
34142.807448 43.778634 357.205479
33703.632355 44.068280 357.205479
34264.221060 43.547609 357.205479
34426.783847 43.352548 357.205479
34386.962330 43.317407 357.205479
34755.452020 42.965191 357.205479
35128.518386 42.616712 357.205479
