126077.855152 56.378372 352.273973
125103.024163 56.668784 352.273973
125303.590480 56.553133 352.273973
125211.217585 56.539174 352.273973
125413.013699 56.423678 352.273973
125320.738666 56.409677 352.273973
124058.823870 56.803376 352.273973
125136.335391 56.381645 352.273973
125044.207149 56.367614 352.273973
125247.379852 56.252179 352.273973
86652.183554 87.606937 352.273973
86560.202103 87.605666 352.273973
86468.269584 87.604392 352.273973
122263.033493 57.117768 352.273973
124198.345162 56.384943 352.273973
124400.679511 56.269102 352.273973
123721.834494 56.458785 352.273973
123338.290422 56.546984 352.273973
123538.507691 56.430608 352.273973
124034.025904 56.212581 352.273973
123942.484829 56.198425 352.273973
122972.028259 56.490632 352.273973
123759.549469 56.170081 352.273973
123374.035107 56.257817 352.273973
123282.689754 56.243640 352.273973
123191.393331 56.229452 352.273973
123100.145839 56.215253 352.273973
123008.947277 56.201044 352.273973
122332.953299 56.391613 352.273973
122241.852598 56.377425 352.273973
123325.017266 55.954460 352.273973
123234.014426 55.940167 352.273973
122847.808503 56.027731 352.273973
122756.903524 56.013438 352.273973
122666.047476 55.999134 352.273973
122870.492372 55.882892 352.273973
121897.373952 56.175128 352.273973
122393.772914 55.956159 352.273973
122008.992510 56.044048 352.273973
122507.753207 55.825447 352.273973
121534.830508 56.117889 352.273973
121152.460768 56.206343 352.273973
121940.960589 55.884323 352.273973
122145.796929 55.767832 352.273973
122055.430186 55.753402 352.273973
121375.740282 55.943472 352.273973
121874.843492 55.724509 352.273973
121489.371526 55.812219 352.273973
121694.452519 55.695573 352.273973
121604.330429 55.681090 352.273973
121514.257269 55.666595 352.273973
121424.233039 55.652089 352.273973
121334.257740 55.637573 352.273973
121244.331372 55.623046 352.273973
121154.453934 55.608509 352.273973
121064.625427 55.593960 352.273973
120974.845850 55.579401 352.273973
120295.743112 55.769832 352.273973
120795.433488 55.550250 352.273973
120705.800703 55.535658 352.273973
120912.600799 55.418871 352.273973
120526.681924 55.506442 352.273973
120733.579881 55.389593 352.273973
120644.142818 55.374938 352.273973
120258.370734 55.462537 352.273973
119873.779518 55.550416 352.273973
120079.741261 55.433212 352.273973
119695.247905 55.521110 352.273973
119606.055495 55.506441 352.273973
119812.164029 55.389143 352.273973
120019.453430 55.272048 352.273973
119338.771846 55.462366 352.273973
119545.027172 55.344976 352.273973
119456.079414 55.330231 352.273973
118192.964148 55.727873 352.273973
119278.330689 55.300710 352.273973
117724.589015 55.802272 352.273973
119100.777687 55.271144 352.273973
118422.702490 55.462195 352.273973
118334.048315 55.447424 352.273973
119131.199113 55.124131 352.273973
118451.006834 55.314737 352.273973
118068.379373 55.403047 352.273973
118274.040998 55.285079 352.273973
117015.942783 55.684473 352.273973
118097.270884 55.255376 352.273973
118304.211237 55.137552 352.273973
117626.576415 55.328863 352.273973
117832.482692 55.210739 352.273973
117744.317823 55.195837 352.273973
117362.081806 55.284219 352.273973
117568.134875 55.166001 352.273973
117480.116797 55.151066 352.273973
117392.147649 55.136120 352.273973
117599.479446 55.018047 352.273973
117511.608160 55.003059 352.273973
117423.785804 54.988060 352.273973
117336.012378 54.973049 352.273973
117248.287883 54.958027 352.273973
117160.612319 54.942994 352.273973
116190.625451 55.238432 352.273973
116396.035889 55.119661 352.273973
116015.518975 55.208429 352.273973
116221.027274 55.089595 352.273973
116133.596362 55.074544 352.273973
115753.226239 55.163339 352.273973
116253.001408 54.940797 352.273973
115871.597210 55.029326 352.273973
116078.482098 54.910578 352.273973
115697.175761 54.999124 352.273973
115610.038432 54.984006 352.273973
115522.950034 54.968876 352.273973
115435.910566 54.953735 352.273973
115643.040106 54.834830 352.273973
115261.978422 54.923419 352.273973
115175.085746 54.908244 352.273973
114503.397653 55.101475 352.273973
115001.447185 54.877859 352.273973
114621.713159 54.966765 352.273973
114243.160000 55.055967 352.273973
113865.787707 55.145463 352.273973
76740.963404 87.456999 352.273973
76654.413242 87.455563 352.273973
76533.188730 87.765438 352.273973
76463.532100 87.608412 352.273973
76395.056337 87.451245 352.273973
76290.774289 87.605704 352.273973
76172.009372 87.916433 352.273973
76136.139807 87.446912 352.273973
76049.932159 87.445464 352.273973
75963.773440 87.444015 352.273973
75877.663652 87.442564 352.273973
75791.602795 87.441111 352.273973
75705.590868 87.439657 352.273973
75619.627872 87.438201 352.273973
75533.713806 87.436744 352.273973
75447.848671 87.435285 352.273973
75362.032466 87.433824 352.273973
75276.265192 87.432362 352.273973
75190.546848 87.430897 352.273973
75104.877435 87.429432 352.273973
75019.256953 87.427964 352.273973
114030.751156 54.078498 352.273973
74867.222323 87.267650 352.273973
113859.754843 54.047335 352.273973
113774.330082 54.031736 352.273973
113987.602076 53.912817 352.273973
113603.627353 54.000503 352.273973
74421.283629 87.417645 352.273973
74318.126982 87.574118 352.273973
74250.874482 87.414681 352.273973
74147.815697 87.571331 352.273973
74080.661058 87.411711 352.273973
73995.627741 87.410223 352.273973
110370.815837 54.834244 352.273973
73790.984621 87.724275 352.273973
113136.534954 53.755880 352.273973
113051.697359 53.740122 352.273973
112966.908696 53.724352 352.273973
112882.168962 53.708570 352.273973
73420.824125 87.240846 352.273973
73336.182253 87.239253 352.273973
73232.529767 87.396756 352.273973
73113.262476 87.713746 352.273973
73045.563067 87.553065 352.273973
72928.657510 87.870585 352.273973
72876.719697 87.550230 352.273973
72792.371408 87.548810 352.273973
72675.612643 87.866880 352.273973
72591.362215 87.865642 352.273973
72492.628918 88.024384 352.273973
72382.808562 88.343475 352.273973
72142.912371 88.180168 352.273973
72046.687599 88.339614 352.273973
71988.447474 88.017475 352.273973
72076.124388 86.572040 352.273973
71992.314335 86.570043 352.273973
71723.617451 88.174855 352.273973
70543.831509 88.322016 352.273973
70569.653980 86.047799 352.273973
70486.773606 86.045473 352.273973
70351.107902 86.367393 352.273973
70294.176552 86.203001 352.273973
70019.532217 87.663757 352.273973
69906.652031 87.988160 352.273973
69838.548109 87.823964 352.273973
69963.535807 86.194026 352.273973
69855.146785 86.354503 352.273973
69563.002868 88.146717 352.273973
69493.962732 87.982193 352.273973
69411.571663 87.980995 352.273973
69343.761324 87.816210 352.273973
69443.191443 86.343691 352.273973
69360.947166 86.341521 352.273973
69069.096833 88.140101 352.273973
68974.682491 88.303031 352.273973
69140.359081 86.171403 352.273973
69058.310527 86.169125 352.273973
68784.400149 87.642863 352.273973
68672.253922 87.970152 352.273973
68604.883957 87.804476 352.273973
68523.031125 87.803165 352.273973
68401.027635 88.295928 352.273973
68155.909512 88.292866 352.273973
68074.301332 88.291843 352.273973
67992.742082 88.290818 352.273973
67951.431351 87.793940 352.273973
67869.969962 87.792616 352.273973
67760.625843 88.122222 352.273973
67941.751564 85.971968 352.273973
67860.436967 85.969551 352.273973
67752.188202 86.132320 352.273973
67726.069600 85.799489 352.273973
67644.901795 85.796965 352.273973
67535.667885 85.959856 352.273973
67482.712975 85.791908 352.273973
67430.938933 85.623830 352.273973
67073.710991 87.612977 352.273973
67269.043697 85.618557 352.273973
67218.548383 85.450147 352.273973
67107.344183 85.613271 352.273973
66969.205815 85.942776 352.273973
66976.219299 85.441906 352.273973
66807.799884 85.937870 352.273973
66755.285350 85.769001 352.273973
66674.704711 85.766440 352.273973
66566.057967 85.930488 352.273973
66485.575189 85.928022 352.273973
66492.882256 85.425335 352.273973
66412.497339 85.422561 352.273973
66332.161352 85.419784 352.273973
66164.133382 85.918126 352.273973
66141.257263 85.581287 352.273973
65769.148474 87.757620 352.273973
65980.927804 85.575911 352.273973
65900.836470 85.573218 352.273973
65851.172974 85.403051 352.273973
65434.349201 87.920515 352.273973
65660.856051 85.565120 352.273973
65675.492972 85.059330 352.273973
65501.113758 85.559704 352.273973
65451.694915 85.389014 352.273973
65403.456939 85.218196 352.273973
65292.246205 85.383375 352.273973
65212.595246 85.380550 352.273973
65197.146842 85.041194 352.273973
65053.440119 85.374891 352.273973
64973.935951 85.372056 352.273973
64864.101806 85.537910 352.273973
64784.695499 85.535171 352.273973
64398.886731 87.903856 352.273973
64349.773819 87.562949 352.273973
64240.318770 87.901269 352.273973
64175.639984 87.729937 352.273973
64096.478330 87.728535 352.273973
64033.029342 87.556925 352.273973
63953.965549 87.555414 352.273973
63844.755152 87.894775 352.273973
64102.619521 85.340640 352.273973
63993.323611 85.507592 352.273973
63944.834448 85.334882 352.273973
63930.168933 84.992173 352.273973
63818.755942 85.159051 352.273973
63418.684724 87.373782 352.273973
63307.552968 87.714418 352.273973
63551.228051 85.320426 352.273973
63536.807188 84.976655 352.273973
63458.281631 84.973540 352.273973
63379.805004 84.970421 352.273973
63268.734527 85.138004 352.273973
62852.210151 87.534068 352.273973
63144.668707 84.961041 352.273973
62652.004015 88.047137 352.273973
62573.772041 88.045916 352.273973
62508.988859 87.872390 352.273973
62445.386545 87.698686 352.273973
62753.753489 84.945330 352.273973
62643.074456 85.113725 352.273973
62666.411285 84.595984 352.273973
62624.511484 84.421132 352.273973
62546.622023 84.417648 352.273973
62432.742904 84.585851 352.273973
62390.989894 84.410668 352.273973
62242.301982 84.751075 352.273973
62272.724012 84.231763 352.273973
62195.079204 84.228151 352.273973
62080.312801 84.396655 352.273973
62002.765854 84.393141 352.273973
61889.229248 84.562058 352.273973
61884.989278 84.213659 352.273973
61699.473354 84.727970 352.273973
61657.028782 84.551797 352.273973
61544.819834 84.721332 352.273973
61467.566471 84.718006 352.273973
61425.268691 84.541497 352.273973
61348.113188 84.538055 352.273973
61307.045205 84.361315 352.273973
61305.460552 84.011265 352.273973
61190.149378 84.180786 352.273973
61039.980482 84.524245 352.273973
60999.108221 84.347054 352.273973
60959.416828 84.169745 352.273973
60882.603839 84.166056 352.273973
60844.142242 83.988521 352.273973
60729.124652 84.158663 352.273973
60652.458454 84.154959 352.273973
60614.143650 83.977084 352.273973
60462.102325 84.321923 352.273973
60461.055907 83.969436 352.273973
60346.282969 84.140099 352.273973
60232.690899 84.311084 352.273973
60231.791272 83.957927 352.273973
60079.994600 84.303836 352.273973
60040.890373 84.125162 352.273973
59927.494024 84.296569 352.273973
59851.317132 84.292928 352.273973
59850.662158 83.938648 352.273973
59736.280664 84.110150 352.273973
59737.987425 83.755532 352.273973
59702.572589 83.576180 352.273973
59586.074015 83.747546 352.273973
59550.757040 83.567962 352.273973
59394.921928 83.915350 352.273973
59399.137213 83.559724 352.273973
59323.400696 83.555596 352.273973
59247.713109 83.551464 352.273973
59256.602931 83.195423 352.273973
59181.013205 83.191059 352.273973
59105.472409 83.186688 352.273973
58987.150336 83.358534 352.273973
58954.537610 83.177931 352.273973
58836.313398 83.349987 352.273973
58803.798532 83.169151 352.273973
58728.502389 83.164752 352.273973
58742.311401 82.807186 352.273973
58667.113119 82.802553 352.273973
58502.907543 83.151523 352.273973
58516.863347 82.793270 352.273973
58441.811856 82.788620 352.273973
58366.809296 82.783963 352.273973
58291.855667 82.779301 352.273973
58171.856888 82.951929 352.273973
58142.095200 82.769958 352.273973
58160.872332 82.410656 352.273973
58086.114425 82.405745 352.273973
57917.821478 82.755898 352.273973
57889.387449 82.573480 352.273973
57862.134286 82.390974 352.273973
57787.572101 82.386037 352.273973
57713.058846 82.381095 352.273973
57591.236569 82.554172 352.273973
57516.821175 82.549330 352.273973
57587.924380 82.010171 352.273973
57463.985022 82.183042 352.273973
57439.338246 81.999776 352.273973
57315.496748 82.172860 352.273973
57241.326007 82.167758 352.273973
57167.204197 82.162651 352.273973
56997.283474 82.515256 352.273973
56970.617478 82.331314 352.273973
56945.132348 82.147287 352.273973
56971.581848 81.784366 352.273973
56846.950928 81.957925 352.273973
56823.876462 81.773621 352.273973
56649.721578 82.126710 352.273973
56676.366799 81.762848 352.273973
56551.931601 81.936836 352.273973
56428.677270 82.111206 352.273973
56455.469283 81.746637 352.273973
56331.180877 81.920948 352.273973
56308.448925 81.735794 352.273973
56184.258380 81.910320 352.273973
56161.624289 81.724923 352.273973
56037.531605 81.899665 352.273973
56014.995375 81.714023 352.273973
55993.640013 81.528308 352.273973
55768.186595 82.064329 352.273973
55795.418983 81.697620 352.273973
55722.324714 81.692138 352.273973
55649.279375 81.686649 352.273973
55628.168665 81.500319 352.273973
55555.221186 81.494699 352.273973
55330.061352 82.032769 352.273973
55306.833561 81.845970 352.273973
55234.032875 81.840561 352.273973
55212.034881 81.653561 352.273973
55244.235389 81.285129 352.273973
55171.581494 81.279348 352.273973
55045.958895 81.455153 352.273973
55135.851574 80.904877 352.273973
54953.913392 81.261960 352.273973
54828.437585 81.438093 352.273973
54704.142644 81.614628 352.273973
54790.835236 81.062500 352.273973
54718.523855 81.056549 352.273973
54539.094198 81.415240 352.273973
54519.898313 81.226975 352.273973
54557.164802 80.856357 352.273973
54429.767635 81.032662 352.273973
54357.700906 81.026670 352.273973
54340.964616 80.838029 352.273973
54159.564669 81.197608 352.273973
54311.034635 80.460582 352.273973
54125.204804 80.819628 352.273973
54167.341552 80.447819 352.273973
54095.568407 80.441425 352.273973
53966.298812 80.617992 352.273973
53952.168907 80.428611 352.273973
53939.219870 80.239184 352.273973
53695.006306 80.782606 352.273973
53737.436637 80.409327 352.273973
53665.957074 80.402881 352.273973
53594.526442 80.396428 352.273973
53465.599361 80.573765 352.273973
53451.811970 80.383494 352.273973
53380.528130 80.377014 352.273973
53309.293220 80.370526 352.273973
53238.107240 80.364029 352.273973
53285.456761 79.989336 352.273973
53214.368643 79.982583 352.273973
53143.329455 79.975821 352.273973
53012.529945 80.153398 352.273973
52825.365921 80.516290 352.273973
52812.018905 80.324863 352.273973
52920.603198 79.764184 352.273973
52670.380904 80.311737 352.273973
52718.121869 79.935057 352.273973
52708.366384 79.743374 352.273973
52516.968199 80.106585 352.273973
52506.178638 79.914551 352.273973
52496.569945 79.722481 352.273973
52365.127804 79.900835 352.273973
52417.690097 79.523264 352.273973
52285.213880 79.701503 352.273973
52153.918531 79.880192 352.273973
52083.613301 79.873292 352.273973
52136.371316 79.494717 352.273973
52129.369009 79.301935 352.273973
51996.005509 79.480385 352.273973
51925.896001 79.473205 352.273973
51855.835423 79.466015 352.273973
51723.750651 79.645145 352.273973
51779.066122 79.265380 352.273973
51709.152336 79.258039 352.273973
51639.287481 79.250689 352.273973
51633.808555 79.056968 352.273973
51564.041560 79.049476 352.273973
51559.792431 78.855605 352.273973
51424.654363 79.034461 352.273973
51420.503095 78.840328 352.273973
51285.462889 79.019406 352.273973
51281.409482 78.825009 352.273973
51082.130137 79.191524 352.273973
51012.705657 79.184083 352.273973
51007.667105 78.989173 352.273973
50874.003487 79.169171 352.273973
50934.531731 78.786530 352.273973
50799.834038 78.966391 352.273973
50862.724015 78.583597 352.273973
50726.992247 78.763316 352.273973
50724.511151 78.567845 352.273973
50655.478114 78.559953 352.273973
50454.424203 78.928211 352.273973
50517.558833 78.544136 352.273973
50516.405396 78.348257 352.273973
50247.765468 78.905179 352.273973
50311.046890 78.520329 352.273973
50310.040244 78.324049 352.273973
50241.349721 78.315957 352.273973
50038.374450 78.685248 352.273973
49969.781788 78.677382 352.273973
49901.238057 78.669506 352.273973
49832.743256 78.661618 352.273973
49830.898257 78.464399 352.273973
49762.501317 78.456365 352.273973
49694.153308 78.448320 352.273973
49693.587037 78.250825 352.273973
49625.336889 78.242634 352.273973
49626.000415 78.045003 352.273973
49488.983384 78.226216 352.273973
49489.744771 78.028313 352.273973
49352.825601 78.209753 352.273973
49353.684850 78.011578 352.273973
49285.728285 78.003193 352.273973
49287.817330 77.804887 352.273973
49081.097202 78.176691 352.273973
49152.148853 77.787810 352.273973
48877.793778 78.350911 352.273973
48877.814673 78.151774 352.273973
48949.013115 77.762104 352.273973
48811.402384 77.944173 352.273973
48884.962559 77.554397 352.273973
48817.446369 77.545655 352.273973
48678.850493 77.727664 352.273973
48682.560780 77.528136 352.273973
48544.062765 77.710372 352.273973
48406.745616 77.893127 352.273973
48480.599375 77.501766 352.273973
48485.637321 77.301842 352.273973
48418.463644 77.292890 352.273973
48207.949728 77.666932 352.273973
48212.002529 77.466435 352.273973
48144.975644 77.457572 352.273973
48077.997689 77.448696 352.273973
48083.329218 77.247940 352.273973
47803.063275 77.815755 352.273973
48023.010451 77.038042 352.273973
47810.575176 77.413068 352.273973
47889.494916 77.019670 352.273973
47822.810544 77.010465 352.273973
47830.699529 76.809207 352.273973
47616.196104 77.184482 352.273973
47623.051013 76.982773 352.273973
47706.743151 76.588979 352.273973
47564.647070 76.771700 352.273973
47498.256282 76.762290 352.273973
47507.570786 76.560369 352.273973
47441.277858 76.550806 352.273973
47151.460585 77.120400 352.273973
47158.658008 76.917705 352.273973
47167.036297 76.715044 352.273973
47100.939092 76.705555 352.273973
47110.547179 76.502790 352.273973
47044.547835 76.493147 352.273973
46978.597421 76.483490 352.273973
46912.695938 76.473819 352.273973
46696.662598 76.851995 352.273973
46781.039763 76.454437 352.273973
46792.073370 76.251010 352.273973
46499.398523 76.823634 352.273973
46660.710778 76.231289 352.273973
46518.314579 76.415508 352.273973
46529.543908 76.211513 352.273973
46464.033869 76.201604 352.273973
46246.128100 76.580975 352.273973
46333.160582 76.181743 352.273973
46345.717570 75.977372 352.273973
46280.403253 75.967278 352.273973
46215.137866 75.957170 352.273973
46072.001176 76.141855 352.273973
46084.753885 75.936911 352.273973
45941.715055 76.121825 352.273973
45954.565625 75.916594 352.273973
45889.544892 75.906414 352.273973
45824.573088 75.896220 352.273973
45838.702386 75.690761 352.273973
45773.828444 75.680408 352.273973
45629.951261 75.865550 352.273973
45565.175180 75.855298 352.273973
45422.527795 76.041138 352.273973
45514.821980 75.638850 352.273973
45530.376798 75.432737 352.273973
45306.560160 75.814142 352.273973
45011.663837 76.394719 352.273973
45177.546233 75.793476 352.273973
45035.192431 75.980016 352.273973
45127.780199 75.576068 352.273973
45063.444493 75.565552 352.273973
44999.157717 75.555021 352.273973
44934.919871 75.544475 352.273973
44870.730956 75.533914 352.273973
44806.590972 75.523337 352.273973
44742.499918 75.512746 352.273973
44678.457794 75.502139 352.273973
44614.464601 75.491518 352.273973
44471.468168 75.678752 352.273973
44407.572836 75.668232 352.273973
44343.726435 75.657698 352.273973
44358.981135 75.448878 352.273973
44295.232594 75.438180 352.273973
44152.480813 75.626003 352.273973
44167.882305 75.416737 352.273973
44104.280556 75.405992 352.273973
43961.675567 75.594170 352.273973
43743.463146 75.982738 352.273973
43913.768893 75.373665 352.273973
43771.310695 75.562199 352.273973
43787.005770 75.352036 352.273973
43723.697604 75.341198 352.273973
43660.438369 75.330344 352.273973
43518.175894 75.519355 352.273973
43455.014519 75.508605 352.273973
43237.193543 75.899224 352.273973
43407.890734 75.286771 352.273973
43111.115447 75.878193 352.273973
43281.910499 75.264890 352.273973
43218.993778 75.253925 352.273973
43156.125987 75.242945 352.273973
43093.307126 75.231948 352.273973
42951.485025 75.422039 352.273973
42810.843791 75.612756 352.273973
42748.171722 75.601986 352.273973
42842.520989 75.187801 352.273973
42700.894611 75.378376 352.273973
42483.660800 75.772109 352.273973
42421.184453 75.761415 352.273973
42513.465570 75.345460 352.273973
42451.087084 75.334456 352.273973
42158.392634 75.932691 352.273973
42405.529075 75.109920 352.273973
42343.297381 75.098729 352.273973
42281.114617 75.087521 352.273973
42139.928613 75.279191 352.273973
42077.843710 75.268090 352.273973
41937.887503 75.460525 352.273973
41875.900462 75.449530 352.273973
41891.882585 75.234686 352.273973
41752.073170 75.427493 352.273973
41613.444622 75.620943 352.273973
41706.361835 75.201134 352.273973
41644.619446 75.189917 352.273973
41428.217455 75.588140 352.273973
41521.281459 75.167432 352.273973
41381.765627 75.360986 352.273973
41477.191366 74.940307 352.273973
41336.641458 75.133580 352.273973
41275.192653 75.122263 352.273973
41292.844948 74.905930 352.273973
41074.521598 75.305109 352.273973
40786.250497 75.913219 352.273973
41108.938905 74.871400 352.273973
41047.734752 74.859856 352.273973
40907.527358 75.054002 352.273973
40846.421066 75.042566 352.273973
40785.363704 75.031113 352.273973
40724.355272 75.019642 352.273973
40663.395772 75.008154 352.273973
40447.776669 75.410689 352.273973
40386.915029 75.399456 352.273973
40402.890618 75.180699 352.273973
40189.682179 75.584987 352.273973
40281.411991 75.157857 352.273973
40298.666308 74.938864 352.273973
40317.101492 74.719969 352.273973
40256.533435 74.708198 352.273973
39812.072818 75.738308 352.273973
39978.571708 75.100451 352.273973
39765.705783 75.506672 352.273973
39857.778109 75.077366 352.273973
39797.454705 75.065798 352.273973
39815.100466 74.845499 352.273973
39600.166390 75.251876 352.273973
39464.333416 75.450222 352.273973
39556.650394 75.019349 352.273973
39419.783344 75.217404 352.273973
39209.572736 75.626813 352.273973
39149.591846 75.615570 352.273973
39164.184311 75.393339 352.273973
39029.776857 75.593031 352.273973
38824.289716 76.005478 352.273973
36645.082769 86.318638 352.273973
38924.945777 75.347519 352.273973
38790.734045 75.547746 352.273973
38585.442626 75.961346 352.273973
38598.113732 75.737434 352.273973
38538.573217 75.726187 352.273973
38552.474121 75.502181 352.273973
36267.207671 85.845736 352.273973
38146.859403 76.333900 352.273973
38157.511290 76.108644 352.273973
37959.354003 76.527139 352.273973
37968.971814 76.301301 352.273973
37706.575390 76.937376 352.273973
37850.624741 76.279484 352.273973
37722.659856 76.484138 352.273973
35703.789892 86.955917 352.273973
37470.272687 76.895520 352.273973
37614.517760 76.235644 352.273973
37555.613341 76.224641 352.273973
35518.461371 86.260627 352.273973
37507.947975 75.986440 352.273973
37310.328923 76.408233 352.273973
37251.620227 76.397321 352.273973
37261.825204 76.169366 352.273973
37203.214368 76.158259 352.273973
37144.652463 76.147135 352.273973
37086.139488 76.135993 352.273973
37097.672124 75.907570 352.273973
37039.257010 75.896232 352.273973
36910.894147 76.102460 352.273973
36583.909537 76.966285 352.273973
36725.443828 76.298336 352.273973
34667.206096 87.606011 352.273973
34649.235223 86.909896 352.273973
34591.113692 86.907299 352.273973
34518.509293 87.136361 352.273973
34460.485624 87.133950 352.273973
34432.706419 86.667528 352.273973
34344.585076 87.129114 352.273973
34273.308336 87.359228 352.273973
34259.075785 86.659084 352.273973
34218.092439 86.423638 352.273973
34178.289961 86.187913 352.273973
34070.221790 86.883723 352.273973
34028.253300 86.647759 352.273973
33940.474471 87.112059 352.273973
33869.540244 87.343523 352.273973
33825.454673 87.107149 352.273973
33742.350381 87.573405 352.273973
33182.944452 87.316161 352.273973
33113.778258 87.550468 352.273973
33012.396441 87.309232 352.273973
32955.644965 87.306915 352.273973
32886.674493 87.542020 352.273973
32830.020878 87.539898 352.273973
32785.684120 87.299938 352.273973
32742.528228 87.059657 352.273973
32700.553204 86.819064 352.273973
32616.163650 87.292925 352.273973
32573.154550 87.052016 352.273973
32491.126729 87.527094 352.273973
32434.815628 87.524947 352.273973
32322.340216 87.520642 352.273973
31874.395793 87.503270 352.273973
31818.622927 87.501081 352.273973
31596.020769 87.492288 352.273973
31580.692144 86.763098 352.273973
31525.212861 86.760248 352.273973
31441.850848 87.242797 352.273973
31399.869289 86.997394 352.273973
31344.536798 86.994743 352.273973
31275.853375 87.235484 352.273973
31208.350819 87.476751 352.273973
30059.726540 87.428962 352.273973
30005.568382 87.426642 352.273973
29951.459154 87.424317 352.273973
29923.066645 86.924123 352.273973
29843.387489 87.419654 352.273973
29011.527957 86.876128 352.273973
28958.348409 86.873258 352.273973
30034.315248 78.395665 352.273973
30088.400767 77.898433 352.273973
29981.218439 78.130991 352.273973
30151.624516 77.148616 352.273973
30098.689620 77.137126 352.273973
29988.258275 77.368270 352.273973
29879.007797 77.600262 352.273973
29770.938185 77.833099 352.273973
30128.940228 76.122710 352.273973
30014.176859 76.351844 352.273973
30633.203940 73.945834 352.273973
30508.351005 74.168801 352.273973
31065.586194 72.272342 352.273973
31345.147466 71.329277 352.273973
31642.868650 70.394855 352.273973
31958.749746 69.469448 352.273973
32292.790755 68.553401 352.273973
32960.251796 66.988270 352.273973
33015.352508 66.750641 352.273973
34218.715747 64.375797 352.273973
34287.497556 64.144977 352.273973
34984.768038 62.879680 352.273973
35454.934992 62.042958 352.273973
35806.480933 61.417118 352.273973
36308.439966 60.600020 352.273973
36683.854431 59.988835 352.273973
37517.201929 58.809401 352.273973
38391.348065 57.656497 352.273973
38657.294870 57.261670 352.273973
39585.871812 56.143856 352.273973
40210.373554 55.404905 352.273973
39818.413688 55.735042 352.273973
42060.031911 53.451752 352.273973
41643.267307 53.764980 352.273973
43271.075446 52.235082 352.273973
43219.657397 52.208681 352.273973
44338.742160 51.211948 352.273973
45498.625563 50.240500 352.273973
45242.657199 50.369337 352.273973
47074.458535 48.965780 352.273973
47238.169671 48.789111 352.273973
49171.943140 47.446266 352.273973
49574.407334 47.133825 352.273973
51382.817102 45.991865 352.273973
51569.362687 45.827926 352.273973
52967.344168 44.994760 352.273973
54406.124288 44.183607 352.273973
55627.804933 43.519474 352.273973
56093.951145 43.241390 352.273973
57355.347423 42.597608 352.273973
56513.989943 42.938032 352.273973
59412.295741 41.585879 352.273973
59361.709510 41.558367 352.273973
61541.883707 40.609172 352.273973
62922.377955 40.022800 352.273973
63161.530848 39.885195 352.273973
63986.708955 39.530196 352.273973
64230.487455 39.394670 352.273973
64180.194808 39.367333 352.273973
63250.986666 39.665918 352.273973
64671.392269 39.097823 352.273973
64029.610448 39.285192 352.273973
63979.513523 39.257768 352.273973
63635.345450 39.338389 352.273973
63292.358244 39.419447 352.273973
62950.551905 39.500944 352.273973
63192.506907 39.364366 352.273973
61982.021432 39.775783 352.273973
62220.678486 39.637614 352.273973
61595.135218 39.831395 352.273973
61832.758197 39.692687 352.273973
61783.101646 39.664943 352.273973
62021.954422 39.526766 352.273973
62552.712333 39.279754 352.273973
62795.058780 39.143170 352.273973
63332.706170 38.899307 352.273973
63578.546286 38.764299 352.273973
62646.823085 39.059861 352.273973
64073.769119 38.495848 352.273973
62548.243942 39.004212 352.273973
63975.287837 38.440386 352.273973
63332.220754 38.625464 352.273973
62987.850424 38.704776 352.273973
62351.672821 38.892652 352.273973
62595.640508 38.756601 352.273973
62253.680843 38.836740 352.273973
62791.866470 38.593138 352.273973
62742.992807 38.565174 352.273973
61815.203651 38.861229 352.273973
61475.703581 38.942162 352.273973
61426.976710 38.914038 352.273973
61378.298770 38.885892 352.273973
429536.589219 13.713522 352.273973
435256.388484 13.607392 352.273973
60942.966199 38.910730 352.273973
435159.375117 13.580984 352.273973
60846.050693 38.854190 352.273973
431212.443497 13.616107 352.273973
435014.222046 13.541361 352.273973
433038.614689 13.558795 352.273973
435883.056319 13.499680 352.273973
434869.509349 13.501724 352.273973
434821.369644 13.488509 352.273973
433809.052472 13.490543 352.273973
432797.916166 13.492581 352.273973
434677.244114 13.448855 352.273973
432701.979271 13.466085 352.273973
428813.025734 13.514090 352.273973
429723.746329 13.485431 352.273973
431596.478381 13.441565 352.273973
426755.896537 13.504912 352.273973
23358.862554 85.670129 352.273973
23311.212155 85.665697 352.273973
23281.538294 85.379569 352.273973
23199.262476 85.938992 352.273973
23136.095133 86.217492 352.273973
23104.304191 85.930641 352.273973
23041.234709 86.209703 352.273973
22993.877893 86.205796 352.273973
22918.638346 86.770088 352.273973
22156.098798 87.004934 352.273973
22149.822319 86.134072 352.273973
22153.782197 85.263163 352.273973
22126.463535 84.969400 352.273973
22080.134260 84.964112 352.273973
22075.368813 84.380824 352.273973
22152.733529 82.933711 352.273973
22106.551045 82.926296 352.273973
22088.532527 82.631052 352.273973
21869.413322 84.647163 352.273973
21890.743690 83.771294 352.273973
22178.924914 80.598172 352.273973
22170.157609 80.302737 352.273973
22202.005569 79.722297 352.273973
22041.258212 80.568589 352.273973
22466.599457 77.436676 352.273973
22105.198785 79.404768 352.273973
22144.034085 78.824240 352.273973
22098.389837 78.812555 352.273973
22096.756664 78.516396 352.273973
22096.304357 78.220223 352.273973
21961.750676 78.777356 352.273973
22098.942344 77.627898 352.273973
22006.184796 77.898774 352.273973
21960.834131 77.886096 352.273973
21869.306379 78.158364 352.273973
21870.279592 77.860662 352.273973
21778.849702 78.133441 352.273973
23012.144425 71.991941 352.273973
21435.003310 79.837244 352.273973
22648.786228 73.044719 352.273973
21164.745129 81.273846 352.273973
22242.793546 74.392069 352.273973
22079.396686 74.934626 352.273973
20800.566232 83.609489 352.273973
20631.209109 85.392204 352.273973
20816.658826 82.407985 352.273973
246711.721756 16.715224 352.273973
248100.852729 16.648213 352.273973
263384.463064 16.126164 352.273973
262598.660351 16.132727 352.273973
250126.333838 16.522633 352.273973
252976.623617 16.408061 352.273973
253658.722396 16.366816 352.273973
250715.062902 16.446674 352.273973
21165.242785 76.745491 352.273973
21223.608052 76.155389 352.273973
21179.382789 76.140653 352.273973
21242.373662 75.551645 352.273973
21309.941212 74.964443 352.273973
21209.449296 75.234322 352.273973
21338.055896 74.362643 352.273973
21235.397969 74.630912 352.273973
21370.894048 73.761702 352.273973
21516.626485 72.898191 352.273973
21345.250606 73.444133 352.273973
21628.810391 72.021923 352.273973
21723.935857 71.446807 352.273973
21680.248830 71.427441 352.273973
21779.999902 70.854368 352.273973
21884.327651 70.283973 352.273973
21840.787415 70.263516 352.273973
21872.952472 69.968722 352.273973
21679.329310 70.497960 352.273973
22019.877357 69.108603 352.273973
19843.774590 79.433133 352.273973
19965.008220 78.221869 352.273973
22133.938738 68.232087 352.273973
22174.320933 67.940944 352.273973
22301.727783 67.383385 352.273973
22345.603647 67.094151 352.273973
22390.660378 66.805493 352.273973
22711.408389 65.730400 352.273973
22762.222663 65.445533 352.273973
22910.249020 64.902874 352.273973
23162.279079 64.108421 352.273973
23321.722660 63.574947 352.273973
23381.788147 63.296426 352.273973
23339.079730 63.270065 352.273973
23505.461722 62.741559 352.273973
23676.420389 62.216833 352.273973
23851.955732 61.695931 352.273973
23699.828585 61.914847 352.273973
23877.725662 61.395334 352.273973
24174.341613 60.637538 352.273973
24363.655914 60.128027 352.273973
24438.876948 59.860380 352.273973
24396.608906 59.831571 352.273973
24592.861617 59.327581 352.273973
25041.218318 58.361518 352.273973
24629.504001 59.033087 352.273973
25336.805241 57.610782 352.273973
25423.639221 57.352396 352.273973
25381.664762 57.322050 352.273973
25866.488079 56.389569 352.273973
25959.128533 56.135974 352.273973
25917.300866 56.104955 352.273973
26424.909701 55.193768 352.273973
26106.222236 55.600204 352.273973
26481.675752 54.913410 352.273973
26723.793084 54.450370 352.273973
27116.323507 53.779799 352.273973
27221.757775 53.536937 352.273973
27180.272621 53.504631 352.273973
27436.168911 53.054047 352.273973
27394.781618 53.021502 352.273973
27655.303514 52.574958 352.273973
27766.642116 52.336845 352.273973
28347.233114 51.493632 352.273973
29108.799484 50.472361 352.273973
28904.841383 50.634367 352.273973
29355.589865 50.017682 352.273973
28985.518355 50.371855 352.273973
29108.469904 50.143766 352.273973
29398.813589 49.724299 352.273973
29525.258808 49.499194 352.273973
29652.884894 49.275056 352.273973
30124.301814 48.676726 352.273973
30256.553506 48.456605 352.273973
30565.252825 48.053544 352.273973
30700.998188 47.836385 352.273973
31016.586987 47.439393 352.273973
30797.368943 47.585766 352.273973
31478.304297 46.834214 352.273973
31437.846684 46.799636 352.273973
31580.628317 46.588300 352.273973
32096.631129 46.029582 352.273973
31684.279995 46.343188 352.273973
32016.058417 45.960034 352.273973
32352.413514 45.580858 352.273973
32885.591094 45.036953 352.273973
33233.363416 44.667611 352.273973
33388.938862 44.466898 352.273973
33743.600663 44.103334 352.273973
33902.669780 43.905459 352.273973
34062.919763 43.708515 352.273973
34224.350613 43.512498 352.273973
34386.962330 43.317407 352.273973
34961.281063 42.808073 352.273973
35128.518386 42.616712 352.273973
