124903.638713 56.784619 228.986301
125103.024163 56.668784 228.986301
124138.429532 56.961455 228.986301
125505.337663 56.437668 228.986301
123665.272277 57.036420 228.986301
124151.049973 56.817301 228.986301
124641.404344 56.599043 228.986301
125136.335391 56.381645 228.986301
124165.242725 56.673164 228.986301
124073.163413 56.659185 228.986301
123690.408764 56.747569 228.986301
123889.151582 56.631197 228.986301
124676.183487 56.311384 228.986301
123414.611205 56.705605 228.986301
124198.345162 56.384943 228.986301
123521.715087 56.575097 228.986301
123721.834494 56.458785 228.986301
123630.146627 56.444702 228.986301
123538.507691 56.430608 228.986301
123155.061480 56.518829 228.986301
123355.376609 56.402390 228.986301
122391.711658 56.696095 228.986301
123172.441250 56.374130 228.986301
122208.874159 56.667943 228.986301
122697.845407 56.448258 228.986301
122898.405189 56.331660 228.986301
122807.157697 56.317483 228.986301
122424.102930 56.405790 228.986301
122917.797645 56.186825 228.986301
121661.535996 56.583233 228.986301
121860.076559 56.466030 228.986301
122059.797988 56.349017 228.986301
122260.700283 56.232197 228.986301
122169.795305 56.217946 228.986301
121787.083051 56.306327 228.986301
122575.240358 55.984820 228.986301
121605.517746 56.277813 228.986301
121514.808490 56.263541 228.986301
121424.148164 56.249257 228.986301
122212.501192 55.927457 228.986301
121827.818649 56.015366 228.986301
122326.677207 55.796661 228.986301
121646.840511 55.986640 228.986301
120971.580490 56.177680 228.986301
120300.897146 56.369786 228.986301
120790.895935 56.148975 228.986301
120700.627053 56.134606 228.986301
120610.407101 56.120226 228.986301
121105.080427 55.900207 228.986301
120139.389721 56.194643 228.986301
121219.005255 55.768828 228.986301
119669.699999 56.269352 228.986301
120451.897507 55.945143 228.986301
119489.798332 56.240559 228.986301
119111.460498 56.329964 228.986301
119310.092387 56.211723 228.986301
120092.485617 55.887217 228.986301
120589.863190 55.667206 228.986301
120500.181474 55.652645 228.986301
119823.440469 55.843658 228.986301
120320.964834 55.623491 228.986301
119937.309832 55.711606 228.986301
119847.823838 55.697022 228.986301
120052.506853 55.579679 228.986301
119376.010501 55.770843 228.986301
118994.815093 55.859541 228.986301
118905.524822 55.844956 228.986301
118816.283481 55.830359 228.986301
119311.935417 55.609291 228.986301
118929.803795 55.697754 228.986301
119133.697387 55.579959 228.986301
119338.771846 55.462366 228.986301
118955.655080 55.550584 228.986301
118866.707322 55.535880 228.986301
117902.239879 55.831610 228.986301
118688.958597 55.506439 228.986301
118600.157631 55.491702 228.986301
118218.417453 55.580242 228.986301
117837.858143 55.669068 228.986301
118334.048315 55.447424 228.986301
118245.443070 55.432643 228.986301
117863.898615 55.521221 228.986301
117775.391232 55.506437 228.986301
118274.040998 55.285079 228.986301
117306.667052 55.580526 228.986301
117803.150806 55.358570 228.986301
117714.839145 55.343722 228.986301
117041.732068 55.536106 228.986301
117538.362614 55.313993 228.986301
115996.576401 55.819365 228.986301
117362.081806 55.284219 228.986301
116981.026655 55.372889 228.986301
116893.008577 55.357994 228.986301
117098.027571 55.239474 228.986301
116717.119213 55.328171 228.986301
116337.391721 55.417157 228.986301
116834.413712 55.194629 228.986301
115871.071671 55.491525 228.986301
116365.927650 55.268390 228.986301
116571.240227 55.149682 228.986301
115898.769246 55.342449 228.986301
116690.155967 55.016147 228.986301
116015.518975 55.208429 228.986301
116515.147352 54.986041 228.986301
115840.608221 55.178381 228.986301
115170.645765 55.371840 228.986301
115958.881330 55.044410 228.986301
115578.609068 55.133223 228.986301
115491.373878 55.118147 228.986301
114821.607145 55.311725 228.986301
115317.050290 55.087962 228.986301
114647.381418 55.281599 228.986301
115142.922424 55.057732 228.986301
115348.920029 54.938583 228.986301
113808.357078 55.446254 228.986301
114882.097604 55.012300 228.986301
113634.620656 55.416097 228.986301
115001.447185 54.877859 228.986301
114621.713159 54.966765 228.986301
114828.004346 54.847428 228.986301
114741.356323 54.832195 228.986301
114654.757230 54.816951 228.986301
113692.638452 55.115084 228.986301
114188.717694 54.890644 228.986301
113810.409187 54.979888 228.986301
113724.005816 54.964638 228.986301
114222.495722 54.740557 228.986301
113551.345866 54.934102 228.986301
114049.933633 54.709919 228.986301
113088.157369 55.008393 228.986301
113584.579124 54.783588 228.986301
113206.613131 54.872892 228.986301
112829.828005 54.962493 228.986301
113326.396552 54.737533 228.986301
112948.577351 54.826862 228.986301
112862.663285 54.811495 228.986301
113361.642497 54.586900 228.986301
113569.946370 54.467249 228.986301
112024.898070 54.975705 228.986301
113104.340674 54.540576 228.986301
112725.683119 54.629663 228.986301
112348.206431 54.719048 228.986301
112262.634879 54.703599 228.986301
111021.006801 55.110399 228.986301
110364.271999 55.307823 228.986301
74586.677725 88.368139 228.986301
74573.960889 87.578285 228.986301
74471.838318 87.734707 228.986301
74403.356021 87.575508 228.986301
74318.126982 87.574118 228.986301
74216.151203 87.730806 228.986301
74131.020025 87.729503 228.986301
110253.505080 54.971455 228.986301
73960.904462 87.726892 228.986301
106997.582119 56.127045 228.986301
106912.646664 56.111769 228.986301
107378.646395 55.878129 228.986301
109828.827803 54.893847 228.986301
109744.039139 54.878289 228.986301
109659.299406 54.862719 228.986301
73383.836973 87.558714 228.986301
73252.203895 88.034658 228.986301
73154.211091 88.192795 228.986301
73069.667080 88.191749 228.986301
73013.103660 87.871818 228.986301
72914.125711 88.030105 228.986301
106256.463229 55.833375 228.986301
105897.237780 55.927505 228.986301
106087.815581 55.802470 228.986301
106556.715282 55.568606 228.986301
106195.372752 55.662155 228.986301
106111.220185 55.646636 228.986301
106304.257581 55.521982 228.986301
72254.849808 87.860675 228.986301
105583.046971 55.709461 228.986301
106052.240254 55.475246 228.986301
105691.191307 55.568858 228.986301
71934.784024 87.695085 228.986301
105523.522270 55.537661 228.986301
105716.902180 55.412760 228.986301
105356.048955 55.506414 228.986301
105827.799694 55.272400 228.986301
105188.771362 55.475117 228.986301
105382.346993 55.350075 228.986301
105298.830523 55.334373 228.986301
105493.635952 55.209526 228.986301
105410.217343 55.193777 228.986301
107020.256141 54.529003 228.986301
70999.900880 87.841842 228.986301
105439.660003 55.037520 228.986301
70865.865582 87.515695 228.986301
104993.858254 55.114841 228.986301
106319.077118 54.556918 228.986301
106521.065610 54.433399 228.986301
106438.038444 54.417421 228.986301
106069.995623 54.509047 228.986301
105703.133668 54.600990 228.986301
103940.428054 55.238797 228.986301
103857.596611 55.222942 228.986301
104330.228100 54.987892 228.986301
105371.905757 54.537020 228.986301
105006.420391 54.629317 228.986301
69888.935124 87.335168 228.986301
69825.407878 87.170645 228.986301
69763.061499 87.005974 228.986301
69701.895986 86.841158 228.986301
69598.132570 87.002426 228.986301
69515.741502 87.000648 228.986301
69413.207883 87.162250 228.986301
69293.927524 87.487657 228.986301
69248.670399 87.158878 228.986301
69129.487901 87.484669 228.986301
69084.328637 87.155498 228.986301
69002.231152 87.153805 228.986301
68883.195445 87.480173 228.986301
68838.182973 87.150413 228.986301
68756.232280 87.148713 228.986301
68674.330516 87.147012 228.986301
68612.669164 86.980956 228.986301
68510.673782 87.143604 228.986301
68428.918810 87.141897 228.986301
68310.225617 87.469620 228.986301
68211.772835 87.632985 228.986301
68164.887934 87.301653 228.986301
68083.328685 87.300037 228.986301
68020.877910 87.133330 228.986301
67959.608002 86.966471 228.986301
67838.944519 87.295174 228.986301
67796.832017 86.962829 228.986301
67715.517420 86.961004 228.986301
67544.613714 87.787303 228.986301
67532.843537 87.122982 228.986301
67451.675731 87.121250 228.986301
67316.774033 87.617292 228.986301
67289.486912 87.117779 228.986301
67189.406354 87.282122 228.986301
67108.434271 87.280481 228.986301
67009.583510 87.445165 228.986301
66928.709288 87.443621 228.986301
66865.811604 87.275548 228.986301
66767.107635 87.440527 228.986301
66686.380204 87.438977 228.986301
66588.906033 87.604298 228.986301
66525.072135 87.435872 228.986301
66412.032089 87.768506 228.986301
66347.164115 87.599935 228.986301
66301.404617 87.263968 228.986301
66203.043161 87.429639 228.986301
66140.585852 87.260641 228.986301
66042.322258 87.426511 228.986301
65962.035202 87.424945 228.986301
65865.001405 87.591161 228.986301
65819.535489 87.253963 228.986301
65721.467617 87.420233 228.986301
65594.385077 87.923054 228.986301
65579.261487 87.248933 228.986301
65499.268015 87.247252 228.986301
65384.600193 87.582323 228.986301
65321.500252 87.412342 228.986301
65209.194164 87.748008 228.986301
65145.060149 87.577879 228.986301
65035.115794 87.914139 228.986301
65002.407110 87.405994 228.986301
64922.756151 87.404402 228.986301
64861.081730 87.233733 228.986301
64746.805352 87.570437 228.986301
64684.096856 87.399615 228.986301
64604.641619 87.398015 228.986301
64508.439641 87.565949 228.986301
64429.082265 87.564450 228.986301
64366.569491 87.393204 228.986301
64287.309976 87.391597 228.986301
64226.026999 87.220079 228.986301
64146.865345 87.218363 228.986301
64067.752621 87.216645 228.986301
63988.688828 87.214925 228.986301
63909.673966 87.213202 228.986301
63830.708034 87.211477 228.986301
63751.791033 87.209751 228.986301
63672.922962 87.208022 228.986301
63576.176213 87.377039 228.986301
63464.946597 87.717256 228.986301
63418.684724 87.373782 228.986301
63323.216704 87.543262 228.986301
63228.929550 87.712997 228.986301
63166.018797 87.540205 228.986301
63104.288912 87.367243 228.986301
63025.812285 87.365603 228.986301
62965.312197 87.192365 228.986301
62869.005823 87.362318 228.986301
62773.880316 87.532529 228.986301
62730.322691 87.187107 228.986301
62617.367437 87.529446 228.986301
62555.980065 87.355722 228.986301
62477.845952 87.354068 228.986301
62417.688377 87.180065 228.986301
62339.652125 87.178300 228.986301
62280.724348 87.004021 228.986301
62202.785957 87.002143 228.986301
62105.836952 87.172989 228.986301
61993.273143 87.517033 228.986301
61932.277215 87.342431 228.986301
61837.738874 87.513911 228.986301
61776.840807 87.339087 228.986301
61717.123607 87.164093 228.986301
61639.527730 87.162307 228.986301
61561.980783 87.160519 228.986301
61484.482767 87.158728 228.986301
61407.033681 87.156936 228.986301
61329.633525 87.155141 228.986301
61252.282300 87.153343 228.986301
61174.980006 87.151544 228.986301
61097.726642 87.149742 228.986301
61039.581753 86.973687 228.986301
60943.366706 87.146132 228.986301
60885.319678 86.969852 228.986301
60771.274885 87.317147 228.986301
60712.193781 87.140699 228.986301
60617.306393 87.313739 228.986301
60558.323150 87.137066 228.986301
60500.520775 86.960222 228.986301
60423.707786 86.958289 228.986301
60277.497168 87.657645 228.986301
60251.169055 87.129772 228.986301
60156.575250 87.303464 228.986301
60116.945135 86.950531 228.986301
60021.317254 87.124277 228.986301
59963.857392 86.946637 228.986301
59887.386917 86.944686 228.986301
59791.905828 87.118760 228.986301
59754.784238 86.764696 228.986301
59658.269074 86.938819 228.986301
59602.185801 86.760553 228.986301
59525.959978 86.758477 228.986301
59449.783086 86.756399 228.986301
59373.655124 86.754318 228.986301
59277.384612 86.928991 228.986301
59201.354511 86.927018 228.986301
59125.373341 86.925042 228.986301
59030.381557 87.100219 228.986301
58954.498247 87.098352 228.986301
58860.736261 87.273921 228.986301
58821.937965 86.917113 228.986301
58787.716345 86.560084 228.986301
58712.028758 86.557865 228.986301
58594.875203 86.911140 228.986301
58539.476958 86.731249 228.986301
58485.259579 86.551190 228.986301
58368.252817 86.905144 228.986301
58313.001363 86.724901 228.986301
58237.607359 86.722779 228.986301
58162.262285 86.720655 228.986301
58108.289559 86.540008 228.986301
58033.042347 86.537762 228.986301
57980.299418 86.356831 228.986301
57953.456582 85.997083 228.986301
57853.636935 86.173251 228.986301
57754.998155 86.349722 228.986301
57657.540242 86.526493 228.986301
57582.586613 86.524230 228.986301
57466.167016 86.880923 228.986301
57372.251704 87.058578 228.986301
57404.061951 86.158273 228.986301
57354.023270 85.976185 228.986301
57208.552424 86.512872 228.986301
57133.892377 86.510592 228.986301
57081.736615 86.328229 228.986301
57030.761720 86.145701 228.986301
56910.205822 86.503732 228.986301
56835.741498 86.501440 228.986301
56783.781457 86.318595 228.986301
56733.002284 86.135585 228.986301
56683.403977 85.952412 228.986301
56609.135375 85.949754 228.986301
56510.196478 86.127962 228.986301
56460.744963 85.944426 228.986301
56386.623152 85.941757 228.986301
56312.550272 85.939084 228.986301
56238.526323 85.936408 228.986301
56164.551304 85.933728 228.986301
56042.318700 86.294288 228.986301
56016.748057 85.928358 228.986301
55968.770992 85.743929 228.986301
55950.089829 85.377661 228.986301
55821.261329 85.738299 228.986301
55774.562992 85.553468 228.986301
55648.096226 85.914871 228.986301
55627.346912 85.547576 228.986301
55553.812268 85.544624 228.986301
55427.492293 85.906736 228.986301
55379.906672 85.721319 228.986301
55333.501918 85.535745 228.986301
55233.179897 85.715629 228.986301
55159.889905 85.712779 228.986301
55141.746978 85.343830 228.986301
55040.439812 85.523852 228.986301
55024.658619 85.154478 228.986301
54894.202342 85.517882 228.986301
54794.173905 85.698468 228.986301
54776.275630 85.328288 228.986301
54675.213117 85.508896 228.986301
54659.676576 85.138289 228.986301
54557.579987 85.318913 228.986301
54544.405180 84.947885 228.986301
54471.653424 84.944504 228.986301
54284.226585 85.678273 228.986301
54326.296704 84.937728 228.986301
54194.065860 85.303205 228.986301
54150.756797 85.115441 228.986301
54078.249694 85.112160 228.986301
53948.429515 85.478683 228.986301
53904.135307 85.290562 228.986301
53803.659961 85.472592 228.986301
53788.710586 85.098990 228.986301
53687.201164 85.281036 228.986301
53674.613523 84.907008 228.986301
53572.070025 85.089066 228.986301
53530.333274 84.900131 228.986301
53458.266545 84.896686 228.986301
53450.402371 84.521829 228.986301
53314.279879 84.889781 228.986301
53273.870786 84.700314 228.986301
53201.999779 84.696725 228.986301
53162.820484 84.506987 228.986301
53058.404558 84.689533 228.986301
52924.790591 85.059052 228.986301
52947.647839 84.495802 228.986301
52876.021485 84.492064 228.986301
52740.290436 84.861973 228.986301
52732.915568 84.484572 228.986301
52695.210723 84.293916 228.986301
52590.005374 84.477060 228.986301
52454.470048 84.847956 228.986301
52481.065618 84.282248 228.986301
52343.364281 84.653279 228.986301
52338.546868 84.274442 228.986301
52302.267542 84.082996 228.986301
52196.223840 84.266615 228.986301
52091.361005 84.450607 228.986301
52089.003187 84.070852 228.986301
51983.106277 84.254835 228.986301
51947.071603 84.062728 228.986301
51876.179207 84.058658 228.986301
51805.335741 84.054583 228.986301
51665.859836 84.427730 228.986301
51663.795601 84.046415 228.986301
51593.098927 84.042322 228.986301
51522.451183 84.038224 228.986301
51451.852370 84.034121 228.986301
51346.395835 84.219204 228.986301
51384.010651 83.647652 228.986301
51313.558630 83.643275 228.986301
51243.155539 83.638892 228.986301
51099.592263 84.013518 228.986301
51065.325622 83.819676 228.986301
50995.069323 83.815403 228.986301
50924.861954 83.811125 228.986301
50854.703515 83.806841 228.986301
50821.764533 83.612465 228.986301
50751.703956 83.608039 228.986301
50719.994771 83.413404 228.986301
50574.559067 83.789644 228.986301
50541.815807 83.594725 228.986301
50510.253414 83.399682 228.986301
50440.437489 83.395096 228.986301
50370.670495 83.390503 228.986301
50300.952431 83.385904 228.986301
50231.283298 83.381298 228.986301
50086.190107 83.759321 228.986301
50053.789361 83.563444 228.986301
50062.003880 83.176084 228.986301
49992.530469 83.171321 228.986301
49963.672323 82.975084 228.986301
49894.296773 82.970177 228.986301
49824.970153 82.965264 228.986301
49715.126129 83.152205 228.986301
49645.897371 83.147409 228.986301
49576.717543 83.142607 228.986301
49548.152980 82.945540 228.986301
49520.769284 82.748362 228.986301
49410.037977 82.935637 228.986301
49300.487536 83.123330 228.986301
49272.118695 82.925707 228.986301
49123.231717 83.306729 228.986301
49134.395136 82.915748 228.986301
49025.040417 83.103946 228.986301
48996.867299 82.905762 228.986301
49056.667399 82.321388 228.986301
48944.063662 82.509065 228.986301
48875.471001 82.503780 228.986301
48806.927269 82.498488 228.986301
48738.432469 82.493188 228.986301
48669.986598 82.487881 228.986301
48601.589659 82.482566 228.986301
48533.241649 82.477244 228.986301
48464.942571 82.471915 228.986301
48353.862215 82.660907 228.986301
48328.491205 82.461233 228.986301
48217.508710 82.650481 228.986301
48192.235561 82.450521 228.986301
48081.350927 82.640024 228.986301
48013.345432 82.634785 228.986301
47988.219074 82.434397 228.986301
47920.311440 82.429007 228.986301
47852.452736 82.423609 228.986301
47103.855691 86.753453 228.986301
47674.051912 82.608477 228.986301
47693.132351 82.211726 228.986301
47496.978746 82.794034 228.986301
47602.949398 82.004854 228.986301
47403.497845 82.587295 228.986301
47467.868087 81.993411 228.986301
47400.400827 81.987678 228.986301
47287.888417 82.178217 228.986301
47176.556874 82.369208 228.986301
47109.236406 82.363725 228.986301
47085.927012 82.161355 228.986301
47018.704405 82.155719 228.986301
47042.850826 81.756328 228.986301
46884.405982 82.144421 228.986301
46862.424247 81.941515 228.986301
46841.623378 81.738516 228.986301
46683.325327 82.127414 228.986301
46755.074353 81.529329 228.986301
46505.554065 82.314025 228.986301
46527.779126 81.912394 228.986301
46507.222910 81.708660 228.986301
46394.263592 81.900687 228.986301
46469.653079 81.300935 228.986301
46260.943779 81.888946 228.986301
46287.941238 81.486378 228.986301
46174.045705 81.678588 228.986301
46154.915009 81.474027 228.986301
45994.891320 81.865362 228.986301
46022.084502 81.461640 228.986301
45862.158674 81.853519 228.986301
45842.091763 81.648300 228.986301
45823.205719 81.442992 228.986301
45574.370459 82.235422 228.986301
45690.864517 81.430516 228.986301
45399.296910 82.424502 228.986301
45656.830752 81.019061 228.986301
45590.831408 81.012509 228.986301
45475.259169 81.205593 228.986301
45360.867796 81.399166 228.986301
45201.431273 81.793788 228.986301
45378.077098 80.786358 228.986301
45364.208105 80.579854 228.986301
45246.616646 80.772866 228.986301
45232.845513 80.566061 228.986301
45115.351915 80.759335 228.986301
45101.678644 80.552227 228.986301
44984.282906 80.745765 228.986301
44868.068036 80.939806 228.986301
44802.655857 80.933139 228.986301
44788.046372 80.725335 228.986301
44622.356467 81.121271 228.986301
44606.712907 80.913078 228.986301
44491.874625 81.108156 228.986301
44527.082687 80.697956 228.986301
44461.964092 80.691086 228.986301
44501.797761 80.280934 228.986301
44383.759393 80.475417 228.986301
44266.901891 80.670416 228.986301
44201.979018 80.663505 228.986301
44137.105076 80.656585 228.986301
43971.904476 81.055308 228.986301
44059.389681 80.440093 228.986301
43942.776832 80.635762 228.986301
43929.984310 80.425891 228.986301
43865.355020 80.418774 228.986301
43748.888963 80.614848 228.986301
43736.243233 80.404509 228.986301
43619.875036 80.600853 228.986301
43660.344802 80.186807 228.986301
43595.960164 80.179492 228.986301
43478.606823 80.375852 228.986301
43467.337682 80.164829 228.986301
43403.099836 80.157481 228.986301
43338.910921 80.150122 228.986301
43274.770937 80.142752 228.986301
43105.776549 80.544459 228.986301
43146.637759 80.127980 228.986301
43029.626931 80.325292 228.986301
43072.849875 79.908558 228.986301
43008.954543 79.900986 228.986301
42786.055237 80.508871 228.986301
42774.143465 80.296163 228.986301
42817.562130 79.878203 228.986301
42544.055854 80.693494 228.986301
42636.062270 80.068451 228.986301
42572.460521 80.060960 228.986301
42508.907703 80.053457 228.986301
42499.553386 79.840004 228.986301
42381.948858 80.038419 228.986301
42213.639498 80.444138 228.986301
42202.168100 80.229985 228.986301
42191.877569 80.015777 228.986301
42182.767905 79.801519 228.986301
42065.408030 80.000625 228.986301
41897.343322 80.407796 228.986301
40804.010327 86.725293 228.986301
41930.220270 79.770523 228.986301
41867.205687 79.762744 228.986301
41645.187131 80.378525 228.986301
41741.323314 79.747153 228.986301
41733.737030 79.531717 228.986301
41670.918170 79.523740 228.986301
41552.866732 79.723677 228.986301
41490.145733 79.715828 228.986301
41482.755172 79.499738 228.986301
41420.132033 79.491713 228.986301
41302.276318 79.692210 228.986301
41351.445992 79.267223 228.986301
41177.274693 79.676405 228.986301
41170.128785 79.459492 228.986301
41052.468791 79.660552 228.986301
41045.420744 79.443309 228.986301
40873.709040 79.854383 228.986301
40920.908425 79.427076 228.986301
40593.637487 80.470505 228.986301
40741.310320 79.620708 228.986301
40679.225417 79.612702 228.986301
40617.189445 79.604685 228.986301
40448.035198 80.018259 228.986301
40439.114721 79.799431 228.986301
40486.656619 79.369869 228.986301
40424.816369 79.361647 228.986301
40253.593971 79.775700 228.986301
40246.001153 79.556321 228.986301
40025.254790 80.183864 228.986301
40122.663167 79.540101 228.986301
40061.067569 79.531972 228.986301
39999.520902 79.523831 228.986301
39728.216499 80.366292 228.986301
39876.574360 79.507511 228.986301
39815.174484 79.499332 228.986301
39753.823539 79.491140 228.986301
39692.521525 79.482936 228.986301
39686.549949 79.261989 228.986301
39570.064288 79.466489 228.986301
39564.190573 79.245200 228.986301
39503.084280 79.236786 228.986301
39279.578205 79.869339 228.986301
39381.018487 79.219918 228.986301
39210.627908 79.639132 228.986301
39149.717337 79.630986 228.986301
39088.855698 79.622828 228.986301
38975.025354 79.829416 228.986301
38914.261575 79.821394 228.986301
38853.546727 79.813360 228.986301
38792.880809 79.805313 228.986301
38839.431028 79.366732 228.986301
38671.695766 79.789181 228.986301
38664.194274 79.565361 228.986301
38657.873650 79.341500 228.986301
38490.285179 79.764888 228.986301
38537.080051 79.324613 228.986301
38532.038154 79.100369 228.986301
38257.429269 79.957331 228.986301
38356.256630 79.299183 228.986301
38296.080018 79.290680 228.986301
38235.952336 79.282164 228.986301
38175.873584 79.273633 228.986301
38171.125271 79.048327 228.986301
38055.862873 79.256533 228.986301
37995.930913 79.247963 228.986301
37828.880678 79.674827 228.986301
37822.064214 79.448517 228.986301
37871.710125 79.004583 228.986301
37702.542808 79.431614 228.986301
37697.005072 79.204907 228.986301
37692.648203 78.978171 228.986301
37577.777249 79.187589 228.986301
37573.518241 78.960492 228.986301
37299.692244 79.827862 228.986301
37399.302494 79.161509 228.986301
37232.741564 79.591582 228.986301
37021.135483 80.244193 228.986301
36031.994657 86.514934 228.986301
35972.747724 86.512061 228.986301
36943.770274 79.778456 228.986301
36989.524536 79.329058 228.986301
36930.424395 79.320423 228.986301
35703.789892 86.955917 228.986301
36707.467571 79.745254 228.986301
36597.760459 79.958631 228.986301
36538.856040 79.950456 228.986301
36530.754314 79.720211 228.986301
36421.193994 79.934067 228.986301
36362.436367 79.925853 228.986301
35291.801474 86.938183 228.986301
35159.999073 87.162627 228.986301
36029.783447 80.339989 228.986301
36069.382188 79.884582 228.986301
35912.806428 80.324118 228.986301
35854.391315 80.316163 228.986301
35894.136847 79.859659 228.986301
35737.707879 80.300215 228.986301
35828.305034 79.618821 228.986301
35719.331880 79.834613 228.986301
35469.465734 80.727366 228.986301
34563.182031 87.370333 228.986301
34318.917287 87.593887 228.986301
34301.239997 86.894245 228.986301
34203.212462 87.589818 228.986301
34087.703358 87.585736 228.986301
34042.290129 87.350277 228.986301
33984.657903 87.348029 228.986301
33914.806682 87.579586 228.986301
33869.540244 87.343523 228.986301
33799.786884 87.575469 228.986301
32603.895723 87.531377 228.986301
32573.154550 87.052016 228.986301
32042.007973 87.509813 228.986301
31830.890853 87.259712 228.986301
31803.098579 86.774448 228.986301
31719.491913 87.254900 228.986301
31707.461236 86.527099 228.986301
31621.688558 87.007954 228.986301
30561.619766 87.203342 228.986301
30520.421096 86.954401 228.986301
30452.471631 87.198331 228.986301
30425.902620 86.702176 228.986301
30331.251291 87.440504 228.986301
30168.189649 87.433592 228.986301
30858.115269 79.802857 228.986301
29897.398856 87.421988 228.986301
29843.387489 87.419654 228.986301
29627.831327 87.410278 228.986301
30528.078681 79.496489 228.986301
29560.546416 86.654200 228.986301
30518.803759 78.992573 228.986301
30465.183836 78.982770 228.986301
30462.366606 78.730542 228.986301
30259.979067 79.449531 228.986301
30355.371413 78.710438 228.986301
30201.571624 79.186809 228.986301
30099.706465 79.421156 228.986301
30144.491840 78.923584 228.986301
30091.214431 78.913659 228.986301
30140.625413 78.416432 228.986301
31672.283535 72.702381 228.986301
31540.100746 72.919110 228.986301
31566.071230 72.672385 228.986301
31674.538625 72.194976 228.986301
31704.002779 71.949099 228.986301
31487.303859 72.395368 228.986301
32871.306955 68.752206 228.986301
34428.728617 65.485236 228.986301
34728.554534 64.833921 228.986301
35538.199182 63.364921 228.986301
36403.357641 61.930118 228.986301
37324.029912 60.530068 228.986301
38300.215994 59.165135 228.986301
38551.796674 58.764737 228.986301
41267.164991 55.656051 228.986301
41561.857113 55.282104 228.986301
42038.656545 54.738796 228.986301
44204.967455 52.704966 228.986301
44732.801883 52.192899 228.986301
46687.905303 50.591154 228.986301
48108.201880 49.502275 228.986301
48922.379624 48.883181 228.986301
51346.068111 47.280565 228.986301
51993.000510 46.837250 228.986301
53128.611595 46.128613 228.986301
54292.570020 45.435146 228.986301
56244.986892 44.372651 228.986301
58006.338825 43.469911 228.986301
59552.855155 42.714132 228.986301
61974.989031 41.630554 228.986301
61923.277398 41.603636 228.986301
62152.151538 41.461956 228.986301
62100.537766 41.435005 228.986301
62897.375068 41.066996 228.986301
63417.120268 40.815273 228.986301
63079.456765 40.900445 228.986301
63601.563699 40.649770 228.986301
62691.605010 40.959054 228.986301
63211.545932 40.707366 228.986301
63447.603133 40.568789 228.986301
63396.380806 40.541751 228.986301
63923.260138 40.293181 228.986301
63582.543339 40.376621 228.986301
63531.467803 40.349535 228.986301
63191.980802 40.433383 228.986301
62567.478144 40.629638 228.986301
63378.534779 40.268146 228.986301
63039.194569 40.351877 228.986301
62414.838703 40.547965 228.986301
62650.253274 40.408808 228.986301
62028.259141 40.605791 228.986301
63124.625016 40.132061 228.986301
63363.582187 39.994470 228.986301
62734.943228 40.188272 228.986301
63262.458657 39.939876 228.986301
62922.377955 40.022800 228.986301
61158.155184 40.667599 228.986301
63111.140340 39.857822 228.986301
61624.156463 40.386524 228.986301
63010.506114 39.803009 228.986301
62094.881209 40.107577 228.986301
61758.489899 40.191735 228.986301
62281.869026 39.941377 228.986301
61089.249880 40.361432 228.986301
61608.199123 40.108992 228.986301
61273.135472 40.193487 228.986301
60939.252687 40.278445 228.986301
60606.550769 40.363868 228.986301
60275.029719 40.449760 228.986301
60225.226376 40.421971 228.986301
60175.471965 40.394159 228.986301
59565.824737 40.595097 228.986301
60640.579425 40.111857 228.986301
61159.969043 39.859552 228.986301
60541.413115 40.056146 228.986301
61347.097117 39.692466 228.986301
61297.636289 39.664613 228.986301
61824.013246 39.415562 228.986301
61486.189883 39.498014 228.986301
61149.547386 39.580918 228.986301
60529.021169 39.776109 228.986301
60479.804993 39.748102 228.986301
59582.235604 40.058613 228.986301
24745.213241 86.068099 228.986301
23729.526954 86.825811 228.986301
23694.836043 86.542994 228.986301
23621.126410 87.099383 228.986301
23441.716268 86.806365 228.986301
23393.919077 86.803101 228.986301
23406.561884 85.674551 228.986301
23376.790162 85.389012 228.986301
23348.199307 85.103116 228.986301
23263.610686 85.661257 228.986301
23273.236781 84.811570 228.986301
23225.733173 84.806253 228.986301
23199.601913 84.519092 228.986301
23152.196166 84.513467 228.986301
23063.324452 85.072892 228.986301
23016.016566 85.067818 228.986301
23032.727862 84.213811 228.986301
22963.062484 84.490849 228.986301
22938.356743 84.201880 228.986301
22891.244579 84.195896 228.986301
22867.768636 83.906322 228.986301
22797.167043 84.183891 228.986301
22750.201671 84.177870 228.986301
22703.285230 84.171836 228.986301
22656.417719 84.165790 228.986301
22633.186428 83.874704 228.986301
22611.136004 83.583326 228.986301
22539.696058 83.861965 228.986301
22469.436980 84.141481 228.986301
22422.814121 84.135372 228.986301
22332.461423 84.703108 228.986301
22307.259842 84.410200 228.986301
23212.502277 77.063516 228.986301
23166.075141 77.050334 228.986301
23119.696935 77.037126 228.986301
23178.270993 76.472093 228.986301
23297.835171 75.634641 228.986301
23085.759234 76.444499 228.986301
23039.576750 76.430660 228.986301
22940.425562 76.693424 228.986301
23001.508145 76.126653 228.986301
22901.322881 76.388977 228.986301
22855.336120 76.375027 228.986301
23212.215950 74.436108 228.986301
23105.385860 74.693463 228.986301
22827.100496 75.778566 228.986301
23396.381032 73.031461 228.986301
23418.371730 72.744961 228.986301
23582.668592 71.923460 228.986301
23395.899047 72.441079 228.986301
23563.689579 71.620288 228.986301
23518.143192 71.601862 228.986301
23472.645736 71.583400 228.986301
23575.114124 71.032243 228.986301
23309.537061 71.814179 228.986301
23336.446949 71.527798 228.986301
22440.049063 75.059025 228.986301
22453.473576 74.765671 228.986301
22529.020145 74.195805 228.986301
21333.691091 81.010076 228.986301
21222.167581 81.584975 228.986301
20838.964889 85.714770 228.986301
20828.680017 85.114455 228.986301
21647.148263 77.497389 228.986301
20720.882898 85.402207 228.986301
20935.481725 82.129057 228.986301
20921.048204 81.825371 228.986301
21009.119700 80.639053 228.986301
21000.443721 80.335510 228.986301
248100.852729 16.648213 228.986301
248774.832232 16.606240 228.986301
249449.992602 16.564380 228.986301
250126.333838 16.522633 228.986301
250081.863923 16.505452 228.986301
251482.558912 16.439478 228.986301
252887.830577 16.373870 228.986301
21019.773116 77.613684 228.986301
21071.346765 77.020369 228.986301
21232.400424 75.853450 228.986301
21242.373662 75.551645 228.986301
21198.246260 75.536287 228.986301
21265.862740 74.948500 228.986301
21279.378580 74.647195 228.986301
21414.825728 73.778827 228.986301
21309.952859 74.045199 228.986301
21452.289487 73.179474 228.986301
21408.455668 73.161750 228.986301
21561.077584 72.301142 228.986301
21585.074433 72.003096 228.986301
21751.377446 71.150397 228.986301
21779.999902 70.854368 228.986301
21809.803225 70.558736 228.986301
21916.443777 69.989457 228.986301
21949.740770 69.695381 228.986301
21906.298395 69.674369 228.986301
22019.877357 69.108603 228.986301
22056.716950 68.815930 228.986301
22177.185391 68.254404 228.986301
22302.230507 67.695977 228.986301
22519.959962 66.876055 228.986301
22388.703508 67.117463 228.986301
22433.711309 66.829058 228.986301
22661.774982 66.015898 228.986301
22711.408389 65.730400 228.986301
23050.316312 64.670805 228.986301
23105.707262 64.389273 228.986301
23162.279079 64.108421 228.986301
23321.722660 63.574947 228.986301
23381.788147 63.296426 228.986301
23339.079730 63.270065 228.986301
23505.461722 62.741559 228.986301
23894.517358 61.723421 228.986301
23742.341280 61.942229 228.986301
24032.067751 61.178899 228.986301
24216.756446 60.665775 228.986301
23724.564439 61.613168 228.986301
23904.823250 61.095070 228.986301
24677.348771 59.385786 228.986301
24515.278849 59.593562 228.986301
24835.861186 58.857079 228.986301
24916.888693 58.594002 228.986301
24999.097068 58.331785 228.986301
25209.079806 57.840029 228.986301
25684.749771 56.899467 228.986301
25775.028492 56.644069 228.986301
25866.488079 56.389569 228.986301
26094.777522 55.914404 228.986301
26189.730779 55.662777 228.986301
26147.952042 55.631515 228.986301
26383.179894 55.162275 228.986301
26481.675752 54.913410 228.986301
26723.793084 54.450370 228.986301
26539.769462 54.633658 228.986301
27221.757775 53.536937 228.986301
26599.190831 54.354526 228.986301
27436.168911 53.054047 228.986301
27545.145779 52.814026 228.986301
27961.691518 52.165534 228.986301
27920.402086 52.132637 228.986301
28190.077334 51.694531 228.986301
28945.984023 50.667777 228.986301
28582.606270 51.028592 228.986301
29190.510532 50.210997 228.986301
29480.756356 49.791784 228.986301
29439.760508 49.758065 228.986301
29398.813589 49.724299 228.986301
28862.677601 50.270921 228.986301
29822.491973 49.085895 228.986301
29781.691846 49.051884 228.986301
30083.550617 48.642608 228.986301
30565.252825 48.053544 228.986301
30700.998188 47.836385 228.986301
31196.381493 47.259639 228.986301
31336.752461 47.046448 228.986301
31478.304297 46.834214 228.986301
31621.036999 46.622935 228.986301
31950.404757 46.237944 228.986301
31910.045005 46.203244 228.986301
32056.320308 45.994830 228.986301
32392.626475 45.615708 228.986301
31789.259332 46.098881 228.986301
33078.968836 44.869262 228.986301
33625.778583 44.337115 228.986301
33388.938862 44.466898 228.986301
33545.695175 44.267121 228.986301
34102.839140 43.743595 228.986301
34264.221060 43.547609 228.986301
34426.783847 43.352548 228.986301
34590.527500 43.158410 228.986301
35168.242042 42.651880 228.986301
35128.518386 42.616712 228.986301
