97730.858350 58.607264 332.547945
98104.085582 58.379068 332.547945
97578.450187 58.579966 332.547945
97726.561077 58.458849 332.547945
97426.205289 58.552625 332.547945
97126.834544 58.646690 332.547945
97274.123656 58.525241 332.547945
97198.144065 58.511533 332.547945
95362.167457 59.367416 332.547945
97495.759051 58.269117 332.547945
96970.450187 58.470346 332.547945
97118.887608 58.348934 332.547945
96595.548829 58.550770 332.547945
96967.377404 58.321348 332.547945
96667.429779 58.415278 332.547945
96146.101902 58.617765 332.547945
96516.164473 58.387680 332.547945
96440.593044 58.373864 332.547945
96814.514153 58.144601 332.547945
96513.826383 58.238331 332.547945
95326.550930 58.766450 332.547945
95471.619609 58.643770 332.547945
95175.775420 58.738936 332.547945
95764.712095 58.398970 332.547945
95912.735901 58.276852 332.547945
94294.153108 59.026212 332.547945
95762.286922 58.249036 332.547945
95911.377404 58.127033 332.547945
95612.001208 58.221177 332.547945
95091.244759 58.424253 332.547945
95686.132506 58.085117 332.547945
95836.330480 57.963194 332.547945
95761.371296 57.949163 332.547945
95686.452929 57.935121 332.547945
95611.575378 57.921068 332.547945
95536.738643 57.907004 332.547945
95461.942724 57.892929 332.547945
95387.187622 57.878843 332.547945
95312.473337 57.864746 332.547945
95237.799867 57.850638 332.547945
95163.167214 57.836519 332.547945
95088.575378 57.822389 332.547945
95014.024357 57.808248 332.547945
94939.514153 57.794095 332.547945
94865.044765 57.779932 332.547945
94790.616194 57.765757 332.547945
94716.228439 57.751572 332.547945
94641.881500 57.737375 332.547945
94793.717578 57.615059 332.547945
94719.452271 57.600814 332.547945
94645.227782 57.586558 332.547945
93895.450187 57.897622 332.547945
94270.759051 57.666223 332.547945
93747.205289 57.869209 332.547945
94122.595786 57.637684 332.547945
94048.575378 57.623398 332.547945
93974.595786 57.609100 332.547945
93675.459037 57.703389 332.547945
93826.759051 57.580471 332.547945
93752.901908 57.566140 332.547945
93679.085582 57.551797 332.547945
94058.538698 57.320828 332.547945
93757.717578 57.414614 332.547945
93911.110126 57.291986 332.547945
93610.370639 57.385799 332.547945
93536.758394 57.371374 332.547945
93011.846792 57.574330 332.547945
93163.514153 57.451081 332.547945
92864.826383 57.545526 332.547945
92791.377404 57.531107 332.547945
92943.167214 57.407746 332.547945
92869.799867 57.393278 332.547945
92796.473337 57.378799 332.547945
92497.989649 57.473315 332.547945
92424.744751 57.458838 332.547945
92127.286922 57.553674 332.547945
92278.377404 57.429851 332.547945
92430.452929 57.306232 332.547945
92132.173322 57.400817 332.547945
92059.132506 57.386283 332.547945
91986.132506 57.371738 332.547945
92138.371296 57.247971 332.547945
91840.254955 57.342612 332.547945
91992.575378 57.218771 332.547945
91470.286922 57.422995 332.547945
91397.491003 57.408417 332.547945
91324.735901 57.393828 332.547945
91476.275363 57.269595 332.547945
91628.799867 57.145569 332.547945
91330.969241 57.240307 332.547945
91483.575378 57.116207 332.547945
91185.826383 57.210972 332.547945
91338.514153 57.086798 332.547945
91266.044765 57.072076 332.547945
91193.616194 57.057342 332.547945
90896.030465 57.152163 332.547945
90599.429779 57.247293 332.547945
90751.377404 57.122688 332.547945
90904.310071 56.998291 332.547945
90832.085582 56.983499 332.547945
90759.901908 56.968695 332.547945
90687.759051 56.953879 332.547945
90390.459037 57.048794 332.547945
90094.144065 57.144021 332.547945
90471.575378 56.909361 332.547945
90174.397812 57.004316 332.547945
90327.657010 56.879623 332.547945
90030.561077 56.974605 332.547945
89958.703934 56.959732 332.547945
89886.887608 56.944847 332.547945
89815.112098 56.929950 332.547945
89743.377404 56.915041 332.547945
89224.120258 57.120938 332.547945
89600.030465 56.885187 332.547945
88858.489657 57.202038 332.547945
89232.593044 56.965632 332.547945
88937.752911 57.061339 332.547945
88422.476752 57.268595 332.547945
89018.123656 56.920767 332.547945
88279.619609 57.238804 332.547945
89099.601894 56.780322 332.547945
88804.021616 56.875792 332.547945
88732.735901 56.860777 332.547945
88885.744751 56.735199 332.547945
88814.540669 56.720134 332.547945
88519.123656 56.815658 332.547945
88672.254955 56.689968 332.547945
88376.919575 56.785519 332.547945
88305.878759 56.770431 332.547945
88234.878759 56.755331 332.547945
87940.610054 56.851227 332.547945
87869.691686 56.836128 332.547945
87576.448841 56.932359 332.547945
87727.977401 56.805894 332.547945
87880.491003 56.679647 332.547945
87586.426380 56.775611 332.547945
87963.275363 56.538410 332.547945
87668.348146 56.634091 332.547945
87821.969241 56.507952 332.547945
87976.575378 56.382034 332.547945
87680.826383 56.477445 332.547945
87610.316179 56.462173 332.547945
87765.044765 56.336143 332.547945
87694.616194 56.320822 332.547945
87399.030465 56.416283 332.547945
87328.683526 56.400962 332.547945
86810.814135 56.608175 332.547945
86963.858350 56.481438 332.547945
86447.959045 56.689326 332.547945
85935.877461 56.898454 332.547945
86086.211446 56.770818 332.547945
85795.632563 56.867932 332.547945
85287.450333 57.078387 332.547945
84999.785761 57.176476 332.547945
85366.038722 56.934831 332.547945
85077.511557 57.032633 332.547945
85445.734603 56.791408 332.547945
85156.344845 56.888921 332.547945
85086.528518 56.873593 332.547945
85236.285624 56.745344 332.547945
84728.429925 56.956124 332.547945
84658.736047 56.940785 332.547945
85027.203991 56.699166 332.547945
84738.059130 56.796762 332.547945
84888.020318 56.668317 332.547945
84818.489706 56.652874 332.547945
84310.878904 56.863898 332.547945
84460.018314 56.735069 332.547945
84390.610151 56.719615 332.547945
84102.654414 56.817614 332.547945
84471.448889 56.575468 332.547945
84402.163175 56.559949 332.547945
84332.918277 56.544417 332.547945
84044.181579 56.642150 332.547945
84194.550930 56.513315 332.547945
84125.428481 56.497744 332.547945
84056.346848 56.482161 332.547945
83767.773416 56.579948 332.547945
83918.306032 56.450957 332.547945
83629.814232 56.548770 332.547945
83780.428481 56.419701 332.547945
83711.550930 56.404053 332.547945
83863.191037 56.275178 332.547945
83794.395119 56.259479 332.547945
83725.640017 56.243767 332.547945
83436.448889 56.341335 332.547945
83588.252262 56.212305 332.547945
83299.142767 56.309899 332.547945
83451.027772 56.180790 332.547945
83161.999910 56.278410 332.547945
83093.489706 56.262646 332.547945
83025.020318 56.246870 332.547945
82300.826578 56.573310 332.547945
82450.082986 56.443181 332.547945
81947.391947 56.656584 332.547945
57151.215242 -88.682468 332.547945
57082.949936 -88.681680 332.547945
57031.721519 -88.351278 332.547945
56963.537846 -88.350291 332.547945
56895.394989 -88.349304 332.547945
56827.292948 -88.348315 332.547945
56750.261574 -88.512513 332.547945
56674.215242 -88.676934 332.547945
56623.231723 -88.345340 332.547945
56546.322798 -88.509833 332.547945
56463.317218 -88.840181 332.547945
56402.541772 -88.673751 332.547945
56334.725446 -88.672953 332.547945
56274.975859 -88.506244 332.547945
56199.215242 -88.671353 332.547945
56148.517438 -88.338358 332.547945
56063.868303 -88.669750 332.547945
55996.256058 -88.668947 332.547945
55921.602932 -88.834576 332.547945
55854.072320 -88.833872 332.547945
55786.582524 -88.833167 332.547945
55719.133544 -88.832460 332.547945
55658.807078 -88.664918 332.547945
55591.439732 -88.664109 332.547945
55517.031504 -88.830337 332.547945
55449.745789 -88.829627 332.547945
55397.608512 -88.494459 332.547945
55339.374581 -88.326251 332.547945
55248.133544 -88.827494 332.547945
55188.092793 -88.659235 332.547945
55138.007234 -88.323197 332.547945
55053.970344 -88.657603 332.547945
54979.888647 -88.824636 332.547945
54920.011160 -88.655966 332.547945
54839.873625 -88.991279 332.547945
54786.215242 -88.654326 332.547945
54719.378507 -88.653504 332.547945
54660.608512 -88.484341 332.547945
54578.745789 -88.820324 332.547945
54519.113201 -88.651033 332.547945
54460.465655 -88.481557 332.547945
54372.587910 -88.986953 332.547945
54312.133544 -88.817432 332.547945
54252.664221 -88.647724 332.547945
54186.154017 -88.646894 332.547945
54136.680703 -88.307756 332.547945
54046.174361 -88.814525 332.547945
53986.868303 -88.644398 332.547945
53913.439667 -88.813067 332.547945
53862.241165 -88.473146 332.547945
53787.949936 -88.641893 332.547945
53714.643749 -88.810872 332.547945
53648.460075 -88.810139 332.547945
53606.394989 -88.299404 332.547945
53516.215177 -88.808669 332.547945
53457.235650 -88.637698 332.547945
53384.133544 -88.807196 332.547945
53325.235650 -88.636013 332.547945
53286.207324 -88.123673 332.547945
53186.317218 -88.804980 332.547945
53114.322604 -88.975023 332.547945
53048.506278 -88.974387 332.547945
52982.730767 -88.973750 332.547945
52916.996073 -88.973113 332.547945
52846.108951 -89.143701 332.547945
52780.455890 -89.143169 332.547945
52726.174361 -88.799776 332.547945
52660.602932 -88.799029 332.547945
52583.741604 -89.141567 332.547945
52518.251808 -89.141032 332.547945
52457.996073 -88.968630 332.547945
52413.833002 -88.452189 332.547945
52327.220563 -88.967342 332.547945
52256.700788 -89.138885 332.547945
52196.608318 -88.966050 332.547945
52131.363420 -88.965404 332.547945
52072.296810 -88.792263 332.547945
52007.133544 -88.791506 332.547945
51949.092793 -88.618061 332.547945
51858.044937 -89.481361 332.547945
51793.004120 -89.481036 332.547945
51731.308912 -89.307628 332.547945
51666.349729 -89.307193 332.547945
51598.126569 -89.480057 332.547945
51533.249018 -89.479730 332.547945
51471.717076 -89.305884 332.547945
51403.616365 -89.479074 332.547945
51338.861263 -89.478746 332.547945
51277.451770 -89.304570 332.547945
51209.473508 -89.478087 332.547945
51148.145647 -89.303692 332.547945
51077.888453 -89.651613 332.547945
51015.697998 -89.477097 332.547945
50954.492586 -89.302370 332.547945
50894.272217 -89.127435 332.547945
50829.843645 -89.126882 332.547945
50765.455890 -89.126328 332.547945
50701.108951 -89.125774 332.547945
50632.553810 -89.300155 332.547945
50572.537523 -89.124663 332.547945
50508.313033 -89.124107 332.547945
50439.880341 -89.298820 332.547945
50370.072126 -89.649174 332.547945
50311.635443 -89.297927 332.547945
50247.574219 -89.297479 332.547945
50177.888453 -89.648503 332.547945
50116.269427 -89.472426 332.547945
50049.970085 -89.648054 332.547945
49988.432692 -89.471751 332.547945
49927.880341 -89.295234 332.547945
49860.759222 -89.471076 332.547945
49809.730767 -88.941564 332.547945
49752.133544 -88.764418 332.547945
49733.290416 -87.881140 332.547945
49601.653061 90.000000 332.547945
49538.512929 89.823122 332.547945
49474.469388 90.000000 332.547945
49412.827228 89.645792 332.547945
49347.921093 89.822780 332.547945
49284.000000 90.000000 332.547945
49221.063950 -89.822552 332.547945
49157.696603 89.822438 332.547945
49094.370072 89.822323 332.547945
49034.861263 89.466640 332.547945
48967.839460 89.822094 332.547945
48904.635378 -89.821979 332.547945
48842.888453 89.643731 332.547945
48779.766004 89.643501 332.547945
48719.044937 89.464914 332.547945
48652.227215 89.821518 332.547945
48596.308912 89.285643 332.547945
48530.044937 89.463873 332.547945
48470.431361 89.284716 332.547945
48401.888453 89.642112 332.547945
48344.717076 89.283787 332.547945
48278.616365 89.462478 332.547945
48219.166055 89.282855 332.547945
48156.451770 89.282388 332.547945
48090.473508 89.461428 332.547945
48040.587910 88.922249 332.547945
47972.802829 89.101256 332.547945
47910.251808 89.100670 332.547945
47847.741604 89.100082 332.547945
47781.023198 89.279574 332.547945
47722.843645 89.098905 332.547945
47660.455890 89.098316 332.547945
47586.778236 89.819531 332.547945
47540.996073 88.916600 332.547945
47473.537523 89.096542 332.547945
47407.064015 89.276738 332.547945
47360.460075 88.733599 332.547945
47305.398915 88.551807 332.547945
47251.322798 88.369804 332.547945
47181.235650 88.549902 332.547945
47119.215242 88.548948 332.547945
47044.016482 88.910892 332.547945
46995.296874 88.547035 332.547945
46950.394989 88.182816 332.547945
46879.567696 88.363351 332.547945
46826.721519 88.180417 332.547945
46755.975859 88.361189 332.547945
46713.125691 87.995955 332.547945
46651.431814 87.994630 332.547945
46600.637355 87.811046 332.547945
46539.025110 87.809597 332.547945
46466.595079 87.990644 332.547945
46440.472953 87.441592 332.547945
46392.674439 87.257301 332.547945
46304.787123 87.620965 332.547945
46284.452804 87.070879 332.547945
46194.758668 87.434793 332.547945
46147.123418 87.250008 332.547945
46072.146423 87.431379 332.547945
46054.808048 86.879876 332.547945
45993.603966 86.877799 332.547945
45932.440701 86.875719 332.547945
45871.318252 86.873636 332.547945
45810.236619 86.871550 332.547945
45749.195803 86.869462 332.547945
45688.195803 86.867371 332.547945
45627.236619 86.865277 332.547945
45566.318252 86.863180 332.547945
45505.440701 86.861080 332.547945
45444.603966 86.858978 332.547945
45368.228314 87.041424 332.547945
45375.457506 86.301149 332.547945
45278.862621 86.667921 332.547945
45254.069751 86.296184 332.547945
45175.024685 86.478534 332.547945
45132.845261 86.291207 332.547945
45072.294241 86.288713 332.547945
45031.140676 86.101085 332.547945
44990.972154 85.913288 332.547945
44855.005478 86.652197 332.547945
44849.854961 86.093201 332.547945
44789.508023 86.090566 332.547945
44749.502766 85.902259 332.547945
44689.237460 85.899492 332.547945
44629.012970 85.896721 332.547945
44529.171792 86.266116 332.547945
44529.931531 85.705088 332.547945
44428.283533 86.074681 332.547945
44455.091128 85.326884 332.547945
44349.747858 85.696355 332.547945
44335.091128 85.320550 332.547945
44208.584398 85.877223 332.547945
44169.931531 85.687588 332.547945
44179.475022 85.124344 332.547945
44029.012970 85.868809 332.547945
44059.883185 85.117716 332.547945
43976.070720 85.301445 332.547945
43940.454613 85.111069 332.547945
43833.590237 85.482445 332.547945
43846.211304 84.917081 332.547945
43812.606099 84.726274 332.547945
43753.075487 84.722677 332.547945
43618.519700 85.282183 332.547945
43583.148491 85.091021 332.547945
43548.762325 84.899706 332.547945
43570.126327 84.332638 332.547945
43482.945120 84.516632 332.547945
43370.782733 84.889224 332.547945
43392.269184 84.320997 332.547945
43361.864005 84.128978 332.547945
43246.047161 84.501588 332.547945
43273.321419 83.932671 332.547945
43127.843080 84.494035 332.547945
43155.198970 83.924342 332.547945
43158.517906 83.543295 332.547945
43067.927141 83.727358 332.547945
43040.640355 83.534422 332.547945
42950.131223 83.718727 332.547945
42922.926069 83.525524 332.547945
42896.705959 83.332201 332.547945
42773.743468 83.705737 332.547945
42847.220865 82.945211 332.547945
42788.547395 82.940351 332.547945
42765.323229 82.746559 332.547945
42706.731392 82.741558 332.547945
42544.787591 83.304555 332.547945
42589.670168 82.731536 332.547945
42531.200780 82.726515 332.547945
42472.772208 82.721487 332.547945
42378.975967 82.906145 332.547945
42429.687166 82.332251 332.547945
42334.084105 82.516570 332.547945
42239.466086 82.701304 332.547945
42217.594309 82.506194 332.547945
42196.707574 82.310985 332.547945
42138.564717 82.305650 332.547945
42080.462676 82.300307 332.547945
42099.828009 81.914681 332.547945
41964.381044 82.289601 332.547945
41944.642617 82.093752 332.547945
41886.703842 82.088251 332.547945
41949.194736 81.511589 332.547945
41732.707574 82.268098 332.547945
41833.521267 81.499775 332.547945
41617.115738 82.257302 332.547945
41718.011063 81.487928 332.547945
41702.335256 81.291337 332.547945
41644.682195 81.285264 332.547945
41503.978035 81.661200 332.547945
41529.498521 81.273092 332.547945
41471.967909 81.266994 332.547945
41457.440410 81.069782 332.547945
41399.991430 81.063537 332.547945
41342.583267 81.057284 332.547945
41285.215920 81.051022 332.547945
41271.795913 80.853329 332.547945
41170.603675 81.038472 332.547945
41294.650228 80.266710 332.547945
41190.706944 80.451075 332.547945
41180.282881 80.253072 332.547945
41030.626254 80.629329 332.547945
41066.078799 80.239396 332.547945
41056.721411 80.041068 332.547945
40999.721411 80.034077 332.547945
40942.762228 80.027077 332.547945
40984.043396 79.637021 332.547945
40828.966309 80.013046 332.547945
40870.329110 79.622455 332.547945
40620.911026 80.383705 332.547945
40756.778090 79.607849 332.547945
40601.864269 79.984867 332.547945
40693.906442 79.401256 332.547945
40586.757682 79.585862 332.547945
40530.165845 79.578513 332.547945
40575.591266 79.186728 332.547945
40519.081061 79.179099 332.547945
40515.016234 78.979356 332.547945
40458.587662 78.971577 332.547945
40247.818906 79.541613 332.547945
40399.201755 78.763748 332.547945
40289.546846 78.948175 332.547945
40340.923339 78.555615 332.547945
40230.405836 78.739893 332.547945
40228.515175 78.539421 332.547945
40227.609557 78.338942 332.547945
40227.688981 78.138461 332.547945
40060.209053 78.515044 332.547945
40059.425883 78.314145 332.547945
40116.753448 77.920904 332.547945
40003.688981 78.104814 332.547945
39836.372318 78.482383 332.547945
39891.933879 78.087920 332.547945
39779.936088 78.272584 332.547945
39780.342042 78.070979 332.547945
39781.733040 77.869378 332.547945
39612.732006 78.247507 332.547945
39501.841706 78.433045 332.547945
39501.466700 78.230730 332.547945
39617.272346 77.641438 332.547945
39620.755877 77.439439 332.547945
39565.266081 77.430490 332.547945
39450.802958 77.614978 332.547945
39514.367309 77.219267 332.547945
39458.999962 77.210152 332.547945
39284.700917 77.588406 332.547945
39409.290314 76.998505 332.547945
39354.045416 76.989223 332.547945
39360.688157 76.786595 332.547945
39305.524892 76.777158 332.547945
39313.193492 76.574426 332.547945
39195.320810 76.758244 332.547945
39203.071043 76.555230 332.547945
39148.071043 76.545611 332.547945
39093.111859 76.535979 332.547945
39101.928768 76.332724 332.547945
39111.730719 76.129517 332.547945
38992.214482 76.313136 332.547945
38937.418564 76.303321 332.547945
38947.342963 76.099689 332.547945
39024.820360 75.702834 332.547945
38903.578936 75.886000 332.547945
38915.514238 75.682341 332.547945
38728.730719 76.059722 332.547945
38806.371381 75.661790 332.547945
38554.989992 76.234228 332.547945
38764.903970 75.447475 332.547945
38710.475398 75.437022 332.547945
38724.544050 75.232934 332.547945
38670.197112 75.222325 332.547945
38479.922401 75.599791 332.547945
38631.026316 75.007407 332.547945
38576.801827 74.996626 332.547945
38522.618153 74.985830 332.547945
38610.109242 74.588010 332.547945
38556.007201 74.576932 332.547945
38430.656890 74.759416 332.547945
38376.636482 74.748433 332.547945
38539.356827 74.157034 332.547945
38268.718115 74.726420 332.547945
38431.520093 74.134237 332.547945
38232.252099 74.510136 332.547945
38323.846623 74.111376 332.547945
38270.071113 74.099921 332.547945
38290.458184 73.894971 332.547945
38089.465003 74.270942 332.547945
38258.177237 73.678381 332.547945
38204.564992 73.666613 332.547945
38227.003781 73.461611 332.547945
38250.427612 73.256733 332.547945
38196.937816 73.244668 332.547945
38143.488837 73.232586 332.547945
38167.979344 73.027556 332.547945
38114.611997 73.015318 332.547945
38140.128362 72.810283 332.547945
38007.999752 72.990789 332.547945
38033.597750 72.785476 332.547945
37746.697658 73.353679 332.547945
37927.230403 72.760599 332.547945
37874.107954 72.748134 332.547945
37821.026322 72.735652 332.547945
37767.985505 72.723153 332.547945
37957.179552 72.131811 332.547945
37662.026322 72.698101 332.547945
37769.626426 72.298764 332.547945
37798.424450 72.093058 332.547945
37745.587716 72.080104 332.547945
37692.791797 72.067132 332.547945
37640.036695 72.054142 332.547945
37587.322410 72.041134 332.547945
37534.648940 72.028107 332.547945
37319.609363 72.402725 332.547945
37595.608280 71.615791 332.547945
37543.057260 71.602468 332.547945
37490.547056 71.589126 332.547945
37354.513640 71.769017 332.547945
37555.609831 71.176947 332.547945
37503.222076 71.163310 332.547945
37280.914403 71.535572 332.547945
37484.965722 70.943563 332.547945
37260.851228 71.315263 332.547945
37294.079219 71.108571 332.547945
37241.895546 71.094839 332.547945
37276.149395 70.888196 332.547945
37224.047354 70.874305 332.547945
37259.327063 70.667717 332.547945
37207.306655 70.653670 332.547945
37067.986130 70.832518 332.547945
37016.047354 70.818550 332.547945
36877.752688 70.998169 332.547945
36912.292252 70.790555 332.547945
37036.102019 70.390205 332.547945
36984.326508 70.375921 332.547945
36756.965722 70.748414 332.547945
36970.127323 70.154471 332.547945
36829.244876 70.332949 332.547945
36777.632631 70.318584 332.547945
36905.464200 69.918320 332.547945
36945.051426 69.711332 332.547945
36893.561630 69.696556 332.547945
36934.174716 69.489657 332.547945
36975.772843 69.282988 332.547945
36831.399205 69.459770 332.547945
36780.072675 69.444795 332.547945
36728.786960 69.429800 332.547945
36770.548353 69.222588 332.547945
36719.344272 69.207436 332.547945
36762.131524 69.000327 332.547945
36617.058558 69.177067 332.547945
36472.970634 69.354507 332.547945
36608.886626 68.954336 332.547945
36463.936109 69.131355 332.547945
36506.927442 68.923568 332.547945
36456.009075 68.908152 332.547945
36311.181007 69.085451 332.547945
36545.028503 68.493054 332.547945
36591.015781 68.285890 332.547945
36443.477482 68.461616 332.547945
36392.763197 68.445864 332.547945
36342.089727 68.430090 332.547945
36388.240270 68.222389 332.547945
36337.648434 68.206459 332.547945
36384.824836 67.998890 332.547945
36236.587209 68.174531 332.547945
36283.845244 67.966694 332.547945
36332.088321 67.759131 332.547945
36281.700566 67.742866 332.547945
36330.969503 67.535448 332.547945
36381.223482 67.328313 332.547945
36130.782199 67.693936 332.547945
36280.733686 67.295186 332.547945
36129.989911 67.469630 332.547945
36180.407155 67.261967 332.547945
36130.305114 67.245323 332.547945
35880.067913 67.611930 332.547945
35929.663380 67.403446 332.547945
35980.243890 67.195252 332.547945
35930.305114 67.178516 332.547945
35981.911483 66.970485 332.547945
36034.502894 66.762755 332.547945
35984.686568 66.745731 332.547945
36142.640844 66.348217 332.547945
36092.906151 66.330933 332.547945
35733.033932 66.885788 332.547945
35889.222205 66.486571 332.547945
35633.768626 66.851745 332.547945
35894.375538 66.261558 332.547945
35740.507919 66.434751 332.547945
35691.018123 66.417429 332.547945
35435.727809 66.783373 332.547945
35696.497987 66.191798 332.547945
35647.130640 66.174298 332.547945
35597.804110 66.156773 332.547945
35653.799628 65.948550 332.547945
35499.273498 66.121651 332.547945
35555.350649 65.913167 332.547945
35506.187384 65.895439 332.547945
35457.064935 65.877687 332.547945
35514.208761 65.669275 332.547945
35253.661253 66.033418 332.547945
34894.482911 66.593367 332.547945
35367.208761 65.615480 332.547945
35106.783702 65.980184 332.547945
35163.187384 65.770653 332.547945
35220.576108 65.561460 332.547945
35171.780190 65.543404 332.547945
35123.025088 65.525322 332.547945
35074.310802 65.507216 332.547945
35025.637333 65.489084 332.547945
34977.004680 65.470927 332.547945
34928.412843 65.452745 332.547945
34879.861822 65.434538 332.547945
34938.521304 65.224779 332.547945
34890.051916 65.206416 332.547945
34841.623345 65.188027 332.547945
34793.235590 65.169613 332.547945
34744.888651 65.151173 332.547945
34696.582528 65.132707 332.547945
34648.317222 65.114216 332.547945
34600.092733 65.095699 332.547945
34444.739373 65.269524 332.547945
34503.766202 65.058587 332.547945
34563.778073 64.848014 332.547945
34515.716848 64.829289 332.547945
34359.582528 65.002725 332.547945
34311.602937 64.984052 332.547945
34371.778073 64.772956 332.547945
34215.766202 64.946628 332.547945
34385.081109 64.543273 332.547945
34012.923047 65.102420 332.547945
34289.489272 64.505274 332.547945
33917.412843 65.064999 332.547945
34085.002563 64.659582 332.547945
34367.356595 64.064894 332.547945
34208.797759 64.236955 332.547945
34272.172922 64.026220 332.547945
34449.368170 63.625537 332.547945
34401.878374 63.605933 332.547945
34354.429394 63.586302 332.547945
34082.295371 63.948550 332.547945
33813.979068 64.313682 332.547945
33876.654902 64.101650 332.547945
33940.315779 63.890013 332.547945
33893.070881 63.870447 332.547945
27279.717076 -89.046533 332.547945
27232.553810 -89.045707 332.547945
27194.873625 -88.567487 332.547945
27147.791992 -88.566245 332.547945
27100.751176 -88.565001 332.547945
27066.970344 -88.085318 332.547945
27006.791992 -88.562506 332.547945
26959.873625 -88.561256 332.547945
33358.756943 63.886336 332.547945
33201.917844 64.060565 332.547945
26814.170176 -88.797831 332.547945
26778.745789 -88.315732 332.547945
33061.652538 64.001493 332.547945
26692.439732 -88.071927 332.547945
26632.587910 -88.552440 332.547945
26592.133544 -88.309831 332.547945
26534.251808 -88.791506 332.547945
26492.934849 -88.548629 332.547945
26441.272217 -88.789383 332.547945
26394.843645 -88.788318 332.547945
33022.247412 63.259362 332.547945
32753.063065 63.627546 332.547945
32929.594351 63.218771 332.547945
26205.288504 -89.027181 332.547945
26159.064015 -89.026322 332.547945
26109.575549 -89.269065 332.547945
26063.432692 -89.268418 332.547945
26020.635443 -89.023735 332.547945
25984.016482 -88.534482 332.547945
25928.553810 -89.022003 332.547945
25879.269427 -89.265820 332.547945
25840.884461 -88.775398 332.547945
25794.986502 -88.774309 332.547945
25741.575549 -89.263858 332.547945
25699.064015 -89.017645 332.547945
25653.288504 -89.016769 332.547945
25611.802829 -88.769932 332.547945
25561.859933 -89.015012 332.547945
25520.455890 -88.767733 332.547945
25480.036890 -88.520056 332.547945
25434.465461 -88.518731 332.547945
25395.072320 -88.270443 332.547945
25364.690145 -87.774731 332.547945
25311.215242 -88.019998 332.547945
25292.717528 -87.276018 332.547945
25213.358034 -88.264219 332.547945
25175.113201 -88.014651 332.547945
25156.737936 -87.268660 332.547945
25122.351641 -87.018102 332.547945
25066.288957 -87.263733 332.547945
25021.125691 -87.261263 332.547945
24957.118716 -87.756625 332.547945
24912.037084 -87.754595 332.547945
24845.751176 -88.501280 332.547945
24806.888647 -88.250052 332.547945
24755.791992 -88.498559 332.547945
24717.011095 -88.246872 332.547945
24665.996073 -88.495828 332.547945
24621.159339 -88.494459 332.547945
24571.170176 -88.744151 332.547945
24544.827487 -87.989311 332.547945
24537.882253 -86.982765 332.547945
24472.435805 -87.482631 332.547945
24418.833002 -87.732020 332.547945
24359.133544 -88.234037 332.547945
24314.582524 -88.232419 332.547945
24285.179941 -87.725785 332.547945
24232.684630 -87.976398 332.547945
24188.256058 -87.974539 332.547945
24181.637355 -86.960601 332.547945
24137.290416 -86.957807 332.547945
24092.984294 -86.955008 332.547945
23939.537846 -87.454749 332.547945
23895.394989 -87.452397 332.547945
23827.215177 -88.214428 332.547945
23798.261574 -87.702625 332.547945
23739.133544 -88.211117 332.547945
23740.004702 -86.932433 332.547945
23651.215177 -88.207794 332.547945
23607.317218 -88.206128 332.547945
23552.129359 -88.717265 332.547945
23519.643749 -88.202787 332.547945
23482.949936 -87.944334 332.547945
23432.133544 -88.199433 332.547945
23377.108951 -88.712472 332.547945
23344.786606 -88.196067 332.547945
23308.256058 -87.936642 332.547945
23246.272217 -88.708853 332.547945
23195.187794 -89.224501 332.547945
23159.251808 -88.706429 332.547945
23105.888453 -89.482011 332.547945
28465.815318 64.166486 332.547945
28422.447971 64.145330 332.547945
28178.945464 64.546163 332.547945
28335.835727 64.102921 332.547945
28092.414852 64.504187 332.547945
27852.811699 64.908917 332.547945
22831.215242 -87.915188 332.547945
22769.680380 -88.695408 332.547945
22722.349729 -88.955272 332.547945
22688.751176 -88.431640 332.547945
24748.071043 72.984188 332.547945
24965.718320 72.015981 332.547945
25953.895077 68.744513 332.547945
25911.017526 68.726079 332.547945
27465.811699 64.720423 332.547945
27719.030727 64.057970 332.547945
29283.820909 60.932384 332.547945
29588.109790 60.309127 332.547945
29662.992496 60.087017 332.547945
31104.683594 57.741417 332.547945
33397.635522 54.619073 332.547945
33795.566073 54.069485 332.547945
34202.035477 53.526398 332.547945
35398.391001 52.154326 332.547945
38014.903704 49.576572 332.547945
39211.812973 48.490266 332.547945
39532.048936 48.166435 332.547945
41168.105070 46.838300 332.547945
43482.628621 45.158675 332.547945
44877.988680 44.209003 332.547945
45466.076065 43.795269 332.547945
46493.269498 43.136055 332.547945
46235.411746 43.233460 332.547945
47062.038722 42.708749 332.547945
47681.448841 42.314346 332.547945
47197.571338 42.530469 332.547945
47819.895768 42.137795 332.547945
47777.997809 42.110027 332.547945
47513.775371 42.203277 332.547945
47030.061134 42.419215 332.547945
46988.285624 42.391339 332.547945
45858.330114 42.982832 332.547945
46249.091884 42.705374 332.547945
45990.738886 42.801832 332.547945
46165.826578 42.649386 332.547945
45907.555212 42.745774 332.547945
45866.024600 42.717707 332.547945
46041.234741 42.565215 332.547945
45783.085824 42.661497 332.547945
46394.610151 42.261972 332.547945
46353.242804 42.233836 332.547945
46311.916273 42.205675 332.547945
46710.640017 41.932882 332.547945
47560.744751 41.422421 332.547945
47970.880843 41.156557 332.547945
47703.575378 41.246966 332.547945
47213.001208 41.457552 332.547945
47171.919575 41.429308 332.547945
46685.203943 41.642032 332.547945
46644.203943 41.613709 332.547945
46381.823691 41.706692 332.547945
46120.428481 41.800201 332.547945
45207.085824 42.265165 332.547945
45166.249090 42.236663 332.547945
45125.453171 42.208136 332.547945
45519.042169 41.931784 332.547945
45260.683721 42.026819 332.547945
45003.310314 42.122398 332.547945
44746.921950 42.218524 332.547945
44706.330114 42.189854 332.547945
44665.779093 42.161159 332.547945
44625.268889 42.132438 332.547945
44584.799501 42.103690 332.547945
44544.370930 42.074917 332.547945
44289.171691 42.171401 332.547945
44034.957494 42.268442 332.547945
43994.651371 42.239565 332.547945
44815.520455 41.710886 332.547945
44342.840318 41.930657 332.547945
44087.845160 42.026945 332.547945
44047.702303 41.997975 332.547945
43580.809972 42.221198 332.547945
43540.748748 42.192149 332.547945
43713.651371 42.036682 332.547945
43248.769942 42.260968 332.547945
41956.787087 43.006936 332.547945
19503.317218 -88.026326 332.547945
19497.452222 -86.897143 332.547945
19428.718988 -86.608761 332.547945
19351.215242 -87.735384 332.547945
19311.521364 -87.733056 332.547945
19264.786606 -88.014140 332.547945
19225.174361 -88.012095 332.547945
19219.595079 -86.874773 332.547945
19180.064467 -86.871550 332.547945
19100.445053 -88.290616 332.547945
19060.996073 -88.288848 332.547945
19016.394666 -88.572433 332.547945
18988.358034 -87.999732 332.547945
18942.894033 -88.283520 332.547945
18916.827487 -87.709516 332.547945
18870.500891 -87.993493 332.547945
18876.147559 -86.559423 332.547945
18773.249018 -89.137987 332.547945
18737.431361 -88.849518 332.547945
18695.044937 -89.136186 332.547945
18653.643555 -89.423498 332.547945
18614.643555 -89.422894 332.547945
18641.780212 -86.537837 332.547945
197681.045904 17.830677 332.547945
199976.295778 17.705425 332.547945
202286.694090 17.581608 332.547945
200484.555547 17.643857 332.547945
201032.637093 17.599847 332.547945
200993.922808 17.582444 332.547945
199782.520268 17.618200 332.547945
203273.405542 17.442324 332.547945
203234.813705 17.425002 332.547945
203196.262685 17.407678 332.547945
202567.138927 17.416493 332.547945
18109.941501 -89.707457 332.547945
18071.512929 -89.707147 332.547945
18033.125174 89.706835 332.547945
17994.306122 90.000000 332.547945
17963.553810 88.824994 332.547945
17925.288504 88.823741 332.547945
17887.064015 88.822484 332.547945
17853.129359 88.526648 332.547945
17814.986502 88.525072 332.547945
17766.970085 89.409287 332.547945
17728.908861 89.408653 332.547945
17696.553810 88.816162 332.547945
17698.231723 87.039439 332.547945
17670.207324 86.740494 332.547945
17586.986502 88.515540 332.547945
17575.567696 87.326433 332.547945
18013.641427 80.273721 332.547945
18040.073306 79.685627 332.547945
18070.322906 79.098456 332.547945
17998.164768 79.375071 332.547945
18221.590280 77.356970 332.547945
18225.051879 77.059153 332.547945
18229.498521 76.761400 332.547945
17917.670168 78.751833 332.547945
18112.460043 77.018293 332.547945
18075.011063 77.004616 332.547945
18122.583267 76.421035 332.547945
18000.235553 76.977178 332.547945
18047.889390 76.392425 332.547945
17967.641378 76.663513 332.547945
17973.358777 76.363697 332.547945
17893.192399 76.635284 332.547945
17856.029134 76.621125 332.547945
17861.868981 76.320381 332.547945
17868.693872 76.019744 332.547945
17702.766165 76.866279 332.547945
17750.746532 76.276794 332.547945
17713.787349 76.262205 332.547945
17591.888614 76.824211 332.547945
17639.991430 76.232934 332.547945
17322.247370 78.252230 332.547945
17213.690253 78.827088 332.547945
17076.375049 79.701649 332.547945
16947.598699 80.583049 332.547945
16827.361201 81.470947 332.547945
16670.339694 82.969411 332.547945
16572.845261 83.872189 332.547945
16500.413641 84.474850 332.547945
16312.827228 89.383519 332.547945
16297.602932 87.840841 332.547945
16276.281982 87.221689 332.547945
16258.778753 86.601799 332.547945
16245.093245 85.981314 332.547945
202916.319724 16.375580 332.547945
204069.779562 16.309056 332.547945
192883.658752 16.769448 332.547945
192847.475079 16.751602 332.547945
195712.467543 16.605642 332.547945
196259.425245 16.562540 332.547945
196223.364021 16.544829 332.547945
16125.747858 82.851070 332.547945
16135.091128 82.228003 332.547945
16257.782372 80.383486 332.547945
16138.320385 81.289385 332.547945
16157.228368 80.667336 332.547945
16121.412041 80.656882 332.547945
16085.636531 80.646405 332.547945
16049.901837 80.635904 332.547945
16201.164768 78.794084 332.547945
16199.975967 78.478176 332.547945
16199.772208 78.162254 332.547945
16237.850432 77.544316 332.547945
16165.022880 77.832785 332.547945
16244.256580 76.913373 332.547945
16290.011063 76.297961 332.547945
16213.529056 76.583114 332.547945
16304.215920 75.668498 332.547945
16312.795913 75.353991 332.547945
16368.155924 74.742374 332.547945
16332.911026 74.725520 332.547945
16207.061219 75.305221 332.547945
16455.165845 73.507580 332.547945
16370.471515 73.784452 332.547945
16435.477871 73.176880 332.547945
16557.650734 72.279873 332.547945
16469.301948 72.552674 332.547945
16597.221802 71.659018 332.547945
16562.303434 71.639005 332.547945
16817.775472 70.178379 332.547945
16905.688157 69.587337 332.547945
16997.418564 68.999427 332.547945
16962.663462 68.976904 332.547945
16927.949176 68.954336 332.547945
17090.146891 68.088653 332.547945
17260.883459 67.231360 332.547945
17367.925568 66.656420 332.547945
17333.374548 66.631785 332.547945
17518.396960 65.788101 332.547945
17483.927572 65.762714 332.547945
17755.428323 64.659811 332.547945
17643.141898 64.901306 332.547945
17845.323648 64.074659 332.547945
17811.017526 64.047845 332.547945
17776.752220 64.020980 332.547945
17987.554456 63.202595 332.547945
18036.934811 62.913465 332.547945
18087.300208 62.625133 332.547945
18312.388288 61.822270 332.547945
18546.015221 61.029399 332.547945
18332.591815 61.508876 332.547945
18661.195124 60.467093 332.547945
18909.107900 59.690442 332.547945
18686.364680 60.157486 332.547945
19033.974964 59.137856 332.547945
19097.886060 58.862935 332.547945
19362.958176 58.106022 332.547945
19329.223482 58.074916 332.547945
19602.875266 57.328032 332.547945
19673.559212 57.060263 332.547945
19639.946967 57.028505 332.547945
19817.882231 56.527634 332.547945
19999.635216 56.031287 332.547945
19966.145420 55.998921 332.547945
20601.208664 54.602564 332.547945
21032.359843 53.684714 332.547945
20764.824372 54.091352 332.547945
20731.497842 54.058011 332.547945
20932.380251 53.584200 332.547945
20899.135353 53.550589 332.547945
21224.265154 52.865096 332.547945
21434.712275 52.402601 332.547945
21279.312520 52.582196 332.547945
21741.005471 51.700209 332.547945
21834.018866 51.456790 332.547945
21801.018866 51.422248 332.547945
21895.058121 51.179761 332.547945
22248.800425 50.528445 332.547945
22215.922874 50.493536 332.547945
22445.581052 50.053290 332.547945
22679.056952 49.617562 332.547945
22780.854098 49.383741 332.547945
23020.076988 48.954693 332.547945
23124.788446 48.724099 332.547945
23230.484947 48.494552 332.547945
23059.563956 48.652983 332.547945
23871.151252 47.470172 332.547945
23412.322872 48.002831 332.547945
23806.171661 47.398452 332.547945
23773.743089 47.362519 332.547945
24322.998738 46.584147 332.547945
24438.423216 46.365235 332.547945
24258.345677 46.511909 332.547945
24822.831395 45.750984 332.547945
25094.647775 45.358895 332.547945
