98180.310071 58.392764 105.698630
97654.633861 58.593620 105.698630
97578.450187 58.579966 105.698630
97502.307330 58.566301 105.698630
97650.459037 58.445147 105.698630
97350.144065 58.538938 105.698630
97723.575378 58.310429 105.698630
97873.737986 58.189608 105.698630
97571.657010 58.282898 105.698630
97046.307330 58.484086 105.698630
97419.901908 58.255325 105.698630
97344.085582 58.241522 105.698630
97494.452271 58.120519 105.698630
97192.575378 58.213884 105.698630
96891.683526 58.307539 105.698630
97041.228439 58.186203 105.698630
97191.758394 58.065055 105.698630
96890.044765 58.158479 105.698630
96814.514153 58.144601 105.698630
96289.572636 58.346201 105.698630
96663.575378 58.116812 105.698630
96362.969241 58.210572 105.698630
96512.799867 58.088979 105.698630
96437.473337 58.075047 105.698630
96588.329822 57.953607 105.698630
96286.942724 58.047149 105.698630
96211.738643 58.033184 105.698630
95911.377404 58.127033 105.698630
96061.452929 58.005220 105.698630
95761.173322 58.099100 105.698630
95016.203943 58.410349 105.698630
95836.330480 57.963194 105.698630
95761.371296 57.949163 105.698630
94791.326392 58.368570 105.698630
95837.717578 57.813316 105.698630
95087.286922 58.123323 105.698630
95688.084924 57.785127 105.698630
95161.989649 57.986927 105.698630
94863.021616 58.081221 105.698630
95012.601894 57.958773 105.698630
94937.969241 57.944680 105.698630
93972.027772 58.365889 105.698630
95014.024357 57.808248 105.698630
95165.656353 57.686115 105.698630
95091.186965 57.671926 105.698630
94341.164473 57.982594 105.698630
94491.030465 57.859887 105.698630
94416.683526 57.845716 105.698630
94567.575378 57.723167 105.698630
94493.310071 57.708948 105.698630
94193.887608 57.803135 105.698630
94571.044108 57.572292 105.698630
93821.307330 57.883421 105.698630
94422.799210 57.543724 105.698630
94122.595786 57.637684 105.698630
94274.717578 57.515112 105.698630
94200.737986 57.500789 105.698630
94126.799210 57.486455 105.698630
93826.759051 57.580471 105.698630
93979.044108 57.457752 105.698630
93905.227782 57.443384 105.698630
93605.310071 57.537443 105.698630
93757.717578 57.414614 105.698630
93457.881500 57.508701 105.698630
93159.030465 57.603089 105.698630
93310.616194 57.479913 105.698630
93690.273392 57.248636 105.698630
93163.514153 57.451081 105.698630
92864.826383 57.545526 105.698630
92791.377404 57.531107 105.698630
92943.167214 57.407746 105.698630
92420.348146 57.611454 105.698630
92571.275363 57.487780 105.698630
92723.187622 57.364309 105.698630
91533.395119 57.897622 105.698630
92351.540669 57.444350 105.698630
91830.814135 57.648815 105.698630
92430.452929 57.306232 105.698630
92357.371296 57.291684 105.698630
92284.330480 57.277124 105.698630
91986.132506 57.371738 105.698630
91913.173322 57.357181 105.698630
92065.452929 57.233377 105.698630
91992.575378 57.218771 105.698630
91919.738643 57.204154 105.698630
91621.744751 57.298837 105.698630
91324.735901 57.393828 105.698630
91701.473337 57.160232 105.698630
91403.601894 57.254957 105.698630
91106.715493 57.349990 105.698630
91258.377404 57.225646 105.698630
91185.826383 57.210972 105.698630
90221.966548 57.636952 105.698630
91040.846792 57.181591 105.698630
90077.068588 57.607755 105.698630
90004.680833 57.593139 105.698630
89932.333895 57.578512 105.698630
90081.448841 57.453168 105.698630
89787.762466 57.549221 105.698630
89495.061134 57.645589 105.698630
63809.322604 -89.064865 105.698630
89350.734603 57.616281 105.698630
89059.099947 57.712994 105.698630
89427.048180 57.475788 105.698630
88915.018314 57.683669 105.698630
89283.048180 57.446332 105.698630
88771.099947 57.654296 105.698630
104652.849633 51.046175 105.698630
105706.510246 50.653692 105.698630
105351.898141 50.731501 105.698630
105562.918409 50.621748 105.698630
105491.183715 50.605760 105.698630
105703.229842 50.496205 105.698630
104502.282120 50.855960 105.698630
105559.964536 50.464154 105.698630
104079.135347 50.918569 105.698630
105416.862495 50.432058 105.698630
104778.836916 50.603459 105.698630
104990.183715 50.493536 105.698630
105487.199787 50.290460 105.698630
105415.832440 50.274354 105.698630
105344.505910 50.258236 105.698630
104988.535964 50.335511 105.698630
105201.975297 50.225969 105.698630
105130.771216 50.209818 105.698630
104774.923720 50.287090 105.698630
104988.485501 50.177485 105.698630
104632.719638 50.254754 105.698630
104561.678822 50.238570 105.698630
104490.678822 50.222375 105.698630
104419.719638 50.206168 105.698630
104348.801271 50.189951 105.698630
103994.183715 50.267478 105.698630
104207.086985 50.157483 105.698630
103569.755284 50.329039 105.698630
103499.000182 50.312797 105.698630
103711.081674 50.202493 105.698630
102794.853549 50.469175 105.698630
103569.775552 50.169935 105.698630
103782.923720 50.059815 105.698630
103428.632695 50.137331 105.698630
103075.326712 50.215113 105.698630
103004.857324 50.198793 105.698630
103217.224531 50.088343 105.698630
103146.836776 50.071991 105.698630
102793.694059 50.149767 105.698630
103289.923720 49.945364 105.698630
103219.658413 49.928969 105.698630
102865.693919 50.006472 105.698630
102795.510246 49.990065 105.698630
102160.720058 50.162280 105.698630
102655.265348 49.957216 105.698630
102302.408345 50.034981 105.698630
102515.183715 49.924322 105.698630
102445.204123 49.907858 105.698630
102659.005352 49.797409 105.698630
102022.571610 49.969141 105.698630
101952.714467 49.952653 105.698630
101320.139263 50.125464 105.698630
102379.658413 49.731359 105.698630
102026.183715 49.808839 105.698630
101956.489837 49.792296 105.698630
101886.836776 49.775742 105.698630
101534.428753 49.853486 105.698630
101183.005772 49.931500 105.698630
100832.567835 50.009786 105.698630
100763.078039 49.993214 105.698630
101822.923720 49.598719 105.698630
101753.515556 49.582088 105.698630
101684.148209 49.565446 105.698630
101614.821679 49.548792 105.698630
84402.163175 56.559949 105.698630
101192.551062 49.609579 105.698630
100558.699650 49.781965 105.698630
101054.183715 49.576209 105.698630
100985.061266 49.559508 105.698630
100915.979633 49.542794 105.698630
100282.291487 49.715208 105.698630
100777.938817 49.509333 105.698630
100144.332303 49.681760 105.698630
100075.413936 49.665018 105.698630
99445.665960 49.838543 105.698630
99937.699650 49.631501 105.698630
99587.996406 49.709749 105.698630
59408.507877 80.753379 105.698630
59505.505308 80.270114 105.698630
59436.831838 80.264440 105.698630
59202.487469 80.737163 105.698630
59243.425883 80.412481 105.698630
59231.056328 80.247378 105.698630
59162.546124 80.241678 105.698630
59037.895271 80.395649 105.698630
59025.648165 80.230257 105.698630
58901.078945 80.384395 105.698630
58946.039162 80.059017 105.698630
58820.607349 80.213077 105.698630
58809.467734 80.047363 105.698630
58684.117553 80.201590 105.698630
58673.059571 80.035683 105.698630
58547.791022 80.190076 105.698630
58423.507516 80.344800 105.698630
58355.446292 80.339117 105.698630
58287.425883 80.333427 105.698630
58056.567254 80.810933 105.698630
58207.688981 80.161175 105.698630
58028.372318 80.477418 105.698630
57960.515175 80.471794 105.698630
57892.698849 80.466162 105.698630
57936.342042 80.137932 105.698630
57757.188645 80.454880 105.698630
57800.913471 80.126269 105.698630
57621.841706 80.443572 105.698630
57554.229461 80.437907 105.698630
57598.076736 80.108724 105.698630
57364.834408 80.588640 105.698630
57351.637624 80.420875 105.698630
57176.546846 80.739870 105.698630
57162.487469 80.571846 105.698630
57149.413134 80.403782 105.698630
57082.086604 80.398071 105.698630
56960.507877 80.554992 105.698630
57002.793230 80.224052 105.698630
56880.351910 80.380897 105.698630
56868.425883 80.212396 105.698630
56746.066196 80.369414 105.698630
55129.037084 -88.490795 105.698630
56667.180986 80.194861 105.698630
56600.180986 80.189002 105.698630
56589.403267 80.020066 105.698630
56411.066196 80.340587 105.698630
56455.607349 80.008126 105.698630
56388.770614 80.002146 105.698630
56437.170305 79.669764 105.698630
56199.038128 80.153702 105.698630
56362.715061 79.494262 105.698630
56355.999962 79.324920 105.698630
56170.394795 79.644992 105.698630
56045.733040 79.802362 105.698630
56096.266081 79.469057 105.698630
56029.755877 79.462737 105.698630
55904.272346 79.620102 105.698630
55837.843774 79.613861 105.698630
55713.386101 79.771665 105.698630
55824.081595 79.273582 105.698630
55757.775472 79.267131 105.698630
55691.510166 79.260672 105.698630
55686.188273 79.090301 105.698630
55559.102003 79.247730 105.698630
55553.861742 79.077156 105.698630
55487.759701 79.070572 105.698630
55360.795880 79.228260 105.698630
55234.817102 79.386309 105.698630
55168.837510 79.379890 105.698630
55162.857105 79.208720 105.698630
55282.499615 78.708767 105.698630
55092.004599 79.030901 105.698630
55088.035096 78.859597 105.698630
54839.551796 79.347682 105.698630
54894.678069 79.010959 105.698630
54890.831014 78.839347 105.698630
54825.177953 78.832580 105.698630
54697.718885 78.990945 105.698630
54693.994280 78.819023 105.698630
54566.616844 78.977562 105.698630
54562.973871 78.805434 105.698630
54497.524892 78.798627 105.698630
54432.116729 78.791812 105.698630
54366.749382 78.784989 105.698630
54364.213900 78.612540 105.698630
54298.928186 78.605604 105.698630
54109.045416 78.930469 105.698630
53982.938737 79.089993 105.698630
54040.524892 78.750748 105.698630
53975.402443 78.743876 105.698630
53910.320810 78.736994 105.698630
53845.279994 78.730105 105.698630
53780.279994 78.723207 105.698630
53778.111859 78.549820 105.698630
53650.402443 78.709387 105.698630
53648.315941 78.535789 105.698630
53458.841334 78.862499 105.698630
53273.184449 79.190357 105.698630
53453.928186 78.514680 105.698630
53326.422851 78.674689 105.698630
53199.902559 78.835080 105.698630
53014.408939 79.163689 105.698630
53195.315941 78.486414 105.698630
53130.764921 78.479326 105.698630
53129.989992 78.304880 105.698630
53065.520604 78.297677 105.698630
53001.092033 78.290466 105.698630
52872.969002 78.450889 105.698630
52872.357339 78.276017 105.698630
52808.051217 78.268780 105.698630
52680.050635 78.429470 105.698630
52679.561421 78.254278 105.698630
52488.851422 78.583481 105.698630
52487.499615 78.407972 105.698630
52487.132849 78.232459 105.698630
52234.698477 78.731060 105.698630
52295.315941 78.386395 105.698630
52231.336349 78.379185 105.698630
52042.759701 78.710025 105.698630
52103.499615 78.364739 105.698630
52103.377747 78.188581 105.698630
51975.826145 78.350258 105.698630
51975.785911 78.173883 105.698630
51976.730719 77.997511 105.698630
51913.036841 77.990040 105.698630
51658.177953 78.490813 105.698630
51657.356757 78.313897 105.698630
51722.200106 77.967574 105.698630
51658.669494 77.960066 105.698630
51660.803426 77.783157 105.698630
51597.354447 77.775532 105.698630
51600.514238 77.598524 105.698630
51470.578936 77.760254 105.698630
51407.252406 77.752600 105.698630
51410.534646 77.575266 105.698630
51414.801929 77.397944 105.698630
51284.085666 77.559713 105.698630
51288.434582 77.382173 105.698630
51091.231998 77.714191 105.698630
51094.718320 77.536311 105.698630
51031.677503 77.528491 105.698630
50968.677503 77.520662 105.698630
50839.150365 77.683293 105.698630
50776.231998 77.675545 105.698630
50779.922401 77.497115 105.698630
50650.517712 77.660019 105.698630
50721.801929 77.310721 105.698630
50591.534646 77.473481 105.698630
50528.820360 77.465583 105.698630
50533.659072 77.286727 105.698630
50471.026419 77.278709 105.698630
50476.890989 77.099761 105.698630
50278.371381 77.433894 105.698630
50283.373357 77.254595 105.698630
50153.391789 77.417991 105.698630
50226.931805 77.067146 105.698630
50233.944684 76.887778 105.698630
50171.597745 76.879488 105.698630
50109.291622 76.871188 105.698630
50117.371176 76.691626 105.698630
49915.401193 77.026149 105.698630
49992.963013 76.674772 105.698630
49930.820156 76.666330 105.698630
49940.007201 76.486466 105.698630
49736.312031 76.821169 105.698630
49744.636482 76.640939 105.698630
49753.945976 76.460741 105.698630
49692.007201 76.452145 105.698630
49558.820156 76.615454 105.698630
49568.252099 76.434921 105.698630
49435.146686 76.598410 105.698630
49516.893574 76.245684 105.698630
49171.890989 76.926705 105.698630
49393.465003 76.228171 105.698630
49331.811942 76.219398 105.698630
49343.377235 76.038495 105.698630
49208.628268 76.201820 105.698630
49294.396960 75.848628 105.698630
49158.785399 76.011774 105.698630
49171.458184 75.830579 105.698630
49035.928256 75.993904 105.698630
49048.682674 75.812485 105.698630
49062.422134 75.631114 105.698630
48926.070429 75.794345 105.698630
48790.703766 75.958031 105.698630
48878.687441 75.603551 105.698630
48668.336419 75.940026 105.698630
48756.401726 75.585119 105.698630
48771.330311 75.403240 105.698630
48634.279277 75.566639 105.698630
48726.243939 75.211960 105.698630
48665.284755 75.202490 105.698630
48682.265058 75.020505 105.698630
48466.534393 75.356391 105.698630
48560.550772 75.001304 105.698630
48578.597750 74.819161 105.698630
48438.999752 74.982055 105.698630
48457.128362 74.799687 105.698630
48317.611997 74.962757 105.698630
48335.822240 74.780164 105.698630
48196.387507 74.943411 105.698630
48214.679383 74.760592 105.698630
48075.326282 74.924016 105.698630
47936.958224 75.087912 105.698630
48033.271220 74.731142 105.698630
47972.883464 74.721301 105.698630
48073.054998 74.365046 105.698630
47852.230403 74.701580 105.698630
47952.483569 74.344898 105.698630
47892.259079 74.334805 105.698630
47996.370783 73.978670 105.698630
47936.227926 73.968352 105.698630
47793.506083 74.131087 105.698630
47816.064660 73.947677 105.698630
47591.748875 74.284151 105.698630
47696.064660 73.926950 105.698630
47553.506083 74.090034 105.698630
47659.791954 73.732908 105.698630
47599.934811 73.722399 105.698630
47540.118484 73.711877 105.698630
47396.778946 73.874905 105.698630
47420.608280 73.690793 105.698630
47445.422657 73.506775 105.698630
47385.769596 73.496100 105.698630
47326.157351 73.485412 105.698630
47266.585922 73.474710 105.698630
47038.983028 73.812015 105.698630
47147.565514 73.453265 105.698630
46920.044252 73.790946 105.698630
47114.160852 73.257925 105.698630
47141.190212 73.073431 105.698630
47081.863681 73.062448 105.698630
47022.577967 73.051452 105.698630
46876.936362 73.214364 105.698630
46904.128987 73.029417 105.698630
46758.569015 73.192501 105.698630
46873.184206 72.833428 105.698630
46726.761640 72.996261 105.698630
46755.061757 72.811083 105.698630
46608.720824 72.974086 105.698630
46725.387733 72.614711 105.698630
46578.184206 72.777459 105.698630
46519.306655 72.766222 105.698630
46819.275916 72.059903 105.698630
46579.188547 72.395306 105.698630
46610.607057 72.210030 105.698630
46284.204614 72.721135 105.698630
46493.219302 72.186834 105.698630
46525.704488 72.001460 105.698630
46375.994812 72.163580 105.698630
46500.623695 71.804372 105.698630
46258.933588 72.140266 105.698630
46291.582039 71.954440 105.698630
46233.153467 71.942648 105.698630
46174.765712 71.930841 105.698630
46208.480838 71.744922 105.698630
45966.994812 72.081724 105.698630
46091.909409 71.721036 105.698630
45850.505016 72.058203 105.698630
45883.439181 71.871581 105.698630
45644.004874 72.209908 105.698630
45767.194283 71.847772 105.698630
45894.201415 71.486624 105.698630
45836.181007 71.474485 105.698630
45685.195124 71.636960 105.698630
45720.262639 71.450160 105.698630
45756.315197 71.263505 105.698630
45604.507537 71.425773 105.698630
45453.684920 71.588581 105.698630
45677.760961 71.052159 105.698630
45338.174716 71.564299 105.698630
45562.332390 71.027256 105.698630
45409.784585 71.189476 105.698630
45073.153467 71.703639 105.698630
45200.650394 71.339930 105.698630
45143.119782 71.327604 105.698630
45179.580503 71.139810 105.698630
45122.131524 71.127354 105.698630
44970.772843 71.290533 105.698630
44913.405496 71.278144 105.698630
44950.029483 71.089890 105.698630
44892.743769 71.077370 105.698630
45026.232584 70.713853 105.698630
44873.189533 70.876507 105.698630
44721.131524 71.039715 105.698630
44854.742788 70.675559 105.698630
44606.927442 71.014532 105.698630
44549.886626 71.001916 105.698630
44492.886626 70.989283 105.698630
44530.822186 70.800265 105.698630
44379.009075 70.963970 105.698630
44417.026268 70.774720 105.698630
44360.189533 70.761924 105.698630
44208.498871 70.925879 105.698630
44342.477482 70.559794 105.698630
44095.029483 70.900403 105.698630
44229.089727 70.533887 105.698630
44172.457074 70.520909 105.698630
43925.131524 70.862066 105.698630
43963.475247 70.671886 105.698630
44002.804013 70.481874 105.698630
44140.845244 70.115629 105.698630
43986.689250 70.278873 105.698630
43833.518299 70.442689 105.698630
43777.171360 70.429593 105.698630
43720.865237 70.416481 105.698630
43957.782199 69.872661 105.698630
43705.158638 70.212815 105.698630
43648.974964 70.199552 105.698630
43400.209941 70.541846 105.698630
43439.946870 70.350665 105.698630
43578.396264 69.982269 105.698630
43522.375856 69.968838 105.698630
43271.885646 70.310971 105.698630
43410.457489 69.941926 105.698630
42969.315197 70.641995 105.698630
43298.702387 69.914944 105.698630
43145.158638 70.079416 105.698630
43385.398074 69.532929 105.698630
43230.047505 69.696556 105.698630
42977.954556 70.039059 105.698630
43118.700566 69.669201 105.698630
43063.088321 69.655497 105.698630
43007.516893 69.641775 105.698630
42853.314632 69.806316 105.698630
42797.824836 69.792658 105.698630
42742.375856 69.778983 105.698630
42885.255217 69.408544 105.698630
42631.600346 69.751578 105.698630
42674.945464 69.559070 105.698630
42719.275625 69.366760 105.698630
42564.414852 69.531359 105.698630
42312.811699 69.876051 105.698630
42355.375856 69.682756 105.698630
42398.925056 69.489657 105.698630
42245.171775 69.655101 105.698630
42288.802607 69.461765 105.698630
42135.130958 69.627374 105.698630
42178.843423 69.433801 105.698630
41927.525985 69.779780 105.698630
42069.047505 69.405763 105.698630
42113.826646 69.212155 105.698630
42159.590829 69.018755 105.698630
41708.260679 69.724370 105.698630
42050.121441 68.990171 105.698630
41795.271995 69.335349 105.698630
41840.255217 69.141146 105.698630
41686.047505 69.307054 105.698630
41731.112360 69.112613 105.698630
41676.602156 69.098318 105.698630
41622.132768 69.084004 105.698630
41468.088321 69.250241 105.698630
41715.380871 68.695288 105.698630
41661.033932 68.680718 105.698630
41505.223482 68.846126 105.698630
41450.958176 68.831618 105.698630
41296.173584 68.997729 105.698630
41342.550012 68.802545 105.698630
40989.559530 69.331816 105.698630
41234.305114 68.773395 105.698630
41281.748218 68.578194 105.698630
41330.176364 68.383219 105.698630
41072.243890 68.729527 105.698630
41325.650777 68.173514 105.698630
41168.360037 68.338635 105.698630
41217.895675 68.143535 105.698630
41164.079348 68.128516 105.698630
41110.303838 68.113478 105.698630
41266.187384 67.738796 105.698630
41002.875266 68.083342 105.698630
41158.840445 67.708228 105.698630
40999.946967 67.872790 105.698630
40534.692869 68.582043 105.698630
40788.507919 68.022832 105.698630
40839.355130 67.827022 105.698630
40578.176364 68.173651 105.698630
40732.497987 67.796410 105.698630
40574.793634 67.962004 105.698630
40521.467103 67.946747 105.698630
40468.181389 67.931470 105.698630
40107.590829 68.462646 105.698630
40361.732409 67.900855 105.698630
40205.176364 68.067412 105.698630
40359.783702 67.688634 105.698630
40306.702069 67.673156 105.698630
40045.931466 68.021580 105.698630
39788.978584 68.372262 105.698630
39736.019400 68.357128 105.698630
39582.540931 68.525881 105.698630
39937.569144 67.777586 105.698630
39989.069416 67.579860 105.698630
39728.543710 67.929366 105.698630
39779.181389 67.731023 105.698630
39726.467103 67.715460 105.698630
39883.411873 67.335105 105.698630
39621.160981 67.684274 105.698630
39672.906151 67.485822 105.698630
39516.018123 67.653005 105.698630
39360.115139 67.820850 105.698630
39411.038532 67.621652 105.698630
39152.768626 67.973857 105.698630
39306.222205 67.590216 105.698630
39358.212273 67.391033 105.698630
39098.176364 67.742717 105.698630
38943.462503 67.911636 105.698630
38891.238014 67.896029 105.698630
38737.550012 68.065702 105.698630
38685.407155 68.050157 105.698630
38633.305114 68.034591 105.698630
38381.067913 68.391691 105.698630
38230.375856 68.563471 105.698630
38178.396264 68.548161 105.698630
38028.730066 68.720704 105.698630
37976.832107 68.705461 105.698630
38121.374036 68.314500 105.698630
37873.158638 68.674913 105.698630
37724.599931 68.848400 105.698630
37867.375856 68.455863 105.698630
37717.954556 68.628933 105.698630
37764.028917 68.424929 105.698630
37614.689250 68.598175 105.698630
37370.495655 68.961938 105.698630
37609.314632 68.378369 105.698630
37656.496485 68.174227 105.698630
37408.648434 68.536404 105.698630
37454.967693 68.331617 105.698630
37403.600346 68.315990 105.698630
37352.273815 68.300342 105.698630
37203.260679 68.474293 105.698630
37152.015781 68.458712 105.698630
37004.028503 68.633449 105.698630
37049.648434 68.427485 105.698630
36998.525985 68.411839 105.698630
37045.171775 68.205999 105.698630
36799.620339 68.571268 105.698630
36943.130958 68.174378 105.698630
36697.661156 68.540047 105.698630
36362.058558 69.100774 105.698630
36595.865237 68.508740 105.698630
36545.028503 68.493054 105.698630
36494.232584 68.477346 105.698630
36540.260679 68.270048 105.698630
36296.924227 68.638053 105.698630
36342.089727 68.430090 105.698630
36388.240270 68.222389 105.698630
35771.112651 69.366184 105.698630
36287.097413 68.190506 105.698630
36236.587209 68.174531 105.698630
35993.495655 68.543761 105.698630
36135.689250 68.142515 105.698630
36085.301495 68.126473 105.698630
35747.437646 68.690045 105.698630
35887.865237 68.287131 105.698630
36032.110550 67.885813 105.698630
35596.641728 68.642747 105.698630
35641.352798 68.432747 105.698630
35496.315197 68.611103 105.698630
35352.262639 68.790188 105.698630
35117.133059 69.166089 105.698630
35346.131524 68.563471 105.698630
35017.133059 69.134975 105.698630
35436.946870 68.142358 105.698630
35196.315197 68.515635 105.698630
35241.352798 68.304527 105.698630
35287.375442 68.093691 105.698630
35046.866218 68.467596 105.698630
35092.026268 68.256070 105.698630
35138.171360 68.044818 105.698630
34992.679329 68.223650 105.698630
34848.172340 68.403225 105.698630
34989.334625 67.995737 105.698630
34843.965043 68.174848 105.698630
34699.580503 68.354705 105.698630
34556.181007 68.535309 105.698630
34600.723361 68.322243 105.698630
34457.405496 68.503039 105.698630
34408.078966 68.486869 105.698630
34265.786960 68.668512 105.698630
34403.498871 68.257041 105.698630
34354.294789 68.240682 105.698630
34305.131524 68.224299 105.698630
34256.009075 68.207893 105.698630
34206.927442 68.191464 105.698630
34063.936109 68.373026 105.698630
34203.781370 67.960947 105.698630
34059.927442 68.142034 105.698630
33917.058558 68.323885 105.698630
33962.131524 68.108962 105.698630
33634.275916 68.689882 105.698630
33677.542062 68.473817 105.698630
33815.743769 68.059176 105.698630
33767.029483 68.042532 105.698630
33439.337141 68.624816 105.698630
33299.586649 68.809366 105.698630
28911.802829 -88.842269 105.698630
33572.580503 67.975718 105.698630
33430.119782 68.158534 105.698630
33196.582039 68.542948 105.698630
33057.035629 68.728001 105.698630
28674.649135 -88.604947 105.698630
28639.521364 -88.138645 105.698630
28591.215242 -88.137073 105.698630
28524.537523 -88.834435 105.698630
28487.643749 -88.367045 105.698630
28428.129359 -88.832460 105.698630
32810.296324 68.410709 105.698630
32854.256348 68.192135 105.698630
32714.133059 68.377407 105.698630
28254.215242 -88.125992 105.698630
28187.823237 -88.827494 105.698630
32479.076445 68.530273 105.698630
28103.317218 -88.355914 105.698630
28062.541772 -88.119600 105.698630
28022.751369 -87.882947 105.698630
32197.555894 68.667665 105.698630
32239.994812 68.446849 105.698630
32102.127323 68.634428 105.698630
27810.649135 -88.583438 105.698630
32006.862017 68.601092 105.698630
32140.582039 68.175520 105.698630
27674.072320 -88.343209 105.698630
32137.623695 67.937708 105.698630
32183.181007 67.717191 105.698630
31859.586649 68.312080 105.698630
27499.465655 -87.862891 105.698630
27430.894033 -88.573664 105.698630
27378.415074 -88.810286 105.698630
27331.170176 -88.809258 105.698630
27279.717076 -89.046533 105.698630
27232.553810 -89.045707 105.698630
27201.011095 -88.328860 105.698630
27142.598747 -88.805128 105.698630
27106.888647 -88.325961 105.698630
27053.751176 -88.563755 105.698630
27020.011160 -88.083654 105.698630
26966.011095 -88.321592 105.698630
26919.133544 -88.320131 105.698630
26879.378507 -88.078646 105.698630
26832.582589 -88.076970 105.698630
26793.853410 -87.834920 105.698630
26739.113201 -88.073611 105.698630
26679.220563 -88.553706 105.698630
26645.807078 -88.070240 105.698630
26599.215242 -88.068550 105.698630
26552.664221 -88.066857 105.698630
30736.759976 68.141165 105.698630
30512.776043 68.542064 105.698630
30554.632631 68.315324 105.698630
30778.765712 67.672517 105.698630
30461.897937 68.280668 105.698630
30778.174716 67.429491 105.698630
30731.909409 67.411570 105.698630
30412.331404 68.018840 105.698630
30456.321343 67.792099 105.698630
30410.178486 67.774358 105.698630
30096.388288 68.386727 105.698630
30050.327063 68.369335 105.698630
25951.215242 -88.044575 105.698630
30226.015221 67.703126 105.698630
30000.673447 68.105791 105.698630
29954.775488 68.088156 105.698630
29820.633186 68.281974 105.698630
25721.725446 -88.035868 105.698630
25692.946009 -87.543189 105.698630
25623.133544 -88.278159 105.698630
25584.521364 -88.030606 105.698630
25565.778753 -87.290615 105.698630
25501.281982 -87.780701 105.698630
25464.680703 -87.532195 105.698630
25388.934849 -88.517403 105.698630
25394.433274 -87.034133 105.698630
25319.241165 -87.772733 105.698630
25273.833002 -87.770732 105.698630
25228.465655 -87.768728 105.698630
25183.139125 -87.766720 105.698630
25129.827487 -88.012862 105.698630
25092.608512 -87.762693 105.698630
25056.374581 -87.512157 105.698630
24994.215242 -88.007476 105.698630
24957.118716 -87.756625 105.698630
24896.929463 -88.253220 105.698630
24858.970344 -88.002061 105.698630
24830.966417 -87.500883 105.698630
24786.007234 -87.498616 105.698630
24717.011095 -88.246872 105.698630
24672.133544 -88.245278 105.698630
24634.378507 -87.992971 105.698630
24582.500891 -88.242081 105.698630
24544.827487 -87.989311 105.698630
24486.894033 -88.490336 105.698630
24442.220563 -88.488957 105.698630
24397.587910 -88.487575 105.698630
24359.133544 -88.234037 105.698630
28287.414701 67.923159 105.698630
28156.507790 68.122239 105.698630
28112.038403 68.104048 105.698630
28329.632631 67.434824 105.698630
28196.959716 67.632618 105.698630
28240.897937 67.397443 105.698630
28020.965722 67.812891 105.698630
27890.303709 68.012660 105.698630
28108.102019 67.341152 105.698630
28063.918345 67.322329 105.698630
28019.775488 67.303477 105.698630
23834.296874 -87.959548 105.698630
27669.589423 67.920545 105.698630
23754.241165 -87.700496 105.698630
27667.986130 67.664230 105.698630
27537.650648 67.864923 105.698630
23631.394989 -87.438197 105.698630
27536.292252 67.607994 105.698630
27406.079219 67.809035 105.698630
27362.303709 67.790346 105.698630
27233.116534 67.992458 105.698630
27448.612777 67.313008 105.698630
27061.261341 68.177046 105.698630
23289.843645 -88.710061 105.698630
23242.023198 -88.967019 105.698630
23202.741604 -88.707642 105.698630
23155.002790 -88.965080 105.698630
23134.215242 -87.928891 105.698630
23064.840855 -89.222313 105.698630
23034.220563 -88.443448 105.698630
23041.882253 -86.886264 105.698630
22944.493038 -87.139911 105.698630
22874.378507 -87.917156 105.698630
22824.133544 -88.175600 105.698630
24691.653023 73.748646 105.698630
25094.718320 72.063840 105.698630
25693.279277 69.944620 105.698630
25575.213286 70.158312 105.698630
27890.459299 64.143732 105.698630
28359.783702 63.070622 105.698630
28852.754579 62.015560 105.698630
29716.375096 60.379683 105.698630
32477.931303 56.175605 105.698630
32852.996341 55.609145 105.698630
34566.542982 53.486979 105.698630
35139.505064 52.785810 105.698630
35887.661941 51.932156 105.698630
38011.597360 49.839183 105.698630
38844.816238 49.049106 105.698630
40068.041395 47.982448 105.698630
42695.843997 45.973837 105.698630
43249.694337 45.538144 105.698630
45047.131537 44.319577 105.698630
46704.391947 43.274246 105.698630
47315.018314 42.874652 105.698630
47492.285624 42.724214 105.698630
47670.537976 42.574339 105.698630
47628.354303 42.546720 105.698630
48029.997809 42.276269 105.698630
48211.205289 42.128073 105.698630
47945.834544 42.220952 105.698630
48576.575378 41.833352 105.698630
48534.595786 41.805669 105.698630
48267.459037 41.897348 105.698630
47777.997809 42.110027 105.698630
47736.140666 42.082235 105.698630
47694.324339 42.054418 105.698630
47652.548829 42.026577 105.698630
47167.027772 42.241294 105.698630
47346.754963 42.091817 105.698630
47305.101902 42.063890 105.698630
47263.489657 42.035939 105.698630
47000.497160 42.129491 105.698630
47180.387616 41.979963 105.698630
48034.024357 41.471606 105.698630
48673.834656 41.089284 105.698630
49091.320477 40.827883 105.698630
49280.816462 40.684041 105.698630
49239.489931 40.656069 105.698630
50131.099806 40.170106 105.698630
50325.439371 40.029024 105.698630
50996.654037 39.664891 105.698630
52161.739876 39.087168 105.698630
51877.479153 39.168253 105.698630
51112.648058 39.470133 105.698630
50356.355816 39.776539 105.698630
49374.906416 40.201645 105.698630
48638.524559 40.518968 105.698630
48597.606192 40.490742 105.698630
47869.804004 40.812801 105.698630
47601.880843 40.902342 105.698630
47561.084924 40.873974 105.698630
46621.426380 41.322574 105.698630
46804.021616 41.174005 105.698630
46540.038625 41.265586 105.698630
46499.405972 41.237055 105.698630
46458.814135 41.208498 105.698630
46641.572636 41.059894 105.698630
46155.387616 41.271896 105.698630
46337.283523 41.122680 105.698630
46969.616194 40.735826 105.698630
46929.228439 40.707196 105.698630
47342.110126 40.442670 105.698630
47301.804004 40.414028 105.698630
47261.538698 40.385361 105.698630
46994.227782 40.474267 105.698630
47181.130534 40.327955 105.698630
46687.759051 40.534901 105.698630
45752.530473 40.984289 105.698630
46158.144065 40.715171 105.698630
45451.027772 41.047434 105.698630
19571.823237 -88.592839 105.698630
19567.292948 -87.184503 105.698630
19428.718988 -86.608761 105.698630
19161.179941 -87.439519 105.698630
19121.690145 -87.436874 105.698630
19072.576131 -86.577207 105.698630
18956.113201 -87.711892 105.698630
18898.415074 -88.567983 105.698630
18851.616365 -89.139781 105.698630
18846.404431 -87.418210 105.698630
18807.241165 -87.415521 105.698630
18787.003242 -86.838960 105.698630
18719.739396 -86.545062 105.698630
18680.739396 -86.541453 105.698630
18543.211315 -87.107738 105.698630
199352.510847 17.714777 105.698630
198146.651216 17.751082 105.698630
197525.780597 17.760549 105.698630
18352.700788 -88.546844 105.698630
18309.778300 -88.836158 105.698630
18271.145647 -88.834928 105.698630
18225.472113 -89.708386 105.698630
18186.448980 90.000000 105.698630
18148.410889 89.707768 105.698630
18109.941501 -89.707457 105.698630
18071.512929 89.707147 105.698630
18036.902080 89.120566 105.698630
17996.194575 89.413061 105.698630
17957.888453 89.412435 105.698630
17917.734694 90.000000 105.698630
17881.398657 89.411180 105.698630
17845.575549 89.115864 105.698630
17810.737484 88.819964 105.698630
17766.970085 89.409287 105.698630
17728.908861 89.408653 105.698630
17689.472113 89.704001 105.698630
17655.269427 -89.111112 105.698630
17613.553746 89.703364 105.698630
17577.072126 89.406104 105.698630
17537.326531 90.000000 105.698630
17501.398657 89.404822 105.698630
17975.865917 80.263407 105.698630
18105.731392 78.811160 105.698630
17964.644734 79.663759 105.698630
17994.975967 79.075377 105.698630
17889.379428 79.641799 105.698630
17955.200780 78.763748 105.698630
17847.797421 79.329886 105.698630
17916.533084 78.451437 105.698630
17879.084105 78.439182 105.698630
17917.214046 77.850630 105.698630
17804.308595 78.414595 105.698630
17730.629351 78.691882 105.698630
17884.549464 77.236403 105.698630
17930.396481 76.649413 105.698630
17851.174328 76.921959 105.698630
17856.029134 76.621125 105.698630
17818.906685 76.606937 105.698630
17868.693872 76.019744 105.698630
17702.766165 76.866279 105.698630
17665.766165 76.852285 105.698630
17670.825052 76.549888 105.698630
17433.258595 77.985554 105.698630
17555.011063 76.810130 105.698630
17359.544309 77.959691 105.698630
17400.174948 77.362971 105.698630
17363.419846 77.349381 105.698630
17407.909022 76.753508 105.698630
17330.161709 77.030355 105.698630
17032.450482 79.074413 105.698630
16962.338612 79.359299 105.698630
206116.163261 16.357127 105.698630
205481.485693 16.364260 105.698630
202468.342879 16.470057 105.698630
202431.914308 16.452611 105.698630
202395.526553 16.435163 105.698630
192415.060285 16.848941 105.698630
195857.283869 16.676537 105.698630
16321.237460 83.204672 105.698630
16245.355465 83.810493 105.698630
16248.829296 83.189476 105.698630
16212.686439 83.181853 105.698630
16220.018808 82.560353 105.698630
16231.168899 81.939208 105.698630
16220.170488 81.624135 105.698630
16210.157120 81.308858 105.698630
16257.782372 80.383486 105.698630
16282.314896 79.764383 105.698630
16215.770399 80.057198 105.698630
16274.848816 79.134203 105.698630
16206.497498 79.425783 105.698630
16203.338612 79.109960 105.698630
16307.390227 77.886822 105.698630
16347.275270 77.271268 105.698630
16350.848417 76.956853 105.698630
16355.406607 76.642517 105.698630
16279.746376 76.927898 105.698630
16367.478113 76.014153 105.698630
16374.991430 75.700164 105.698630
16428.340540 75.089115 105.698630
16261.253623 75.967614 105.698630
16403.441638 74.759192 105.698630
15340.837704 85.226742 105.698630
16525.533192 73.543732 105.698630
16592.305551 72.939504 105.698630
16557.142286 72.920842 105.698630
16737.303434 71.738653 105.698630
16758.403267 71.430045 105.698630
16780.488142 71.121835 105.698630
16922.530574 70.242387 105.698630
16827.613020 70.506676 105.698630
17038.193492 69.348415 105.698630
17003.315941 69.326277 105.698630
17162.517712 68.460717 105.698630
17194.289748 68.158534 105.698630
17027.342963 68.695288 105.698630
17192.332541 67.833390 105.698630
17365.860972 66.979934 105.698630
17331.228319 66.955621 105.698630
17662.524175 65.568450 105.698630
17552.907164 65.813438 105.698630
17669.473168 65.247867 105.698630
17635.003781 65.222060 105.698630
17677.529653 64.927419 105.698630
17799.883464 64.366865 105.698630
18090.350375 63.284903 105.698630
18139.608280 62.996481 105.698630
18361.700416 62.192464 105.698630
18414.816859 61.907717 105.698630
18558.147731 61.369533 105.698630
18705.296324 60.835544 105.698630
18763.256348 60.555456 105.698630
18916.151932 60.027661 105.698630
18977.026268 59.750414 105.698630
18943.046676 59.720455 105.698630
18627.256348 60.437531 105.698630
19363.847054 58.439456 105.698630
19532.054340 57.928746 105.698630
19600.686568 57.659420 105.698630
19566.911057 57.628117 105.698630
19430.727809 57.835211 105.698630
19707.212273 57.091968 105.698630
19778.840445 56.825336 105.698630
19228.264298 57.981273 105.698630
20252.226331 55.604567 105.698630
20782.870936 54.445735 105.698630
20520.878374 54.859682 105.698630
20948.211831 53.937378 105.698630
20914.803668 53.904061 105.698630
20764.824372 54.091352 105.698630
20731.497842 54.058011 105.698630
21050.880652 53.365846 105.698630
21501.079622 52.470714 105.698630
21591.097073 52.224307 105.698630
21682.099567 51.978930 105.698630
22027.139753 51.318050 105.698630
21994.058121 51.283556 105.698630
22088.959969 51.042432 105.698630
22184.846859 50.802347 105.698630
22412.494136 50.360206 105.698630
22248.800425 50.528445 105.698630
22478.417787 50.088343 105.698630
22578.244848 49.852429 105.698630
23085.546376 49.025442 105.698630
22780.854098 49.383741 105.698630
23435.064449 48.372827 105.698630
23542.608586 48.145603 105.698630
23509.975933 48.109984 105.698630
23903.702273 47.505959 105.698630
24160.084502 47.096876 105.698630
24127.574298 47.061003 105.698630
23806.171661 47.398452 105.698630
24651.873553 46.255710 105.698630
24470.770154 46.401341 105.698630
24736.798728 46.002911 105.698630
24554.832736 46.147359 105.698630
25126.872265 45.395178 105.698630
25714.060231 44.660149 105.698630
