97507.548829 58.714883 248.712329
96767.061134 59.025682 248.712329
97578.450187 58.579966 248.712329
97502.307330 58.566301 248.712329
96759.109405 58.876541 248.712329
97126.834544 58.646690 248.712329
97274.123656 58.525241 248.712329
96752.469249 58.727390 248.712329
96455.109405 58.822052 248.712329
96600.632514 58.700048 248.712329
70499.537846 -88.517137 248.712329
96227.537976 58.781072 248.712329
96595.548829 58.550770 248.712329
70229.249018 -89.554331 248.712329
96221.754963 58.631506 248.712329
96368.467197 58.509500 248.712329
96292.854952 58.495721 248.712329
96217.283523 58.481932 248.712329
95477.489706 58.793921 248.712329
94963.878904 58.998694 248.712329
95547.027772 58.657549 248.712329
95693.040677 58.535093 248.712329
95840.038625 58.412824 248.712329
69493.031504 -88.954565 248.712329
95245.640017 58.602367 248.712329
96061.744751 58.154923 248.712329
95762.286922 58.249036 248.712329
95911.377404 58.127033 248.712329
95612.001208 58.221177 248.712329
95091.244759 58.424253 248.712329
95238.569237 58.301684 248.712329
95386.878759 58.179305 248.712329
95088.610054 58.273790 248.712329
95013.691686 58.259826 248.712329
94938.814135 58.245851 248.712329
94863.977401 58.231865 248.712329
95012.491003 58.109300 248.712329
94714.426380 58.203861 248.712329
94863.021616 58.081221 248.712329
94565.038625 58.175812 248.712329
94490.405972 58.161771 248.712329
94863.377404 57.930576 248.712329
94341.263115 58.133655 248.712329
93382.957090 58.557165 248.712329
93969.918228 58.214531 248.712329
94341.164473 57.982594 248.712329
93821.101902 58.186380 248.712329
93746.754963 58.172287 248.712329
94118.123656 57.940158 248.712329
93820.548829 58.034900 248.712329
93523.959045 58.129943 248.712329
93895.450187 57.897622 248.712329
93821.307330 57.883421 248.712329
93301.530473 58.087498 248.712329
93227.469249 58.073327 248.712329
92711.550930 58.278581 248.712329
92858.048180 58.154566 248.712329
93451.205289 57.812247 248.712329
93377.307330 57.797978 248.712329
93303.450187 57.783698 248.712329
93006.324339 57.878604 248.712329
93155.858350 57.755104 248.712329
92858.814135 57.850040 248.712329
92341.333895 58.055082 248.712329
92934.776718 57.712129 248.712329
92637.854952 57.807109 248.712329
91900.020318 58.122421 248.712329
92490.752911 57.778431 248.712329
92417.263115 57.764075 248.712329
92121.448841 57.859405 248.712329
92270.405972 57.735329 248.712329
91753.252262 57.940703 248.712329
92347.021616 57.597026 248.712329
91828.061086 57.801926 248.712329
91533.395119 57.897622 248.712329
92127.286922 57.553674 248.712329
91830.814135 57.648815 248.712329
91535.326392 57.744263 248.712329
91462.244759 57.729819 248.712329
91389.203943 57.715363 248.712329
91316.203943 57.700895 248.712329
91243.244759 57.686416 248.712329
91616.001208 57.452115 248.712329
91543.123656 57.437561 248.712329
91024.612106 57.642910 248.712329
90290.385661 57.960352 248.712329
91324.735901 57.393828 248.712329
91252.021616 57.379227 248.712329
91179.348146 57.364614 248.712329
91106.715493 57.349990 248.712329
91034.123656 57.335354 248.712329
91185.826383 57.210972 248.712329
90889.062432 57.306048 248.712329
90593.283523 57.401433 248.712329
90520.854952 57.386776 248.712329
90448.467197 57.372108 248.712329
90376.120258 57.357428 248.712329
90303.814135 57.342736 248.712329
90454.858350 57.217846 248.712329
90606.887608 57.093165 248.712329
89864.775371 57.409100 248.712329
89792.632514 57.394387 248.712329
89720.530473 57.379662 248.712329
90094.144065 57.144021 248.712329
90022.123656 57.129221 248.712329
89504.469249 57.335417 248.712329
89878.205289 57.099585 248.712329
88918.734603 57.528073 248.712329
89067.354303 57.402059 248.712329
89662.633861 57.055041 248.712329
89145.183535 57.261437 248.712329
89295.814135 57.135807 248.712329
89447.429779 57.010391 248.712329
89152.467197 57.106056 248.712329
89304.164473 56.980564 248.712329
88565.497160 57.298337 248.712329
88493.966548 57.283472 248.712329
88422.476752 57.268595 248.712329
88572.448841 57.142447 248.712329
88946.715493 56.905787 248.712329
88429.673330 57.112580 248.712329
88804.021616 56.875792 248.712329
88509.426380 56.971581 248.712329
88215.816188 57.067688 248.712329
88144.612106 57.052700 248.712329
88295.814135 56.926539 248.712329
88224.691686 56.911501 248.712329
87489.346848 57.230933 248.712329
87860.203943 56.992627 248.712329
88234.878759 56.755331 248.712329
87496.823691 57.074090 248.712329
87425.905323 57.059043 248.712329
87355.027772 57.043984 248.712329
87284.191037 57.028913 248.712329
87213.395119 57.013829 248.712329
87586.426380 56.775611 248.712329
87515.712095 56.760451 248.712329
87445.038625 56.745278 248.712329
87152.040677 56.841591 248.712329
86860.027772 56.938227 248.712329
87233.263115 56.699688 248.712329
87162.752911 56.684467 248.712329
87092.283523 56.669233 248.712329
86799.489657 56.765613 248.712329
86951.467197 56.638729 248.712329
86658.754963 56.735135 248.712329
86588.448841 56.719878 248.712329
86076.285624 56.928926 248.712329
86670.324339 56.577572 248.712329
86377.775371 56.674031 248.712329
86086.211446 56.770818 248.712329
85795.632563 56.867932 248.712329
85069.806169 57.191688 248.712329
84783.085824 57.290095 248.712329
59985.235650 -88.713973 248.712329
59915.296874 -88.713223 248.712329
59838.317218 -88.873368 248.712329
59775.541772 -88.711719 248.712329
59743.494498 -88.066857 248.712329
81837.070927 58.586951 248.712329
81767.336233 58.572032 248.712329
81493.217360 58.674757 248.712329
81627.989294 58.542156 248.712329
80947.934743 58.881244 248.712329
84668.487702 56.781358 248.712329
84598.957090 56.765941 248.712329
81555.154434 58.364732 248.712329
81280.336233 58.467242 248.712329
80803.022306 58.688272 248.712329
58948.465655 -88.540517 248.712329
58864.031504 -88.864082 248.712329
58801.827487 -88.701095 248.712329
81139.072801 58.274302 248.712329
80864.499498 58.376921 248.712329
80590.911238 58.479888 248.712329
83252.963375 56.952843 248.712329
58482.921610 -88.209004 248.712329
80999.774004 58.081028 248.712329
81138.031678 57.948525 248.712329
81069.072494 57.933269 248.712329
80792.896453 58.035353 248.712329
58111.215242 -88.693398 248.712329
80243.499498 58.240567 248.712329
79970.278585 58.343701 248.712329
57904.827487 -88.691071 248.712329
57844.139125 -88.526648 248.712329
57760.358034 -88.853279 248.712329
57698.807078 -88.688736 248.712329
57623.133544 -88.851914 248.712329
57554.582524 -88.851231 248.712329
57510.150091 -88.358152 248.712329
57417.602932 -88.849861 248.712329
57364.281982 -88.520498 248.712329
79900.671963 57.836068 248.712329
79832.325024 57.820646 248.712329
79764.018902 57.805211 248.712329
79695.753596 57.789764 248.712329
57014.725446 -88.680892 248.712329
56984.310825 -88.020590 248.712329
56871.317218 -88.844349 248.712329
56803.215177 -88.843657 248.712329
56750.261574 -88.512513 248.712329
56682.241165 -88.511621 248.712329
56614.261574 -88.510727 248.712329
56546.322798 -88.509833 248.712329
56470.398915 -88.674548 248.712329
56429.452222 -88.176697 248.712329
78741.215658 57.737440 248.712329
56274.975859 -88.506244 248.712329
56226.125691 -88.173403 248.712329
56169.290416 -88.006276 248.712329
56080.864376 -88.337356 248.712329
56004.281982 -88.502637 248.712329
55945.680703 -88.335348 248.712329
55861.154017 -88.667338 248.712329
55793.664221 -88.666533 248.712329
55726.215242 -88.665726 248.712329
55636.145647 -89.332368 248.712329
55565.473508 -89.498963 248.712329
55561.882253 -87.995403 248.712329
55473.823560 -88.328281 248.712329
55406.578662 -88.327267 248.712329
55360.147559 -87.991752 248.712329
55236.802829 -89.162438 248.712329
55158.349664 -89.832374 248.712329
55090.795918 90.000000 248.712329
55024.227215 -89.832170 248.712329
54957.227215 -89.832068 248.712329
54894.044937 -89.495908 248.712329
54830.431361 -89.327481 248.712329
54757.888453 -89.663523 248.712329
54696.717076 -89.326659 248.712329
54626.616365 -89.494675 248.712329
54559.861263 -89.494366 248.712329
54536.109274 -88.313966 248.712329
54460.465655 -88.481557 248.712329
54402.803152 -88.311901 248.712329
54312.133544 -88.817432 248.712329
54226.697998 -89.492815 248.712329
54163.492586 -89.323353 248.712329
54093.718406 -89.492192 248.712329
54023.512929 -89.830623 248.712329
53958.541514 -89.661040 248.712329
53890.778236 -89.830414 248.712329
53825.888453 -89.660623 248.712329
53759.623146 -89.660414 248.712329
53695.759222 -89.490314 248.712329
53632.880341 -89.320013 248.712329
53559.183673 90.000000 248.712329
53493.553746 -89.829786 248.712329
53427.492521 -89.829681 248.712329
53372.802829 -89.147937 248.712329
53299.269427 -89.488422 248.712329
53233.330651 -89.488105 248.712329
53167.432692 -89.487788 248.712329
53099.214983 -89.658308 248.712329
53043.313033 -89.145295 248.712329
52969.983712 -89.486834 248.712329
52904.249018 -89.486515 248.712329
52851.302196 -88.972475 248.712329
52769.125174 -89.828621 248.712329
52707.289835 -89.485557 248.712329
52639.357840 -89.656819 248.712329
52573.827228 -89.656605 248.712329
52508.337432 -89.656391 248.712329
52445.249018 -89.484273 248.712329
52392.587910 -88.967986 248.712329
52317.778300 -89.311520 248.712329
52261.894033 -88.966696 248.712329
52187.166055 -89.310659 248.712329
52126.170176 -89.137808 248.712329
52060.966094 -89.137268 248.712329
52000.996073 -88.964107 248.712329
51942.011095 -88.790749 248.712329
51870.791992 -88.962808 248.712329
51818.970344 -88.616327 248.712329
51740.751176 -88.961505 248.712329
51666.349729 -89.307193 248.712329
51632.118716 -88.440513 248.712329
51559.215242 -88.612845 248.712329
51494.378507 -88.611972 248.712329
51422.500891 -88.784655 248.712329
51346.415074 -89.131285 248.712329
51286.894033 -88.956920 248.712329
51222.220563 -88.956261 248.712329
51157.587910 -88.955602 248.712329
51087.802829 -89.129089 248.712329
51019.002790 -89.302811 248.712329
50954.492586 -89.302370 248.712329
50894.272217 -89.127435 248.712329
50829.843645 -89.126882 248.712329
50770.649135 -88.951629 248.712329
50701.108951 -89.125774 248.712329
50641.996073 -88.950298 248.712329
50583.868238 -88.774620 248.712329
50526.725446 -88.598741 248.712329
50449.322604 -88.948296 248.712329
50391.317218 -88.772281 248.712329
50327.215177 -88.771499 248.712329
50251.823237 -89.121874 248.712329
50192.996073 -88.945613 248.712329
50123.823237 -89.120754 248.712329
50059.884461 -89.120192 248.712329
49995.986502 -89.119630 248.712329
49932.129359 -89.119067 248.712329
49873.506278 -88.942241 248.712329
49830.975859 -88.412572 248.712329
49745.996073 -88.940886 248.712329
49722.431814 -88.057570 248.712329
49613.455890 -89.116242 248.712329
49549.843645 -89.115675 248.712329
49486.272217 -89.115107 248.712329
49422.741604 -89.114539 248.712329
49355.002790 -89.291155 248.712329
49295.802829 -89.113399 248.712329
49237.587910 -88.935432 248.712329
49180.358034 -88.757255 248.712329
49110.894033 -88.934059 248.712329
49042.415074 -89.111112 248.712329
48984.363420 -88.932683 248.712329
48921.159339 -88.931994 248.712329
48864.133544 -88.753240 248.712329
48789.680380 -89.108812 248.712329
48726.598747 -89.108236 248.712329
48663.557931 -89.107658 248.712329
48611.888647 -88.750009 248.712329
48542.791992 -88.927839 248.712329
48474.680380 -89.105921 248.712329
48411.802829 -89.105341 248.712329
48375.404431 -88.388861 248.712329
48304.582589 -88.566866 248.712329
48228.608318 -88.924352 248.712329
48165.894033 -88.923652 248.712329
48103.220563 -88.922951 248.712329
48040.587910 -88.922249 248.712329
47972.802829 -89.101256 248.712329
47921.582524 -88.741037 248.712329
47866.154017 -88.560316 248.712329
47785.272217 -89.099494 248.712329
47734.174361 -88.738567 248.712329
47678.868303 -88.557491 248.712329
47654.290416 -87.835392 248.712329
47562.241165 -88.375143 248.712329
47484.868238 -88.735260 248.712329
47429.725446 -88.553706 248.712329
47354.322604 -88.914467 248.712329
47292.179747 -88.913754 248.712329
47243.296874 -88.550855 248.712329
47174.153953 -88.731101 248.712329
47127.241165 -88.367659 248.712329
47050.153953 -88.729429 248.712329
46988.215177 -88.728592 248.712329
46933.398915 -88.546077 248.712329
46864.460075 -88.726914 248.712329
46796.506278 -88.908015 248.712329
46755.975859 -88.361189 248.712329
46679.133544 -88.724389 248.712329
46624.521364 -88.541268 248.712329
46555.786606 -88.722700 248.712329
46482.843645 -89.086964 248.712329
46417.023198 -89.269065 248.712329
46355.492586 -89.268580 248.712329
46303.445053 -88.902216 248.712329
46232.553810 -89.267608 248.712329
46175.394666 -89.083930 248.712329
46109.778300 -89.266634 248.712329
46064.031504 -88.715899 248.712329
45987.166055 -89.265657 248.712329
45925.921157 -89.265167 248.712329
45864.717076 -89.264677 248.712329
45797.888453 -89.632078 248.712329
45742.431361 -89.263695 248.712329
45678.044937 -89.447389 248.712329
45617.004120 -89.447019 248.712329
45553.643555 -89.631093 248.712329
45492.684371 -89.630846 248.712329
45431.766004 -89.630598 248.712329
45373.249018 -89.445535 248.712329
45310.051718 -89.630102 248.712329
45247.367347 90.000000 248.712329
45188.500698 -89.629605 248.712329
45126.370072 -89.814676 248.712329
45065.696603 -89.814551 248.712329
45005.063950 89.814427 248.712329
44944.472113 -89.814302 248.712329
44885.337432 -89.628357 248.712329
44822.938776 90.000000 248.712329
44764.357840 -89.627855 248.712329
44702.040816 90.000000 248.712329
44642.125174 89.813674 248.712329
44583.194575 89.627099 248.712329
44521.000000 90.000000 248.712329
44461.206807 89.813295 248.712329
44402.398657 89.626341 248.712329
44363.460075 -88.691515 248.712329
44310.398915 -88.503653 248.712329
44267.292948 -88.128536 248.712329
44160.492521 89.812660 248.712329
44101.888453 89.625070 248.712329
44044.269427 89.437232 248.712329
43987.635443 89.249151 248.712329
43924.432692 89.436465 248.712329
43860.326531 90.000000 248.712329
43802.398657 89.623790 248.712329
43744.983712 89.435310 248.712329
43685.249018 89.434924 248.712329
43625.555141 89.434538 248.712329
43565.902080 89.434151 248.712329
43506.289835 89.433763 248.712329
43465.602932 -88.678067 248.712329
43390.492586 89.244001 248.712329
43335.251808 89.054384 248.712329
43268.249018 89.432208 248.712329
43212.145647 89.242443 248.712329
43149.473508 89.431427 248.712329
43109.031504 88.672610 248.712329
43043.608318 88.861400 248.712329
42984.363420 88.860616 248.712329
42919.966094 89.049820 248.712329
42860.802829 89.049164 248.712329
42797.431361 89.238781 248.712329
42738.349729 89.238255 248.712329
42679.308912 89.237728 248.712329
42635.888647 88.665264 248.712329
42576.929463 88.664340 248.712329
42511.873625 88.854300 248.712329
42452.996073 88.853506 248.712329
42400.296810 88.661560 248.712329
42348.582589 88.469378 248.712329
42282.745789 88.659701 248.712329
42217.894033 88.850318 248.712329
42165.358034 88.657836 248.712329
42113.807078 88.465117 248.712329
42048.133544 88.655966 248.712329
41978.251808 89.039220 248.712329
41931.072320 88.654091 248.712329
41872.602932 88.653152 248.712329
41829.281982 88.267337 248.712329
41762.868303 88.458680 248.712329
41697.439667 88.650325 248.712329
41646.215242 88.456522 248.712329
41580.868238 88.648434 248.712329
41537.751369 88.261265 248.712329
41471.541772 88.453274 248.712329
41430.394989 88.065500 248.712329
41355.296874 88.451101 248.712329
41305.261574 88.256377 248.712329
41256.211315 88.061419 248.712329
41189.261574 88.253923 248.712329
41150.207324 87.864730 248.712329
41082.394989 88.057321 248.712329
41034.452222 87.861719 248.712329
40999.297327 87.471623 248.712329
40929.718988 87.664242 248.712329
40861.125691 87.857186 248.712329
40784.547288 88.245278 248.712329
40726.894227 88.244036 248.712329
40678.252132 88.047691 248.712329
40620.680703 88.046307 248.712329
40573.064467 87.849589 248.712329
40496.690145 88.239051 248.712329
40468.984294 87.650976 248.712329
40400.717528 87.845005 248.712329
40354.208784 87.647636 248.712329
40308.685082 87.450042 248.712329
40239.596539 87.644286 248.712329
40171.493038 87.838863 248.712329
40095.404431 88.230258 248.712329
40057.125691 87.835778 248.712329
40022.664674 87.440940 248.712329
39953.780212 87.635871 248.712329
39921.289280 87.240443 248.712329
39864.289280 87.238469 248.712329
39821.021378 87.039439 248.712329
39750.411729 87.234513 248.712329
39721.860967 86.837931 248.712329
39650.388725 87.033070 248.712329
39593.592806 87.030941 248.712329
39536.837704 87.028809 248.712329
39494.758926 86.828843 248.712329
39438.085457 86.826563 248.712329
39397.032538 86.626243 248.712329
39310.225459 87.020249 248.712329
39283.889681 86.621382 248.712329
39227.379477 86.618947 248.712329
39140.694847 87.013797 248.712329
39114.481517 86.614065 248.712329
39027.878521 87.009480 248.712329
38986.167089 86.808205 248.712329
38915.225459 87.005151 248.712329
38889.175395 86.604259 248.712329
38866.943052 86.203119 248.712329
38776.767232 86.599335 248.712329
38754.616521 86.197612 248.712329
38681.046294 86.394581 248.712329
38642.453256 86.192090 248.712329
38586.432848 86.189323 248.712329
38496.461109 86.586962 248.712329
38474.514481 86.183776 248.712329
38456.385574 85.780379 248.712329
38381.171792 85.977710 248.712329
38344.712104 85.774228 248.712329
38251.167542 86.172634 248.712329
38177.964661 86.370872 248.712329
38122.270784 86.368219 248.712329
38084.085909 86.164235 248.712329
38046.886077 85.960050 248.712329
38010.671288 85.755667 248.712329
37955.140676 85.752557 248.712329
37899.650880 85.749443 248.712329
37885.747858 85.342918 248.712329
37809.094602 85.541296 248.712329
37733.426390 85.740074 248.712329
37698.400725 85.534741 248.712329
37643.115011 85.531457 248.712329
37609.115205 85.325784 248.712329
37553.911123 85.322342 248.712329
37498.747858 85.318895 248.712329
37443.625409 85.315443 248.712329
37367.298684 85.514962 248.712329
37333.502960 85.308523 248.712329
37278.502960 85.305056 248.712329
37162.641179 85.912188 248.712329
37168.625409 85.298106 248.712329
37034.432848 86.110175 248.712329
37104.233986 84.883756 248.712329
37004.115205 85.287642 248.712329
36994.682965 84.876166 248.712329
36939.968679 84.872363 248.712329
36818.727256 85.481605 248.712329
36854.740328 84.660493 248.712329
36752.937176 85.065446 248.712329
36745.597471 84.652546 248.712329
36716.109264 84.444003 248.712329
36636.617879 84.644575 248.712329
36607.211304 84.435720 248.712329
36552.823549 84.431569 248.712329
36449.376843 84.837877 248.712329
36395.070720 84.834017 248.712329
36364.883185 84.624545 248.712329
36335.680692 84.414902 248.712329
36209.263706 85.028446 248.712329
36227.354162 84.406531 248.712329
36148.230124 84.608413 248.712329
36094.168899 84.604364 248.712329
36065.170488 84.393929 248.712329
36037.157120 84.183326 248.712329
36010.128794 83.972563 248.712329
35929.320385 84.174574 248.712329
35777.263706 84.998445 248.712329
35821.646916 84.165795 248.712329
35741.905182 84.368552 248.712329
35768.901837 83.742833 248.712329
35687.353284 83.945265 248.712329
35606.789773 84.148158 248.712329
35553.177528 84.143732 248.712329
35526.516549 83.931524 248.712329
35472.985937 83.926929 248.712329
35419.496141 83.922328 248.712329
35422.700739 83.501726 248.712329
35340.493674 83.704869 248.712329
35259.271651 83.908483 248.712329
35233.799796 83.695307 248.712329
35152.659406 83.899217 248.712329
35156.068086 83.477024 248.712329
35074.065102 83.680908 248.712329
35020.901837 83.676094 248.712329
34996.578290 83.462112 248.712329
34914.697756 83.666444 248.712329
34920.198970 83.242835 248.712329
34867.198970 83.237678 248.712329
34844.927141 83.023081 248.712329
34731.578290 83.437109 248.712329
34739.131223 83.012413 248.712329
34686.294488 83.007066 248.712329
34633.498570 83.001711 248.712329
34580.743468 82.996349 248.712329
34384.034671 84.044646 248.712329
34444.668358 83.196133 248.712329
34392.035705 83.190904 248.712329
34401.762804 82.764154 248.712329
34381.787591 82.547969 248.712329
34265.069998 82.963999 248.712329
34276.807999 82.536502 248.712329
34191.803620 82.741853 248.712329
34171.991673 82.524999 248.712329
34119.644734 82.519234 248.712329
34067.338612 82.513460 248.712329
33982.497498 82.719414 248.712329
33962.848816 82.501887 248.712329
33878.089335 82.708143 248.712329
33892.042319 82.278267 248.712329
33806.420244 82.484459 248.712329
33690.151631 82.903912 248.712329
33702.338612 82.472796 248.712329
33617.783212 82.679813 248.712329
33534.212856 82.887348 248.712329
33513.946478 82.668419 248.712329
33528.185176 82.236224 248.712329
33476.368850 82.230181 248.712329
33391.073306 82.437589 248.712329
33339.338612 82.431690 248.712329
33321.164768 82.211994 248.712329
33141.096929 83.062967 248.712329
33089.484684 83.057532 248.712329
33166.328033 82.193723 248.712329
33114.797421 82.187614 248.712329
33097.771885 81.967112 248.712329
33046.322906 81.960820 248.712329
32960.450482 82.169229 248.712329
32909.083135 82.163082 248.712329
32824.236571 82.372187 248.712329
32840.935151 81.935554 248.712329
32721.705959 82.360174 248.712329
32738.486171 81.922861 248.712329
32722.731392 81.701031 248.712329
32636.200457 81.910129 248.712329
32585.118824 81.903748 248.712329
32534.078008 81.897357 248.712329
32483.078008 81.890956 248.712329
32467.527310 81.668248 248.712329
32313.216163 82.311746 248.712329
32330.322906 81.871693 248.712329
32245.021911 82.082283 248.712329
32264.098739 81.641835 248.712329
32143.470890 82.069705 248.712329
32198.982064 81.411510 248.712329
32076.547395 81.839384 248.712329
32061.323229 81.615256 248.712329
31907.338612 82.262704 248.712329
31924.771885 81.819876 248.712329
31909.670168 81.595212 248.712329
31859.200780 81.588509 248.712329
31882.421860 81.145581 248.712329
31832.034105 81.138520 248.712329
31672.629028 81.787156 248.712329
31731.381044 81.124363 248.712329
31681.115738 81.117268 248.712329
31487.368850 81.986972 248.712329
31543.410635 81.322039 248.712329
31456.915066 81.534502 248.712329
31480.462676 81.088774 248.712329
31430.401452 81.081623 248.712329
31380.381044 81.074459 248.712329
31186.879054 81.948206 248.712329
31280.462676 81.060099 248.712329
31087.042319 81.935202 248.712329
31143.410635 81.266055 248.712329
31130.891248 81.038472 248.712329
31043.818799 81.251947 248.712329
30994.084105 81.244876 248.712329
30908.037514 81.459109 248.712329
30932.034105 81.009474 248.712329
30845.124921 81.223595 248.712329
30871.091597 80.773603 248.712329
30821.560985 80.766128 248.712329
30772.071189 80.758641 248.712329
30722.622209 80.751141 248.712329
30673.214046 80.743630 248.712329
30623.846699 80.736106 248.712329
30574.520168 80.728571 248.712329
30525.234454 80.721023 248.712329
30475.989556 80.713463 248.712329
30426.785474 80.705891 248.712329
30339.381044 80.921353 248.712329
30290.258595 80.913932 248.712329
30167.527310 81.354127 248.712329
30192.136146 80.899054 248.712329
30105.839207 81.115629 248.712329
30020.527310 81.332822 248.712329
30007.961656 81.101034 248.712329
29887.322906 81.543673 248.712329
29873.894657 81.311413 248.712329
29825.098739 81.304254 248.712329
29740.935151 81.522735 248.712329
29624.236571 81.968190 248.712329
29678.955882 81.282704 248.712329
29594.914742 81.501693 248.712329
29546.322906 81.494656 248.712329
29533.180372 81.261048 248.712329
29558.319819 80.801158 248.712329
29472.553493 81.019905 248.712329
29499.663025 80.559657 248.712329
29413.034105 80.778269 248.712329
29482.243341 80.091665 248.712329
29433.937219 80.083455 248.712329
29345.542295 80.301607 248.712329
29297.317805 80.293551 248.712329
29209.948740 80.512525 248.712329
29200.991274 80.277399 248.712329
29113.703842 80.496711 248.712329
29027.401452 80.716677 248.712329
28247.133544 -88.360106 248.712329
28193.016482 -88.593079 248.712329
28151.215177 -88.357314 248.712329
28103.317218 -88.355914 248.712329
28865.134131 80.220447 248.712329
28778.132413 80.440948 248.712329
27974.975859 -87.881140 248.712329
27912.133544 -88.350291 248.712329
27888.517438 -87.641936 248.712329
27755.595079 -87.399767 248.712329
27623.984294 -87.156442 248.712329
27565.717528 -87.390821 248.712329
27046.921610 -87.365899 248.712329
27010.861845 -87.124323 248.712329
26776.882253 -87.111776 248.712329
26730.208784 -87.109253 248.712329
26672.717528 -87.347473 248.712329
26543.923069 -87.099119 248.712329
26430.252132 -87.577720 248.712329
26393.778753 -87.333483 248.712329
26337.517438 -87.573456 248.712329
26291.211315 -87.571319 248.712329
26244.946009 -87.569178 248.712329
26729.848816 81.541485 248.712329
26717.185176 81.295886 248.712329
26106.394989 -87.562732 248.712329
26081.065927 -87.073469 248.712329
26512.783212 81.751057 248.712329
25988.984294 -87.068285 248.712329
23783.984294 -86.935273 248.712329
23719.231723 -87.442948 248.712329
23685.207324 -87.185025 248.712329
23631.394989 -87.438197 248.712329
24086.089335 81.342443 248.712329
24142.833110 80.583049 248.712329
24134.466086 80.324430 248.712329
23987.338612 81.067285 248.712329
24011.629028 80.557121 248.712329
23899.991673 81.050843 248.712329
23889.899462 80.790999 248.712329
23916.200780 80.279953 248.712329
23802.797421 80.774018 248.712329
23759.307625 80.765505 248.712329
23750.322906 80.504838 248.712329
23706.914742 80.496069 248.712329
23595.563101 80.992820 248.712329
23620.220865 80.478482 248.712329
23576.935151 80.469664 248.712329
24315.509633 75.974685 248.712329
24658.966223 74.259197 248.712329
24984.051217 72.806640 248.712329
25205.312133 71.843798 248.712329
25162.230500 71.827719 248.712329
26581.324117 67.448760 248.712329
27735.130958 64.590623 248.712329
28721.378447 62.471161 248.712329
28895.632130 62.038154 248.712329
30235.101889 59.615645 248.712329
30683.262833 58.816469 248.712329
30891.631111 58.409103 248.712329
31625.030032 57.253492 248.712329
31582.315746 57.228579 248.712329
32908.770419 55.379093 248.712329
34179.084442 53.776589 248.712329
35210.550027 52.565965 248.712329
38142.311867 49.658100 248.712329
38449.165396 49.325022 248.712329
38937.823304 48.844050 248.712329
40727.193764 47.348421 248.712329
42808.843082 45.782038 248.712329
45213.930725 44.162683 248.712329
45381.714955 44.006370 248.712329
45762.463034 43.723141 248.712329
45720.238544 43.695477 248.712329
46104.845160 43.414593 248.712329
46709.969435 43.011510 248.712329
46451.167457 43.108342 248.712329
45978.539038 43.331409 248.712329
46583.785761 42.928319 248.712329
46541.806169 42.900539 248.712329
46717.511557 42.748810 248.712329
46457.969435 42.844903 248.712329
46852.344845 42.569816 248.712329
46591.940129 42.665272 248.712329
46768.753008 42.514069 248.712329
46290.785761 42.733330 248.712329
46904.857052 42.335514 248.712329
46207.438823 42.677393 248.712329
46383.470741 42.525541 248.712329
46341.899312 42.497519 248.712329
46518.957090 42.346230 248.712329
46477.467294 42.318169 248.712329
46217.429925 42.413304 248.712329
45958.377598 42.508974 248.712329
46134.654414 42.357034 248.712329
46311.916273 42.205675 248.712329
46270.630559 42.177489 248.712329
46229.385661 42.149278 248.712329
46407.714195 41.998473 248.712329
45928.429925 42.215918 248.712329
45887.307476 42.187619 248.712329
45628.581680 42.282997 248.712329
44940.273731 42.629260 248.712329
45114.085216 42.475379 248.712329
44858.314548 42.572393 248.712329
44390.605891 42.796604 248.712329
44562.651371 42.641450 248.712329
44096.912800 42.866772 248.712329
44481.018718 42.584353 248.712329
44227.340585 42.682369 248.712329
43974.647493 42.780947 248.712329
44145.952829 42.625093 248.712329
44105.320176 42.596416 248.712329
44064.728340 42.567712 248.712329
44450.967609 42.286493 248.712329
44196.590147 42.383688 248.712329
44369.988017 42.229000 248.712329
44329.559446 42.200214 248.712329
43862.381401 42.423796 248.712329
44248.824752 42.142563 248.712329
44208.518629 42.113698 248.712329
43741.463034 42.337128 248.712329
43278.225159 42.562947 248.712329
42403.345432 43.050937 248.712329
19788.167967 -86.639738 248.712329
18983.023651 -86.855340 248.712329
18924.853410 -87.423570 248.712329
18915.351641 -86.562995 248.712329
18846.404431 -87.418210 248.712329
18826.125691 -86.842250 248.712329
18797.861845 -86.552257 248.712329
198419.079788 17.873585 248.712329
197216.752164 17.910459 248.712329
18635.888647 -87.980897 248.712329
199469.143500 17.767150 248.712329
198846.221164 17.776611 248.712329
18507.802829 -88.552947 248.712329
18514.288957 -86.815741 248.712329
18422.616365 -89.129822 248.712329
18383.861263 -89.128905 248.712329
18345.146978 -89.127987 248.712329
18304.112942 -89.418019 248.712329
18271.145647 -88.834928 248.712329
18232.553810 -88.833696 248.712329
18188.337432 -89.416170 248.712329
18152.187794 -89.123364 248.712329
18113.718406 -89.122433 248.712329
18072.929269 -89.414308 248.712329
18033.125174 -89.706835 248.712329
18006.108951 -88.532922 248.712329
17960.249018 -89.118692 248.712329
17925.288504 -88.823741 248.712329
17883.759222 -89.116809 248.712329
17845.575549 -89.115864 248.712329
17803.655787 -89.704952 248.712329
17765.081633 90.000000 248.712329
17727.492521 89.704319 248.712329
17689.472113 89.704001 248.712329
17922.957584 82.924511 248.712329
17932.230124 82.333474 248.712329
17824.931531 83.202034 248.712329
17856.475022 82.317131 248.712329
17794.580924 82.601402 248.712329
17756.805414 82.593492 248.712329
17719.070720 82.585566 248.712329
17636.053980 83.165556 248.712329
17598.400919 83.158214 248.712329
17606.111537 82.561685 248.712329
17568.540108 82.553690 248.712329
17555.087267 82.251060 248.712329
17493.519700 82.537650 248.712329
17432.937176 82.825242 248.712329
17493.728548 81.636154 248.712329
17456.361201 81.627143 248.712329
17368.046450 82.209189 248.712329
17330.760736 82.200761 248.712329
17293.515838 82.192314 248.712329
17307.299977 81.590904 248.712329
17414.131223 80.106061 248.712329
17474.736197 79.215241 248.712329
17507.527310 78.619102 248.712329
17367.093714 79.485454 248.712329
17398.078008 78.887210 248.712329
17432.880023 78.290096 248.712329
17074.924712 81.228741 248.712329
17396.381044 77.972636 248.712329
16899.233986 82.406811 248.712329
16817.115205 83.000313 248.712329
16802.549421 82.691171 248.712329
16524.113201 -87.549193 248.712329
16480.358034 -87.852852 248.712329
16443.725381 -87.850460 248.712329
16441.125691 -86.620718 248.712329
16404.574671 -86.616951 248.712329
16310.938776 90.000000 248.712329
16278.718406 89.074288 248.712329
16245.594627 88.764418 248.712329
16248.864376 86.910098 248.712329
16203.547288 87.215456 248.712329
16196.984294 86.285382 248.712329
16149.860385 86.590346 248.712329
16124.494498 86.277030 248.712329
16141.187498 85.035890 248.712329
16120.624375 84.721407 248.712329
16156.283533 83.481743 248.712329
16120.222308 83.474425 248.712329
16064.845261 83.775679 248.712329
16089.768266 82.843040 248.712329
16032.584398 83.143481 248.712329
16063.254394 82.210536 248.712329
16102.463242 81.279617 248.712329
16066.646916 81.269827 248.712329
16057.781855 80.952948 248.712329
16108.443868 80.023792 248.712329
16201.164768 78.794084 248.712329
16131.991673 79.085610 248.712329
16129.899462 78.769035 248.712329
16128.792293 78.452430 248.712329
16165.022880 77.832785 248.712329
16166.830023 77.516547 248.712329
16169.622209 77.200355 248.712329
16254.602900 76.282754 248.712329
16178.161709 76.568182 248.712329
16268.889390 75.652613 248.712329
16233.603675 75.636694 248.712329
16332.911026 74.725520 248.712329
16392.129575 74.115415 248.712329
16356.966309 74.097898 248.712329
16227.421230 74.674738 248.712329
16486.938204 72.883398 248.712329
16557.650734 72.279873 248.712329
16576.943747 71.969261 248.712329
16541.984563 71.949562 248.712329
16675.610591 71.060310 248.712329
16640.733040 71.039715 248.712329
16905.688157 69.587337 248.712329
16933.683288 69.281864 248.712329
16962.663462 68.976904 248.712329
17058.252406 68.391691 248.712329
17023.578936 68.368589 248.712329
17191.482826 67.508218 248.712329
17226.291622 67.207225 248.712329
17262.085462 66.906848 248.712329
17298.864344 66.607102 248.712329
17264.394956 66.582369 248.712329
17524.564992 65.466157 248.712329
17721.040568 64.633495 248.712329
17608.794959 64.875142 248.712329
17811.017526 64.047845 248.712329
17776.752220 64.020980 248.712329
17904.934655 63.465211 248.712329
18036.934811 62.913465 248.712329
18259.149395 62.107690 248.712329
18489.902833 61.311847 248.712329
18278.327063 61.793682 248.712329
18511.994812 61.000260 248.712329
18661.195124 60.467093 248.712329
18535.194283 60.689054 248.712329
18686.364680 60.157486 248.712329
18841.352798 59.630255 248.712329
18903.375442 59.353110 248.712329
19162.782199 58.588940 248.712329
18932.648434 59.046311 248.712329
19295.529604 58.043756 248.712329
19465.829425 57.533885 248.712329
19432.217180 57.502366 248.712329
19711.656771 56.761534 248.712329
19678.126159 56.729551 248.712329
19539.355130 56.932903 248.712329
20487.429394 54.826767 248.712329
20567.800501 54.569504 248.712329
20764.824372 54.091352 248.712329
20848.109790 53.837267 248.712329
20932.380251 53.584200 248.712329
20781.579178 53.770259 248.712329
20748.375096 53.736674 248.712329
20832.768006 53.483206 248.712329
20799.645557 53.449434 248.712329
21246.230887 52.548076 248.712329
21582.854669 51.875978 248.712329
21302.467377 52.265741 248.712329
21768.059683 51.387654 248.712329
22118.969308 50.732783 248.712329
22346.698217 50.290344 248.712329
22183.086139 50.458575 248.712329
22679.056952 49.617562 248.712329
22512.693828 49.782084 248.712329
22613.587564 49.547033 248.712329
22850.962818 49.115552 248.712329
22548.281441 49.476299 248.712329
23760.651988 47.694276 248.712329
23871.151252 47.470172 248.712329
23695.590763 47.622696 248.712329
23950.166172 47.211204 248.712329
23917.737601 47.175252 248.712329
24176.171547 46.768063 248.712329
24143.824609 46.731981 248.712329
24258.345677 46.511909 248.712329
24522.567430 46.111147 248.712329
24490.342940 46.074887 248.712329
