97507.548829 58.714883 307.890411
97654.633861 58.593620 307.890411
97355.140666 58.687638 307.890411
70986.072126 -89.704477 307.890411
97875.657010 58.337916 307.890411
97126.834544 58.646690 307.890411
96828.448841 58.741045 307.890411
97198.144065 58.511533 307.890411
96898.895768 58.605646 307.890411
96600.632514 58.700048 307.890411
96524.775371 58.686361 307.890411
96894.633861 58.456595 307.890411
95931.285624 58.876074 307.890411
96519.814135 58.537024 307.890411
70161.108951 -89.256845 307.890411
96591.776718 58.401484 307.890411
96516.164473 58.387680 307.890411
95553.020318 58.807641 307.890411
96141.752911 58.468132 307.890411
95622.476752 58.671317 307.890411
95768.448841 58.548899 307.890411
95915.405972 58.426667 307.890411
95617.673330 58.521276 307.890411
95988.021616 58.290743 307.890411
95245.640017 58.602367 307.890411
94949.918277 58.697582 307.890411
94874.714195 58.683775 307.890411
95463.814135 58.343444 307.890411
94944.905323 58.547011 307.890411
95761.173322 58.099100 307.890411
95461.878759 58.193273 307.890411
94941.203943 58.396434 307.890411
94866.244759 58.382507 307.890411
95013.691686 58.259826 307.890411
95611.575378 57.921068 307.890411
95536.738643 57.907004 307.890411
95236.744751 58.000987 307.890411
94492.061086 58.312711 307.890411
94639.712095 58.189842 307.890411
95237.799867 57.850638 307.890411
95163.167214 57.836519 307.890411
94639.123656 58.039019 307.890411
94564.572636 58.024929 307.890411
94714.316179 57.902333 307.890411
94415.593044 57.996717 307.890411
94117.854952 58.091399 307.890411
94043.467197 58.077291 307.890411
94416.683526 57.845716 307.890411
93894.814135 58.049042 307.890411
93820.548829 58.034900 307.890411
94419.085582 57.694717 307.890411
93895.450187 57.897622 307.890411
93821.307330 57.883421 307.890411
93747.205289 57.869209 307.890411
93897.397812 57.746205 307.890411
93823.377404 57.731944 307.890411
93749.397812 57.717672 307.890411
93900.657010 57.594791 307.890411
94052.901251 57.472109 307.890411
93979.044108 57.457752 307.890411
93679.085582 57.551797 307.890411
93155.858350 57.755104 307.890411
93306.377404 57.631803 307.890411
93232.683526 57.617452 307.890411
93384.228439 57.494313 307.890411
93085.418220 57.588716 307.890411
93237.044765 57.465503 307.890411
92938.316179 57.559934 307.890411
92640.572636 57.654668 307.890411
92791.377404 57.531107 307.890411
92048.040677 57.845052 307.890411
92644.601894 57.502234 307.890411
92571.275363 57.487780 307.890411
92497.989649 57.473315 307.890411
92424.744751 57.458838 307.890411
92351.540669 57.444350 307.890411
92278.377404 57.429851 307.890411
92205.254955 57.415340 307.890411
92132.173322 57.400817 307.890411
92059.132506 57.386283 307.890411
91538.569237 57.590909 307.890411
91913.173322 57.357181 307.890411
90948.905323 57.782233 307.890411
91767.377404 57.328032 307.890411
91246.977401 57.532818 307.890411
90951.816188 57.628384 307.890411
91324.735901 57.393828 307.890411
91028.712095 57.489128 307.890411
90956.038625 57.474541 307.890411
91556.167214 57.130894 307.890411
90588.448841 57.555582 307.890411
90961.572636 57.320707 307.890411
91338.514153 57.086798 307.890411
90593.283523 57.401433 307.890411
90968.418220 57.166883 307.890411
90896.030465 57.152163 307.890411
90599.429779 57.247293 307.890411
90303.814135 57.342736 307.890411
90679.112098 57.107932 307.890411
90159.324339 57.313316 307.890411
90310.450187 57.188352 307.890411
90238.307330 57.173587 307.890411
90166.205289 57.158810 307.890411
89870.834544 57.254336 307.890411
90022.123656 57.129221 307.890411
89726.834544 57.224775 307.890411
90102.459037 56.989467 307.890411
90255.759051 56.864736 307.890411
89958.703934 56.959732 307.890411
89662.633861 57.055041 307.890411
89590.858350 57.040170 307.890411
89073.448841 57.246605 307.890411
89001.754963 57.231761 307.890411
88930.101902 57.216905 307.890411
89304.164473 56.980564 307.890411
88565.497160 57.298337 307.890411
88937.752911 57.061339 307.890411
88422.476752 57.268595 307.890411
88794.814135 57.031468 307.890411
88501.040677 57.127520 307.890411
88875.348146 56.890796 307.890411
88358.346800 57.097628 307.890411
88956.989649 56.750252 307.890411
88215.816188 57.067688 307.890411
88590.286922 56.830710 307.890411
88073.448841 57.037700 307.890411
88224.691686 56.911501 307.890411
87489.346848 57.230933 307.890411
87638.782874 57.104147 307.890411
61718.643555 -89.683065 307.890411
61646.268032 -89.841440 307.890411
61579.126569 -89.524057 307.890411
61508.249018 -89.523783 307.890411
61435.051718 -89.682335 307.890411
61364.255800 -89.682151 307.890411
61293.500698 -89.681968 307.890411
61221.370072 -89.840891 307.890411
61154.473508 -89.522407 307.890411
61080.063950 -89.840707 307.890411
61010.888453 -89.681232 307.890411
60940.337432 -89.681048 307.890411
60872.187794 -89.521301 307.890411
60799.357840 -89.680678 307.890411
60728.929269 -89.680493 307.890411
60657.125174 -89.840153 307.890411
60590.555141 -89.520190 307.890411
60516.472113 -89.839967 307.890411
60449.983712 -89.519632 307.890411
60379.759222 -89.519353 307.890411
60307.214983 -89.679378 307.890411
60237.072126 -89.679191 307.890411
60166.970085 -89.679005 307.890411
60095.492521 -89.839407 307.890411
60025.472113 -89.839314 307.890411
59959.269427 -89.517670 307.890411
59885.553746 -89.839126 307.890411
59815.655787 -89.839032 307.890411
59745.798644 -89.838938 307.890411
59687.313033 -89.194271 307.890411
59622.730767 -89.032588 307.890411
59552.996073 -89.032021 307.890411
59534.290416 -88.063462 307.890411
58631.984294 -88.048612 307.890411
58562.861845 -88.047460 307.890411
58493.780212 -88.046307 307.890411
58424.739396 -88.045153 307.890411
58334.966417 -88.369804 307.890411
58286.780212 -88.042840 307.890411
58197.088866 -88.367874 307.890411
58138.125691 -88.203699 307.890411
58059.374581 -88.365939 307.890411
58011.351641 -88.038197 307.890411
57873.882253 -88.035868 307.890411
57314.778753 -88.190839 307.890411
57257.290416 -88.025316 307.890411
57178.125691 -88.188678 307.890411
57109.860385 -88.187595 307.890411
57052.494498 -88.021774 307.890411
56848.065927 -88.018219 307.890411
56780.004702 -88.017031 307.890411
56691.211315 -88.346333 307.890411
56623.231723 -88.345340 307.890411
56576.065927 -88.013459 307.890411
56478.424839 -88.508937 307.890411
56419.537846 -88.342355 307.890411
56361.635896 -88.175600 307.890411
56169.290416 -88.006276 307.890411
56101.637355 -88.005073 307.890411
56023.166508 -88.170096 307.890411
55945.680703 -88.335348 307.890411
55888.064467 -88.167885 307.890411
55810.660295 -88.333335 307.890411
55763.984294 -87.999040 307.890411
55685.717528 -88.164558 307.890411
55608.435805 -88.330306 307.890411
55551.023651 -88.162333 307.890411
55494.596539 -87.994188 307.890411
55427.351641 -87.992971 307.890411
55339.374581 -88.326251 307.890411
55272.211315 -88.325234 307.890411
55215.003242 -88.156748 307.890411
55158.780212 -87.988089 307.890411
55091.739396 -87.986864 307.890411
55003.966417 -88.321154 307.890411
54946.921610 -88.152255 307.890411
54880.003242 -88.151129 307.890411
54803.211315 -88.318081 307.890411
54736.374581 -88.317054 307.890411
54660.608512 -88.484341 307.890411
54585.827487 -88.651858 307.890411
54546.023651 -88.145475 307.890411
54452.439732 -88.650207 307.890411
54385.807078 -88.649380 307.890411
54336.211315 -88.310867 307.890411
54269.660295 -88.309831 307.890411
54203.150091 -88.308794 307.890411
54146.595079 -88.138645 307.890411
54061.281982 -88.475960 307.890411
53937.517438 -88.304634 307.890411
53871.211315 -88.303590 307.890411
53804.946009 -88.302546 307.890411
53759.494498 -87.962062 307.890411
53627.167967 -87.959548 307.890411
53561.065927 -87.958289 307.890411
53495.004702 -87.957028 307.890411
53418.125691 -88.125992 307.890411
53342.231723 -88.295197 307.890411
53267.322798 -88.464642 307.890411
53201.424839 -88.463691 307.890411
53127.541772 -88.633477 307.890411
53054.643749 -88.803498 307.890411
53012.946009 -88.289909 307.890411
52967.984294 -87.946886 307.890411
52881.517438 -88.287785 307.890411
52815.864376 -88.286721 307.890411
52750.252132 -88.285655 307.890411
52667.684630 -88.627523 307.890411
52619.150091 -88.283520 307.890411
52529.582524 -88.797532 307.890411
52471.215242 -88.624955 307.890411
52432.717528 -88.108458 307.890411
52340.439732 -88.623238 307.890411
52275.113201 -88.622378 307.890411
52202.745789 -88.793773 307.890411
52152.608512 -88.448316 307.890411
52072.296810 -88.792263 307.890411
52007.133544 -88.791506 307.890411
51949.092793 -88.618061 307.890411
51892.037084 -88.444424 307.890411
51818.970344 -88.616327 307.890411
51753.970344 -88.615458 307.890411
51689.011160 -88.614588 307.890411
51641.088866 -88.267337 307.890411
51576.211315 -88.266247 307.890411
51502.404431 -88.438550 307.890411
51446.578662 -88.264063 307.890411
51364.827487 -88.610222 307.890411
51308.139125 -88.435596 307.890411
51235.439732 -88.608468 307.890411
51178.833002 -88.433620 307.890411
51114.241165 -88.432630 307.890411
51041.664221 -88.605829 307.890411
50985.179941 -88.430647 307.890411
50912.684630 -88.604064 307.890411
50848.256058 -88.603179 307.890411
50791.894227 -88.427663 307.890411
50719.521364 -88.601407 307.890411
50655.215242 -88.600520 307.890411
50583.868238 -88.774620 307.890411
50526.725446 -88.598741 307.890411
50455.460075 -88.773061 307.890411
50398.398915 -88.596958 307.890411
50327.215177 -88.771499 307.890411
50270.235650 -88.595170 307.890411
50199.133544 -88.769932 307.890411
50135.153953 -88.769148 307.890411
50078.296874 -88.592480 307.890411
50014.398915 -88.591581 307.890411
49950.541772 -88.590681 307.890411
49894.751369 -88.413587 307.890411
49822.949936 -88.588877 307.890411
49759.215242 -88.587973 307.890411
49695.521364 -88.587069 307.890411
49631.868303 -88.586163 307.890411
49576.281982 -88.408498 307.890411
49504.684630 -88.584347 307.890411
49441.154017 -88.583438 307.890411
49377.664221 -88.582527 307.890411
49314.215242 -88.581616 307.890411
49250.807078 -88.580703 307.890411
49187.439732 -88.579788 307.890411
49124.113201 -88.578873 307.890411
49060.827487 -88.577957 307.890411
48997.582589 -88.577039 307.890411
48934.378507 -88.576120 307.890411
48879.241165 -88.397188 307.890411
48816.118716 -88.396152 307.890411
48762.007234 -88.216903 307.890411
48681.970344 -88.572433 307.890411
48611.888647 -88.750009 307.890411
48556.011160 -88.570582 307.890411
48486.011095 -88.748387 307.890411
48430.215242 -88.568726 307.890411
48375.404431 -88.388861 307.890411
48291.363420 -88.925051 307.890411
48223.415074 -89.103595 307.890411
48160.700788 -89.103011 307.890411
48093.778300 -89.281920 307.890411
48061.833002 -88.383612 307.890411
48008.211315 -88.202954 307.890411
47945.660295 -88.201782 307.890411
47883.150091 -88.200608 307.890411
47841.453682 -87.839632 307.890411
47758.252132 -88.198256 307.890411
47686.894227 -88.377268 307.890411
47586.778236 -89.819531 307.890411
47524.000000 90.000000 307.890411
47462.206807 89.819294 307.890411
47399.982317 89.819175 307.890411
47337.798644 89.819057 307.890411
47275.655787 89.818938 307.890411
47213.081633 90.000000 307.890411
47151.492521 89.818700 307.890411
47089.472113 -89.818580 307.890411
47028.908861 89.636925 307.890411
46969.330651 89.455038 307.890411
46914.986502 89.091180 307.890411
46841.326531 90.000000 307.890411
46787.064015 89.271961 307.890411
46725.288504 89.271480 307.890411
46663.553810 89.270998 307.890411
46606.108951 89.088173 307.890411
46570.894227 -88.357935 307.890411
46488.036890 88.904398 307.890411
46432.602932 -88.721007 307.890411
46364.934849 88.902944 307.890411
46316.664221 88.536427 307.890411
46263.241165 -88.352483 307.890411
46180.587910 88.900757 307.890411
46159.350181 -87.983965 307.890411
46071.113201 -88.532531 307.890411
46036.737936 -87.981281 307.890411
45956.608512 88.346994 307.890411
45895.404431 88.345892 307.890411
45843.211315 88.160996 307.890411
45782.088866 88.159768 307.890411
45712.037084 -88.342577 307.890411
45650.996267 -88.341469 307.890411
45598.966417 -88.156075 307.890411
45529.037084 -88.339248 307.890411
45487.003242 -87.969114 307.890411
45399.215242 -88.521710 307.890411
45346.404431 -88.335906 307.890411
45294.578662 -88.149888 307.890411
45243.737936 -87.963659 307.890411
45156.113201 -88.517735 307.890411
45103.465655 -88.331429 307.890411
45125.452804 87.033469 307.890411
45064.860967 87.031473 307.890411
44975.983157 87.400245 307.890411
44929.164235 87.212955 307.890411
44830.453682 -87.768226 307.890411
44749.252132 -88.138645 307.890411
44638.431814 -87.949893 307.890411
44559.241165 -88.321268 307.890411
44631.167542 86.457116 307.890411
44589.355465 86.268640 307.890411
44493.291192 86.638601 307.890411
44469.028934 86.263588 307.890411
44408.926894 86.261057 307.890411
44388.523174 85.885602 307.890411
44328.502766 85.882812 307.890411
44311.957584 85.506946 307.890411
44299.230124 85.130955 307.890411
44192.120849 85.500845 307.890411
44179.475022 85.124344 307.890411
44119.658695 85.121032 307.890411
44035.805414 85.304640 307.890411
44000.148491 85.114395 307.890411
43916.376843 85.298245 307.890411
43905.823549 84.920542 307.890411
43872.177528 84.729866 307.890411
43812.606099 84.726274 307.890411
43753.075487 84.722677 307.890411
43693.585691 84.719076 307.890411
43688.901837 84.340372 307.890411
43601.638998 84.524124 307.890411
43570.126327 84.332638 307.890411
43510.799796 84.328763 307.890411
43510.056113 83.949262 307.890411
43481.498570 83.757379 307.890411
43333.065102 84.317106 307.890411
43363.131223 83.748831 307.890411
43186.924712 84.497814 307.890411
43309.134530 83.364169 307.890411
43250.093714 83.359621 307.890411
43224.613748 83.166982 307.890411
43200.118824 82.974231 307.890411
43073.216163 83.345939 307.890411
43082.322906 82.964584 307.890411
42989.021911 83.148194 307.890411
43000.098739 82.766494 307.890411
42871.470890 83.138762 307.890411
42212.700788 -89.041892 307.890411
42154.027319 -89.041226 307.890411
42801.675942 82.557792 307.890411
42671.322906 82.930612 307.890411
42721.830023 82.358670 307.890411
42663.319819 82.353401 307.890411
42722.406607 81.781805 307.890411
42663.978035 81.776140 307.890411
42646.664124 81.581795 307.890411
42588.317185 81.575989 307.890411
42530.011063 81.570175 307.890411
42513.763827 81.375484 307.890411
42498.501635 81.180722 307.890411
42484.224484 80.985892 307.890411
42470.932377 80.790999 307.890411
42324.073063 81.162422 307.890411
42309.918362 80.967188 307.890411
42296.748703 80.771891 307.890411
42238.769111 80.765505 307.890411
42180.830336 80.759109 307.890411
42215.466554 80.374470 307.890411
42205.292840 80.178876 307.890411
42007.258907 80.739870 307.890411
42089.701003 80.165265 307.890411
42031.966309 80.158446 307.890411
42022.900087 79.962402 307.890411
42014.818906 79.766318 307.890411
41957.206661 79.759219 307.890411
41801.435697 80.131075 307.890411
41944.081061 79.366679 307.890411
41886.591266 79.359299 307.890411
41829.142286 79.351910 307.890411
41771.734123 79.344510 307.890411
41820.120122 78.958725 307.890411
41817.086604 78.762106 307.890411
41652.159091 79.132691 307.890411
41757.793230 78.557534 307.890411
41645.351910 78.738656 307.890411
41699.607349 78.352674 307.890411
41699.610591 78.155763 307.890411
41642.528958 78.147530 307.890411
41585.488142 78.139286 307.890411
41586.558060 77.942108 307.890411
41414.403267 78.312074 307.890411
41714.402443 77.171337 307.890411
41720.315941 76.974510 307.890411
41791.893984 76.590244 307.890411
41735.098065 76.580952 307.890411
41810.534646 76.197108 307.890411
41753.820360 76.187551 307.890411
41833.115479 75.804166 307.890411
41845.883459 75.607779 307.890411
41719.890989 75.784511 307.890411
41732.740602 75.587861 307.890411
41538.373357 75.952034 307.890411
41761.394956 75.194755 307.890411
41704.966385 75.184513 307.890411
41648.578629 75.174257 307.890411
41664.465003 74.977548 307.890411
41681.336419 74.780916 307.890411
41774.258869 74.398680 307.890411
41568.846623 74.759838 307.890411
41661.850706 74.377110 307.890411
41681.718066 74.180607 307.890411
44450.269016 68.591848 307.890411
44500.433251 68.403939 307.890411
44878.756943 67.698545 307.890411
44822.777351 67.683874 307.890411
44766.838576 67.669184 307.890411
52872.360682 58.269665 307.890411
53659.225516 57.528317 307.890411
53947.107564 57.223401 307.890411
54064.597581 57.061988 307.890411
55068.284801 56.198212 307.890411
55192.466035 56.039582 307.890411
55317.632311 55.881309 307.890411
55626.491420 55.585465 307.890411
55206.448637 55.842229 307.890411
55699.041395 55.408649 307.890411
56200.173006 54.978919 307.890411
56144.724026 54.959095 307.890411
56276.744784 54.803413 307.890411
56409.750585 54.648097 307.890411
56734.003029 54.358602 307.890411
56110.765193 54.743664 307.890411
57006.828297 54.050650 307.890411
56568.268335 54.298441 307.890411
57089.555229 53.877043 307.890411
57034.432780 53.856838 307.890411
56979.351147 53.836614 307.890411
57509.258527 53.418863 307.890411
57258.331569 53.530592 307.890411
57399.299343 53.378142 307.890411
57344.380976 53.357752 307.890411
57684.190020 53.074369 307.890411
57828.112923 52.923048 307.890411
57574.557367 53.033382 307.890411
57918.265766 52.751527 307.890411
58064.199570 52.600916 307.890411
57808.878011 52.710317 307.890411
57954.893447 52.559615 307.890411
58101.893927 52.409294 307.890411
57845.750590 52.518237 307.890411
58398.850013 52.109796 307.890411
58344.380626 52.088985 307.890411
58289.952054 52.068154 307.890411
58439.989294 51.918893 307.890411
58591.011577 51.770015 307.890411
58331.336233 51.877087 307.890411
58482.440148 51.728125 307.890411
58428.215658 51.707152 307.890411
58374.031985 51.686158 307.890411
58733.460249 51.410303 307.890411
58887.560108 51.262459 307.890411
58625.296984 51.368132 307.890411
58779.478476 51.220207 307.890411
58725.498884 51.199052 307.890411
58671.560108 51.177878 307.890411
58409.460249 51.283556 307.890411
58772.951133 51.009029 307.890411
58301.786780 51.241151 307.890411
58875.449649 50.840473 307.890411
58821.714955 50.819161 307.890411
58768.021078 50.797830 307.890411
58714.368016 50.776480 307.890411
58450.665419 50.881218 307.890411
58607.184343 50.733720 307.890411
58553.653731 50.712311 307.890411
58923.177319 50.439908 307.890411
58657.749534 50.543702 307.890411
58393.306792 50.647966 307.890411
58762.952829 50.375394 307.890411
58286.612914 50.604971 307.890411
59083.130874 50.082941 307.890411
58603.095687 50.310703 307.890411
58976.681895 50.039687 307.890411
58923.518629 50.018030 307.890411
59085.207665 49.872293 307.890411
59032.126032 49.850581 307.890411
58764.273731 49.952943 307.890411
58926.085216 49.807098 307.890411
58873.126032 49.785328 307.890411
58820.207665 49.763537 307.890411
58338.651371 49.990500 307.890411
58714.493379 49.719898 307.890411
58877.453171 49.574314 307.890411
59041.398006 49.429133 307.890411
58988.683721 49.407214 307.890411
58936.010251 49.385276 307.890411
58883.377598 49.363318 307.890411
58830.785761 49.341341 307.890411
58778.234741 49.319343 307.890411
58725.724537 49.297327 307.890411
58673.255149 49.275290 307.890411
58620.826578 49.253234 307.890411
58351.738886 49.354587 307.890411
58733.736047 49.086077 307.890411
58247.085824 49.310405 307.890411
58411.520455 49.164812 307.890411
58359.295965 49.142657 307.890411
58524.756455 48.997442 307.890411
58472.613598 48.975234 307.890411
58202.867394 49.076073 307.890411
58150.806169 49.053839 307.890411
58098.785761 49.031585 307.890411
57614.350522 49.256912 307.890411
58431.099947 48.741235 307.890411
58598.734603 48.596681 307.890411
58327.344845 48.696535 307.890411
57839.295965 48.920014 307.890411
58443.285624 48.529505 307.890411
58391.550930 48.507073 307.890411
57901.736047 48.729632 307.890411
58068.671375 48.584436 307.890411
58017.059130 48.561957 307.890411
57746.899312 48.662230 307.890411
57913.957090 48.516938 307.890411
58081.999910 48.372065 307.890411
58251.027772 48.227612 307.890411
57541.021761 48.572080 307.890411
58148.252262 48.182388 307.890411
58540.712095 47.917303 307.890411
58045.640017 48.137083 307.890411
58438.181482 47.871918 307.890411
58386.977401 47.849196 307.890411
58559.123656 47.705885 307.890411
58508.001208 47.683114 307.890411
58011.244759 47.901958 307.890411
58405.878759 47.637511 307.890411
58579.132506 47.494536 307.890411
58303.919575 47.591828 307.890411
58253.001208 47.568957 307.890411
58426.377404 47.425897 307.890411
58600.738643 47.283262 307.890411
58324.744751 47.380038 307.890411
58499.187622 47.237348 307.890411
58448.473337 47.214361 307.890411
58397.799867 47.191354 307.890411
58121.969241 47.288081 307.890411
58522.717578 47.025981 307.890411
58020.826383 47.241982 307.890411
58195.514153 47.099126 307.890411
58145.044765 47.076019 307.890411
58094.616194 47.052892 307.890411
58270.370639 46.910412 307.890411
58220.023700 46.887238 307.890411
57943.575378 46.983390 307.890411
58119.452271 46.840830 307.890411
57843.085582 46.936955 307.890411
58019.044108 46.794342 307.890411
57968.901251 46.771067 307.890411
57918.799210 46.747773 307.890411
58095.824412 46.605541 307.890411
58045.804004 46.582201 307.890411
57768.737986 46.677769 307.890411
57945.885636 46.535460 307.890411
57668.901251 46.630998 307.890411
57846.130534 46.488639 307.890411
57796.314208 46.465197 307.890411
57519.452271 46.560691 307.890411
57696.804004 46.418255 307.890411
57420.023700 46.513718 307.890411
57597.457065 46.371231 307.890411
57547.844820 46.347689 307.890411
57271.186965 46.443105 307.890411
57221.656353 46.419527 307.890411
56946.024357 46.515390 307.890411
57349.804004 46.253316 307.890411
57073.309414 46.348670 307.890411
56797.799867 46.444486 307.890411
56748.473337 46.420810 307.890411
57152.416249 46.158618 307.890411
56649.942724 46.373397 307.890411
56826.880843 46.230165 307.890411
56551.575378 46.325901 307.890411
56955.681555 46.063593 307.890411
56228.173322 46.398309 307.890411
56404.330480 46.254503 307.890411
56130.132506 46.350657 307.890411
56306.371296 46.206801 307.890411
56032.254955 46.302922 307.890411
55983.377404 46.279023 307.890411
55710.286922 46.375599 307.890411
54994.395119 46.716084 307.890411
55389.426380 46.448697 307.890411
55118.346800 46.546208 307.890411
55069.673330 46.522219 307.890411
55243.405972 46.376715 307.890411
55194.814135 46.352678 307.890411
54702.476752 46.572121 307.890411
54875.387616 46.426051 307.890411
54605.497160 46.523962 307.890411
55000.854952 46.256321 307.890411
54508.680833 46.475718 307.890411
55127.429779 46.086979 307.890411
55079.123656 46.062790 307.890411
55255.112098 45.918027 307.890411
55206.887608 45.893792 307.890411
54934.450187 45.990095 307.890411
54662.997809 46.086876 307.890411
55062.459037 45.820960 307.890411
54790.144065 45.917209 307.890411
54966.377404 45.772299 307.890411
54918.397812 45.747937 307.890411
55095.657010 45.603469 307.890411
54598.307330 45.819729 307.890411
54774.703934 45.674723 307.890411
54726.887608 45.650275 307.890411
54679.112098 45.625806 307.890411
54631.377404 45.601316 307.890411
54583.683526 45.576805 307.890411
54536.030465 45.552271 307.890411
54488.418220 45.527717 307.890411
54440.846792 45.503141 307.890411
54393.316179 45.478544 307.890411
54345.826383 45.453925 307.890411
54523.575378 45.309177 307.890411
54476.167214 45.284514 307.890411
54203.601894 45.379939 307.890411
54607.615537 45.115510 307.890411
54108.989649 45.330507 307.890411
54513.084924 45.066032 307.890411
54465.880843 45.041261 307.890411
54192.575378 45.136083 307.890411
54598.681555 44.872536 307.890411
54551.599922 44.847701 307.890411
54504.559106 44.822844 307.890411
54230.472680 44.917083 307.890411
54410.599922 44.773066 307.890411
54363.681555 44.748145 307.890411
54089.717578 44.842317 307.890411
53591.540669 45.057083 307.890411
53320.491003 45.152718 307.890411
53497.989649 45.007087 307.890411
53451.275363 44.982056 307.890411
52734.673330 45.320400 307.890411
52910.405972 45.173683 307.890411
52863.814135 45.148587 307.890411
52594.897820 45.245113 307.890411
52326.966548 45.342133 307.890411
51621.899312 45.686568 307.890411
52234.068588 45.291789 307.890411
51747.671375 45.512466 307.890411
52141.333895 45.241355 307.890411
52095.027772 45.216104 307.890411
51828.285624 45.313515 307.890411
26151.510204 90.000000 307.890411
51516.344845 45.386112 307.890411
51251.613598 45.484509 307.890411
51643.632563 45.212200 307.890411
25968.908861 89.511399 307.890411
51113.429925 45.408360 307.890411
51067.450333 45.382932 307.890411
25829.553746 89.755044 307.890411
50541.269498 45.581088 307.890411
50495.412355 45.555594 307.890411
50233.840318 45.655424 307.890411
49759.386065 45.882203 307.890411
49077.714955 46.239217 307.890411
47991.011577 46.862341 307.890411
47332.083530 47.232752 307.890411
47286.471285 47.207193 307.890411
47444.380626 47.049035 307.890411
47603.275008 46.891404 307.890411
47353.360217 46.997777 307.890411
47512.336233 46.840081 307.890411
47466.928070 46.814382 307.890411
47217.135728 46.920705 307.890411
46564.199570 47.294567 307.890411
46518.913856 47.268828 307.890411
45874.557367 47.647941 307.890411
45829.353286 47.622184 307.890411
45784.190020 47.596400 307.890411
45148.454018 47.980862 307.890411
44137.900988 48.650868 307.890411
44284.065999 48.484732 307.890411
44431.216052 48.319146 307.890411
44194.106815 48.433118 307.890411
43390.030499 48.972666 307.890411
43345.152948 48.946859 307.890411
42926.402596 49.207492 307.890411
42327.817950 49.616110 307.890411
41023.937071 50.626363 307.890411
40803.124579 50.751316 307.890411
40758.451110 50.725665 307.890411
40713.818457 50.699986 307.890411
40319.862887 50.977605 307.890411
24314.582524 -88.232419 307.890411
24277.154017 -87.978253 307.890411
24219.465461 -88.482022 307.890411
24188.256058 -87.974539 307.890411
24160.864376 -87.466441 307.890411
36004.798728 54.847267 307.890411
35960.492606 54.822416 307.890411
36066.831395 54.628148 307.890411
36022.606905 54.603183 307.890411
36590.281877 53.907314 307.890411
36391.758019 54.048797 307.890411
36041.726656 54.359223 307.890411
35545.853144 54.843023 307.890411
23746.215242 -87.955766 307.890411
23702.235650 -87.953870 307.890411
34392.733620 55.981752 307.890411
34348.835661 55.957044 307.890411
33194.568384 57.364410 307.890411
23534.751369 -87.689792 307.890411
23482.949936 -87.944334 307.890411
32399.922874 58.211779 307.890411
32226.397880 58.374167 307.890411
32182.744818 58.350242 307.890411
23282.289835 -89.225953 307.890411
23302.453682 -86.903739 307.890411
23229.179941 -87.674638 307.890411
22728.880793 -87.126366 307.890411
22675.966417 -87.384748 307.890411
25458.132337 70.372989 307.890411
26893.872363 66.282736 307.890411
27221.131524 65.388908 307.890411
27662.210770 64.292351 307.890411
27719.030727 64.057970 307.890411
28507.194773 62.359129 307.890411
28902.601493 61.516206 307.890411
30388.158298 58.912428 307.890411
31234.514711 57.553044 307.890411
33838.117093 54.095595 307.890411
35011.729553 52.706441 307.890411
35125.488803 52.512872 307.890411
37884.066748 49.757819 307.890411
38540.365642 49.118584 307.890411
42611.027671 45.918722 307.890411
44383.011577 44.683456 307.890411
44962.478476 44.264342 307.890411
45550.484228 43.850634 307.890411
45087.134806 44.079725 307.890411
46104.845160 43.414593 307.890411
46062.702303 43.386890 307.890411
46451.167457 43.108342 307.890411
46409.106233 43.080603 307.890411
46583.785761 42.928319 307.890411
46978.038722 42.653251 307.890411
46283.167457 42.997237 307.890411
46675.613598 42.720989 307.890411
45983.656644 43.066603 307.890411
46157.596028 42.913643 307.890411
45685.253323 43.136421 307.890411
45429.651371 43.234687 307.890411
45387.957494 43.206696 307.890411
45133.381401 43.305482 307.890411
45304.692188 43.150637 307.890411
45476.988017 42.996378 307.890411
45008.667115 43.221255 307.890411
46041.234741 42.565215 307.890411
45999.785761 42.537107 307.890411
46614.142767 42.139343 307.890411
46793.252262 41.989180 307.890411
46311.916273 42.205675 307.890411
46710.640017 41.932882 307.890411
46890.816188 41.783270 307.890411
47295.286922 41.513966 307.890411
46366.550930 41.970223 307.890411
46545.905323 41.819987 307.890411
45846.225843 42.159295 307.890411
45805.185027 42.130945 307.890411
45764.185027 42.102570 307.890411
45505.581680 42.197835 307.890411
45464.663312 42.169396 307.890411
45423.785761 42.140932 307.890411
45382.949027 42.112442 307.890411
44909.697461 42.332941 307.890411
44654.130874 42.429769 307.890411
44828.228073 42.275784 307.890411
45220.010251 41.998227 307.890411
44962.677661 42.093767 307.890411
44064.728340 42.567712 307.890411
44450.967609 42.286493 307.890411
45057.724537 41.883600 307.890411
44584.799501 42.103690 307.890411
44760.126641 41.950224 307.890411
44719.738886 41.921438 307.890411
44896.091884 41.768561 307.890411
44855.785761 41.739736 307.890411
44815.520455 41.710886 307.890411
44342.840318 41.930657 307.890411
44302.656644 41.901727 307.890411
43833.835045 42.123791 307.890411
43368.831167 42.348233 307.890411
19647.574219 -88.876485 307.890411
19647.211315 -87.190239 307.890411
19328.517438 -87.167151 307.890411
19151.433274 -86.584270 307.890411
19111.984294 -86.580742 307.890411
19033.208784 -86.573665 307.890411
18949.031504 -87.997656 307.890411
18924.853410 -87.423570 307.890411
18859.170176 -88.566493 307.890411
18831.296810 -87.991404 307.890411
18792.133544 -87.989311 307.890411
18753.011095 -87.987214 307.890411
18738.007234 -87.122823 307.890411
18681.970344 -87.695156 307.890411
18635.888647 -87.980897 307.890411
197138.792980 17.875377 307.890411
200015.173329 17.722860 307.890411
196480.769998 17.867490 307.890411
198768.506878 17.741645 307.890411
18435.363420 -88.260046 307.890411
18396.608318 -88.258213 307.890411
18364.031504 -87.966000 307.890411
18309.778300 -88.836158 307.890411
18267.840855 -89.126143 307.890411
18236.802829 -88.542233 307.890411
18194.002790 -88.832460 307.890411
18152.187794 -89.123364 307.890411
18109.941501 -89.707457 307.890411
18071.040816 90.000000 307.890411
18032.653061 90.000000 307.890411
17994.778236 -89.706523 307.890411
17956.472113 -89.706210 307.890411
17918.206807 89.705896 307.890411
17879.982317 89.705582 307.890411
17841.798644 -89.705267 307.890411
17803.183673 90.000000 307.890411
17765.081633 90.000000 307.890411
17727.020408 90.000000 307.890411
17689.472113 -89.704001 307.890411
17651.492521 89.703683 307.890411
17885.018808 82.916972 307.890411
17919.354162 82.033852 307.890411
17856.475022 82.317131 307.890411
17818.658695 82.308934 307.890411
17858.781855 81.424878 307.890411
17794.136711 81.707557 307.890411
17756.442834 81.698698 307.890411
17718.789773 81.689820 307.890411
17630.189307 82.267684 307.890411
17643.606099 81.672007 307.890411
17580.109264 81.956853 307.890411
17568.585691 81.654119 307.890411
17531.136711 81.645146 307.890411
17442.740328 82.225991 307.890411
17879.846699 77.837747 307.890411
17730.629351 78.691882 307.890411
17766.993289 78.100595 307.890411
17520.130151 79.834309 307.890411
17515.501877 79.530598 307.890411
17546.322906 78.934849 307.890411
17509.200457 78.922977 307.890411
17543.880023 78.327722 307.890411
17470.486494 78.606882 307.890411
17433.486494 78.594637 307.890411
17361.118824 78.875237 307.890411
17192.008774 80.041703 307.890411
17287.322906 78.851214 307.890411
17216.021911 79.133531 307.890411
16886.515838 82.098190 307.890411
16780.360103 82.992613 307.890411
16702.099859 83.589589 307.890411
16665.426390 83.582510 307.890411
16443.725381 -87.850460 307.890411
16451.984294 -86.314322 307.890411
16347.921093 -89.692095 307.890411
16310.938776 90.000000 307.890411
16286.272217 88.457386 307.890411
16255.036890 88.146986 307.890411
16231.868303 87.527216 307.890411
16212.517438 86.906633 307.890411
191802.304004 16.857109 307.890411
191190.532765 16.865303 307.890411
191729.814208 16.821329 307.890411
194585.323593 16.674434 307.890411
195712.467543 16.605642 307.890411
196843.429215 16.537246 307.890411
16100.865669 83.782673 307.890411
16064.845261 83.775679 307.890411
16089.768266 82.843040 307.890411
16099.152353 82.219279 307.890411
16017.931531 82.826925 307.890411
16102.463242 81.279617 307.890411
16121.412041 80.656882 307.890411
16057.781855 80.952948 307.890411
16078.700739 80.329569 307.890411
16135.068927 79.402134 307.890411
16131.991673 79.085610 307.890411
16199.772208 78.162254 307.890411
16164.200780 78.149048 307.890411
16240.560985 77.228813 307.890411
16244.256580 76.913373 307.890411
16169.622209 77.200355 307.890411
16213.529056 76.583114 307.890411
16219.235553 76.267514 307.890411
16268.889390 75.652613 307.890411
16277.510199 75.337769 307.890411
16155.396481 75.920771 307.890411
15166.051718 -89.360636 307.890411
15130.888453 -89.359893 307.890411
16370.471515 73.784452 307.890411
16435.477871 73.176880 307.890411
16451.897388 72.864616 307.890411
16522.650734 72.260492 307.890411
16653.403267 71.369448 307.890411
16733.680509 70.772451 307.890411
16640.733040 71.039715 307.890411
16905.688157 69.587337 307.890411
16933.683288 69.281864 307.890411
16774.290314 69.828131 307.890411
16801.422851 69.521264 307.890411
16957.955208 68.649614 307.890411
14677.480289 -89.350081 307.890411
17156.890989 67.484313 307.890411
17262.085462 66.906848 307.890411
17227.575258 66.882388 307.890411
17483.927572 65.762714 307.890411
17600.575209 65.196203 307.890411
17490.177237 65.440458 307.890411
17765.536526 64.340299 307.890411
17731.230403 64.313682 307.890411
17857.483569 63.756145 307.890411
18071.118484 62.941190 307.890411
18121.443065 62.653092 307.890411
18087.300208 62.625133 307.890411
18312.388288 61.822270 307.890411
18278.327063 61.793682 307.890411
18603.112651 60.747811 307.890411
18661.195124 60.467093 307.890411
18627.256348 60.437531 307.890411
18686.364680 60.157486 307.890411
18937.191768 59.383429 307.890411
19000.158638 59.107395 307.890411
19064.110550 58.832282 307.890411
19329.223482 58.074916 307.890411
18802.171360 59.261826 307.890411
19261.876543 58.012542 307.890411
19228.264298 57.981273 307.890411
19606.375538 56.996692 307.890411
19678.126159 56.729551 307.890411
19644.636363 56.697514 307.890411
20601.208664 54.602564 307.890411
20567.800501 54.569504 307.890411
20534.433154 54.536391 307.890411
20848.109790 53.837267 307.890411
20698.212127 54.024617 307.890411
21017.635754 53.332157 307.890411
20865.931271 53.516924 307.890411
20832.768006 53.483206 307.890411
21279.312520 52.582196 307.890411
21124.897807 52.763104 307.890411
21091.856991 52.729000 307.890411
21674.964655 51.631294 307.890411
22023.000785 50.973075 307.890411
22248.800425 50.528445 307.890411
21829.262202 51.110303 307.890411
22313.861483 50.255336 307.890411
22281.065564 50.220277 307.890411
22512.693828 49.782084 307.890411
22613.587564 49.547033 307.890411
22715.466343 49.313033 307.890411
22682.833690 49.277603 307.890411
23197.893110 48.458938 307.890411
23585.994908 47.847983 307.890411
23838.641048 47.434336 307.890411
23663.121375 47.586832 307.890411
24062.676338 46.989113 307.890411
23885.349845 47.139251 307.890411
23997.941644 46.917029 307.890411
23820.696784 47.067103 307.890411
24672.227299 45.930517 307.890411
24790.606905 45.714709 307.890411
