98180.310071 58.392764 367.068493
97654.633861 58.593620 367.068493
97802.703934 58.472540 367.068493
97726.561077 58.458849 367.068493
97650.459037 58.445147 367.068493
97574.397812 58.431434 367.068493
97723.575378 58.310429 367.068493
97647.595786 58.296669 367.068493
97122.205289 58.497815 367.068493
97046.307330 58.484086 367.068493
96524.775371 58.686361 367.068493
96894.633861 58.456595 367.068493
96818.858350 58.442833 367.068493
96967.377404 58.321348 367.068493
96891.683526 58.307539 367.068493
96591.776718 58.401484 367.068493
96740.418220 58.279888 367.068493
96440.593044 58.373864 367.068493
95919.387616 58.576478 367.068493
96066.263115 58.454322 367.068493
95990.814135 58.440500 367.068493
96588.167214 58.102901 367.068493
96287.601894 58.196676 367.068493
95542.346800 58.507448 367.068493
95689.426380 58.385105 367.068493
96286.942724 58.047149 367.068493
95316.612106 58.465900 367.068493
96136.575378 58.019208 367.068493
96061.452929 58.005220 367.068493
95986.371296 57.991222 367.068493
95016.203943 58.410349 367.068493
95611.132506 58.071123 367.068493
95536.173322 58.057117 367.068493
95237.001208 58.151336 367.068493
95611.575378 57.921068 367.068493
95087.286922 58.123323 367.068493
95461.942724 57.892929 367.068493
95161.989649 57.986927 367.068493
95312.473337 57.864746 367.068493
95237.799867 57.850638 367.068493
94937.969241 57.944680 367.068493
95088.575378 57.822389 367.068493
95014.024357 57.808248 367.068493
94490.062432 58.010828 367.068493
94415.593044 57.996717 367.068493
94341.164473 57.982594 367.068493
94266.776718 57.968460 367.068493
94641.881500 57.737375 367.068493
94567.575378 57.723167 367.068493
93820.548829 58.034900 367.068493
94193.887608 57.803135 367.068493
94119.703934 57.788919 367.068493
94270.759051 57.666223 367.068493
93971.459037 57.760454 367.068493
93897.397812 57.746205 367.068493
93599.123656 57.840750 367.068493
93974.595786 57.609100 367.068493
93675.459037 57.703389 367.068493
94052.901251 57.472109 367.068493
93527.703934 57.674788 367.068493
93905.227782 57.443384 367.068493
93605.310071 57.537443 367.068493
93531.575378 57.523077 367.068493
93457.881500 57.508701 367.068493
93159.030465 57.603089 367.068493
93310.616194 57.479913 367.068493
93011.846792 57.574330 367.068493
92714.062432 57.669051 367.068493
93090.024357 57.436647 367.068493
93016.575378 57.422202 367.068493
92717.969241 57.516676 367.068493
92869.799867 57.393278 367.068493
92796.473337 57.378799 367.068493
92497.989649 57.473315 367.068493
91977.181482 57.677699 367.068493
92576.738643 57.335293 367.068493
91830.814135 57.648815 367.068493
91981.001208 57.524715 367.068493
91907.919575 57.510218 367.068493
92059.132506 57.386283 367.068493
91316.203943 57.700895 367.068493
91688.919575 57.466658 367.068493
91616.001208 57.452115 367.068493
91767.377404 57.328032 367.068493
90582.714195 57.863899 367.068493
92073.084924 57.080481 367.068493
91774.187622 57.174884 367.068493
91476.275363 57.269595 367.068493
91628.799867 57.145569 367.068493
91106.715493 57.349990 367.068493
91258.377404 57.225646 367.068493
91185.826383 57.210972 367.068493
91564.656353 56.977578 367.068493
91492.186965 56.962831 367.068493
90744.164473 57.276694 367.068493
91347.370639 56.933302 367.068493
90823.683526 57.137431 367.068493
90976.575378 57.013071 367.068493
90904.310071 56.998291 367.068493
90832.085582 56.983499 367.068493
63809.322604 -89.064865 367.068493
63743.317218 -88.908427 367.068493
63671.215177 -88.907809 367.068493
63599.153953 -88.907191 367.068493
63542.241165 -88.594275 367.068493
88843.038722 57.668989 367.068493
92396.928957 55.903335 367.068493
91858.583203 56.103323 367.068493
91554.918503 56.196232 367.068493
63167.643749 -88.903464 367.068493
63102.949936 -88.746150 367.068493
63058.125691 -88.275221 367.068493
62959.521364 -88.744723 367.068493
62895.894227 -88.587069 367.068493
62854.025110 -88.115315 367.068493
91284.868918 55.982454 367.068493
90981.530748 56.075455 367.068493
62594.582524 -88.898455 367.068493
62538.241165 -88.583033 367.068493
62466.833002 -88.582224 367.068493
62380.358034 -88.896565 367.068493
62309.031504 -88.895934 367.068493
62237.745789 -88.895302 367.068493
62166.500891 -88.894669 367.068493
62095.296810 -88.894035 367.068493
62024.133544 -88.893401 367.068493
90500.277081 55.815017 367.068493
61881.929463 -88.892130 367.068493
61804.751176 -89.049820 367.068493
61754.996267 -88.574074 367.068493
61676.011160 -88.731726 367.068493
61605.092793 -88.730996 367.068493
61534.215242 -88.730266 367.068493
61463.378507 -88.729534 367.068493
61379.363420 -89.046533 367.068493
61308.608318 -89.045983 367.068493
61251.113201 -88.727334 367.068493
61188.465655 -88.567487 367.068493
61102.725381 -88.885087 367.068493
61039.215242 -88.725127 367.068493
60968.664221 -88.724389 367.068493
60891.072320 -88.883151 367.068493
60820.602932 -88.882504 367.068493
60738.843645 -89.201276 367.068493
60668.455890 -89.200813 367.068493
60609.439667 -88.880559 367.068493
88623.728641 55.724839 367.068493
89248.886008 55.382725 367.068493
89178.661518 55.367154 367.068493
89342.173855 55.243219 367.068493
89038.334988 55.335975 367.068493
60188.215177 -88.876648 367.068493
60118.153953 -88.875994 367.068493
60048.133544 -88.875338 367.068493
60012.146100 -88.231978 367.068493
59902.077706 -89.034846 367.068493
59832.179747 -89.034283 367.068493
88548.477845 55.226463 367.068493
88478.661518 55.210769 367.068493
59622.730767 -89.032588 367.068493
59559.133544 -88.870730 367.068493
59523.431814 -88.224732 367.068493
59426.868303 -88.707945 367.068493
59365.281982 -88.545651 367.068493
59255.923069 -88.058917 367.068493
59186.433274 -88.057777 367.068493
59096.211315 -88.380341 367.068493
59047.576131 -88.055494 367.068493
58839.596539 -88.052059 367.068493
58424.739396 -88.045153 367.068493
58344.880793 -88.206886 367.068493
58286.780212 -88.042840 367.068493
58217.861845 -88.041681 367.068493
58148.984294 -88.040521 367.068493
58069.288957 -88.202635 367.068493
57981.608512 -88.528396 367.068493
57931.737936 -88.200501 367.068493
57853.109274 -88.363027 367.068493
57794.350181 -88.198363 367.068493
57736.576131 -88.033533 367.068493
57667.984294 -88.032363 367.068493
57599.433274 -88.031192 367.068493
57109.860385 -88.187595 367.068493
57031.721519 -88.351278 367.068493
56984.310825 -88.020590 367.068493
56886.424839 -88.514295 367.068493
56827.292948 -88.348315 367.068493
56769.146100 -88.182163 367.068493
56701.125691 -88.181072 367.068493
56614.261574 -88.510727 367.068493
56546.322798 -88.509833 367.068493
56487.394989 -88.343351 367.068493
56419.537846 -88.342355 367.068493
56327.643749 88.838785 367.068493
56253.730767 89.004037 367.068493
56199.215242 -88.671353 367.068493
56139.547288 -88.504443 367.068493
56063.868303 -88.669750 367.068493
56034.025110 -88.003870 367.068493
55945.680703 -88.335348 367.068493
55838.492586 89.333579 367.068493
55801.690145 -88.499921 367.068493
55734.241165 -88.499013 367.068493
55696.576131 -87.997829 367.068493
55608.435805 -88.330306 367.068493
55551.023651 -88.162333 367.068493
55473.823560 -88.328281 367.068493
55427.351641 -87.992971 367.068493
55282.125691 -88.157868 367.068493
55174.873625 88.994346 367.068493
55158.780212 -87.988089 367.068493
55070.966417 -88.322176 367.068493
55024.739396 -87.985639 367.068493
54890.861845 -87.983183 367.068493
54727.404431 -88.485266 367.068493
54690.351641 -87.979487 367.068493
54593.853410 -88.483414 367.068493
54519.113201 -88.651033 367.068493
54452.439732 -88.650207 367.068493
54423.576131 -87.974539 367.068493
54327.241165 -88.479696 367.068493
54226.697998 89.492815 367.068493
54172.934849 88.985088 367.068493
54112.602932 88.815253 367.068493
54046.174361 88.814525 367.068493
53986.868303 88.644398 367.068493
53937.517438 88.304634 367.068493
53854.215242 88.642729 367.068493
53795.975859 -88.472206 367.068493
53721.725446 -88.641056 367.068493
53672.537846 88.300453 367.068493
53597.424839 88.469378 367.068493
53516.215177 -88.808669 367.068493
53465.261574 88.467487 367.068493
53399.241165 88.466540 367.068493
53333.261574 88.465591 367.068493
53267.322798 88.464642 367.068493
53201.424839 88.463691 367.068493
53127.541772 -88.633477 367.068493
53061.725446 88.632629 367.068493
53012.946009 -88.289909 367.068493
52930.215242 88.630932 367.068493
52864.521364 -88.630081 367.068493
52791.786606 -88.800522 367.068493
52741.281982 88.457002 367.068493
52684.680703 88.284588 367.068493
52619.150091 88.283520 367.068493
52544.690145 -88.454118 367.068493
52471.215242 -88.624955 367.068493
52405.807078 -88.624097 367.068493
52357.435805 -88.279234 367.068493
52292.109274 88.278159 367.068493
52217.853410 88.449286 367.068493
52194.154470 87.759274 367.068493
52087.404431 88.447345 367.068493
52031.211315 88.273847 367.068493
51957.118716 88.445399 367.068493
51901.007234 88.271682 367.068493
51826.996267 88.443448 367.068493
51770.966417 88.269512 367.068493
51697.037084 -88.441492 367.068493
51624.092793 -88.613717 367.068493
51552.133544 -88.786184 367.068493
51494.378507 -88.611972 367.068493
51446.578662 88.264063 367.068493
51372.853410 88.436582 367.068493
51337.882253 87.914530 367.068493
51262.350181 88.086979 367.068493
51178.833002 88.433620 367.068493
51123.211315 88.258580 367.068493
51068.574671 88.083351 367.068493
51014.923069 87.907937 367.068493
50950.453682 87.906613 367.068493
50875.166508 88.079710 367.068493
50791.894227 88.427663 367.068493
50757.290416 87.902632 367.068493
50704.787123 87.726586 367.068493
50653.268872 87.550360 367.068493
50576.297327 87.723699 367.068493
50538.551990 87.372288 367.068493
50460.717851 87.545688 367.068493
50396.615811 87.544126 367.068493
50319.807531 87.717902 367.068493
50233.125691 88.067473 367.068493
50150.261574 -88.417635 367.068493
50095.292948 88.240799 367.068493
50076.717851 87.536290 367.068493
50000.113653 87.710614 367.068493
49924.494498 87.885203 367.068493
49849.860385 88.060055 367.068493
49808.787123 87.706218 367.068493
49757.840300 87.528403 367.068493
49669.637355 87.879782 367.068493
49617.827939 87.701806 367.068493
49567.003566 87.523647 367.068493
49490.725898 87.698856 367.068493
49427.236102 87.697377 367.068493
49376.534178 87.518872 367.068493
49300.378959 87.694415 367.068493
49263.449949 87.338474 367.068493
49161.882253 87.868856 367.068493
49123.146423 87.512477 367.068493
49073.592806 87.333327 367.068493
48996.697443 87.509267 367.068493
48947.225459 87.329884 367.068493
48884.103010 87.328159 367.068493
48835.656885 87.148480 367.068493
48772.616069 87.146636 367.068493
48694.980561 87.322972 367.068493
48646.656885 87.142941 367.068493
48583.738518 87.141090 367.068493
48492.534178 87.496345 367.068493
48458.024232 87.137381 367.068493
48380.592806 87.314282 367.068493
48332.473212 87.133663 367.068493
48269.758926 87.131800 367.068493
48207.085457 87.129934 367.068493
48176.556498 86.769793 367.068493
48113.964661 86.767690 367.068493
47928.664221 -88.561256 367.068493
47956.799743 87.122448 367.068493
47926.434049 86.761366 367.068493
47741.256058 -88.558434 367.068493
47785.093762 86.936942 367.068493
47722.746823 86.934940 367.068493
47694.432848 86.572919 367.068493
47632.167542 86.570677 367.068493
47607.712104 86.208218 367.068493
47507.759379 86.566184 367.068493
47445.616521 86.563933 367.068493
47401.926894 86.381184 367.068493
47359.222308 86.198269 367.068493
47241.964661 86.737963 367.068493
47197.453256 86.554901 367.068493
47135.514481 86.552635 367.068493
47092.028934 86.369281 367.068493
47030.171792 86.366891 367.068493
46949.943052 86.545821 367.068493
46906.579955 86.362101 367.068493
46844.845261 86.359701 367.068493
46802.508023 86.175691 367.068493
46740.854961 86.173166 367.068493
46699.543582 85.988869 367.068493
46617.671288 86.168106 367.068493
46536.784036 86.347656 367.068493
46514.951745 85.980905 367.068493
46453.502766 85.978243 367.068493
46371.793737 86.157945 367.068493
46310.426390 86.155397 367.068493
46249.099859 86.152845 367.068493
46229.360103 85.784914 367.068493
46168.115205 85.782115 367.068493
46106.911123 85.779311 367.068493
46045.747858 85.776504 367.068493
45984.625409 85.773692 367.068493
45923.543776 85.770878 367.068493
45862.502960 85.768059 367.068493
45801.502960 85.765237 367.068493
45740.543776 85.762411 367.068493
45658.380317 85.943317 367.068493
45577.201900 86.124548 367.068493
45557.911123 85.753910 367.068493
45475.870113 85.935172 367.068493
45415.115011 85.932449 367.068493
45375.645817 85.745375 367.068493
45273.426390 86.111548 367.068493
45276.529013 85.555161 367.068493
45193.747858 85.736805 367.068493
45091.650880 86.103706 367.068493
45094.875951 85.546199 367.068493
45012.217245 85.728202 367.068493
44973.977992 85.540205 367.068493
44913.590237 85.537202 367.068493
44831.053980 85.719563 367.068493
44792.937176 85.531183 367.068493
44710.482551 85.713785 367.068493
44570.943052 86.454720 367.068493
44635.397251 85.336353 367.068493
44488.385574 86.077337 367.068493
44492.018808 85.516065 367.068493
44388.523174 85.885602 367.068493
44395.070720 85.323719 367.068493
44289.768266 85.693437 367.068493
44275.152353 85.317377 367.068493
44192.120849 85.500845 367.068493
44155.397251 85.311017 367.068493
44119.658695 85.121032 367.068493
44035.805414 85.304640 367.068493
44000.148491 85.114395 367.068493
43916.376843 85.298245 367.068493
43880.801552 85.107739 367.068493
43797.111537 85.291833 367.068493
43670.972154 85.851879 367.068493
43702.087267 85.097722 367.068493
43573.196837 85.658103 367.068493
43583.148491 85.091021 367.068493
43499.662557 85.275727 367.068493
43489.394978 84.896216 367.068493
43430.068447 84.892722 367.068493
43345.760736 85.077564 367.068493
43311.537835 84.885720 367.068493
43203.233986 85.259511 367.068493
43219.136711 84.690086 367.068493
43160.014262 84.686439 367.068493
43100.932630 84.682788 367.068493
43015.925590 84.868130 367.068493
42982.891814 84.675471 367.068493
42897.966406 84.861060 367.068493
42839.048039 84.857518 367.068493
42806.136711 84.664458 367.068493
42721.333753 84.850419 367.068493
42662.537835 84.846862 367.068493
42603.782733 84.843300 367.068493
42495.968679 85.220134 367.068493
42486.394978 84.836162 367.068493
42402.740328 85.022992 367.068493
42344.148491 85.019541 367.068493
42310.619468 84.825418 367.068493
42304.985937 84.440579 367.068493
42219.606099 84.627416 367.068493
42086.111537 85.196862 367.068493
42102.789773 84.619946 367.068493
42018.476611 84.807411 367.068493
42013.047161 84.421236 367.068493
41954.781855 84.417351 367.068493
41869.646916 84.604943 367.068493
41838.373692 84.409565 367.068493
41808.085511 84.214043 367.068493
41722.128794 84.401758 367.068493
41562.091128 85.166606 367.068493
41579.136711 84.586072 367.068493
41521.157120 84.582282 367.068493
41490.128794 84.386078 367.068493
41460.085511 84.189728 367.068493
41347.463242 84.570881 367.068493
41316.557365 84.374260 367.068493
41286.636531 84.177494 367.068493
41257.700739 83.980588 367.068493
41171.207960 84.169310 367.068493
41142.353801 83.972125 367.068493
41055.942653 84.161102 367.068493
40998.371225 84.156990 367.068493
40940.840613 84.152871 367.068493
40912.149719 83.955127 367.068493
40798.047161 84.338507 367.068493
40797.292576 83.946592 367.068493
40711.126327 84.136341 367.068493
40712.341827 83.744012 367.068493
40655.056113 83.739588 367.068493
40597.811215 83.735159 367.068493
40540.607133 83.730723 367.068493
40483.443868 83.726280 367.068493
40426.321419 83.721832 367.068493
40369.239786 83.717377 367.068493
40312.198970 83.712915 367.068493
40255.198970 83.708448 367.068493
40139.697756 84.094603 367.068493
40141.321419 83.699494 367.068493
40115.131223 83.499637 367.068493
39941.210426 84.277903 367.068493
40001.498570 83.490371 367.068493
39914.056113 83.681509 367.068493
39857.341827 83.676997 367.068493
39831.355713 83.476423 367.068493
39774.723060 83.471760 367.068493
39718.131223 83.467090 367.068493
39661.580203 83.462414 367.068493
39605.069998 83.457732 367.068493
39548.600611 83.453042 367.068493
39492.172039 83.448346 367.068493
39435.784284 83.443643 367.068493
39379.437345 83.438934 367.068493
39323.131223 83.434217 367.068493
39266.865917 83.429494 367.068493
39242.273008 83.227339 367.068493
39186.089335 83.222463 367.068493
39098.314896 83.415284 367.068493
39073.844437 83.212689 367.068493
39017.783212 83.207792 367.068493
38961.762804 83.202888 367.068493
38905.783212 83.197976 367.068493
38849.844437 83.193058 367.068493
38793.946478 83.188132 367.068493
38738.089335 83.183200 367.068493
38714.848816 82.979595 367.068493
38626.497498 83.173313 367.068493
38603.338612 82.969411 367.068493
38452.749990 83.562071 367.068493
38427.784284 83.357827 367.068493
38469.899462 82.754879 367.068493
38316.600611 83.348154 367.068493
38292.701580 83.143481 367.068493
38205.580203 83.338453 367.068493
38150.131223 83.333591 367.068493
38094.723060 83.328723 367.068493
38039.355713 83.323848 367.068493
38015.660763 83.118423 367.068493
37992.950857 82.912873 367.068493
37937.705959 82.907688 367.068493
37916.021911 82.701866 367.068493
37827.338612 82.897296 367.068493
37805.736197 82.691171 367.068493
37750.654564 82.685812 367.068493
37695.613748 82.680444 367.068493
37640.613748 82.675070 367.068493
37552.134530 82.871182 367.068493
37530.736197 82.664296 367.068493
37475.858645 82.658897 367.068493
37421.021911 82.653491 367.068493
37332.705959 82.850153 367.068493
37245.375049 83.047279 367.068493
37223.236571 82.839593 367.068493
37202.083135 82.631785 367.068493
37019.035705 83.438050 367.068493
37059.338612 82.823693 367.068493
37004.787591 82.818378 367.068493
37018.261681 82.407036 367.068493
36929.328033 82.604474 367.068493
36909.363722 82.395777 367.068493
36854.975967 82.390135 367.068493
36766.164768 82.587990 367.068493
36614.131223 83.194549 367.068493
36692.057599 82.373159 367.068493
36673.241596 82.163729 367.068493
36619.057923 82.157897 367.068493
36461.522285 82.764790 367.068493
36440.940278 82.554802 367.068493
36421.343314 82.344698 367.068493
36367.322906 82.338980 367.068493
36313.343314 82.333254 367.068493
36259.404538 82.327519 367.068493
36205.506579 82.321776 367.068493
36151.649436 82.316024 367.068493
36133.241596 82.105020 367.068493
36044.057599 82.304495 367.068493
35955.858645 82.504462 367.068493
35936.629028 82.292932 367.068493
35882.975967 82.287137 367.068493
35829.363722 82.281333 367.068493
35741.328033 82.481870 367.068493
35722.261681 82.269700 367.068493
35634.307625 82.470524 367.068493
35650.731392 82.051430 367.068493
35597.323229 82.045431 367.068493
35543.955882 82.039423 367.068493
35490.629351 82.033406 367.068493
35401.935151 82.234592 367.068493
35348.690253 82.228709 367.068493
35330.894657 82.015300 367.068493
35314.084105 81.801786 367.068493
35189.200457 82.211009 367.068493
35171.527310 81.997112 367.068493
35118.486494 81.991031 367.068493
35030.078008 82.193228 367.068493
34977.118824 82.187284 367.068493
34889.736197 82.390135 367.068493
34836.858645 82.384328 367.068493
34750.501877 82.587832 367.068493
34765.690253 82.163414 367.068493
34748.343637 81.948206 367.068493
34625.756605 82.361010 367.068493
34607.547395 82.145417 367.068493
34454.354641 82.769708 367.068493
34502.322906 82.133373 367.068493
34415.307625 82.337549 367.068493
34432.670168 81.911136 367.068493
34310.328033 82.325765 367.068493
34224.379428 82.530754 367.068493
34205.511707 82.313945 367.068493
34153.164768 82.308022 367.068493
34003.131223 82.936813 367.068493
34048.593339 82.296147 367.068493
33898.641427 82.925880 367.068493
33944.185176 82.284236 367.068493
33961.915066 81.854890 367.068493
33909.813025 81.848592 367.068493
33822.343314 82.054183 367.068493
33770.322906 82.048026 367.068493
33650.359020 82.466951 367.068493
33666.404538 82.035683 367.068493
33649.915066 81.816959 367.068493
33528.185176 82.236224 367.068493
33510.833110 82.017098 367.068493
33424.593339 82.224128 367.068493
33306.762804 82.645526 367.068493
33255.068927 82.639780 367.068493
33203.415865 82.634026 367.068493
33217.899462 82.199823 367.068493
33166.328033 82.193723 367.068493
33114.797421 82.187614 367.068493
33029.787591 82.396099 367.068493
33011.858645 82.175367 367.068493
32894.354641 82.599310 367.068493
32842.987294 82.593492 367.068493
32824.236571 82.372187 367.068493
32708.743468 82.797686 367.068493
32755.225992 82.144582 367.068493
32606.294488 82.786320 367.068493
32619.338612 82.348124 367.068493
32535.640355 82.558395 367.068493
32484.558723 82.552513 367.068493
32401.886325 82.763481 367.068493
32415.093714 82.323910 367.068493
32269.239786 82.969411 367.068493
32313.216163 82.311746 367.068493
32262.338612 82.305650 367.068493
32178.926069 82.517027 367.068493
32096.498570 82.728950 367.068493
32077.375049 82.505124 367.068493
31995.029182 82.717367 367.068493
31913.668358 82.930155 367.068493
31833.292576 83.143481 367.068493
31812.443868 82.918858 367.068493
31824.211784 82.475200 367.068493
31711.382644 82.907526 367.068493
31691.600611 82.682397 367.068493
31610.484684 82.896157 367.068493
31530.353801 83.110463 367.068493
31509.749990 82.884752 367.068493
31429.700739 83.099387 367.068493
31409.178562 82.873311 367.068493
31358.954072 82.867577 367.068493
31308.770399 82.861833 367.068493
31258.627542 82.856080 367.068493
31122.128794 83.514599 367.068493
31045.157120 83.731357 367.068493
31049.901837 83.282118 367.068493
30972.067569 83.498840 367.068493
30922.128794 83.493569 367.068493
30900.085511 83.265777 367.068493
30850.228368 83.260313 367.068493
30800.412041 83.254839 367.068493
30750.636531 83.249357 367.068493
30646.136711 83.690514 367.068493
30651.207960 83.238366 367.068493
30573.700222 83.456439 367.068493
30497.177528 83.675061 367.068493
30474.516549 83.445752 367.068493
30424.985937 83.440396 367.068493
30375.496141 83.435031 367.068493
30248.148491 84.104287 367.068493
30198.740328 84.099449 367.068493
30174.394978 83.869171 367.068493
30075.968679 84.315548 367.068493
30075.782733 83.859089 367.068493
30001.515838 84.080017 367.068493
30003.299977 83.623003 367.068493
29903.148491 84.070253 367.068493
29829.948271 84.292078 367.068493
29829.966406 83.833741 367.068493
29755.903593 84.055547 367.068493
29731.925590 83.823543 367.068493
29682.966406 83.818432 367.068493
29660.014262 83.586051 367.068493
29560.148491 84.035826 367.068493
29536.333753 83.803047 367.068493
29540.414508 83.342471 367.068493
29464.748956 83.564744 367.068493
29365.046450 84.015973 367.068493
29316.372981 84.010990 367.068493
29220.529013 84.464093 367.068493
29219.148491 84.000998 367.068493
29221.585691 83.537911 367.068493
29147.109264 83.761644 367.068493
29098.639876 83.756430 367.068493
29001.111537 84.210813 367.068493
29001.823549 83.745976 367.068493
28953.476611 83.740736 367.068493
28880.148491 83.965762 367.068493
28831.883185 83.960694 367.068493
28783.658695 83.955618 367.068493
28760.497019 83.719687 367.068493
28687.332164 83.945441 367.068493
28592.018808 84.403386 367.068493
28591.168899 83.935230 367.068493
28519.070720 84.161924 367.068493
28206.235650 -88.124398 367.068493
28158.296874 -88.122802 367.068493
28097.179747 -88.590681 367.068493
28049.322604 -88.589479 367.068493
28014.725446 -88.117996 367.068493
28186.482551 84.598722 367.068493
28138.747858 84.594129 367.068493
27909.290416 -87.171026 367.068493
27861.637355 -87.168605 367.068493
27821.371624 85.510950 367.068493
27792.294241 85.271684 367.068493
27603.211315 -87.629774 367.068493
27546.833002 -87.864730 367.068493
27631.657338 85.495534 367.068493
27584.330807 85.491664 367.068493
27519.576906 85.724367 367.068493
27366.578662 -87.619543 367.068493
27340.147559 -87.141708 367.068493
27377.964661 85.713302 367.068493
27330.842212 85.709602 367.068493
27319.641179 85.230863 367.068493
27254.187950 85.464383 367.068493
27207.187950 85.460459 367.068493
27046.921610 -87.365899 367.068493
27113.310399 85.452591 367.068493
27066.432848 85.448646 367.068493
27019.596113 85.444695 367.068493
26938.808048 85.918943 367.068493
26823.596539 -87.114294 367.068493
26756.109274 -87.592524 367.068493
26768.449949 86.388289 367.068493
26752.032538 85.904697 367.068493
26739.432848 85.420842 367.068493
26675.413641 85.657113 367.068493
26523.150091 -87.581968 367.068493
26476.680703 -87.579846 367.068493
26440.166508 -87.335825 367.068493
26404.637355 -87.091471 367.068493
26426.746823 85.879526 367.068493
26380.440701 85.875905 367.068493
26334.175395 85.872278 367.068493
26272.371171 86.110896 367.068493
26173.310825 -87.078635 367.068493
26127.167967 -87.076054 367.068493
26137.453256 85.368296 367.068493
25978.125691 -87.312220 367.068493
25913.261574 -87.798422 367.068493
25897.065927 -87.063082 367.068493
25830.394989 -87.549738 367.068493
25794.452222 -87.302660 367.068493
25738.721519 -87.545376 367.068493
25713.718988 -87.052621 367.068493
25720.860967 86.069357 367.068493
25622.290416 -87.047362 367.068493
25679.085909 85.327051 367.068493
25633.473664 85.322886 367.068493
25538.330355 86.055313 367.068493
25542.371624 85.314534 367.068493
25418.983157 86.540937 367.068493
25417.440701 85.798368 367.068493
25372.032538 85.794603 367.068493
25311.085457 86.037616 367.068493
25265.758926 86.034058 367.068493
25122.351641 -87.018102 367.068493
25077.147559 -87.015413 367.068493
25011.211315 -87.509910 367.068493
24976.003242 -87.258788 367.068493
24930.921610 -87.256309 367.068493
24896.739396 -87.004609 367.068493
24830.966417 -87.500883 367.068493
24786.007234 -87.498616 367.068493
24741.088866 -87.496345 367.068493
24716.984294 -86.993727 367.068493
24661.288957 -87.241339 367.068493
24627.351641 -86.988256 367.068493
24544.827487 -87.989311 367.068493
24527.023651 -87.233793 367.068493
24472.435805 -87.482631 367.068493
24427.803152 -87.480331 367.068493
24383.211315 -87.478027 367.068493
24338.660295 -87.475718 367.068493
24314.923069 -86.968950 367.068493
24323.330355 85.957831 367.068493
24226.025110 -86.963389 367.068493
24181.637355 -86.960601 367.068493
24137.290416 -86.957807 367.068493
24092.984294 -86.955008 367.068493
24027.946009 -87.459439 367.068493
24072.950905 85.682414 367.068493
24045.291192 85.425278 367.068493
23984.624375 85.674456 367.068493
23924.942600 85.924259 367.068493
23880.881375 85.920495 367.068493
23754.241165 -87.700496 367.068493
23710.261574 -87.698363 367.068493
23658.296874 -87.951970 367.068493
23641.309365 -87.182411 367.068493
23646.551990 86.156926 367.068493
23632.950905 85.642329 367.068493
23605.699355 85.382787 367.068493
23579.432848 85.122950 367.068493
23535.738970 85.118414 367.068493
23368.864376 -87.423838 367.068493
23316.281982 -87.678988 367.068493
23272.710553 -87.676815 367.068493
23238.150091 -87.416598 367.068493
23194.660295 -87.414175 367.068493
23161.125691 -87.153329 367.068493
23098.833002 -87.668083 367.068493
23187.657338 85.081821 367.068493
23094.758926 85.851525 367.068493
23119.457506 84.814629 367.068493
23057.800195 85.067957 367.068493
22980.603966 85.580791 367.068493
22971.432848 85.058671 367.068493
22966.079451 84.536387 367.068493
23009.866639 83.497786 367.068493
23096.656939 82.204696 367.068493
23275.078008 80.407483 367.068493
23303.880023 79.889976 367.068493
23541.868981 78.112145 367.068493
23498.991430 78.101146 367.068493
23733.757229 76.589708 367.068493
24002.555992 75.094213 367.068493
24128.345285 74.345890 367.068493
24323.576028 73.359433 367.068493
24733.659072 71.665403 367.068493
24970.517405 70.703118 367.068493
25298.534393 69.517991 367.068493
25332.937816 69.268287 367.068493
25855.547056 67.647198 367.068493
26334.290588 66.281679 367.068493
26473.153467 65.818395 367.068493
26900.518299 64.703043 367.068493
27453.033932 63.392915 367.068493
27513.176364 63.158606 367.068493
27997.317222 62.086796 367.068493
28617.939598 60.830196 367.068493
28804.258691 60.401597 367.068493
29230.452081 59.577053 367.068493
29549.516602 58.960474 367.068493
30512.112165 57.391271 367.068493
31398.738328 56.056199 367.068493
32048.404504 55.118461 367.068493
32432.783905 54.554479 367.068493
32679.819196 54.173392 367.068493
32930.672207 53.795197 367.068493
33943.084550 52.561898 367.068493
34055.690041 52.365549 367.068493
34960.070104 51.338317 367.068493
35079.366811 51.146886 367.068493
36359.630577 49.833586 367.068493
36487.506954 49.648452 367.068493
37658.794214 48.538855 367.068493
37972.292692 48.208240 367.068493
39018.551599 47.289025 367.068493
39161.698862 47.114794 367.068493
40438.902733 46.082929 367.068493
40976.818225 45.634599 367.068493
42119.551480 44.783874 367.068493
42886.523483 44.220156 367.068493
43461.386249 43.796914 367.068493
43627.439841 43.638181 367.068493
45278.330114 42.588865 367.068493
45022.396180 42.686024 367.068493
45628.581680 42.282997 367.068493
46463.782874 41.763389 367.068493
46644.203943 41.613709 367.068493
46825.610054 41.464609 367.068493
46784.691686 41.436252 367.068493
46079.550930 41.771776 367.068493
46480.612106 41.500171 367.068493
46885.491003 41.230912 367.068493
46399.061086 41.443253 367.068493
46358.346800 41.414756 367.068493
46317.673330 41.386234 367.068493
46277.040677 41.357687 367.068493
45356.429925 41.817416 367.068493
45534.467294 41.665818 367.068493
45713.489706 41.514812 367.068493
46114.918228 41.243249 367.068493
46074.489657 41.214576 367.068493
46256.467197 41.065342 367.068493
46216.120258 41.036636 367.068493
45732.027772 41.249494 367.068493
46358.858350 40.859242 367.068493
46768.085582 40.592431 367.068493
46954.044108 40.445532 367.068493
46687.759051 40.534901 367.068493
46873.799210 40.387990 367.068493
47517.829944 40.008323 367.068493
47938.591972 39.748494 367.068493
47437.829944 39.950753 367.068493
46713.799210 40.272610 367.068493
46900.987677 40.126263 367.068493
46182.703934 40.451330 367.068493
46368.085582 40.303787 367.068493
45655.548829 40.632109 367.068493
45615.814135 40.603025 367.068493
45576.120258 40.573915 367.068493
45536.467197 40.544780 367.068493
45053.068588 40.756610 367.068493
44793.020318 40.848752 367.068493
44753.489706 40.819484 367.068493
44934.476752 40.668862 367.068493
343499.514960 13.618704 367.068493
342677.815303 13.620950 367.068493
342638.447957 13.607360 367.068493
341817.774159 13.609595 367.068493
341778.488444 13.595987 367.068493
340958.840506 13.598211 367.068493
341700.039465 13.568767 367.068493
342442.223467 13.539387 367.068493
340841.350710 13.557330 367.068493
341582.672118 13.527925 367.068493
341543.631302 13.514308 367.068493
342285.978569 13.484980 367.068493
340685.269077 13.502800 367.068493
43945.895865 40.499018 367.068493
43470.785761 40.714418 367.068493
42784.681895 41.056872 367.068493
18435.363420 -88.260046 367.068493
18447.596539 -86.519640 367.068493
18408.882253 -86.515978 367.068493
17378.868303 -87.610259 367.068493
17334.174361 -87.906424 367.068493
17285.272217 -88.502637 367.068493
17243.492586 -88.800708 367.068493
17210.251808 -88.499377 367.068493
17172.802829 -88.497741 367.068493
17135.394666 -88.496102 367.068493
17086.696603 -89.698825 367.068493
17116.882253 86.386713 367.068493
17091.399368 86.082232 367.068493
16978.616365 89.093571 367.068493
17016.950388 86.073658 367.068493
17006.225459 85.466996 367.068493
16942.664674 86.065046 367.068493
16918.330096 85.758772 367.068493
16826.996267 87.267567 367.068493
16781.970344 87.568106 367.068493
16771.921610 86.654248 367.068493
16716.118716 87.258513 367.068493
16698.125691 86.646854 367.068493
16627.296810 87.862364 367.068493
16590.500891 87.859994 367.068493
16610.399368 86.025822 367.068493
16498.146978 89.080466 367.068493
16459.112942 89.386265 367.068493
16432.394666 88.464262 367.068493
16385.888453 89.384895 367.068493
16351.697998 -89.076357 367.068493
16315.187794 -89.075324 367.068493
16282.023198 -88.765801 367.068493
16255.036890 -88.146986 367.068493
16205.902080 89.072211 367.068493
192415.060285 16.848941 367.068493
192378.754163 16.831081 367.068493
194657.731756 16.709977 367.068493
194621.507266 16.692207 367.068493
194585.323593 16.674434 367.068493
196295.527286 16.580248 367.068493
16118.514481 84.097920 367.068493
16082.453256 84.091283 367.068493
16104.502766 83.158882 367.068493
16028.865669 83.768670 367.068493
16076.018808 82.526918 367.068493
16017.931531 82.826925 367.068493
16102.463242 81.279617 367.068493
16093.557365 80.963093 367.068493
16144.178562 80.034952 367.068493
16139.131223 79.718587 367.068493
16103.437345 79.707075 367.068493
16131.991673 79.085610 367.068493
16199.772208 78.162254 367.068493
16128.792293 78.452430 367.068493
16202.319819 77.530447 367.068493
16205.071189 77.214600 367.068493
16248.937219 76.598013 367.068493
16095.972881 77.488656 367.068493
16219.235553 76.267514 367.068493
16102.705560 76.854953 367.068493
16148.623308 76.236933 367.068493
15201.255800 -89.361376 367.068493
15166.051718 -89.360636 367.068493
16309.282881 74.394370 367.068493
16321.843860 74.080344 367.068493
16384.961763 73.471274 367.068493
16400.437054 73.158382 367.068493
16469.301948 72.552674 367.068493
16653.403267 71.369448 367.068493
16675.610591 71.060310 367.068493
16757.817102 70.464477 367.068493
16782.938737 70.156955 367.068493
16933.683288 69.281864 367.068493
16774.290314 69.828131 367.068493
17058.252406 68.391691 367.068493
17157.659072 67.809813 367.068493
17123.026419 67.786188 367.068493
17156.890989 67.484313 367.068493
17191.740602 67.183041 367.068493
17371.097656 66.332955 367.068493
17409.805807 66.034781 367.068493
17229.966385 66.557586 367.068493
17566.187454 65.170295 367.068493
17531.840515 65.144337 367.068493
17811.017526 64.047845 367.068493
17618.122201 64.554241 367.068493
17904.934655 63.465211 367.068493
18036.934811 62.913465 367.068493
18259.149395 62.107690 367.068493
17968.689913 62.857858 367.068493
18366.612223 61.537686 367.068493
18603.112651 60.747811 367.068493
18569.133059 60.718459 367.068493
18720.262639 60.187255 367.068493
18686.364680 60.157486 367.068493
18937.191768 59.383429 367.068493
18903.375442 59.353110 367.068493
19262.398074 58.346854 367.068493
19430.727809 57.835211 367.068493
19397.033932 57.803925 367.068493
19363.380871 57.772584 367.068493
19329.768626 57.741188 367.068493
19606.375538 56.996692 367.068493
19678.126159 56.729551 367.068493
19858.031508 56.230526 367.068493
20262.703534 55.278908 367.068493
20682.523997 54.346452 367.068493
20764.824372 54.091352 367.068493
20731.497842 54.058011 367.068493
20814.824076 53.803789 367.068493
20781.579178 53.770259 367.068493
20865.931271 53.516924 367.068493
20951.268407 53.264618 367.068493
21279.312520 52.582196 367.068493
21368.508194 52.334277 367.068493
21213.190071 52.513902 367.068493
21425.688910 52.053036 367.068493
21895.058121 51.179761 367.068493
21609.087104 51.562170 367.068493
22215.922874 50.493536 367.068493
22313.861483 50.255336 367.068493
22679.056952 49.617562 367.068493
22380.030032 49.983029 367.068493
21954.989716 50.557963 367.068493
22715.466343 49.313033 367.068493
22682.833690 49.277603 367.068493
23337.166490 48.266051 367.068493
23444.833076 48.038598 367.068493
23695.590763 47.622696 367.068493
23806.171661 47.398452 367.068493
24062.676338 46.989113 367.068493
24030.288583 46.953095 367.068493
24290.651799 46.548052 367.068493
23965.635522 46.880914 367.068493
24522.567430 46.111147 367.068493
24790.606905 45.714709 367.068493
