40.564028 295.674847
40.876855 295.518433
40.564028 295.362020
40.720442 295.205606
40.564028 295.049192
40.407614 294.892778
40.564028 294.736365
40.564028 294.579951
39.312718 294.423537
40.876855 294.267123
40.564028 294.110710
40.720442 293.954296
40.407614 293.797882
40.720442 293.641468
40.564028 293.485055
40.251200 293.328641
40.564028 293.172227
40.564028 293.015813
40.876855 292.859400
40.720442 292.702986
39.938373 292.546572
40.094787 292.390158
39.938373 292.233745
40.407614 292.077331
40.564028 291.920917
39.469132 291.764503
40.564028 291.608090
40.720442 291.451676
40.564028 291.295262
40.251200 291.138848
40.720442 290.982435
40.876855 290.826021
40.876855 290.669607
40.876855 290.513193
40.876855 290.356780
40.876855 290.200366
40.876855 290.043952
40.876855 289.887539
40.876855 289.731125
40.876855 289.574711
40.876855 289.418297
40.876855 289.261884
40.876855 289.105470
40.876855 288.949056
40.876855 288.792642
40.876855 288.636229
40.876855 288.479815
40.876855 288.323401
41.033269 288.166987
41.033269 288.010574
41.033269 287.854160
40.564028 287.697746
40.876855 287.541332
40.564028 287.384919
40.876855 287.228505
40.876855 287.072091
40.876855 286.915677
40.720442 286.759264
40.876855 286.602850
40.876855 286.446436
40.876855 286.290022
41.189683 286.133609
41.033269 285.977195
41.189683 285.820781
41.033269 285.664367
41.033269 285.507954
40.720442 285.351540
40.876855 285.195126
40.720442 285.038712
40.720442 284.882299
40.876855 284.725885
40.876855 284.569471
40.876855 284.413057
40.720442 284.256644
40.720442 284.100230
40.564028 283.943816
40.720442 283.787402
40.876855 283.630989
40.720442 283.474575
40.720442 283.318161
40.720442 283.161747
40.876855 283.005334
40.720442 282.848920
40.876855 282.692506
40.564028 282.536092
40.564028 282.379679
40.564028 282.223265
40.720442 282.066851
40.876855 281.910437
40.720442 281.754024
40.876855 281.597610
40.720442 281.441196
40.876855 281.284783
40.876855 281.128369
40.876855 280.971955
40.720442 280.815541
40.564028 280.659128
40.720442 280.502714
40.876855 280.346300
40.876855 280.189886
40.876855 280.033473
40.876855 279.877059
40.720442 279.720645
40.564028 279.564231
40.876855 279.407818
40.720442 279.251404
40.876855 279.094990
40.720442 278.938576
40.720442 278.782163
40.720442 278.625749
40.720442 278.469335
40.720442 278.312921
40.407614 278.156508
40.720442 278.000094
40.251200 277.843680
40.564028 277.687266
40.407614 277.530853
40.094787 277.374439
40.564028 277.218025
40.094787 277.061611
40.720442 276.905198
40.564028 276.748784
40.564028 276.592370
40.720442 276.435956
40.720442 276.279543
40.564028 276.123129
40.720442 275.966715
40.564028 275.810301
40.564028 275.653888
40.564028 275.497474
40.407614 275.341060
40.407614 275.184646
40.251200 275.028233
40.407614 274.871819
40.564028 274.715405
40.407614 274.558991
40.720442 274.402578
40.564028 274.246164
40.720442 274.089750
40.876855 273.933336
40.720442 273.776923
40.720442 273.620509
40.876855 273.464095
40.876855 273.307681
40.720442 273.151268
40.720442 272.994854
40.407614 272.838440
40.564028 272.682026
40.251200 272.525613
39.938373 272.369199
40.094787 272.212785
39.938373 272.056372
39.625545 271.899958
39.469132 271.743544
39.781959 271.587130
39.625545 271.430717
39.938373 271.274303
39.781959 271.117889
39.781959 270.961475
39.938373 270.805062
39.625545 270.648648
39.625545 270.492234
39.938373 270.335820
39.781959 270.179407
39.938373 270.022993
39.938373 269.866579
39.625545 269.710165
39.781959 269.553752
39.781959 269.397338
39.625545 269.240924
39.938373 269.084510
39.938373 268.928097
39.938373 268.771683
39.781959 268.615269
39.938373 268.458855
39.938373 268.302442
39.938373 268.146028
39.781959 267.989614
39.938373 267.833200
39.781959 267.676787
39.938373 267.520373
39.938373 267.363959
40.094787 267.207545
40.094787 267.051132
40.094787 266.894718
39.938373 266.738304
40.094787 266.581890
39.938373 266.425477
40.094787 266.269063
39.938373 266.112649
39.938373 265.956235
39.938373 265.799822
39.469132 265.643408
39.625545 265.486994
39.312718 265.330580
2.242660 265.174167
2.242660 265.017753
1.929833 264.861339
1.929833 264.704925
1.929833 264.548512
1.929833 264.392098
2.086247 264.235684
2.242660 264.079270
1.929833 263.922857
2.086247 263.766443
2.399074 263.610029
2.242660 263.453616
2.242660 263.297202
2.086247 263.140788
2.242660 262.984374
1.929833 262.827961
2.242660 262.671547
2.242660 262.515133
2.399074 262.358719
2.399074 262.202306
2.399074 262.045892
2.399074 261.889478
2.242660 261.733064
2.242660 261.576651
2.399074 261.420237
2.399074 261.263823
2.086247 261.107409
1.929833 260.950996
2.399074 260.794582
2.242660 260.638168
1.929833 260.481754
2.242660 260.325341
2.399074 260.168927
2.242660 260.012513
2.555488 259.856099
2.242660 259.699686
2.242660 259.543272
2.086247 259.386858
2.399074 259.230444
2.242660 259.074031
2.086247 258.917617
2.555488 258.761203
2.399074 258.604789
2.242660 258.448376
2.242660 258.291962
1.929833 258.135548
2.399074 257.979134
2.242660 257.822721
2.399074 257.666307
2.086247 257.509893
2.242660 257.353479
2.399074 257.197066
2.399074 257.040652
1.929833 256.884238
2.399074 256.727824
2.242660 256.571411
2.399074 256.414997
2.242660 256.258583
1.773419 256.102169
2.399074 255.945756
2.555488 255.789342
2.555488 255.632928
2.555488 255.476514
2.555488 255.320101
2.711902 255.163687
2.711902 255.007273
2.399074 254.850859
2.399074 254.694446
2.711902 254.538032
2.711902 254.381618
2.555488 254.225205
2.086247 254.068791
2.555488 253.912377
2.711902 253.755963
2.555488 253.599550
2.555488 253.443136
2.399074 253.286722
2.399074 253.130308
2.242660 252.973895
3.024729 252.817481
3.024729 252.661067
2.868315 252.504653
2.868315 252.348240
3.024729 252.191826
3.024729 252.035412
2.868315 251.878998
3.024729 251.722585
3.024729 251.566171
2.868315 251.409757
3.024729 251.253343
2.868315 251.096930
3.181143 250.940516
3.024729 250.784102
2.868315 250.627688
2.711902 250.471275
2.711902 250.314861
2.711902 250.158447
2.711902 250.002033
2.868315 249.845620
2.711902 249.689206
2.711902 249.532792
2.868315 249.376378
3.181143 249.219965
2.868315 249.063551
2.868315 248.907137
3.181143 248.750723
3.024729 248.594310
3.181143 248.437896
3.024729 248.281482
2.868315 248.125068
3.024729 247.968655
2.555488 247.812241
2.399074 247.655827
1.617005 247.499413
3.493970 247.343000
3.650384 247.186586
3.493970 247.030172
3.806798 246.873758
3.650384 246.717345
3.493970 246.560931
3.337557 246.404517
3.650384 246.248103
3.650384 246.091690
3.963211 245.935276
3.650384 245.778862
3.337557 245.622449
3.806798 245.466035
3.806798 245.309621
3.963211 245.153207
3.650384 244.996794
4.119625 244.840380
3.963211 244.683966
4.119625 244.527552
3.806798 244.371139
4.119625 244.214725
3.963211 244.058311
4.119625 243.901897
4.119625 243.745484
3.963211 243.589070
4.432453 243.432656
4.276039 243.276242
4.276039 243.119829
4.276039 242.963415
4.119625 242.807001
4.276039 242.650587
4.276039 242.494174
3.650384 242.337760
4.432453 242.181346
4.276039 242.024932
4.119625 241.868519
4.588866 241.712105
4.745280 241.555691
4.901694 241.399277
4.745280 241.242864
4.745280 241.086450
4.432453 240.930036
4.745280 240.773622
5.058108 240.617209
4.901694 240.460795
5.058108 240.304381
4.901694 240.147967
5.214521 239.991554
5.214521 239.835140
5.370935 239.678726
5.370935 239.522312
5.214521 239.365899
5.683763 239.209485
5.840176 239.053071
5.527349 238.896657
5.996590 238.740244
5.683763 238.583830
5.840176 238.427416
5.683763 238.271002
6.153004 238.114589
6.153004 237.958175
6.153004 237.801761
6.153004 237.645347
6.153004 237.488934
6.153004 237.332520
6.153004 237.176106
6.153004 237.019692
6.153004 236.863279
6.153004 236.706865
6.153004 236.550451
5.996590 236.394038
6.622245 236.237624
6.309418 236.081210
6.622245 235.924796
6.465831 235.768383
6.622245 235.611969
6.622245 235.455555
6.778659 235.299141
6.935073 235.142728
6.309418 234.986314
6.778659 234.829900
6.778659 234.673486
6.935073 234.517073
6.935073 234.360659
6.935073 234.204245
6.622245 234.047831
7.091486 233.891418
6.778659 233.735004
7.404314 233.578590
7.091486 233.422176
7.404314 233.265763
6.935073 233.109349
7.091486 232.952935
7.560728 232.796521
6.935073 232.640108
7.560728 232.483694
7.404314 232.327280
7.560728 232.170866
7.247900 232.014453
7.717141 231.858039
7.873555 231.701625
7.873555 231.545211
7.404314 231.388798
7.560728 231.232384
7.717141 231.075970
8.186383 230.919556
8.029969 230.763143
7.717141 230.606729
8.186383 230.450315
8.342796 230.293901
8.029969 230.137488
8.499210 229.981074
8.029969 229.824660
8.499210 229.668246
8.812038 229.511833
8.655624 229.355419
8.812038 229.199005
8.655624 229.042591
8.812038 228.886178
8.968451 228.729764
8.655624 228.573350
9.281279 228.416936
9.281279 228.260523
9.437693 228.104109
9.437693 227.947695
8.968451 227.791281
9.437693 227.634868
9.437693 227.478454
9.437693 227.322040
9.281279 227.165627
9.750520 227.009213
9.594106 226.852799
9.437693 226.696385
9.594106 226.539972
9.750520 226.383558
9.750520 226.227144
9.750520 226.070730
10.063348 225.914317
9.750520 225.757903
9.906934 225.601489
9.906934 225.445075
10.376175 225.288662
9.750520 225.132248
10.376175 224.975834
9.750520 224.819420
10.376175 224.663007
10.532589 224.506593
10.532589 224.350179
10.219761 224.193765
10.532589 224.037352
10.532589 223.880938
10.689003 223.724524
10.689003 223.568110
10.689003 223.411697
10.689003 223.255283
10.845416 223.098869
10.689003 222.942455
11.314658 222.786042
11.158244 222.629628
11.314658 222.473214
11.001830 222.316800
11.314658 222.160387
11.471071 222.003973
11.471071 221.847559
11.471071 221.691145
11.783899 221.534732
11.471071 221.378318
11.783899 221.221904
11.158244 221.065490
11.783899 220.909077
11.471071 220.752663
11.940313 220.596249
11.783899 220.439835
11.783899 220.283422
12.096726 220.127008
12.096726 219.970594
12.253140 219.814180
12.253140 219.657767
11.783899 219.501353
12.409554 219.344939
12.253140 219.188525
12.565967 219.032112
12.409554 218.875698
12.565967 218.719284
12.722381 218.562871
12.878795 218.406457
12.565967 218.250043
12.722381 218.093629
13.035209 217.937216
12.878795 217.780802
12.565967 217.624388
12.878795 217.467974
12.722381 217.311561
12.878795 217.155147
13.035209 216.998733
12.722381 216.842319
12.565967 216.685906
12.722381 216.529492
13.191622 216.373078
13.348036 216.216664
13.348036 216.060251
13.191622 215.903837
13.504450 215.747423
13.504450 215.591009
13.191622 215.434596
13.660864 215.278182
13.660864 215.121768
13.817277 214.965354
13.817277 214.808941
13.973691 214.652527
13.817277 214.496113
13.973691 214.339699
13.973691 214.183286
13.973691 214.026872
14.130105 213.870458
14.286519 213.714044
14.130105 213.557631
14.130105 213.401217
14.286519 213.244803
14.599346 213.088389
14.442932 212.931976
14.599346 212.775562
14.286519 212.619148
14.599346 212.462734
14.130105 212.306321
14.755760 212.149907
14.755760 211.993493
14.912174 211.837079
14.912174 211.680666
14.599346 211.524252
15.068587 211.367838
15.068587 211.211424
15.068587 211.055011
15.381415 210.898597
15.381415 210.742183
15.225001 210.585769
15.225001 210.429356
15.694242 210.272942
15.225001 210.116528
15.694242 209.960114
15.381415 209.803701
15.694242 209.647287
15.694242 209.490873
15.850656 209.334460
15.537829 209.178046
16.007070 209.021632
16.007070 208.865218
16.163484 208.708805
16.319897 208.552391
16.319897 208.395977
16.319897 208.239563
16.476311 208.083150
16.476311 207.926736
16.632725 207.770322
16.476311 207.613908
16.632725 207.457495
16.163484 207.301081
16.632725 207.144667
16.632725 206.988253
16.632725 206.831840
16.632725 206.675426
17.101966 206.519012
16.632725 206.362598
16.945552 206.206185
17.101966 206.049771
17.101966 205.893357
17.101966 205.736943
17.101966 205.580530
17.101966 205.424116
17.101966 205.267702
16.789139 205.111288
17.414794 204.954875
17.414794 204.798461
17.414794 204.642047
17.258380 204.485633
17.727621 204.329220
17.727621 204.172806
17.414794 204.016392
17.884035 203.859978
17.571207 203.703565
17.727621 203.547151
17.727621 203.390737
17.884035 203.234323
17.884035 203.077910
18.040449 202.921496
18.040449 202.765082
17.884035 202.608668
17.884035 202.452255
17.727621 202.295841
17.884035 202.139427
18.196862 201.983013
18.196862 201.826600
17.884035 201.670186
18.353276 201.513772
18.196862 201.357358
18.196862 201.200945
18.509690 201.044531
18.666104 200.888117
18.666104 200.731704
18.822517 200.575290
18.978931 200.418876
18.822517 200.262462
18.822517 200.106049
18.822517 199.949635
18.978931 199.793221
18.978931 199.636807
19.135345 199.480394
18.978931 199.323980
18.822517 199.167566
19.135345 199.011152
18.978931 198.854739
19.135345 198.698325
19.135345 198.541911
18.978931 198.385497
19.448172 198.229084
19.604586 198.072670
19.448172 197.916256
19.448172 197.759842
19.448172 197.603429
19.604586 197.447015
19.604586 197.290601
19.761000 197.134187
19.604586 196.977774
19.761000 196.821360
19.917414 196.664946
19.917414 196.508532
20.073827 196.352119
20.230241 196.195705
19.917414 196.039291
20.230241 195.882877
20.073827 195.726464
20.230241 195.570050
20.230241 195.413636
19.917414 195.257222
20.073827 195.100809
20.230241 194.944395
20.230241 194.787981
20.386655 194.631567
20.543069 194.475154
20.543069 194.318740
20.855896 194.162326
20.855896 194.005912
20.386655 193.849499
20.699482 193.693085
20.386655 193.536671
20.855896 193.380257
20.699482 193.223844
20.699482 193.067430
20.386655 192.911016
20.855896 192.754602
20.855896 192.598189
20.855896 192.441775
21.012310 192.285361
20.855896 192.128947
21.012310 191.972534
21.012310 191.816120
21.012310 191.659706
21.168724 191.503293
20.855896 191.346879
20.386655 191.190465
21.168724 191.034051
20.855896 190.877638
21.012310 190.721224
21.168724 190.564810
21.168724 190.408396
21.168724 190.251983
21.168724 190.095569
21.168724 189.939155
21.168724 189.782741
21.168724 189.626328
21.168724 189.469914
21.325137 189.313500
21.325137 189.157086
21.325137 189.000673
21.325137 188.844259
21.325137 188.687845
21.325137 188.531431
21.325137 188.375018
21.325137 188.218604
21.168724 188.062190
21.325137 187.905776
21.481551 187.749363
21.481551 187.592949
21.325137 187.436535
21.325137 187.280121
21.481551 187.123708
21.325137 186.967294
21.637965 186.810880
21.168724 186.654466
21.637965 186.498053
21.168724 186.341639
21.481551 186.185225
21.950792 186.028811
21.794378 185.872398
21.950792 185.715984
22.263620 185.559570
22.263620 185.403156
22.263620 185.246743
21.950792 185.090329
21.637965 184.933915
21.794378 184.777501
21.950792 184.621088
21.950792 184.464674
2.868315 184.308260
2.868315 184.151846
2.555488 183.995433
2.555488 183.839019
2.555488 183.682605
2.242660 183.526191
2.555488 183.369778
2.555488 183.213364
21.794378 183.056950
21.637965 182.900536
2.711902 182.744123
2.399074 182.587709
21.637965 182.431295
2.242660 182.274882
2.555488 182.118468
2.399074 181.962054
2.711902 181.805640
2.555488 181.649227
2.711902 181.492813
2.711902 181.336399
22.107206 181.179985
21.794378 181.023572
22.107206 180.867158
2.868315 180.710744
2.868315 180.554330
3.024729 180.397917
3.024729 180.241503
2.868315 180.085089
2.555488 179.928675
2.868315 179.772262
3.024729 179.615848
2.711902 179.459434
2.711902 179.303020
3.024729 179.146607
2.868315 178.990193
2.868315 178.833779
2.711902 178.677365
2.868315 178.520952
2.711902 178.364538
2.555488 178.208124
2.555488 178.051710
2.399074 177.895297
2.086247 177.738883
2.242660 177.582469
1.773419 177.426055
2.399074 177.269642
2.242660 177.113228
1.773419 176.956814
1.617005 176.800400
1.773419 176.643987
1.773419 176.487573
2.086247 176.331159
2.086247 176.174745
2.555488 176.018332
2.399074 175.861918
2.555488 175.705504
2.399074 175.549090
2.555488 175.392677
2.555488 175.236263
2.711902 175.079849
2.242660 174.923435
1.617005 174.767022
1.929833 174.610608
2.086247 174.454194
2.399074 174.297780
2.399074 174.141367
2.086247 173.984953
2.242660 173.828539
2.242660 173.672126
1.617005 173.515712
1.617005 173.359298
1.617005 173.202884
1.929833 172.733643
1.929833 172.577229
2.399074 172.420816
2.086247 172.264402
2.399074 172.107988
1.617005 171.951574
2.399074 171.795161
2.399074 171.638747
2.711902 171.482333
2.399074 171.325919
2.242660 171.169506
2.399074 171.013092
2.711902 170.856678
2.399074 170.700264
2.242660 170.543851
2.711902 170.387437
3.024729 170.231023
2.711902 170.074609
3.181143 169.918196
20.230241 169.761782
20.230241 169.605368
19.917414 169.448954
20.230241 169.292541
19.917414 169.136127
19.604586 168.979713
2.242660 168.823299
2.711902 168.666886
2.868315 168.510472
2.555488 168.354058
13.973691 168.197644
14.599346 168.041231
16.789139 167.884817
16.789139 167.728403
19.604586 167.571989
20.073827 167.415576
22.420033 167.259162
22.889275 167.102748
23.045688 166.946334
24.922653 166.789921
27.581687 166.633507
28.050928 166.477093
28.520170 166.320679
29.771480 166.164266
32.274099 166.007852
33.368996 165.851438
33.681823 165.695024
35.089547 165.538611
36.966512 165.382197
38.061408 165.225783
38.530649 165.069369
39.312718 164.912956
39.156304 164.756542
39.781959 164.600128
40.251200 164.443715
39.938373 164.287301
40.407614 164.130887
40.407614 163.974473
40.251200 163.818060
39.938373 163.661646
39.938373 163.505232
39.156304 163.348818
39.469132 163.192405
39.312718 163.035991
39.469132 162.879577
39.312718 162.723163
39.312718 162.566750
39.469132 162.410336
39.312718 162.253922
39.781959 162.097508
39.781959 161.941095
39.781959 161.784681
40.094787 161.628267
40.720442 161.471853
41.033269 161.315440
40.876855 161.159026
40.564028 161.002612
40.564028 160.846198
40.251200 160.689785
40.251200 160.533371
40.094787 160.376957
39.938373 160.220543
39.312718 160.064130
39.312718 159.907716
39.312718 159.751302
39.625545 159.594888
39.469132 159.438475
39.312718 159.282061
39.156304 159.125647
39.156304 158.969233
39.156304 158.812820
39.156304 158.656406
39.156304 158.499992
39.156304 158.343578
38.999891 158.187165
38.843477 158.030751
38.843477 157.874337
39.469132 157.717923
39.156304 157.561510
38.999891 157.405096
38.999891 157.248682
38.687063 157.092268
38.687063 156.935855
38.843477 156.779441
38.530649 156.623027
37.592167 156.466613
2.399074 156.310200
1.773419 156.153786
1.617005 155.840959
2.242660 155.684545
2.242660 155.528131
2.399074 155.371717
2.399074 155.215304
1.773419 155.058890
1.773419 154.902476
2.555488 154.746062
2.555488 154.589649
2.711902 154.433235
2.399074 154.276821
2.555488 154.120407
2.242660 153.963994
2.399074 153.807580
1.617005 153.651166
3.024729 153.494752
2.868315 153.338339
3.024729 153.181925
3.181143 153.025511
3.181143 152.869097
1.617005 152.712684
99.844838 152.556270
100.470493 152.399856
101.096148 152.243442
100.626906 152.087029
100.783320 151.930615
100.783320 151.774201
100.470493 151.617787
101.408975 151.461374
101.408975 151.304960
101.408975 151.148546
101.252561 150.992132
3.337557 150.835719
3.337557 150.679305
3.650384 150.522891
3.493970 150.366477
4.119625 150.210064
4.119625 150.053650
4.119625 149.897236
4.276039 149.740822
4.276039 149.584409
3.806798 149.427995
3.806798 149.271581
4.119625 149.115167
5.058108 148.958754
5.214521 148.802340
4.276039 148.645926
4.901694 148.489512
8.655624 148.333099
8.968451 148.176685
9.281279 148.020271
9.124865 147.863857
10.219761 147.707444
10.376175 147.551030
10.532589 147.394616
9.437693 147.238202
10.376175 147.081789
10.376175 146.925375
10.689003 146.768961
10.376175 146.612548
10.689003 146.456134
10.532589 146.299720
10.689003 146.143306
10.532589 145.986893
10.532589 145.830479
10.689003 145.674065
10.845416 145.517651
10.376175 145.361238
10.689003 145.204824
10.689003 145.048410
10.376175 144.891996
10.689003 144.735583
9.594106 144.579169
9.281279 144.422755
8.812038 144.266341
8.342796 144.109928
7.873555 143.953514
7.091486 143.797100
6.622245 143.640686
6.309418 143.484273
3.806798 143.327859
4.588866 143.171445
4.901694 143.015031
5.214521 142.858618
5.527349 142.702204
101.878216 142.545790
102.191044 142.389376
99.219183 142.232963
99.219183 142.076549
100.001251 141.920135
100.157665 141.763721
100.157665 141.607308
7.091486 141.450894
7.404314 141.294480
8.342796 141.138066
7.873555 140.981653
8.186383 140.825239
8.186383 140.668825
8.186383 140.512411
8.186383 140.355998
9.124865 140.199584
9.281279 140.043170
9.437693 139.886756
9.750520 139.730343
9.594106 139.573929
10.063348 139.417515
10.376175 139.261101
10.219761 139.104688
10.689003 138.948274
10.845416 138.791860
11.158244 138.635446
11.158244 138.479033
10.845416 138.322619
11.783899 138.166205
11.627485 138.009792
11.940313 137.853378
12.409554 137.696964
12.253140 137.540550
12.722381 137.384137
12.722381 137.227723
13.504450 137.071309
13.817277 136.914895
14.130105 136.758482
14.130105 136.602068
14.130105 136.445654
14.599346 136.289240
15.068587 136.132827
15.381415 135.976413
15.381415 135.819999
15.850656 135.663585
15.850656 135.507172
16.476311 135.350758
16.319897 135.194344
16.789139 135.037930
16.789139 134.881517
16.789139 134.725103
17.258380 134.568689
17.414794 134.412275
17.571207 134.255862
18.040449 134.099448
18.509690 133.943034
18.196862 133.786620
18.822517 133.630207
19.291759 133.473793
18.978931 133.317379
19.604586 133.160965
19.761000 133.004552
20.230241 132.848138
20.230241 132.691724
20.699482 132.535310
20.855896 132.378897
20.855896 132.222483
21.168724 132.066069
21.481551 131.909655
21.481551 131.753242
22.420033 131.596828
23.045688 131.440414
22.732861 131.284000
22.732861 131.127587
23.045688 130.971173
23.045688 130.814759
23.514930 130.658345
23.827757 130.501932
23.671343 130.345518
24.296998 130.189104
24.453412 130.032690
24.453412 129.876277
24.609826 129.719863
25.079067 129.563449
25.079067 129.407035
25.391895 129.250622
25.704722 129.094208
25.861136 128.937794
26.173963 128.781381
26.330377 128.624967
26.486791 128.468553
26.330377 128.312139
27.268860 128.155726
26.799618 127.999312
27.268860 127.842898
27.268860 127.686484
27.894515 127.530071
28.050928 127.373657
27.894515 127.217243
28.520170 127.060829
28.832997 126.904416
