3.493970 170.700264
3.493970 171.013092
3.493970 171.169506
3.337557 170.856678
3.493970 171.325919
3.337557 171.638747
3.493970 171.482333
3.493970 171.795161
3.181143 171.951574
3.024729 172.107988
3.493970 172.420816
3.337557 172.264402
3.337557 172.577229
3.024729 172.890057
3.024729 172.733643
3.181143 173.359298
3.181143 173.202884
3.181143 173.046471
3.493970 173.672126
3.337557 173.984953
3.337557 173.828539
3.024729 173.515712
3.337557 174.297780
2.868315 174.141367
3.493970 174.610608
3.181143 174.454194
3.181143 174.767022
3.493970 175.236263
2.868315 174.923435
3.181143 175.549090
3.337557 175.392677
3.181143 175.079849
3.181143 175.861918
3.181143 175.705504
3.337557 176.331159
3.024729 176.174745
3.024729 176.018332
3.337557 176.487573
2.868315 176.643987
3.337557 176.956814
3.024729 176.800400
3.493970 177.426055
3.181143 177.269642
3.181143 177.113228
3.650384 178.051710
3.337557 177.738883
3.337557 178.208124
3.337557 177.895297
3.024729 177.582469
3.493970 178.520952
3.181143 178.364538
3.181143 178.833779
3.493970 178.990193
2.399074 178.677365
3.181143 179.146607
3.493970 179.772262
3.337557 179.459434
3.493970 179.303020
3.493970 179.928675
3.337557 179.615848
3.493970 180.085089
3.493970 180.397917
3.337557 180.241503
3.493970 180.554330
3.493970 180.867158
3.493970 180.710744
3.181143 181.179985
3.181143 181.023572
3.337557 181.336399
3.181143 181.492813
3.337557 181.962054
3.024729 181.805640
2.868315 181.649227
3.493970 182.587709
3.493970 182.431295
3.337557 182.274882
3.181143 182.744123
2.868315 182.118468
3.337557 182.900536
3.024729 183.056950
3.493970 183.526191
3.337557 183.369778
3.650384 183.839019
3.493970 183.682605
2.868315 183.213364
3.337557 184.151846
3.493970 184.464674
3.493970 184.308260
2.868315 183.995433
3.024729 184.621088
3.337557 185.090329
3.024729 184.933915
3.650384 185.559570
3.337557 185.246743
3.493970 186.028811
3.337557 185.872398
3.181143 185.403156
2.711902 184.777501
3.493970 186.185225
3.181143 185.715984
3.650384 186.498053
3.337557 186.341639
3.181143 186.654466
3.493970 186.967294
3.337557 186.810880
3.337557 187.123708
3.493970 187.436535
3.337557 187.280121
3.337557 187.592949
3.337557 188.218604
3.493970 188.062190
3.181143 187.905776
3.024729 187.749363
3.181143 188.375018
3.337557 188.531431
3.493970 189.000673
2.868315 188.687845
3.337557 189.782741
3.337557 189.626328
3.181143 189.157086
3.024729 188.844259
3.181143 189.469914
3.181143 189.313500
3.650384 190.251983
3.650384 190.095569
3.337557 189.939155
3.337557 190.564810
3.337557 190.408396
3.024729 191.190465
3.337557 190.877638
3.181143 190.721224
3.650384 191.346879
3.650384 191.659706
3.181143 191.034051
3.493970 191.816120
3.337557 191.503293
3.337557 192.128947
3.181143 191.972534
3.337557 192.754602
2.868315 192.598189
2.868315 192.285361
3.337557 192.911016
2.868315 192.441775
3.337557 193.223844
3.181143 193.067430
3.493970 193.693085
3.493970 193.536671
3.337557 193.849499
3.024729 193.380257
3.024729 194.005912
3.963211 194.787981
4.119625 194.631567
3.337557 194.162326
3.337557 194.318740
3.650384 195.100809
3.493970 194.475154
3.493970 195.257222
3.493970 194.944395
3.337557 195.413636
3.650384 195.726464
3.493970 195.570050
3.337557 196.039291
3.493970 195.882877
3.181143 196.508532
3.024729 196.195705
3.181143 196.664946
3.181143 196.352119
3.337557 196.821360
3.181143 196.977774
3.181143 197.290601
2.711902 197.916256
3.181143 197.759842
3.024729 197.134187
3.650384 198.229084
3.493970 198.072670
3.024729 197.447015
3.337557 198.541911
2.868315 197.603429
3.337557 198.698325
3.650384 199.323980
3.024729 199.167566
3.337557 198.854739
3.024729 198.385497
3.337557 199.011152
3.337557 199.636807
3.181143 199.480394
3.337557 200.106049
3.337557 199.949635
3.337557 199.793221
3.650384 200.262462
3.337557 200.418876
3.493970 200.575290
3.337557 200.731704
3.024729 201.044531
3.181143 200.888117
3.024729 201.357358
3.024729 201.513772
3.024729 201.200945
3.181143 201.826600
3.024729 201.670186
3.650384 202.608668
3.493970 202.295841
3.024729 202.139427
3.337557 202.452255
3.493970 202.765082
2.711902 201.983013
3.650384 203.390737
3.650384 203.234323
3.337557 203.077910
3.493970 202.921496
3.493970 203.547151
3.337557 203.859978
3.181143 204.016392
3.024729 203.703565
3.493970 204.329220
3.337557 204.172806
3.337557 204.485633
3.181143 204.642047
3.337557 204.954875
3.024729 204.798461
3.337557 205.111288
3.181143 206.049771
3.493970 205.736943
3.181143 205.424116
3.024729 205.267702
3.337557 205.580530
3.024729 206.362598
3.024729 205.893357
3.181143 206.519012
2.868315 206.206185
3.024729 206.831840
3.493970 207.144667
3.024729 206.675426
3.181143 206.988253
3.493970 207.457495
3.337557 207.301081
3.650384 208.083150
3.181143 207.926736
3.181143 207.613908
3.024729 207.770322
3.493970 209.021632
3.024729 208.395977
2.868315 208.239563
3.337557 209.178046
3.181143 208.865218
3.181143 208.708805
2.555488 208.552391
3.337557 209.490873
3.337557 209.334460
3.337557 209.647287
3.024729 209.803701
3.181143 210.116528
3.024729 210.272942
2.711902 209.960114
3.024729 210.585769
3.024729 210.429356
3.024729 210.742183
3.337557 211.837079
3.493970 211.524252
3.024729 210.898597
3.650384 212.306321
3.337557 212.149907
3.181143 211.680666
3.337557 211.367838
3.024729 211.993493
2.868315 211.211424
2.555488 211.055011
3.337557 212.931976
3.181143 212.775562
3.181143 212.462734
3.493970 213.088389
2.868315 212.619148
3.181143 213.401217
3.337557 213.244803
3.337557 213.714044
3.493970 213.557631
3.337557 213.870458
3.493970 214.183286
3.493970 214.026872
3.650384 214.339699
3.493970 214.652527
3.181143 214.496113
2.711902 214.808941
2.086247 214.965354
2.555488 215.121768
3.337557 215.903837
3.024729 215.747423
2.868315 215.591009
2.868315 215.434596
3.181143 216.060251
2.399074 215.278182
3.181143 216.216664
3.493970 217.155147
3.493970 216.998733
3.181143 216.685906
3.337557 216.529492
3.024729 216.373078
3.181143 216.842319
2.868315 217.467974
2.868315 217.311561
2.868315 218.406457
2.711902 218.250043
2.868315 217.937216
2.711902 217.780802
2.711902 218.562871
2.711902 218.093629
2.555488 217.624388
2.399074 218.719284
2.242660 218.875698
2.086247 219.032112
1.929833 219.657767
1.773419 219.188525
1.773419 219.970594
1.617005 219.814180
1.617005 219.501353
1.617005 219.344939
