2.242660 294.423537
2.399074 294.267123
2.242660 283.005334
1.617005 282.848920
5.370935 273.151268
1.929833 272.994854
5.683763 272.838440
1.929833 272.682026
1.773419 272.525613
5.370935 272.369199
5.370935 272.212785
5.370935 272.056372
5.527349 271.899958
5.527349 271.743544
5.683763 271.587130
2.242660 271.430717
5.683763 271.274303
5.527349 271.117889
1.773419 270.961475
5.527349 270.805062
5.527349 270.648648
5.370935 270.492234
5.527349 270.335820
5.214521 270.179407
5.058108 270.022993
5.370935 269.866579
5.370935 269.710165
5.370935 269.553752
5.840176 269.397338
5.683763 269.240924
5.527349 269.084510
5.840176 268.928097
5.840176 268.771683
5.527349 268.615269
2.086247 268.458855
5.527349 268.302442
5.370935 268.146028
5.527349 267.989614
5.214521 267.833200
5.370935 267.676787
1.929833 267.520373
5.370935 267.363959
5.527349 267.207545
5.370935 267.051132
5.527349 266.894718
5.370935 266.738304
5.214521 266.581890
5.527349 266.425477
5.683763 266.269063
5.370935 266.112649
5.214521 265.956235
1.929833 265.799822
5.214521 265.643408
5.683763 265.486994
5.370935 265.330580
5.527349 265.174167
2.086247 265.017753
2.086247 264.861339
5.370935 264.704925
5.527349 264.548512
5.683763 264.392098
5.527349 264.235684
5.527349 264.079270
5.527349 263.922857
1.929833 263.766443
1.929833 263.610029
1.773419 263.453616
5.840176 263.297202
5.683763 263.140788
5.370935 262.984374
5.527349 262.827961
5.214521 262.671547
4.901694 262.515133
5.370935 262.358719
2.086247 262.202306
5.683763 262.045892
5.996590 261.889478
5.683763 261.733064
5.527349 261.576651
5.527349 261.420237
1.929833 261.263823
5.683763 261.107409
5.214521 260.950996
1.929833 260.794582
2.086247 260.638168
1.773419 260.481754
2.242660 260.325341
1.617005 260.168927
2.086247 260.012513
2.242660 259.856099
2.242660 259.699686
5.996590 259.543272
5.840176 259.386858
6.153004 259.230444
5.996590 259.074031
5.840176 258.917617
5.840176 258.761203
5.996590 258.604789
6.153004 258.448376
5.996590 258.291962
6.309418 258.135548
5.996590 257.979134
6.153004 257.822721
5.840176 257.666307
6.153004 257.509893
5.683763 257.353479
5.840176 257.197066
6.153004 257.040652
5.996590 256.884238
5.840176 256.727824
5.996590 256.571411
5.996590 256.414997
5.840176 256.258583
6.153004 256.102169
5.840176 255.945756
6.309418 255.789342
5.996590 255.632928
5.996590 255.476514
6.153004 255.320101
5.996590 255.163687
5.840176 255.007273
6.153004 254.850859
6.309418 254.694446
6.309418 254.538032
6.309418 254.381618
6.153004 254.225205
5.996590 254.068791
6.153004 253.912377
5.996590 253.755963
5.840176 253.599550
6.153004 253.443136
6.309418 253.286722
6.309418 253.130308
6.622245 252.973895
6.622245 252.817481
6.153004 252.661067
6.622245 252.504653
6.309418 252.348240
6.465831 252.191826
6.465831 252.035412
6.465831 251.878998
6.309418 251.722585
6.622245 251.566171
6.309418 251.409757
6.465831 251.253343
5.996590 251.096930
6.465831 250.940516
6.622245 250.784102
6.465831 250.627688
6.622245 250.471275
6.622245 250.314861
6.778659 250.158447
6.622245 250.002033
6.778659 249.845620
6.935073 249.689206
6.622245 249.532792
6.465831 249.376378
6.778659 249.219965
6.465831 249.063551
6.778659 248.907137
6.935073 248.750723
7.091486 248.594310
7.091486 248.437896
6.622245 248.281482
6.935073 248.125068
6.622245 247.968655
6.935073 247.812241
6.935073 247.655827
6.778659 247.499413
7.091486 247.343000
7.091486 247.186586
7.247900 247.030172
7.247900 246.873758
7.247900 246.717345
7.091486 246.560931
7.091486 246.404517
7.091486 246.248103
7.247900 246.091690
6.778659 245.935276
7.247900 245.778862
7.091486 245.622449
6.935073 245.466035
7.247900 245.309621
6.935073 245.153207
7.091486 244.996794
7.404314 244.840380
7.091486 244.683966
7.404314 244.527552
7.247900 244.371139
7.091486 244.214725
7.404314 244.058311
7.091486 243.901897
7.404314 243.745484
7.404314 243.589070
7.560728 243.432656
7.404314 243.276242
7.560728 243.119829
7.404314 242.963415
7.091486 242.807001
7.560728 242.650587
7.560728 242.494174
7.091486 242.337760
7.247900 242.181346
7.404314 242.024932
7.560728 241.868519
7.091486 241.712105
7.247900 241.555691
7.560728 241.399277
7.247900 241.242864
7.560728 241.086450
7.247900 240.930036
7.404314 240.773622
7.560728 240.617209
7.404314 240.460795
7.717141 240.304381
7.091486 240.147967
7.560728 239.991554
7.091486 239.835140
7.247900 239.678726
7.247900 239.522312
7.247900 239.365899
7.560728 239.209485
7.560728 239.053071
7.717141 238.896657
7.404314 238.740244
7.717141 238.583830
7.717141 238.427416
7.717141 238.271002
7.247900 238.114589
7.560728 237.958175
7.873555 237.801761
7.873555 237.645347
7.717141 237.488934
7.873555 237.332520
7.717141 237.176106
7.404314 237.019692
7.560728 236.863279
7.717141 236.706865
7.247900 236.550451
7.560728 236.394038
7.404314 236.237624
7.560728 236.081210
7.247900 235.924796
7.717141 235.768383
7.717141 235.611969
7.717141 235.455555
7.873555 235.299141
7.873555 235.142728
7.717141 234.986314
7.560728 234.829900
7.404314 234.673486
7.717141 234.517073
7.873555 234.360659
7.717141 234.204245
7.717141 234.047831
7.404314 233.891418
7.560728 233.735004
7.404314 233.578590
7.717141 233.422176
7.717141 233.265763
7.717141 233.109349
7.717141 232.952935
7.404314 232.796521
7.873555 232.640108
8.029969 232.483694
7.873555 232.327280
8.186383 232.170866
7.873555 232.014453
8.029969 231.858039
7.717141 231.701625
7.873555 231.545211
7.717141 231.388798
8.029969 231.232384
8.029969 231.075970
7.717141 230.919556
8.029969 230.763143
8.029969 230.606729
7.560728 230.450315
7.873555 230.293901
8.029969 230.137488
7.873555 229.981074
7.717141 229.824660
8.186383 229.668246
8.186383 229.511833
7.717141 229.355419
7.873555 229.199005
7.717141 229.042591
7.717141 228.886178
7.560728 228.729764
7.873555 228.573350
7.717141 228.416936
8.029969 228.260523
7.873555 228.104109
8.029969 227.947695
8.029969 227.791281
8.029969 227.634868
8.029969 227.478454
8.029969 227.322040
7.873555 227.165627
8.186383 227.009213
8.342796 226.852799
8.186383 226.696385
8.186383 226.539972
8.029969 226.383558
8.029969 226.227144
8.186383 226.070730
8.029969 225.914317
8.029969 225.757903
8.029969 225.601489
8.186383 225.445075
8.029969 225.288662
8.186383 225.132248
8.186383 224.975834
7.560728 224.819420
8.186383 224.663007
8.186383 224.506593
8.186383 224.350179
8.186383 224.193765
7.873555 224.037352
8.186383 223.880938
7.560728 223.724524
8.342796 223.568110
8.342796 223.411697
8.342796 223.255283
8.342796 223.098869
8.186383 222.942455
7.873555 222.786042
8.186383 222.629628
7.873555 222.473214
8.186383 222.316800
8.342796 222.160387
8.342796 222.003973
8.186383 221.847559
7.873555 221.691145
8.342796 221.534732
7.873555 221.378318
8.342796 221.221904
8.342796 221.065490
8.342796 220.909077
8.342796 220.752663
8.342796 220.596249
8.342796 220.439835
8.186383 220.283422
8.499210 220.127008
8.029969 219.970594
8.499210 219.814180
8.342796 219.657767
8.499210 219.501353
8.342796 219.344939
8.186383 219.188525
8.186383 219.032112
8.499210 218.875698
8.342796 218.719284
8.186383 218.562871
8.342796 218.406457
8.186383 218.250043
8.342796 218.093629
8.342796 217.937216
8.029969 217.780802
8.342796 217.624388
7.717141 217.467974
8.342796 217.311561
8.499210 217.155147
8.655624 216.998733
8.499210 216.842319
8.186383 216.685906
8.499210 216.529492
8.342796 216.373078
8.186383 216.216664
8.499210 216.060251
8.186383 215.903837
8.186383 215.747423
8.499210 215.591009
8.499210 215.434596
8.186383 215.278182
8.499210 215.121768
8.655624 214.965354
8.342796 214.808941
8.186383 214.652527
8.499210 214.496113
8.499210 214.339699
8.029969 214.183286
8.342796 214.026872
8.655624 213.870458
8.655624 213.714044
8.655624 213.557631
8.499210 213.401217
8.655624 213.244803
8.655624 213.088389
8.655624 212.931976
8.655624 212.775562
8.655624 212.619148
8.655624 212.462734
8.655624 212.306321
8.655624 212.149907
8.655624 211.993493
8.342796 211.837079
8.655624 211.680666
8.499210 211.524252
8.499210 211.367838
8.342796 211.211424
8.342796 211.055011
8.186383 210.898597
8.499210 210.742183
8.499210 210.585769
8.655624 210.429356
8.499210 210.272942
8.655624 210.116528
8.342796 209.960114
8.342796 209.803701
8.342796 209.647287
8.342796 209.490873
8.499210 209.334460
8.499210 209.178046
8.499210 209.021632
8.186383 208.865218
8.342796 208.708805
8.499210 208.552391
8.499210 208.395977
8.499210 208.239563
8.186383 208.083150
7.717141 207.926736
8.499210 207.770322
8.655624 207.613908
8.499210 207.457495
8.655624 207.301081
8.499210 207.144667
8.499210 206.988253
8.499210 206.831840
8.655624 206.675426
8.499210 206.519012
8.342796 206.362598
7.717141 206.206185
8.499210 206.049771
8.499210 205.893357
7.873555 205.736943
8.186383 205.580530
8.342796 205.424116
8.342796 205.267702
8.029969 205.111288
8.186383 204.954875
7.873555 204.798461
8.342796 204.642047
8.186383 204.485633
8.342796 204.329220
8.029969 204.172806
8.186383 204.016392
8.186383 203.859978
8.342796 203.703565
8.029969 203.547151
8.186383 203.390737
8.029969 203.234323
8.029969 203.077910
8.342796 202.921496
8.029969 202.765082
7.873555 202.608668
8.342796 202.452255
8.029969 202.295841
7.717141 202.139427
8.186383 201.983013
8.029969 201.826600
7.717141 201.670186
8.186383 201.513772
8.029969 201.357358
8.186383 201.200945
7.873555 201.044531
7.560728 200.888117
8.029969 200.731704
8.029969 200.575290
7.873555 200.418876
7.560728 200.262462
7.717141 200.106049
7.873555 199.949635
7.717141 199.793221
7.560728 199.636807
7.717141 199.480394
7.717141 199.323980
7.404314 199.167566
7.717141 199.011152
7.873555 198.854739
7.560728 198.698325
7.560728 198.541911
7.560728 198.385497
7.560728 198.229084
7.717141 198.072670
7.717141 197.916256
7.560728 197.759842
7.560728 197.603429
7.404314 197.447015
7.404314 197.290601
7.560728 197.134187
7.560728 196.977774
7.560728 196.821360
7.091486 196.664946
6.778659 196.508532
7.404314 196.352119
7.404314 196.195705
7.247900 196.039291
7.091486 195.882877
7.247900 195.726464
7.091486 195.570050
7.091486 195.413636
6.935073 195.257222
6.935073 195.100809
7.247900 194.944395
6.935073 194.787981
6.935073 194.631567
6.622245 194.475154
6.622245 194.318740
6.935073 194.162326
6.778659 194.005912
6.465831 193.849499
6.935073 193.693085
7.247900 193.536671
6.935073 193.380257
7.091486 193.223844
7.091486 193.067430
7.091486 192.911016
7.247900 192.754602
7.247900 192.598189
7.404314 192.441775
7.247900 192.285361
7.404314 192.128947
7.404314 191.972534
7.404314 191.816120
7.091486 191.659706
7.247900 191.503293
7.091486 191.346879
6.465831 191.190465
7.091486 191.034051
6.935073 190.877638
7.091486 190.721224
7.247900 190.564810
6.778659 190.408396
6.622245 190.251983
6.935073 190.095569
6.778659 189.939155
6.778659 189.782741
6.778659 189.626328
6.622245 189.469914
6.778659 189.313500
6.935073 189.157086
6.309418 189.000673
6.622245 188.844259
6.465831 188.687845
6.622245 188.531431
6.465831 188.375018
6.309418 188.218604
6.309418 188.062190
6.309418 187.905776
6.309418 187.749363
5.840176 187.592949
6.153004 187.436535
6.153004 187.280121
6.465831 187.123708
6.309418 186.967294
6.309418 186.810880
6.309418 186.654466
6.465831 186.498053
6.153004 186.341639
6.309418 186.185225
5.996590 186.028811
6.309418 185.872398
6.153004 185.715984
6.153004 185.559570
5.996590 185.403156
6.309418 185.246743
6.309418 185.090329
6.309418 184.933915
6.153004 184.777501
6.309418 184.621088
6.309418 184.464674
6.153004 184.308260
5.996590 184.151846
6.309418 183.995433
5.996590 183.839019
6.153004 183.682605
5.996590 183.526191
6.309418 183.369778
6.465831 183.213364
6.153004 183.056950
6.153004 182.900536
6.465831 182.744123
5.996590 182.587709
5.996590 182.431295
5.996590 182.274882
6.153004 182.118468
6.309418 181.962054
6.153004 181.805640
5.840176 181.649227
6.309418 181.492813
6.153004 181.336399
6.153004 181.179985
6.153004 181.023572
6.309418 180.867158
5.996590 180.710744
6.309418 180.554330
6.465831 180.397917
6.153004 180.241503
6.309418 180.085089
6.309418 179.928675
6.309418 179.772262
5.370935 179.615848
6.153004 179.459434
5.840176 179.303020
6.153004 179.146607
5.840176 178.990193
6.153004 178.833779
5.840176 178.677365
6.153004 178.520952
5.527349 178.364538
6.153004 178.208124
5.840176 178.051710
6.153004 177.895297
5.996590 177.738883
5.840176 177.582469
5.996590 177.426055
5.683763 177.269642
5.840176 177.113228
5.996590 176.956814
5.683763 176.800400
5.683763 176.643987
5.683763 176.487573
5.840176 176.331159
5.840176 176.174745
5.996590 176.018332
5.527349 175.861918
5.527349 175.705504
5.527349 175.549090
5.840176 175.392677
5.527349 175.236263
5.683763 175.079849
5.527349 174.923435
5.683763 174.767022
5.370935 174.610608
5.683763 174.454194
5.214521 174.297780
5.527349 174.141367
5.683763 173.984953
2.242660 173.828539
5.683763 173.672126
5.527349 173.515712
5.527349 173.359298
5.683763 173.202884
5.527349 173.046471
5.527349 172.890057
5.214521 172.733643
5.683763 172.577229
5.370935 172.420816
5.683763 172.264402
4.901694 172.107988
5.527349 171.951574
5.370935 171.795161
2.086247 171.638747
2.086247 171.482333
1.773419 171.325919
2.086247 171.169506
2.242660 171.013092
2.242660 170.856678
2.555488 170.700264
