40.720442 295.674847
40.720442 295.518433
40.564028 295.362020
40.564028 295.205606
40.564028 295.049192
40.876855 294.892778
40.720442 294.736365
40.407614 294.579951
40.720442 294.423537
40.720442 294.267123
40.720442 294.110710
41.033269 293.954296
40.720442 293.797882
40.720442 293.641468
40.720442 293.485055
40.720442 293.328641
40.720442 293.172227
40.407614 293.015813
40.876855 292.859400
40.876855 292.702986
41.033269 292.546572
40.876855 292.390158
40.876855 292.233745
40.876855 292.077331
40.876855 291.920917
40.564028 291.764503
40.876855 291.608090
41.033269 291.451676
40.720442 291.295262
40.876855 291.138848
40.876855 290.982435
40.720442 290.826021
40.720442 290.669607
40.251200 290.513193
40.720442 290.356780
40.876855 290.200366
40.720442 290.043952
40.876855 289.887539
40.876855 289.731125
40.876855 289.574711
40.720442 289.418297
40.720442 289.261884
40.876855 289.105470
40.720442 288.949056
40.720442 288.792642
40.407614 288.636229
40.876855 288.479815
40.876855 288.323401
40.876855 288.166987
40.720442 288.010574
40.876855 287.854160
40.564028 287.697746
41.033269 287.541332
41.033269 287.384919
40.876855 287.228505
40.876855 287.072091
40.876855 286.915677
40.876855 286.759264
40.876855 286.602850
40.876855 286.446436
40.876855 286.290022
40.876855 286.133609
40.876855 285.977195
40.876855 285.820781
40.720442 285.664367
40.564028 285.507954
40.876855 285.351540
40.720442 285.195126
40.407614 285.038712
40.876855 284.882299
40.720442 284.725885
40.720442 284.569471
40.876855 284.413057
40.720442 284.256644
40.876855 284.100230
40.876855 283.943816
41.033269 283.787402
40.876855 283.630989
40.564028 283.474575
40.094787 283.318161
2.399074 283.161747
2.399074 283.005334
2.399074 282.848920
2.555488 282.692506
2.399074 282.536092
2.242660 282.379679
2.242660 282.223265
2.242660 282.066851
2.399074 281.910437
2.242660 281.754024
2.086247 281.597610
2.555488 281.441196
42.910234 281.284783
1.773419 281.128369
2.555488 280.971955
2.399074 280.815541
2.242660 280.659128
2.242660 280.502714
2.399074 280.346300
42.753820 280.189886
43.066648 280.033473
43.066648 279.877059
42.753820 279.720645
43.066648 279.564231
42.753820 279.407818
43.066648 279.251404
42.597407 279.094990
43.066648 278.938576
42.597407 278.782163
42.910234 278.625749
42.753820 278.469335
42.910234 278.312921
42.440993 278.156508
42.910234 278.000094
42.597407 277.843680
2.555488 277.687266
42.753820 277.530853
42.753820 277.374439
42.753820 277.218025
42.753820 277.061611
2.555488 276.905198
2.555488 276.748784
42.753820 276.592370
42.753820 276.435956
39.781959 276.279543
42.753820 276.123129
42.910234 275.966715
42.753820 275.810301
42.910234 275.653888
2.242660 275.497474
1.929833 275.341060
42.440993 275.184646
42.128165 275.028233
42.753820 274.871819
41.971752 274.715405
42.597407 274.558991
42.910234 274.402578
42.440993 274.246164
42.597407 274.089750
42.910234 273.933336
43.066648 273.776923
42.910234 273.620509
42.753820 273.464095
43.066648 273.307681
42.910234 273.151268
39.781959 272.994854
42.597407 272.838440
42.753820 272.682026
42.753820 272.525613
42.597407 272.369199
42.440993 272.212785
42.753820 272.056372
42.597407 271.899958
42.597407 271.743544
5.214521 271.587130
4.901694 271.430717
4.745280 271.274303
2.242660 271.117889
2.086247 270.961475
4.588866 270.805062
4.901694 270.648648
1.617005 270.492234
4.901694 270.335820
1.773419 270.179407
4.745280 270.022993
4.901694 269.866579
4.276039 269.710165
4.745280 269.553752
5.058108 269.397338
4.901694 269.240924
4.745280 269.084510
5.214521 268.928097
5.058108 268.771683
5.214521 268.615269
4.745280 268.458855
5.058108 268.302442
5.058108 268.146028
4.745280 267.989614
5.058108 267.833200
5.058108 267.676787
5.214521 267.520373
4.901694 267.363959
4.745280 267.207545
4.901694 267.051132
4.901694 266.894718
4.588866 266.738304
5.214521 266.581890
4.901694 266.425477
4.901694 266.269063
2.086247 266.112649
4.901694 265.956235
4.901694 265.799822
4.745280 265.643408
5.058108 265.486994
4.901694 265.330580
4.901694 265.174167
4.901694 264.861339
5.058108 264.704925
5.058108 264.548512
5.370935 264.392098
5.058108 264.235684
5.058108 264.079270
2.086247 263.922857
5.058108 263.766443
5.058108 263.610029
4.901694 263.453616
4.901694 263.297202
5.058108 263.140788
5.058108 262.984374
4.745280 262.827961
5.214521 262.671547
5.058108 262.515133
5.370935 262.358719
5.058108 262.202306
5.058108 262.045892
5.370935 261.889478
5.058108 261.733064
5.370935 261.576651
5.058108 261.420237
5.370935 261.263823
5.527349 261.107409
5.058108 260.950996
5.214521 260.794582
5.370935 260.638168
5.214521 260.481754
5.370935 260.325341
5.214521 260.168927
5.527349 260.012513
5.370935 259.856099
5.214521 259.699686
5.527349 259.543272
5.370935 259.386858
5.370935 259.230444
5.370935 259.074031
5.527349 258.917617
5.370935 258.761203
5.214521 258.604789
5.370935 258.448376
5.527349 258.291962
5.683763 258.135548
5.370935 257.979134
5.370935 257.822721
5.370935 257.666307
5.683763 257.509893
5.527349 257.353479
5.214521 257.197066
5.214521 257.040652
5.214521 256.884238
5.527349 256.727824
5.527349 256.571411
5.527349 256.414997
5.527349 256.258583
5.370935 256.102169
5.683763 255.945756
5.527349 255.789342
5.527349 255.632928
5.214521 255.476514
5.214521 255.320101
5.527349 255.163687
5.527349 255.007273
5.527349 254.850859
5.527349 254.694446
5.840176 254.538032
5.996590 254.381618
5.840176 254.225205
5.527349 254.068791
5.840176 253.912377
5.840176 253.755963
5.527349 253.599550
5.683763 253.443136
5.996590 253.286722
5.683763 253.130308
5.683763 252.973895
5.527349 252.817481
5.683763 252.661067
5.840176 252.504653
5.996590 252.348240
5.683763 252.191826
5.840176 252.035412
5.996590 251.878998
5.840176 251.722585
5.683763 251.566171
5.683763 251.409757
5.996590 251.253343
5.996590 251.096930
5.840176 250.940516
5.840176 250.784102
6.153004 250.627688
5.683763 250.471275
6.153004 250.314861
5.996590 250.158447
5.840176 250.002033
5.996590 249.845620
5.996590 249.689206
6.309418 249.532792
5.996590 249.376378
5.840176 249.219965
5.840176 249.063551
5.996590 248.907137
5.840176 248.750723
5.996590 248.594310
6.153004 248.437896
6.153004 248.281482
6.309418 248.125068
5.996590 247.968655
6.309418 247.812241
5.996590 247.655827
6.309418 247.499413
5.683763 247.343000
6.153004 247.186586
6.465831 247.030172
6.309418 246.873758
6.309418 246.717345
6.309418 246.560931
6.622245 246.404517
6.309418 246.248103
6.465831 246.091690
6.309418 245.935276
6.622245 245.778862
6.622245 245.622449
6.153004 245.466035
6.622245 245.309621
6.465831 245.153207
6.622245 244.996794
6.622245 244.840380
6.935073 244.683966
6.935073 244.527552
6.622245 244.371139
6.935073 244.214725
6.778659 244.058311
7.091486 243.901897
5.996590 243.745484
6.935073 243.589070
6.622245 243.432656
6.935073 243.276242
7.091486 243.119829
6.935073 242.963415
6.309418 242.807001
6.778659 242.650587
7.091486 242.494174
6.935073 242.337760
7.091486 242.181346
6.778659 242.024932
6.935073 241.868519
6.778659 241.712105
6.622245 241.555691
6.778659 241.399277
6.622245 241.242864
7.091486 241.086450
7.091486 240.930036
6.935073 240.773622
7.247900 240.617209
7.091486 240.460795
7.091486 240.304381
6.935073 240.147967
7.247900 239.991554
7.247900 239.835140
7.404314 239.678726
7.247900 239.522312
7.404314 239.365899
7.247900 239.209485
7.091486 239.053071
6.935073 238.896657
7.247900 238.740244
6.778659 238.583830
7.247900 238.427416
7.404314 238.271002
7.404314 238.114589
7.404314 237.958175
7.404314 237.801761
7.404314 237.645347
7.404314 237.488934
7.404314 237.332520
7.404314 237.176106
7.404314 237.019692
7.091486 236.863279
7.404314 236.706865
7.247900 236.550451
7.404314 236.394038
6.935073 236.237624
6.778659 236.081210
7.247900 235.924796
6.935073 235.768383
7.560728 235.611969
7.404314 235.455555
7.091486 235.299141
7.404314 235.142728
7.404314 234.986314
7.560728 234.829900
7.560728 234.673486
7.560728 234.517073
7.091486 234.360659
7.404314 234.204245
7.247900 234.047831
7.560728 233.891418
7.560728 233.735004
7.560728 233.578590
7.247900 233.422176
7.404314 233.265763
7.560728 233.109349
7.560728 232.952935
7.404314 232.796521
7.560728 232.640108
7.717141 232.483694
7.404314 232.327280
7.404314 232.170866
7.717141 232.014453
7.404314 231.858039
7.717141 231.701625
7.404314 231.545211
7.560728 231.388798
7.560728 231.232384
7.560728 231.075970
7.873555 230.919556
7.560728 230.763143
7.560728 230.606729
7.560728 230.450315
7.717141 230.293901
7.404314 230.137488
7.560728 229.981074
7.717141 229.824660
7.560728 229.668246
7.873555 229.511833
7.873555 229.355419
7.717141 229.199005
7.560728 229.042591
7.717141 228.886178
7.717141 228.729764
7.560728 228.573350
7.873555 228.416936
7.404314 228.260523
7.560728 228.104109
7.717141 227.947695
8.029969 227.791281
7.560728 227.634868
7.873555 227.478454
7.560728 227.322040
7.873555 227.165627
8.186383 227.009213
8.186383 226.852799
8.186383 226.696385
7.560728 226.539972
8.186383 226.383558
7.717141 226.227144
8.342796 226.070730
8.029969 225.914317
7.873555 225.757903
8.186383 225.601489
8.186383 225.445075
8.186383 225.288662
8.186383 225.132248
8.186383 224.975834
8.186383 224.819420
8.186383 224.663007
8.186383 224.506593
8.186383 224.350179
8.186383 224.193765
8.186383 224.037352
8.186383 223.880938
7.560728 223.724524
8.186383 223.568110
8.186383 223.411697
8.029969 223.255283
7.873555 223.098869
8.029969 222.942455
8.342796 222.786042
7.873555 222.629628
8.342796 222.473214
8.186383 222.316800
8.342796 222.160387
8.186383 222.003973
8.186383 221.847559
8.186383 221.691145
8.186383 221.534732
8.342796 221.378318
8.499210 221.221904
8.342796 221.065490
8.029969 220.909077
8.342796 220.752663
8.655624 220.596249
8.655624 220.439835
8.342796 220.283422
8.186383 220.127008
8.655624 219.970594
7.873555 219.814180
8.499210 219.657767
8.499210 219.501353
8.342796 219.344939
8.186383 219.188525
8.342796 219.032112
8.342796 218.875698
8.342796 218.719284
8.186383 218.562871
8.499210 218.406457
8.499210 218.250043
8.655624 218.093629
8.499210 217.937216
8.655624 217.780802
8.342796 217.624388
8.655624 217.467974
8.655624 217.311561
8.186383 217.155147
8.499210 216.998733
8.655624 216.842319
8.655624 216.685906
8.342796 216.529492
8.342796 216.373078
8.655624 216.216664
8.499210 216.060251
8.186383 215.903837
8.499210 215.747423
8.655624 215.591009
8.655624 215.434596
8.499210 215.278182
8.499210 215.121768
8.655624 214.965354
8.499210 214.808941
8.812038 214.652527
8.655624 214.496113
8.812038 214.339699
8.812038 214.183286
8.812038 214.026872
8.655624 213.870458
8.655624 213.714044
8.655624 213.557631
8.655624 213.401217
8.499210 213.244803
8.812038 213.088389
8.655624 212.931976
8.655624 212.775562
8.499210 212.619148
8.812038 212.462734
8.812038 212.306321
8.499210 212.149907
8.655624 211.993493
8.499210 211.837079
8.812038 211.680666
8.812038 211.524252
8.812038 211.367838
8.655624 211.211424
8.812038 211.055011
8.812038 210.898597
8.812038 210.742183
9.124865 210.585769
8.499210 210.429356
8.812038 210.272942
8.812038 210.116528
8.812038 209.960114
8.812038 209.803701
8.968451 209.647287
8.812038 209.490873
8.812038 209.334460
8.655624 209.178046
8.342796 209.021632
8.812038 208.865218
8.968451 208.708805
8.186383 208.552391
8.499210 208.395977
8.655624 208.239563
8.499210 208.083150
8.029969 207.926736
8.655624 207.770322
8.499210 207.613908
8.812038 207.457495
8.812038 207.301081
8.499210 207.144667
8.655624 206.988253
8.655624 206.831840
8.812038 206.675426
8.655624 206.519012
8.812038 206.362598
8.655624 206.206185
8.655624 206.049771
8.812038 205.893357
8.812038 205.736943
8.655624 205.580530
8.655624 205.424116
8.812038 205.267702
8.499210 205.111288
8.499210 204.954875
8.342796 204.798461
8.655624 204.642047
8.499210 204.485633
8.499210 204.329220
8.655624 204.172806
8.655624 204.016392
8.499210 203.859978
8.655624 203.703565
8.655624 203.547151
8.499210 203.390737
8.655624 203.234323
8.655624 203.077910
8.342796 202.921496
8.499210 202.765082
8.499210 202.608668
8.342796 202.452255
8.655624 202.295841
8.499210 202.139427
8.499210 201.983013
8.342796 201.826600
8.342796 201.670186
8.499210 201.513772
8.342796 201.357358
8.186383 201.200945
8.186383 201.044531
8.342796 200.888117
8.342796 200.731704
8.029969 200.575290
8.186383 200.418876
7.873555 200.262462
8.342796 200.106049
8.186383 199.949635
8.342796 199.793221
8.186383 199.636807
8.029969 199.480394
8.186383 199.323980
8.029969 199.167566
7.717141 199.011152
7.873555 198.854739
7.873555 198.698325
8.029969 198.541911
8.029969 198.385497
7.873555 198.229084
7.873555 198.072670
7.560728 197.916256
7.560728 197.759842
7.873555 197.603429
7.873555 197.447015
7.560728 197.290601
7.717141 197.134187
7.717141 196.977774
7.717141 196.821360
7.717141 196.664946
7.560728 196.508532
7.560728 196.352119
7.717141 196.195705
7.717141 196.039291
7.717141 195.882877
7.717141 195.726464
7.717141 195.570050
7.404314 195.413636
7.404314 195.257222
7.404314 195.100809
7.247900 194.944395
7.247900 194.787981
6.935073 194.631567
7.247900 194.475154
7.247900 194.318740
6.778659 194.162326
7.247900 194.005912
7.247900 193.849499
7.247900 193.693085
7.247900 193.536671
6.935073 193.380257
6.935073 193.223844
6.935073 193.067430
6.935073 192.911016
7.091486 192.754602
7.404314 192.598189
7.091486 192.441775
6.778659 192.285361
7.404314 192.128947
7.404314 191.972534
7.404314 191.816120
7.404314 191.659706
7.404314 191.503293
7.404314 191.346879
7.404314 191.190465
7.404314 191.034051
6.935073 190.877638
7.404314 190.721224
7.404314 190.564810
6.935073 190.408396
7.247900 190.251983
6.935073 190.095569
7.404314 189.939155
6.935073 189.782741
7.091486 189.626328
7.247900 189.469914
7.247900 189.313500
6.778659 189.157086
6.622245 189.000673
6.465831 188.844259
7.091486 188.687845
6.622245 188.531431
7.091486 188.375018
7.091486 188.218604
6.935073 188.062190
7.091486 187.905776
6.465831 187.749363
2.086247 187.592949
6.465831 187.436535
6.622245 187.280121
6.153004 187.123708
6.622245 186.967294
6.622245 186.810880
6.622245 186.654466
6.153004 186.498053
6.622245 186.341639
6.309418 186.185225
6.309418 186.028811
6.309418 185.872398
6.465831 185.715984
6.465831 185.559570
6.465831 185.403156
6.622245 185.246743
6.622245 185.090329
6.622245 184.933915
6.465831 184.777501
6.309418 184.621088
6.465831 184.464674
6.309418 184.308260
6.309418 184.151846
6.465831 183.995433
6.153004 183.839019
6.153004 183.682605
6.465831 183.526191
6.153004 183.369778
6.309418 183.213364
6.153004 183.056950
6.309418 182.900536
6.153004 182.744123
6.465831 182.587709
6.153004 182.431295
6.465831 182.274882
6.465831 182.118468
6.309418 181.962054
6.309418 181.805640
6.153004 181.649227
6.153004 181.492813
6.309418 181.336399
5.840176 181.179985
6.465831 181.023572
6.309418 180.867158
6.309418 180.710744
6.153004 180.554330
6.465831 180.397917
6.309418 180.241503
6.153004 180.085089
6.309418 179.928675
6.309418 179.772262
6.153004 179.615848
6.153004 179.459434
6.309418 179.303020
6.153004 179.146607
5.840176 178.990193
6.309418 178.833779
6.309418 178.677365
6.309418 178.520952
6.309418 178.364538
6.465831 178.208124
6.309418 178.051710
5.683763 177.895297
6.309418 177.738883
5.996590 177.582469
6.465831 177.426055
5.840176 177.269642
5.840176 177.113228
5.683763 176.956814
5.370935 176.800400
5.996590 176.643987
5.840176 176.487573
6.153004 176.331159
5.996590 176.174745
6.153004 176.018332
5.996590 175.861918
6.153004 175.705504
5.840176 175.549090
6.309418 175.392677
6.309418 175.236263
5.683763 175.079849
5.996590 174.923435
5.840176 174.767022
5.996590 174.610608
5.996590 174.454194
6.153004 174.297780
5.996590 174.141367
5.527349 173.984953
5.683763 173.828539
6.153004 173.672126
5.840176 173.515712
5.527349 173.359298
5.996590 173.202884
6.153004 173.046471
5.840176 172.890057
5.527349 172.733643
6.153004 172.577229
5.840176 172.420816
5.840176 172.264402
5.996590 172.107988
6.153004 171.951574
5.996590 171.795161
5.840176 171.638747
5.996590 171.482333
6.153004 171.325919
5.996590 171.169506
6.309418 171.013092
5.996590 170.856678
5.996590 170.700264
6.153004 170.543851
5.996590 170.387437
5.996590 170.231023
5.840176 170.074609
5.683763 169.918196
6.153004 169.761782
6.153004 169.605368
6.309418 169.448954
6.465831 169.292541
7.404314 169.136127
7.873555 168.979713
9.437693 168.823299
9.750520 168.666886
9.906934 168.510472
11.314658 168.354058
12.096726 168.197644
12.096726 168.041231
13.191622 167.884817
13.660864 167.728403
14.755760 167.571989
15.381415 167.415576
14.912174 167.259162
16.007070 167.102748
17.101966 166.946334
17.571207 166.789921
17.884035 166.633507
19.448172 166.477093
19.917414 166.320679
20.230241 166.164266
21.012310 166.007852
21.325137 165.851438
22.263620 165.695024
23.045688 165.538611
23.514930 165.382197
23.827757 165.225783
24.766240 165.069369
25.861136 164.912956
26.017550 164.756542
26.486791 164.600128
27.738101 164.443715
27.894515 164.287301
28.363756 164.130887
29.302238 163.974473
29.771480 163.818060
30.553548 163.661646
31.179203 163.505232
31.648444 163.348818
32.274099 163.192405
33.056168 163.035991
33.212582 162.879577
33.838237 162.723163
34.620306 162.566750
35.245961 162.410336
36.340857 162.253922
36.497271 162.097508
37.592167 161.941095
37.904994 161.784681
38.374236 161.628267
38.843477 161.471853
39.781959 161.315440
40.094787 161.159026
40.094787 161.002612
40.251200 160.846198
40.407614 160.689785
40.407614 160.533371
39.938373 160.376957
40.407614 160.220543
40.407614 160.064130
40.407614 159.907716
40.407614 159.751302
39.938373 159.594888
40.094787 159.438475
40.251200 159.282061
40.251200 159.125647
39.781959 158.969233
40.094787 158.812820
40.094787 158.656406
40.094787 158.499992
40.407614 158.343578
40.407614 158.187165
40.876855 158.030751
41.189683 157.874337
41.346097 157.717923
41.502510 157.561510
41.658924 157.405096
41.502510 157.248682
41.815338 157.092268
42.128165 156.935855
41.971752 156.779441
133.630207 156.623027
133.160965 156.466613
41.502510 156.310200
134.099448 156.153786
134.255862 155.997372
133.630207 155.840959
40.720442 155.684545
133.473793 155.528131
134.255862 155.371717
134.099448 155.215304
133.786620 155.058890
133.786620 154.902476
133.786620 154.746062
133.473793 154.589649
133.473793 154.433235
133.317379 154.276821
133.786620 154.120407
133.160965 153.963994
133.473793 153.807580
133.786620 153.651166
133.630207 153.494752
133.786620 153.338339
133.630207 153.181925
133.160965 153.025511
132.691724 152.869097
133.160965 152.712684
133.317379 152.556270
1.773419 152.399856
1.773419 152.243442
1.773419 152.087029
1.617005 148.333099
2.242660 148.176685
2.399074 148.020271
2.711902 147.863857
3.337557 147.707444
3.181143 147.551030
3.650384 147.394616
5.058108 147.238202
5.996590 147.081789
6.153004 146.925375
5.840176 146.768961
6.153004 146.612548
5.996590 146.456134
5.996590 146.299720
5.996590 146.143306
5.683763 145.986893
6.309418 145.830479
6.309418 145.674065
6.465831 145.517651
6.309418 145.361238
6.778659 145.204824
6.778659 145.048410
6.465831 144.891996
5.840176 144.735583
5.370935 144.579169
5.214521 144.422755
5.214521 144.266341
4.588866 144.109928
102.503871 143.953514
101.878216 143.797100
101.408975 143.640686
101.878216 143.484273
102.034630 143.327859
101.565389 143.171445
102.191044 143.015031
101.878216 142.858618
100.001251 142.702204
100.001251 142.545790
7.091486 142.389376
6.778659 142.232963
7.247900 142.076549
7.560728 141.920135
7.873555 141.763721
7.560728 141.607308
8.342796 141.450894
8.342796 141.294480
8.655624 141.138066
8.655624 140.981653
8.655624 140.825239
8.968451 140.668825
8.968451 140.512411
9.594106 140.355998
9.906934 140.199584
10.063348 140.043170
9.906934 139.886756
10.376175 139.730343
10.063348 139.573929
10.532589 139.417515
10.845416 139.261101
10.845416 139.104688
5.996590 138.948274
5.996590 138.791860
11.783899 138.635446
12.096726 138.479033
12.253140 138.322619
12.878795 138.166205
12.253140 138.009792
12.878795 137.853378
13.348036 137.696964
13.660864 137.540550
13.660864 137.384137
14.130105 137.227723
14.442932 137.071309
14.442932 136.914895
14.755760 136.758482
15.068587 136.602068
15.225001 136.445654
15.694242 136.289240
15.694242 136.132827
16.007070 135.976413
15.850656 135.819999
16.476311 135.663585
16.632725 135.507172
16.945552 135.350758
17.258380 135.194344
17.101966 135.037930
17.571207 134.881517
18.040449 134.725103
18.353276 134.568689
18.509690 134.412275
18.509690 134.255862
18.978931 134.099448
19.448172 133.943034
18.666104 133.786620
19.604586 133.630207
20.073827 133.473793
20.230241 133.317379
20.543069 133.160965
20.699482 133.004552
21.012310 132.848138
21.012310 132.691724
21.168724 132.535310
21.794378 132.378897
22.263620 132.222483
22.576447 132.066069
22.420033 131.909655
22.732861 131.753242
23.045688 131.596828
23.045688 131.440414
22.732861 131.284000
23.202102 131.127587
23.984171 130.971173
24.140585 130.814759
24.296998 130.658345
24.296998 130.501932
24.453412 130.345518
24.766240 130.189104
25.235481 130.032690
24.922653 129.876277
25.391895 129.719863
25.548308 129.563449
26.173963 129.407035
26.017550 129.250622
26.017550 129.094208
26.486791 128.937794
26.799618 128.781381
26.799618 128.624967
26.799618 128.468553
27.581687 128.312139
27.581687 128.155726
28.363756 127.999312
27.894515 127.842898
28.363756 127.686484
28.676583 127.530071
28.676583 127.373657
29.145825 127.217243
29.145825 127.060829
29.458652 126.904416
