15.068587 90.772840
15.225001 90.616427
15.225001 90.460013
15.068587 90.303599
15.068587 90.147185
15.537829 89.990772
15.381415 89.834358
15.694242 89.677944
15.381415 89.521530
15.381415 89.365117
15.381415 89.208703
15.225001 89.052289
15.381415 88.895875
15.381415 88.739462
15.537829 88.583048
15.381415 88.426634
15.381415 88.270220
15.381415 88.113807
15.068587 87.957393
15.225001 87.800979
14.442932 87.644565
15.537829 87.488152
15.225001 87.331738
15.225001 87.175324
15.225001 87.018910
15.225001 86.862497
15.068587 86.706083
15.225001 86.549669
15.381415 86.393255
15.537829 86.236842
15.068587 86.080428
15.537829 85.924014
15.537829 85.767600
15.225001 85.611187
15.381415 85.454773
14.912174 85.298359
15.381415 85.141945
15.537829 84.985532
15.694242 84.829118
15.694242 84.672704
15.694242 84.516290
14.755760 84.359877
15.537829 84.203463
15.225001 84.047049
15.381415 83.890636
15.225001 83.734222
15.225001 83.577808
15.537829 83.421394
15.381415 83.264981
15.537829 83.108567
15.694242 82.952153
15.537829 82.795739
15.381415 82.639326
15.381415 82.482912
15.381415 82.326498
14.755760 82.170084
15.225001 82.013671
15.694242 81.857257
15.537829 81.700843
15.537829 81.544429
15.381415 81.388016
15.694242 81.231602
14.912174 81.075188
14.130105 80.918774
2.555488 80.762361
15.694242 80.605947
15.225001 80.449533
15.381415 80.293119
15.381415 80.136706
15.381415 79.980292
15.381415 79.823878
15.381415 79.667464
15.381415 79.511051
15.381415 79.354637
15.850656 79.198223
15.537829 79.041809
15.381415 78.885396
15.068587 78.728982
15.537829 78.572568
15.537829 78.416154
15.537829 78.259741
15.381415 78.103327
15.537829 77.946913
15.537829 77.790499
15.537829 77.634086
15.381415 77.477672
15.694242 77.321258
15.537829 77.164844
15.694242 77.008431
15.225001 76.852017
15.694242 76.695603
14.912174 76.539189
15.694242 76.382776
15.537829 76.226362
15.537829 76.069948
15.381415 75.913534
15.381415 75.757121
15.537829 75.600707
15.694242 75.444293
15.694242 75.287879
15.381415 75.131466
15.381415 74.975052
15.537829 74.818638
15.537829 74.662225
15.537829 74.505811
15.381415 74.349397
15.537829 74.192983
2.399074 74.036570
15.537829 73.880156
15.537829 73.723742
15.381415 73.567328
15.537829 73.410915
15.537829 73.254501
15.537829 73.098087
14.912174 72.941673
15.537829 72.785260
15.694242 72.628846
15.537829 72.472432
15.381415 72.316018
14.912174 72.159605
15.694242 72.003191
15.537829 71.846777
15.068587 71.690363
15.694242 71.533950
15.225001 71.377536
14.912174 71.221122
14.286519 71.064708
14.442932 70.908295
15.537829 70.751881
15.694242 70.595467
15.225001 70.439053
15.694242 70.282640
15.537829 70.126226
15.537829 69.969812
15.537829 69.813398
15.694242 69.656985
15.850656 69.500571
15.694242 69.344157
15.381415 69.187743
15.225001 69.031330
15.694242 68.874916
15.225001 68.718502
14.599346 68.562088
14.912174 68.405675
14.912174 68.249261
15.537829 68.092847
15.694242 67.936433
15.850656 67.780020
15.225001 67.623606
15.850656 67.467192
15.225001 67.310778
15.850656 67.154365
15.850656 66.997951
14.442932 66.841537
15.537829 66.685123
14.286519 66.528710
15.381415 66.372296
15.850656 66.215882
15.537829 66.059469
15.694242 65.903055
15.068587 65.746641
15.850656 65.590227
15.850656 65.433814
15.381415 65.277400
15.381415 65.120986
15.225001 64.964572
14.755760 64.808159
14.755760 64.651745
15.850656 64.495331
15.381415 64.338917
15.850656 64.182504
15.694242 64.026090
15.850656 63.869676
15.537829 63.713262
15.381415 63.556849
15.381415 63.400435
15.537829 63.244021
15.381415 63.087607
15.537829 62.931194
15.537829 62.774780
15.694242 62.618366
15.694242 62.461952
15.850656 62.305539
15.694242 62.149125
15.694242 61.992711
15.537829 61.836297
15.694242 61.679884
15.694242 61.523470
15.537829 61.367056
15.694242 61.210642
15.225001 61.054229
14.912174 60.897815
15.537829 60.741401
15.850656 60.584987
15.850656 60.428574
15.850656 60.272160
15.694242 60.115746
15.694242 59.959332
15.850656 59.802919
15.850656 59.646505
16.007070 59.490091
14.599346 59.333677
15.694242 59.177264
15.694242 59.020850
15.694242 58.864436
15.694242 58.708022
15.850656 58.551609
15.694242 58.395195
15.225001 58.238781
15.694242 58.082367
16.007070 57.925954
15.694242 57.769540
14.442932 57.613126
14.912174 57.456712
15.068587 57.300299
15.537829 57.143885
15.850656 56.987471
15.381415 56.831058
15.694242 56.674644
15.850656 56.518230
15.850656 56.361816
3.337557 56.205403
15.850656 56.048989
15.068587 55.892575
14.912174 55.736161
16.007070 55.579748
15.850656 55.423334
15.068587 55.266920
14.599346 55.110506
15.850656 54.954093
14.599346 54.797679
15.694242 54.641265
14.442932 54.484851
15.694242 54.328438
15.068587 54.172024
15.850656 54.015610
15.850656 53.859196
15.381415 53.702783
15.850656 53.546369
15.694242 53.389955
15.694242 53.233541
15.850656 53.077128
15.537829 52.920714
15.850656 52.764300
15.537829 52.607886
15.381415 52.451473
15.537829 52.295059
15.694242 52.138645
15.850656 51.982231
15.381415 51.825818
15.694242 51.669404
15.850656 51.512990
15.694242 51.356576
15.850656 51.200163
15.850656 51.043749
15.381415 50.887335
3.650384 50.730921
15.694242 50.574508
15.381415 50.418094
3.650384 50.261680
15.381415 50.105266
15.381415 49.948853
15.537829 49.792439
15.850656 49.636025
15.694242 49.479611
14.912174 49.323198
15.850656 49.166784
16.007070 49.010370
14.755760 48.853956
15.850656 48.697543
15.537829 48.541129
15.694242 48.384715
3.493970 48.228302
15.537829 48.071888
15.850656 47.915474
15.694242 47.759060
15.381415 47.602647
15.537829 47.446233
15.850656 47.289819
15.850656 47.133405
15.694242 46.976992
15.694242 46.820578
15.381415 46.664164
15.537829 46.507750
15.694242 46.351337
15.694242 46.194923
16.007070 46.038509
15.850656 45.882095
15.850656 45.725682
15.537829 45.569268
14.599346 45.412854
15.850656 45.256440
15.537829 45.100027
16.007070 44.943613
15.850656 44.787199
15.537829 44.630785
15.381415 44.474372
15.537829 44.317958
15.381415 44.161544
15.537829 44.005130
15.694242 43.848717
15.381415 43.692303
15.694242 43.535889
15.694242 43.379475
15.381415 43.223062
15.225001 43.066648
15.381415 42.910234
15.694242 42.753820
3.181143 42.597407
15.381415 42.440993
14.912174 42.284579
15.537829 42.128165
15.381415 41.971752
15.694242 41.815338
15.694242 41.658924
14.912174 41.502510
15.850656 41.346097
15.850656 41.189683
15.537829 41.033269
15.694242 40.876855
15.850656 40.720442
15.537829 40.564028
15.850656 40.407614
15.537829 40.251200
15.225001 40.094787
15.694242 39.938373
15.537829 39.781959
15.694242 39.625545
15.850656 39.469132
15.850656 39.312718
15.850656 39.156304
15.537829 38.999891
15.694242 38.843477
16.007070 38.687063
15.694242 38.530649
16.007070 38.374236
16.007070 38.217822
15.694242 38.061408
15.694242 37.904994
15.850656 37.748581
15.537829 37.592167
15.381415 37.435753
14.755760 37.279339
15.694242 37.122926
15.694242 36.966512
15.694242 36.810098
15.381415 36.653684
15.850656 36.497271
3.806798 36.340857
15.694242 36.184443
15.694242 36.028029
15.381415 35.871616
15.850656 35.715202
15.850656 35.558788
15.537829 35.402374
15.850656 35.245961
15.225001 35.089547
15.694242 34.933133
15.850656 34.776719
15.850656 34.620306
16.007070 34.463892
15.694242 34.307478
15.381415 34.151064
15.694242 33.994651
15.694242 33.838237
15.381415 33.681823
15.694242 33.525409
15.850656 33.368996
15.694242 33.212582
16.007070 33.056168
15.850656 32.899754
15.850656 32.743341
15.694242 32.586927
15.850656 32.430513
16.163484 32.274099
16.007070 32.117686
16.007070 31.961272
15.537829 31.804858
15.068587 31.648444
15.694242 31.492031
15.225001 31.335617
4.119625 31.179203
15.225001 31.022789
15.850656 30.866376
15.694242 30.709962
15.225001 30.553548
16.007070 30.397135
15.537829 30.240721
15.694242 30.084307
15.537829 29.927893
14.912174 29.771480
15.694242 29.615066
16.163484 29.458652
16.163484 29.302238
16.007070 29.145825
15.850656 28.989411
15.537829 28.832997
15.694242 28.676583
4.119625 28.520170
15.694242 28.363756
16.163484 28.207342
15.850656 28.050928
15.850656 27.894515
15.537829 27.738101
4.119625 27.581687
15.225001 27.425273
15.068587 27.268860
14.912174 27.112446
15.694242 26.956032
16.163484 26.799618
15.850656 26.643205
15.694242 26.486791
16.163484 26.330377
16.007070 26.173963
15.850656 26.017550
16.007070 25.861136
16.007070 25.704722
16.007070 25.548308
15.850656 25.391895
16.007070 25.235481
16.163484 25.079067
16.007070 24.922653
16.007070 24.766240
16.319897 24.609826
16.007070 24.453412
15.537829 24.296998
15.850656 24.140585
15.694242 23.984171
15.694242 23.827757
16.007070 23.671343
16.007070 23.514930
15.694242 23.358516
15.850656 23.202102
15.381415 23.045688
15.537829 22.889275
15.537829 22.732861
14.755760 22.576447
14.442932 22.420033
15.694242 22.263620
15.694242 22.107206
15.850656 21.950792
16.163484 21.794378
15.537829 21.637965
16.007070 21.481551
16.007070 21.325137
16.319897 21.168724
4.276039 21.012310
16.007070 20.855896
16.319897 20.699482
16.319897 20.543069
15.850656 20.386655
15.850656 20.230241
15.850656 20.073827
15.225001 19.917414
16.163484 19.761000
15.850656 19.604586
16.163484 19.448172
16.163484 19.291759
15.850656 19.135345
13.973691 18.978931
15.850656 18.822517
15.537829 18.666104
15.694242 18.509690
16.007070 18.353276
16.007070 18.196862
15.850656 18.040449
16.163484 17.884035
15.850656 17.727621
15.694242 17.571207
15.694242 17.414794
15.537829 17.258380
15.694242 17.101966
15.850656 16.945552
14.912174 16.789139
15.537829 16.632725
15.694242 16.476311
15.850656 16.319897
16.007070 16.163484
16.007070 16.007070
15.850656 15.850656
16.163484 15.694242
16.163484 15.537829
16.007070 15.381415
15.850656 15.225001
16.007070 15.068587
15.850656 14.912174
16.163484 14.755760
16.007070 14.599346
16.319897 14.442932
16.007070 14.286519
16.007070 14.130105
15.850656 13.973691
16.007070 13.817277
15.850656 13.660864
15.694242 13.504450
15.694242 13.348036
16.163484 13.191622
15.850656 13.035209
16.319897 12.878795
16.163484 12.722381
16.163484 12.565967
16.163484 12.409554
16.007070 12.253140
16.163484 12.096726
15.850656 11.940313
15.537829 11.783899
15.694242 11.627485
16.007070 11.471071
15.537829 11.314658
15.537829 11.158244
15.850656 11.001830
16.007070 10.845416
16.007070 10.689003
15.850656 10.532589
15.850656 10.376175
16.007070 10.219761
15.537829 10.063348
16.007070 9.906934
16.007070 9.750520
15.850656 9.594106
15.850656 9.437693
15.694242 9.281279
15.225001 9.124865
15.694242 8.968451
15.850656 8.812038
16.007070 8.655624
15.694242 8.499210
15.850656 8.342796
15.694242 8.186383
15.850656 8.029969
15.850656 7.873555
15.068587 7.717141
15.381415 7.560728
15.381415 7.404314
14.912174 7.247900
14.912174 7.091486
14.599346 6.935073
14.286519 6.778659
2.242660 6.622245
2.711902 6.465831
2.868315 6.309418
2.868315 6.153004
28.207342 5.996590
28.207342 5.840176
28.363756 5.683763
28.050928 5.527349
3.024729 5.370935
2.868315 5.214521
38.217822 5.058108
38.530649 4.901694
38.687063 4.745280
38.999891 4.588866
38.999891 4.432453
38.999891 4.276039
39.625545 4.119625
39.625545 3.963211
39.469132 3.806798
39.781959 3.650384
39.625545 3.493970
39.469132 3.337557
39.156304 3.181143
39.469132 3.024729
39.312718 2.868315
38.843477 2.711902
39.469132 2.555488
39.312718 2.399074
39.469132 2.242660
39.469132 2.086247
39.469132 1.929833
39.469132 1.773419
