1.617005 89.521530
2.086247 89.365117
1.773419 89.208703
2.086247 89.052289
1.773419 88.895875
2.242660 88.739462
11.471071 88.583048
11.627485 88.426634
11.783899 88.270220
11.783899 88.113807
12.253140 87.957393
12.253140 87.800979
11.940313 87.644565
12.253140 87.488152
11.158244 87.331738
11.783899 87.175324
12.096726 87.018910
11.783899 86.862497
11.314658 86.706083
11.783899 86.549669
12.096726 86.393255
12.096726 86.236842
12.253140 86.080428
12.253140 85.924014
12.409554 85.767600
12.096726 85.611187
12.253140 85.454773
12.253140 85.298359
12.253140 85.141945
12.565967 84.985532
12.409554 84.829118
12.409554 84.672704
12.409554 84.516290
12.409554 84.359877
11.627485 84.203463
12.253140 84.047049
11.940313 83.890636
11.627485 83.734222
11.471071 83.577808
12.253140 83.421394
11.627485 83.264981
12.096726 83.108567
11.627485 82.952153
12.096726 82.795739
12.096726 82.639326
12.565967 82.482912
12.409554 82.326498
12.565967 82.170084
12.722381 82.013671
12.409554 81.857257
12.409554 81.700843
12.409554 81.544429
11.627485 81.388016
12.409554 81.231602
12.565967 81.075188
12.096726 80.918774
12.096726 80.762361
12.096726 80.605947
12.096726 80.449533
11.940313 80.293119
12.096726 80.136706
11.783899 79.980292
12.409554 79.823878
12.565967 79.667464
12.409554 79.511051
12.565967 79.354637
11.627485 79.198223
12.096726 79.041809
11.783899 78.885396
11.783899 78.728982
12.565967 78.572568
12.253140 78.416154
12.565967 78.259741
12.722381 78.103327
3.024729 77.946913
11.783899 77.790499
12.096726 77.634086
12.409554 77.477672
12.253140 77.321258
12.565967 77.164844
12.565967 77.008431
12.722381 76.852017
12.565967 76.695603
12.409554 76.539189
11.627485 76.382776
11.940313 76.226362
12.253140 76.069948
11.940313 75.913534
12.096726 75.757121
11.940313 75.600707
11.471071 75.444293
11.627485 75.287879
11.627485 75.131466
12.565967 74.975052
12.409554 74.818638
11.471071 74.662225
12.253140 74.505811
12.565967 74.349397
11.158244 74.192983
12.096726 74.036570
11.471071 73.880156
11.783899 73.723742
12.565967 73.567328
12.565967 73.410915
11.940313 73.254501
12.565967 73.098087
12.409554 72.941673
12.565967 72.785260
11.158244 72.628846
11.158244 72.472432
12.565967 72.316018
12.409554 72.159605
12.096726 72.003191
12.565967 71.846777
12.253140 71.690363
12.096726 71.533950
2.711902 71.377536
12.722381 71.221122
12.565967 71.064708
12.722381 70.908295
12.096726 70.751881
12.253140 70.595467
11.158244 70.439053
12.096726 70.282640
11.471071 70.126226
11.314658 69.969812
11.783899 69.813398
12.096726 69.656985
11.783899 69.500571
12.253140 69.344157
11.940313 69.187743
11.627485 69.031330
12.253140 68.874916
12.096726 68.718502
11.783899 68.562088
11.783899 68.405675
12.096726 68.249261
12.409554 68.092847
12.565967 67.936433
12.722381 67.780020
12.409554 67.623606
12.565967 67.467192
11.940313 67.310778
12.253140 67.154365
12.253140 66.997951
12.253140 66.841537
11.940313 66.685123
11.940313 66.528710
11.783899 66.372296
10.689003 66.215882
11.940313 66.059469
11.783899 65.903055
12.253140 65.746641
12.096726 65.590227
11.627485 65.433814
11.940313 65.277400
12.096726 65.120986
11.158244 64.964572
11.158244 64.808159
11.471071 64.651745
12.253140 64.495331
12.409554 64.338917
12.096726 64.182504
11.940313 64.026090
12.253140 63.869676
11.627485 63.713262
12.409554 63.556849
12.878795 63.400435
11.627485 63.244021
12.253140 63.087607
12.253140 62.931194
11.471071 62.774780
12.409554 62.618366
1.929833 62.461952
12.722381 62.305539
12.096726 62.149125
11.940313 61.992711
11.783899 61.836297
11.627485 61.679884
12.878795 61.523470
12.722381 61.367056
12.722381 61.210642
12.722381 61.054229
12.722381 60.897815
12.722381 60.741401
12.565967 60.584987
12.722381 60.428574
12.409554 60.272160
12.878795 60.115746
12.878795 59.959332
11.940313 59.802919
11.783899 59.646505
12.253140 59.490091
12.722381 59.333677
12.409554 59.177264
12.253140 59.020850
12.565967 58.864436
11.940313 58.708022
12.565967 58.551609
12.253140 58.395195
12.096726 58.238781
12.878795 58.082367
12.878795 57.925954
12.096726 57.769540
12.722381 57.613126
12.565967 57.456712
12.565967 57.300299
12.878795 57.143885
12.878795 56.987471
12.253140 56.831058
12.253140 56.674644
11.940313 56.518230
11.940313 56.361816
12.722381 56.205403
12.409554 56.048989
11.783899 55.892575
11.471071 55.736161
12.253140 55.579748
11.783899 55.423334
11.158244 55.266920
11.940313 55.110506
11.783899 54.954093
12.253140 54.797679
12.253140 54.641265
12.096726 54.484851
12.253140 54.328438
12.096726 54.172024
11.940313 54.015610
12.096726 53.859196
12.409554 53.702783
12.722381 53.546369
12.565967 53.389955
12.253140 53.233541
12.253140 53.077128
11.783899 52.920714
11.314658 52.764300
11.940313 52.607886
12.409554 52.451473
12.253140 52.295059
12.878795 52.138645
12.722381 51.982231
12.878795 51.825818
12.253140 51.669404
11.001830 51.512990
12.878795 51.356576
13.035209 51.200163
12.253140 51.043749
11.940313 50.887335
12.253140 50.730921
12.409554 50.574508
11.314658 50.418094
13.035209 50.261680
12.878795 50.105266
12.722381 49.948853
12.722381 49.792439
12.878795 49.636025
12.096726 49.479611
12.096726 49.323198
11.783899 49.166784
12.722381 49.010370
12.878795 48.853956
12.409554 48.697543
12.722381 48.541129
13.035209 48.384715
12.565967 48.228302
12.096726 48.071888
12.722381 47.915474
11.940313 47.759060
12.878795 47.602647
12.565967 47.446233
12.253140 47.289819
12.722381 47.133405
12.878795 46.976992
12.096726 46.820578
12.722381 46.664164
12.096726 46.507750
12.878795 46.351337
12.878795 46.194923
13.035209 46.038509
12.878795 45.882095
12.565967 45.725682
12.722381 45.569268
12.878795 45.412854
12.565967 45.256440
12.878795 45.100027
12.878795 44.943613
12.722381 44.787199
12.878795 44.630785
12.096726 44.474372
13.035209 44.317958
13.035209 44.161544
12.096726 44.005130
12.096726 43.848717
12.878795 43.692303
12.722381 43.535889
11.783899 43.379475
12.565967 43.223062
12.096726 43.066648
12.096726 42.910234
12.253140 42.753820
12.722381 42.597407
12.722381 42.440993
12.253140 42.284579
12.565967 42.128165
12.096726 41.971752
13.035209 41.815338
12.409554 41.658924
12.878795 41.502510
13.035209 41.346097
11.783899 41.189683
12.409554 41.033269
13.035209 40.876855
12.878795 40.720442
11.627485 40.564028
12.722381 40.407614
12.253140 40.251200
12.878795 40.094787
12.722381 39.938373
12.253140 39.781959
11.940313 39.625545
13.035209 39.469132
13.035209 39.312718
12.722381 39.156304
12.565967 38.999891
12.409554 38.843477
12.565967 38.687063
12.565967 38.530649
13.035209 38.374236
13.035209 38.217822
12.878795 38.061408
12.878795 37.904994
12.409554 37.748581
11.940313 37.592167
13.035209 37.435753
12.096726 37.279339
12.096726 37.122926
12.253140 36.966512
12.096726 36.810098
12.878795 36.653684
12.409554 36.497271
12.096726 36.340857
12.722381 36.184443
11.783899 36.028029
11.940313 35.871616
12.096726 35.715202
13.035209 35.558788
13.035209 35.402374
12.878795 35.245961
13.035209 35.089547
12.409554 34.933133
13.035209 34.776719
13.035209 34.620306
12.409554 34.463892
13.191622 34.307478
13.191622 34.151064
13.191622 33.994651
12.253140 33.838237
12.878795 33.681823
12.253140 33.525409
12.722381 33.368996
12.722381 33.212582
13.035209 33.056168
12.722381 32.899754
12.878795 32.743341
12.878795 32.586927
12.722381 32.430513
12.253140 32.274099
13.035209 32.117686
13.191622 31.961272
13.035209 31.804858
12.878795 31.648444
13.348036 31.492031
12.722381 31.335617
13.035209 31.179203
12.722381 31.022789
12.409554 30.866376
12.878795 30.709962
13.191622 30.553548
13.035209 30.397135
13.191622 30.240721
13.035209 30.084307
12.878795 29.927893
13.191622 29.771480
12.878795 29.615066
13.348036 29.458652
13.035209 29.302238
12.722381 29.145825
13.035209 28.989411
12.096726 28.832997
13.035209 28.676583
11.783899 28.520170
13.191622 28.363756
13.191622 28.207342
13.035209 28.050928
13.035209 27.894515
13.191622 27.738101
12.565967 27.581687
13.035209 27.425273
13.191622 27.268860
13.035209 27.112446
13.348036 26.956032
13.035209 26.799618
12.878795 26.643205
13.191622 26.486791
12.722381 26.330377
12.565967 26.173963
12.096726 26.017550
12.878795 25.861136
12.878795 25.704722
13.191622 25.548308
13.191622 25.391895
12.878795 25.235481
12.409554 25.079067
13.348036 24.922653
13.504450 24.766240
13.191622 24.609826
13.191622 24.453412
12.722381 24.296998
12.253140 24.140585
13.191622 23.984171
12.253140 23.827757
13.348036 23.671343
12.565967 23.514930
13.504450 23.358516
13.191622 23.202102
13.348036 23.045688
13.348036 22.889275
12.878795 22.732861
13.348036 22.576447
12.878795 22.420033
13.035209 22.263620
13.504450 22.107206
13.191622 21.950792
13.035209 21.794378
13.504450 21.637965
13.348036 21.481551
13.191622 21.325137
13.348036 21.168724
13.035209 21.012310
13.191622 20.855896
13.191622 20.699482
13.504450 20.543069
12.096726 20.386655
13.348036 20.230241
13.191622 20.073827
12.722381 19.917414
13.348036 19.761000
13.504450 19.604586
13.035209 19.448172
12.878795 19.291759
13.191622 19.135345
13.035209 18.978931
13.191622 18.822517
12.878795 18.666104
13.191622 18.509690
12.878795 18.353276
12.878795 18.196862
13.191622 18.040449
13.035209 17.884035
13.035209 17.727621
12.722381 17.571207
13.348036 17.414794
13.504450 17.258380
13.035209 17.101966
13.348036 16.945552
12.253140 16.789139
13.191622 16.632725
13.348036 16.476311
13.191622 16.319897
13.035209 16.163484
13.348036 16.007070
13.035209 15.850656
13.191622 15.694242
12.878795 15.537829
11.940313 15.381415
13.035209 15.225001
12.722381 15.068587
13.191622 14.912174
12.878795 14.755760
12.565967 14.599346
12.722381 14.442932
13.191622 14.286519
13.035209 14.130105
13.191622 13.973691
12.722381 13.817277
13.191622 13.660864
12.565967 13.504450
13.035209 13.348036
13.191622 13.191622
11.940313 13.035209
13.191622 12.878795
13.035209 12.722381
13.348036 12.565967
13.191622 12.409554
13.191622 12.253140
12.565967 12.096726
12.722381 11.940313
12.878795 11.783899
13.191622 11.627485
13.191622 11.471071
13.348036 11.314658
12.878795 11.158244
12.878795 11.001830
13.035209 10.845416
13.191622 10.689003
13.035209 10.532589
12.878795 10.376175
13.035209 10.219761
13.035209 10.063348
12.878795 9.906934
12.722381 9.750520
11.471071 9.594106
12.878795 9.437693
12.253140 9.281279
12.722381 9.124865
12.722381 8.968451
12.409554 8.812038
12.253140 8.655624
12.878795 8.499210
12.722381 8.342796
13.035209 8.186383
12.878795 8.029969
13.035209 7.873555
12.722381 7.717141
12.565967 7.560728
12.096726 7.404314
11.314658 7.247900
12.096726 7.091486
11.627485 6.935073
11.627485 6.778659
14.442932 6.622245
16.319897 6.465831
18.353276 6.309418
18.040449 6.153004
18.666104 5.996590
21.012310 5.840176
22.576447 5.683763
22.889275 5.527349
24.140585 5.370935
24.140585 5.214521
26.643205 5.058108
27.112446 4.901694
26.799618 4.745280
28.832997 4.588866
28.832997 4.432453
31.961272 4.276039
32.743341 4.119625
33.368996 3.963211
35.245961 3.806798
35.402374 3.650384
36.653684 3.493970
37.748581 3.337557
38.999891 3.181143
39.156304 3.024729
39.625545 2.868315
39.156304 2.711902
39.469132 2.555488
39.781959 2.399074
39.469132 2.242660
39.625545 2.086247
39.469132 1.929833
39.781959 1.773419
