40.876855 295.674847
40.407614 295.518433
40.720442 295.362020
41.033269 295.205606
40.876855 295.049192
41.033269 294.892778
41.189683 294.736365
41.189683 294.579951
40.876855 294.423537
40.876855 294.267123
41.189683 294.110710
40.720442 293.954296
41.189683 293.797882
40.720442 293.641468
41.189683 293.485055
41.189683 293.328641
41.033269 293.172227
40.876855 293.015813
41.033269 292.859400
40.564028 292.702986
41.033269 292.546572
40.720442 292.390158
40.876855 292.233745
40.876855 292.077331
40.876855 291.920917
41.033269 291.764503
40.564028 291.608090
40.720442 291.451676
40.876855 291.295262
41.033269 291.138848
41.033269 290.982435
41.033269 290.826021
40.876855 290.669607
40.720442 290.513193
41.033269 290.356780
41.033269 290.200366
40.876855 290.043952
40.876855 289.887539
40.564028 289.731125
40.876855 289.574711
40.876855 289.418297
41.033269 289.261884
40.876855 289.105470
40.564028 288.949056
40.564028 288.792642
40.876855 288.636229
40.876855 288.479815
41.033269 288.323401
40.876855 288.166987
40.876855 288.010574
40.876855 287.854160
40.876855 287.697746
40.876855 287.541332
40.876855 287.384919
41.033269 287.228505
41.033269 287.072091
41.033269 286.915677
41.033269 286.759264
41.033269 286.602850
41.033269 286.446436
41.033269 286.290022
41.033269 286.133609
41.033269 285.977195
41.033269 285.820781
40.876855 285.664367
40.720442 285.507954
41.033269 285.351540
41.189683 285.195126
40.720442 285.038712
41.033269 284.882299
40.876855 284.725885
40.720442 284.569471
41.033269 284.413057
40.876855 284.256644
41.033269 284.100230
40.876855 283.943816
40.720442 283.787402
40.876855 283.630989
40.720442 283.474575
40.876855 283.318161
40.720442 283.161747
40.564028 283.005334
40.720442 282.848920
40.876855 282.692506
40.876855 282.536092
40.720442 282.379679
40.564028 282.223265
40.720442 282.066851
40.564028 281.910437
40.564028 281.754024
40.876855 281.597610
41.033269 281.441196
40.876855 281.284783
40.876855 281.128369
40.720442 280.971955
40.876855 280.815541
41.033269 280.659128
40.876855 280.502714
40.720442 280.346300
40.876855 280.189886
40.876855 280.033473
40.720442 279.877059
40.876855 279.720645
40.876855 279.564231
40.564028 279.407818
40.720442 279.251404
40.720442 279.094990
41.033269 278.938576
40.564028 278.782163
40.876855 278.625749
40.876855 278.469335
40.876855 278.312921
40.876855 278.156508
40.876855 278.000094
40.876855 277.843680
40.564028 277.687266
40.876855 277.530853
40.876855 277.374439
40.876855 277.218025
41.033269 277.061611
40.720442 276.905198
40.876855 276.748784
40.720442 276.592370
40.564028 276.435956
40.720442 276.279543
40.876855 276.123129
40.564028 275.966715
40.564028 275.810301
40.094787 275.653888
40.251200 275.497474
40.094787 275.341060
40.094787 275.184646
40.094787 275.028233
39.938373 274.871819
40.094787 274.715405
40.094787 274.558991
40.094787 274.402578
39.938373 274.246164
39.938373 274.089750
40.094787 273.933336
39.938373 273.776923
40.094787 273.620509
40.251200 273.464095
40.251200 273.307681
40.094787 273.151268
40.251200 272.994854
40.094787 272.838440
39.938373 272.682026
40.094787 272.525613
40.094787 272.369199
39.938373 272.212785
40.251200 272.056372
40.094787 271.899958
39.938373 271.743544
40.094787 271.587130
40.251200 271.430717
40.094787 271.274303
40.094787 271.117889
40.251200 270.961475
40.251200 270.805062
40.251200 270.648648
40.094787 270.492234
40.251200 270.335820
40.407614 270.179407
40.407614 270.022993
40.407614 269.866579
40.251200 269.710165
40.407614 269.553752
40.407614 269.397338
40.094787 269.240924
40.407614 269.084510
40.251200 268.928097
40.407614 268.771683
40.407614 268.615269
40.251200 268.458855
40.251200 268.302442
40.564028 268.146028
40.407614 267.989614
40.407614 267.833200
40.407614 267.676787
40.251200 267.520373
40.407614 267.363959
40.407614 267.207545
40.251200 267.051132
40.407614 266.894718
40.251200 266.738304
40.407614 266.581890
40.094787 266.425477
2.711902 266.269063
2.711902 266.112649
2.399074 265.956235
2.711902 265.799822
2.711902 265.643408
2.711902 265.486994
2.868315 265.330580
2.711902 265.174167
2.868315 265.017753
2.399074 264.861339
2.868315 264.704925
2.868315 264.548512
2.555488 264.392098
2.242660 264.235684
2.711902 264.079270
2.868315 263.922857
2.868315 263.766443
3.024729 263.610029
2.711902 263.453616
2.711902 263.297202
3.024729 263.140788
2.711902 262.984374
2.868315 262.827961
2.868315 262.671547
2.711902 262.515133
2.242660 262.358719
2.086247 262.202306
2.711902 262.045892
2.711902 261.889478
2.711902 261.733064
2.555488 261.576651
2.399074 261.420237
2.555488 261.263823
2.555488 261.107409
2.555488 260.950996
2.711902 260.794582
2.868315 260.638168
2.242660 260.481754
2.868315 260.325341
2.868315 260.168927
2.868315 260.012513
2.711902 259.856099
3.024729 259.699686
2.868315 259.543272
2.555488 259.386858
2.711902 259.230444
2.868315 259.074031
2.399074 258.917617
2.555488 258.761203
2.711902 258.604789
3.024729 258.448376
2.868315 258.291962
3.024729 258.135548
2.711902 257.979134
3.024729 257.822721
2.868315 257.666307
2.868315 257.509893
2.868315 257.353479
2.711902 257.197066
2.868315 257.040652
2.711902 256.884238
3.024729 256.727824
2.868315 256.571411
3.181143 256.414997
2.868315 256.258583
3.181143 256.102169
3.181143 255.945756
2.868315 255.789342
2.711902 255.632928
2.868315 255.476514
3.181143 255.320101
3.024729 255.163687
3.181143 255.007273
2.711902 254.850859
3.181143 254.694446
2.868315 254.538032
2.868315 254.381618
3.181143 254.225205
2.711902 254.068791
3.181143 253.912377
3.181143 253.755963
3.024729 253.599550
3.024729 253.443136
3.181143 253.286722
3.337557 253.130308
3.181143 252.973895
3.337557 252.817481
3.181143 252.661067
3.024729 252.504653
3.181143 252.348240
3.024729 252.191826
3.024729 252.035412
3.337557 251.878998
3.337557 251.722585
3.181143 251.566171
3.181143 251.409757
2.711902 251.253343
3.024729 251.096930
3.181143 250.940516
3.024729 250.784102
3.181143 250.627688
3.181143 250.471275
3.024729 250.314861
3.024729 250.158447
3.181143 250.002033
3.337557 249.845620
3.337557 249.689206
3.337557 249.532792
3.337557 249.376378
3.024729 249.219965
3.181143 249.063551
3.181143 248.907137
3.181143 248.750723
3.493970 248.594310
3.493970 248.437896
3.337557 248.281482
3.181143 248.125068
3.181143 247.968655
3.181143 247.812241
3.337557 247.655827
3.181143 247.499413
3.181143 247.343000
3.181143 247.186586
3.337557 247.030172
3.493970 246.873758
3.337557 246.717345
3.181143 246.560931
3.337557 246.404517
3.493970 246.248103
3.493970 246.091690
3.181143 245.935276
3.337557 245.778862
3.181143 245.622449
3.024729 245.466035
3.181143 245.309621
3.337557 245.153207
3.181143 244.996794
3.337557 244.840380
3.493970 244.683966
3.337557 244.527552
3.337557 244.371139
3.337557 244.214725
3.024729 244.058311
3.493970 243.901897
3.650384 243.745484
3.493970 243.589070
3.650384 243.432656
3.806798 243.276242
3.650384 243.119829
3.337557 242.963415
3.493970 242.807001
3.650384 242.650587
3.806798 242.494174
3.806798 242.337760
3.806798 242.181346
3.806798 242.024932
3.650384 241.868519
3.181143 241.712105
3.337557 241.555691
3.963211 241.399277
3.650384 241.242864
3.806798 241.086450
3.650384 240.930036
3.650384 240.773622
3.650384 240.617209
3.806798 240.460795
3.650384 240.304381
3.963211 240.147967
3.493970 239.991554
3.806798 239.835140
3.650384 239.678726
3.963211 239.522312
3.493970 239.365899
3.963211 239.209485
3.963211 239.053071
3.806798 238.896657
3.806798 238.740244
3.806798 238.583830
3.806798 238.427416
3.963211 238.271002
3.963211 238.114589
3.963211 237.958175
4.119625 237.801761
3.963211 237.645347
3.963211 237.488934
4.276039 237.332520
3.806798 237.176106
4.276039 237.019692
4.276039 236.863279
3.963211 236.706865
4.276039 236.550451
4.432453 236.394038
4.276039 236.237624
4.276039 236.081210
3.806798 235.924796
4.432453 235.768383
4.276039 235.611969
3.963211 235.455555
4.276039 235.299141
4.588866 235.142728
4.276039 234.986314
4.432453 234.829900
4.588866 234.673486
4.276039 234.517073
4.432453 234.360659
4.119625 234.204245
4.119625 234.047831
4.432453 233.891418
4.588866 233.735004
4.119625 233.578590
4.276039 233.422176
4.745280 233.265763
4.745280 233.109349
4.745280 232.952935
4.745280 232.796521
4.745280 232.640108
4.745280 232.483694
4.745280 232.327280
4.745280 232.170866
4.745280 232.014453
4.745280 231.858039
4.119625 231.701625
4.588866 231.545211
4.588866 231.388798
4.745280 231.232384
4.745280 231.075970
4.432453 230.919556
4.588866 230.763143
4.745280 230.606729
4.745280 230.450315
4.901694 230.293901
4.901694 230.137488
4.745280 229.981074
4.901694 229.824660
4.745280 229.668246
4.901694 229.511833
4.745280 229.355419
4.588866 229.199005
4.901694 229.042591
5.058108 228.886178
4.901694 228.729764
4.745280 228.573350
4.901694 228.416936
5.214521 228.260523
5.214521 228.104109
5.058108 227.947695
5.058108 227.791281
5.370935 227.634868
5.370935 227.478454
5.058108 227.322040
4.901694 227.165627
5.058108 227.009213
5.214521 226.852799
5.214521 226.696385
5.214521 226.539972
5.370935 226.383558
5.214521 226.227144
5.370935 226.070730
5.370935 225.914317
5.370935 225.757903
5.370935 225.601489
5.058108 225.445075
5.527349 225.288662
5.527349 225.132248
5.214521 224.975834
5.527349 224.819420
5.370935 224.663007
5.527349 224.506593
5.527349 224.350179
5.683763 224.193765
5.370935 224.037352
5.214521 223.880938
5.058108 223.724524
5.370935 223.568110
5.370935 223.411697
5.370935 223.255283
5.527349 223.098869
5.527349 222.942455
5.527349 222.786042
5.214521 222.629628
5.683763 222.473214
5.683763 222.316800
5.527349 222.160387
5.840176 222.003973
5.840176 221.847559
5.683763 221.691145
5.370935 221.534732
5.840176 221.378318
5.214521 221.221904
5.840176 221.065490
5.683763 220.909077
5.683763 220.752663
5.683763 220.596249
5.840176 220.439835
5.840176 220.283422
5.840176 220.127008
5.996590 219.970594
5.840176 219.814180
5.996590 219.657767
5.996590 219.501353
5.996590 219.344939
5.996590 219.188525
5.840176 219.032112
5.996590 218.875698
6.153004 218.719284
5.996590 218.562871
5.996590 218.406457
5.840176 218.250043
6.153004 218.093629
5.840176 217.937216
5.996590 217.780802
6.465831 217.624388
6.465831 217.467974
6.309418 217.311561
6.309418 217.155147
6.465831 216.998733
6.465831 216.842319
6.309418 216.685906
6.465831 216.529492
6.309418 216.373078
6.153004 216.216664
6.309418 216.060251
6.153004 215.903837
6.309418 215.747423
6.153004 215.591009
5.996590 215.434596
6.465831 215.278182
6.465831 215.121768
6.309418 214.965354
6.622245 214.808941
6.153004 214.652527
6.309418 214.496113
6.465831 214.339699
6.622245 214.183286
6.778659 214.026872
6.778659 213.870458
6.622245 213.714044
6.778659 213.557631
6.778659 213.401217
6.465831 213.244803
6.622245 213.088389
6.778659 212.931976
6.622245 212.775562
6.622245 212.619148
6.622245 212.462734
6.622245 212.306321
6.778659 212.149907
6.622245 211.993493
6.778659 211.837079
6.778659 211.680666
6.153004 211.524252
6.778659 211.367838
6.935073 211.211424
7.091486 211.055011
6.935073 210.898597
6.935073 210.742183
7.091486 210.585769
7.091486 210.429356
6.935073 210.272942
6.778659 210.116528
6.935073 209.960114
7.091486 209.803701
7.091486 209.647287
7.091486 209.490873
7.091486 209.334460
6.622245 209.178046
7.091486 209.021632
7.247900 208.865218
7.091486 208.708805
7.247900 208.552391
7.247900 208.395977
7.247900 208.239563
6.935073 208.083150
6.935073 207.926736
7.247900 207.770322
6.778659 207.613908
7.247900 207.457495
6.778659 207.301081
7.247900 207.144667
7.247900 206.988253
7.404314 206.831840
7.247900 206.675426
7.404314 206.519012
7.404314 206.362598
7.404314 206.206185
7.091486 206.049771
7.247900 205.893357
7.560728 205.736943
7.560728 205.580530
7.560728 205.424116
7.247900 205.267702
7.404314 205.111288
7.560728 204.954875
7.404314 204.798461
7.560728 204.642047
7.560728 204.485633
7.560728 204.329220
7.404314 204.172806
7.560728 204.016392
7.717141 203.859978
7.404314 203.703565
7.717141 203.547151
7.247900 203.390737
7.717141 203.234323
7.717141 203.077910
7.404314 202.921496
7.560728 202.765082
7.404314 202.608668
7.873555 202.452255
7.404314 202.295841
7.873555 202.139427
7.717141 201.983013
7.717141 201.826600
7.717141 201.670186
7.560728 201.513772
7.717141 201.357358
7.717141 201.200945
7.560728 201.044531
7.247900 200.888117
7.560728 200.731704
7.560728 200.575290
7.404314 200.418876
7.560728 200.262462
7.560728 200.106049
7.247900 199.949635
7.560728 199.793221
7.404314 199.636807
7.560728 199.480394
7.404314 199.323980
7.560728 199.167566
7.247900 199.011152
7.404314 198.854739
7.247900 198.698325
7.404314 198.541911
7.404314 198.385497
7.247900 198.229084
6.935073 198.072670
7.247900 197.916256
7.247900 197.759842
6.622245 197.603429
7.247900 197.447015
7.247900 197.290601
6.935073 197.134187
6.935073 196.977774
6.935073 196.821360
7.091486 196.664946
6.935073 196.508532
7.091486 196.352119
7.247900 196.195705
6.778659 196.039291
7.091486 195.882877
7.247900 195.726464
7.091486 195.570050
6.935073 195.413636
6.778659 195.257222
7.247900 195.100809
7.247900 194.944395
7.404314 194.787981
7.091486 194.631567
7.247900 194.475154
7.247900 194.318740
7.404314 194.162326
6.935073 194.005912
7.247900 193.849499
7.247900 193.693085
7.247900 193.536671
7.404314 193.380257
7.404314 193.223844
7.247900 193.067430
6.778659 192.911016
7.091486 192.754602
6.153004 192.598189
7.091486 192.441775
6.778659 192.285361
7.247900 192.128947
7.247900 191.972534
7.247900 191.816120
7.247900 191.659706
7.091486 191.503293
7.247900 191.346879
6.935073 191.190465
6.778659 191.034051
6.935073 190.877638
6.778659 190.721224
6.778659 190.564810
6.935073 190.408396
6.935073 190.251983
6.778659 190.095569
6.465831 189.939155
6.465831 189.782741
6.309418 189.626328
6.465831 189.469914
6.153004 189.313500
6.309418 189.157086
6.309418 189.000673
5.996590 188.844259
6.622245 188.687845
5.840176 188.531431
6.465831 188.375018
6.622245 188.218604
6.465831 188.062190
6.465831 187.905776
6.309418 187.749363
6.153004 187.592949
6.465831 187.436535
6.465831 187.280121
6.622245 187.123708
6.778659 186.967294
6.778659 186.810880
6.465831 186.654466
6.622245 186.498053
6.622245 186.341639
6.622245 186.185225
6.622245 186.028811
5.996590 185.872398
6.465831 185.715984
6.622245 185.559570
6.465831 185.403156
6.622245 185.246743
6.465831 185.090329
6.622245 184.933915
6.153004 184.777501
6.465831 184.621088
6.622245 184.464674
6.309418 184.308260
6.309418 184.151846
6.465831 183.995433
6.465831 183.839019
6.622245 183.682605
6.465831 183.526191
6.309418 183.369778
6.465831 183.213364
6.622245 183.056950
6.309418 182.900536
6.465831 182.744123
6.465831 182.587709
5.996590 182.431295
6.465831 182.274882
6.465831 182.118468
6.153004 181.962054
6.622245 181.805640
6.153004 181.649227
6.465831 181.492813
6.309418 181.336399
6.465831 181.179985
6.309418 181.023572
6.465831 180.867158
6.465831 180.710744
6.622245 180.554330
6.465831 180.397917
6.778659 180.241503
6.778659 180.085089
6.465831 179.928675
6.778659 179.772262
6.778659 179.615848
6.465831 179.459434
6.309418 179.303020
6.622245 179.146607
6.622245 178.990193
5.996590 178.833779
6.622245 178.677365
5.996590 178.520952
6.153004 178.364538
6.622245 178.208124
6.622245 178.051710
6.622245 177.895297
6.622245 177.738883
6.309418 177.582469
6.622245 177.426055
6.622245 177.269642
6.465831 177.113228
6.465831 176.956814
6.309418 176.800400
6.465831 176.643987
6.465831 176.487573
6.465831 176.331159
5.683763 176.174745
6.465831 176.018332
6.622245 175.861918
5.996590 175.705504
6.465831 175.549090
6.622245 175.392677
6.153004 175.236263
6.622245 175.079849
6.622245 174.923435
6.622245 174.767022
6.309418 174.610608
6.309418 174.454194
6.309418 174.297780
6.622245 174.141367
6.465831 173.984953
6.465831 173.828539
6.309418 173.672126
6.465831 173.515712
6.622245 173.359298
6.622245 173.202884
5.996590 173.046471
6.465831 172.890057
6.309418 172.733643
6.465831 172.577229
6.153004 172.420816
5.996590 172.264402
6.153004 172.107988
6.309418 171.951574
6.309418 171.795161
5.996590 171.638747
6.309418 171.482333
6.465831 171.325919
6.465831 171.169506
6.309418 171.013092
6.465831 170.856678
6.465831 170.700264
6.309418 170.543851
5.840176 170.387437
6.153004 170.231023
6.153004 170.074609
6.309418 169.918196
6.622245 169.761782
8.499210 169.605368
9.281279 169.448954
11.001830 169.292541
13.660864 169.136127
15.850656 168.979713
16.319897 168.823299
17.258380 168.666886
18.666104 168.510472
20.855896 168.354058
21.637965 168.197644
22.889275 168.041231
24.296998 167.884817
24.922653 167.728403
25.704722 167.571989
27.738101 167.415576
28.207342 167.259162
29.927893 167.102748
30.709962 166.946334
31.961272 166.789921
32.899754 166.633507
33.994651 166.477093
34.933133 166.320679
35.871616 166.164266
36.497271 166.007852
37.904994 165.851438
38.374236 165.695024
39.469132 165.538611
39.156304 165.382197
39.781959 165.225783
40.094787 165.069369
40.251200 164.912956
40.251200 164.756542
40.564028 164.600128
40.094787 164.443715
40.564028 164.287301
40.407614 164.130887
40.407614 163.974473
40.094787 163.818060
40.251200 163.661646
39.781959 163.505232
39.938373 163.348818
40.094787 163.192405
39.781959 163.035991
39.938373 162.879577
40.094787 162.723163
40.094787 162.566750
39.938373 162.410336
40.251200 162.253922
40.564028 162.097508
40.407614 161.941095
40.720442 161.784681
40.876855 161.628267
41.033269 161.471853
41.189683 161.315440
41.502510 161.159026
41.502510 161.002612
41.658924 160.846198
41.971752 160.689785
41.502510 160.533371
41.502510 160.376957
41.346097 160.220543
41.033269 160.064130
40.720442 159.907716
40.564028 159.751302
40.564028 159.594888
40.407614 159.438475
40.407614 159.282061
40.407614 159.125647
40.251200 158.969233
40.251200 158.812820
40.251200 158.656406
40.407614 158.499992
40.094787 158.343578
40.251200 158.187165
40.407614 158.030751
40.720442 157.874337
40.251200 157.717923
40.720442 157.561510
40.094787 157.405096
40.407614 157.248682
40.094787 157.092268
39.938373 156.935855
39.469132 156.779441
2.242660 156.623027
3.024729 155.840959
3.181143 155.684545
3.337557 155.528131
2.868315 155.371717
2.868315 155.215304
2.711902 155.058890
2.868315 154.902476
3.181143 154.746062
3.181143 154.589649
3.181143 154.433235
3.337557 154.276821
3.493970 154.120407
3.493970 153.963994
3.650384 153.807580
3.493970 153.651166
3.337557 153.494752
3.024729 153.338339
3.337557 153.181925
3.337557 153.025511
2.711902 152.869097
100.470493 152.712684
99.844838 152.556270
100.470493 152.399856
100.470493 152.243442
100.783320 152.087029
101.096148 151.930615
101.252561 151.774201
100.939734 151.617787
101.408975 151.461374
100.939734 151.304960
100.939734 151.148546
100.939734 150.992132
3.806798 150.835719
4.119625 150.679305
4.119625 150.522891
4.432453 150.366477
4.276039 150.210064
4.276039 150.053650
4.901694 149.897236
4.588866 149.740822
4.901694 149.584409
3.650384 149.427995
3.806798 149.271581
4.119625 149.115167
3.963211 148.958754
4.276039 148.802340
3.650384 148.645926
6.153004 148.489512
10.219761 148.333099
10.376175 148.176685
10.219761 148.020271
10.689003 147.863857
11.001830 147.707444
10.376175 147.551030
10.689003 147.394616
10.376175 147.238202
10.689003 147.081789
10.532589 146.925375
10.376175 146.768961
10.532589 146.612548
10.689003 146.456134
10.845416 146.299720
11.001830 146.143306
11.158244 145.986893
11.158244 145.830479
11.314658 145.674065
11.001830 145.517651
11.314658 145.361238
11.314658 145.204824
11.158244 145.048410
11.158244 144.891996
11.158244 144.735583
10.845416 144.579169
11.001830 144.422755
10.219761 144.266341
6.309418 144.109928
6.153004 143.953514
8.968451 143.797100
8.968451 143.640686
8.342796 143.484273
101.565389 143.327859
101.721803 143.171445
102.191044 143.015031
102.034630 142.858618
102.660285 142.702204
102.503871 142.545790
102.816699 142.389376
101.096148 142.232963
101.096148 142.076549
100.314079 141.920135
100.470493 141.763721
7.404314 141.607308
7.873555 141.450894
7.404314 141.294480
8.029969 141.138066
7.873555 140.981653
8.499210 140.825239
8.812038 140.668825
9.124865 140.512411
9.281279 140.355998
9.594106 140.199584
9.750520 140.043170
9.906934 139.886756
10.063348 139.730343
10.219761 139.573929
10.532589 139.417515
10.532589 139.261101
10.376175 139.104688
10.689003 138.948274
11.158244 138.791860
11.158244 138.635446
11.158244 138.479033
11.627485 138.322619
11.940313 138.166205
12.409554 138.009792
12.409554 137.853378
12.878795 137.696964
12.878795 137.540550
13.191622 137.384137
13.660864 137.227723
13.973691 137.071309
14.130105 136.914895
14.130105 136.758482
14.599346 136.602068
15.068587 136.445654
14.912174 136.289240
15.537829 136.132827
15.537829 135.976413
16.007070 135.819999
15.850656 135.663585
16.476311 135.507172
16.476311 135.350758
16.632725 135.194344
16.945552 135.037930
17.101966 134.881517
17.101966 134.725103
17.727621 134.568689
18.196862 134.412275
18.353276 134.255862
18.666104 134.099448
18.196862 133.943034
19.135345 133.786620
18.978931 133.630207
19.291759 133.473793
19.761000 133.317379
20.230241 133.160965
20.386655 133.004552
20.699482 132.848138
20.855896 132.691724
21.012310 132.535310
20.699482 132.378897
21.325137 132.222483
21.325137 132.066069
22.107206 131.909655
22.732861 131.753242
22.889275 131.596828
22.889275 131.440414
23.045688 131.284000
23.202102 131.127587
23.202102 130.971173
23.358516 130.814759
23.827757 130.658345
23.984171 130.501932
24.296998 130.345518
24.609826 130.189104
24.766240 130.032690
24.766240 129.876277
25.079067 129.719863
24.922653 129.563449
25.548308 129.407035
25.861136 129.250622
25.704722 129.094208
25.861136 128.937794
26.330377 128.781381
26.486791 128.624967
26.956032 128.468553
26.643205 128.312139
27.268860 128.155726
27.581687 127.999312
27.425273 127.842898
27.894515 127.686484
27.894515 127.530071
28.050928 127.373657
28.676583 127.217243
28.832997 127.060829
29.302238 126.904416
