2.868315 291.451676
1.773419 276.123129
1.929833 275.810301
2.242660 273.776923
2.242660 270.179407
2.086247 268.458855
2.242660 268.302442
2.399074 266.269063
1.929833 266.112649
2.086247 265.956235
2.242660 265.799822
1.929833 265.643408
1.773419 265.486994
1.773419 265.174167
1.773419 264.704925
1.773419 264.548512
1.617005 264.392098
1.617005 264.235684
1.773419 263.922857
1.773419 263.766443
1.617005 263.610029
1.929833 263.453616
1.929833 263.297202
1.617005 262.671547
1.617005 262.515133
1.929833 262.358719
1.617005 262.045892
1.617005 261.889478
1.617005 261.576651
1.929833 261.420237
1.617005 261.263823
1.929833 261.107409
2.086247 260.950996
1.929833 260.794582
2.086247 260.638168
1.617005 260.481754
1.617005 260.325341
1.773419 260.168927
1.617005 259.699686
1.617005 259.543272
1.617005 258.135548
1.617005 257.979134
1.929833 256.884238
1.773419 256.727824
1.773419 256.571411
1.617005 256.414997
1.617005 256.258583
1.929833 256.102169
1.617005 255.945756
1.929833 255.789342
1.617005 255.632928
1.773419 255.476514
1.617005 255.163687
1.929833 255.007273
1.929833 254.850859
1.773419 254.694446
2.242660 254.538032
2.242660 254.381618
2.399074 254.225205
2.399074 254.068791
2.242660 253.912377
2.242660 253.755963
1.929833 253.599550
2.086247 253.443136
2.086247 253.286722
2.242660 253.130308
2.242660 252.973895
1.773419 252.817481
1.773419 252.661067
2.242660 252.504653
2.242660 252.348240
2.242660 252.191826
2.086247 252.035412
2.242660 251.878998
12.722381 251.722585
2.086247 251.566171
1.773419 251.409757
2.242660 251.253343
2.555488 251.096930
1.773419 250.940516
1.617005 250.784102
1.773419 250.627688
1.617005 250.471275
1.617005 250.314861
1.773419 250.158447
1.617005 250.002033
1.617005 249.845620
1.773419 249.689206
1.929833 249.219965
13.191622 249.063551
1.617005 248.907137
1.773419 248.750723
1.773419 248.594310
2.086247 248.437896
1.617005 248.281482
2.086247 248.125068
2.086247 247.968655
1.617005 247.812241
1.617005 247.655827
2.086247 247.499413
2.086247 247.343000
1.617005 247.186586
1.773419 247.030172
2.086247 246.873758
2.242660 246.717345
2.399074 246.560931
1.773419 246.404517
1.773419 246.248103
2.242660 246.091690
1.929833 245.935276
1.773419 245.778862
1.929833 245.622449
1.617005 245.466035
2.086247 245.309621
14.130105 245.153207
14.130105 244.996794
14.130105 244.840380
14.286519 244.683966
14.286519 244.527552
14.130105 244.371139
13.817277 244.214725
13.660864 244.058311
2.086247 243.901897
14.130105 243.745484
1.929833 243.589070
1.773419 243.432656
2.086247 243.276242
1.929833 243.119829
2.242660 242.963415
1.773419 242.807001
2.242660 242.650587
1.773419 242.494174
1.617005 242.337760
1.773419 242.181346
1.929833 242.024932
2.242660 241.868519
1.929833 241.712105
1.773419 241.555691
2.242660 241.399277
2.086247 241.242864
1.773419 241.086450
1.617005 240.930036
1.929833 240.773622
2.086247 240.617209
2.086247 240.460795
1.929833 240.304381
2.242660 240.147967
2.086247 239.991554
2.086247 239.835140
2.242660 239.678726
2.242660 239.522312
1.929833 239.365899
2.399074 239.209485
1.617005 239.053071
1.617005 238.896657
2.086247 238.740244
1.929833 238.583830
1.929833 238.427416
2.399074 238.271002
2.242660 238.114589
2.555488 237.958175
2.555488 237.801761
2.399074 237.645347
2.399074 237.488934
2.399074 237.332520
2.399074 237.176106
2.242660 237.019692
2.242660 236.863279
2.242660 236.706865
2.399074 236.550451
2.242660 236.394038
2.399074 236.237624
2.086247 236.081210
2.555488 235.924796
2.555488 235.768383
2.555488 235.611969
2.399074 235.455555
2.399074 235.299141
2.242660 235.142728
2.242660 234.986314
2.711902 234.829900
16.632725 234.673486
16.632725 234.517073
16.319897 234.360659
16.632725 234.204245
16.945552 234.047831
16.789139 233.891418
2.711902 233.735004
2.711902 233.578590
2.242660 233.422176
2.399074 233.265763
2.868315 233.109349
2.555488 232.952935
16.789139 232.796521
17.101966 232.640108
16.789139 232.483694
16.319897 232.327280
2.399074 232.170866
2.242660 232.014453
17.101966 231.858039
17.101966 231.701625
17.414794 231.545211
17.258380 231.388798
2.868315 231.232384
2.399074 231.075970
2.868315 230.919556
2.868315 230.763143
2.711902 230.606729
3.024729 230.450315
17.101966 230.293901
17.884035 230.137488
17.884035 229.981074
18.196862 229.824660
18.040449 229.668246
18.040449 229.511833
18.196862 229.355419
18.196862 229.199005
17.727621 229.042591
2.555488 228.886178
2.555488 228.729764
2.555488 228.573350
2.399074 228.416936
2.711902 228.260523
18.353276 228.104109
2.555488 227.947695
18.353276 227.791281
18.196862 227.634868
18.196862 227.478454
18.353276 227.322040
18.353276 227.165627
2.868315 227.009213
2.555488 226.852799
2.711902 226.696385
2.555488 226.539972
2.711902 226.383558
18.353276 226.227144
18.353276 226.070730
18.509690 225.914317
18.196862 225.757903
18.822517 225.601489
18.822517 225.445075
18.666104 225.288662
18.666104 225.132248
18.666104 224.975834
18.666104 224.819420
18.353276 224.663007
18.822517 224.506593
18.666104 224.350179
18.196862 224.193765
18.822517 224.037352
18.196862 223.880938
18.978931 223.724524
18.978931 223.568110
18.666104 223.411697
19.135345 223.255283
18.978931 223.098869
18.978931 222.942455
18.822517 222.786042
18.666104 222.629628
18.978931 222.473214
18.822517 222.316800
18.666104 222.160387
19.135345 222.003973
19.135345 221.847559
18.978931 221.691145
18.822517 221.534732
18.666104 221.378318
18.822517 221.221904
18.822517 221.065490
18.509690 220.909077
19.291759 220.752663
19.291759 220.596249
19.135345 220.439835
19.291759 220.283422
19.448172 220.127008
19.448172 219.970594
19.291759 219.814180
19.448172 219.657767
18.978931 219.501353
19.291759 219.344939
19.291759 219.188525
19.135345 219.032112
19.291759 218.875698
19.448172 218.719284
19.604586 218.562871
18.978931 218.406457
19.604586 218.250043
19.291759 218.093629
19.291759 217.937216
19.135345 217.780802
19.448172 217.624388
18.978931 217.467974
19.291759 217.311561
19.604586 217.155147
2.399074 216.998733
19.291759 216.842319
19.291759 216.685906
2.868315 216.529492
19.448172 216.373078
19.604586 216.216664
19.448172 216.060251
19.761000 215.903837
19.448172 215.747423
19.604586 215.591009
19.604586 215.434596
19.291759 215.278182
19.604586 215.121768
19.448172 214.965354
19.448172 214.808941
19.604586 214.652527
19.917414 214.496113
19.917414 214.339699
19.917414 214.183286
19.917414 214.026872
19.917414 213.870458
19.917414 213.714044
19.917414 213.557631
19.917414 213.401217
19.917414 213.244803
19.917414 213.088389
19.448172 212.931976
19.761000 212.775562
20.073827 212.619148
19.917414 212.462734
19.761000 212.306321
19.917414 212.149907
19.604586 211.993493
19.604586 211.837079
19.604586 211.680666
19.604586 211.524252
19.917414 211.367838
19.761000 211.211424
20.073827 211.055011
20.073827 210.898597
20.386655 210.742183
20.386655 210.585769
20.073827 210.429356
20.230241 210.272942
20.543069 210.116528
20.386655 209.960114
20.386655 209.803701
20.543069 209.647287
20.543069 209.490873
20.386655 209.334460
20.073827 209.178046
20.073827 209.021632
20.230241 208.865218
20.230241 208.708805
20.543069 208.552391
20.386655 208.395977
20.543069 208.239563
20.543069 208.083150
20.699482 207.926736
20.543069 207.770322
20.543069 207.613908
20.386655 207.457495
20.386655 207.301081
20.230241 207.144667
20.230241 206.988253
20.386655 206.831840
20.230241 206.675426
20.386655 206.519012
20.386655 206.362598
20.230241 206.206185
20.543069 206.049771
20.230241 205.893357
20.386655 205.736943
20.386655 205.580530
20.073827 205.424116
20.073827 205.267702
2.555488 205.111288
20.386655 204.954875
20.073827 204.798461
20.230241 204.642047
19.917414 204.485633
20.073827 204.329220
19.604586 204.172806
19.291759 204.016392
19.291759 203.859978
19.291759 203.703565
18.978931 203.547151
19.291759 203.390737
19.448172 203.234323
18.978931 203.077910
19.604586 202.921496
19.135345 202.765082
19.291759 202.608668
19.135345 202.452255
19.135345 202.295841
18.822517 202.139427
19.135345 201.983013
19.135345 201.826600
18.978931 201.670186
18.978931 201.513772
2.711902 201.357358
19.448172 201.200945
19.448172 201.044531
18.666104 200.888117
2.868315 200.731704
2.868315 200.575290
2.868315 200.418876
2.711902 200.262462
2.868315 200.106049
2.711902 199.949635
2.711902 199.793221
19.291759 199.636807
19.291759 199.480394
2.868315 199.323980
2.711902 199.167566
2.086247 199.011152
2.555488 198.854739
1.929833 198.698325
2.555488 198.541911
2.555488 198.385497
2.242660 198.229084
2.399074 198.072670
2.399074 197.916256
19.135345 197.759842
19.135345 197.603429
19.135345 197.447015
2.399074 197.290601
2.555488 197.134187
2.555488 196.977774
2.555488 196.821360
2.242660 196.664946
2.242660 196.508532
2.399074 196.352119
2.555488 196.195705
2.868315 196.039291
1.773419 195.882877
2.399074 195.726464
2.242660 195.570050
2.555488 195.413636
2.555488 195.257222
2.242660 195.100809
2.242660 194.944395
2.399074 194.787981
2.242660 194.631567
2.399074 194.475154
2.711902 194.318740
2.711902 194.162326
2.399074 194.005912
19.135345 193.849499
2.399074 193.693085
2.399074 193.536671
1.929833 193.380257
2.399074 193.223844
2.242660 193.067430
2.399074 192.911016
2.555488 192.754602
2.399074 192.598189
2.399074 192.441775
2.555488 192.285361
2.399074 192.128947
2.242660 191.972534
2.242660 191.816120
2.555488 191.659706
2.399074 191.503293
2.399074 191.346879
2.086247 191.190465
1.929833 191.034051
1.929833 190.877638
1.929833 190.721224
1.617005 190.564810
2.086247 190.408396
2.242660 190.251983
1.929833 190.095569
1.929833 189.782741
1.617005 189.626328
2.086247 189.469914
1.617005 189.313500
2.086247 189.157086
2.242660 189.000673
2.086247 188.844259
1.617005 188.687845
1.773419 188.531431
1.617005 188.375018
1.929833 188.218604
1.617005 188.062190
1.929833 187.905776
1.773419 187.749363
1.929833 187.592949
2.242660 187.436535
1.617005 187.280121
2.086247 187.123708
1.773419 186.967294
1.773419 186.810880
1.773419 186.654466
1.617005 186.341639
1.617005 186.185225
1.617005 186.028811
1.617005 185.872398
1.773419 185.715984
1.773419 185.559570
1.773419 184.777501
1.617005 184.621088
1.617005 184.464674
2.242660 184.151846
1.929833 183.995433
1.929833 183.839019
2.086247 183.682605
1.773419 183.526191
1.617005 183.369778
1.929833 183.213364
2.086247 183.056950
1.773419 182.900536
1.617005 182.744123
1.617005 182.587709
1.929833 182.274882
1.773419 182.118468
1.929833 181.962054
2.555488 181.805640
2.399074 181.649227
2.242660 181.492813
2.399074 181.336399
2.086247 181.179985
2.086247 181.023572
2.242660 180.867158
2.399074 180.710744
1.617005 180.554330
1.617005 180.397917
1.773419 180.241503
1.617005 180.085089
1.617005 179.928675
1.773419 179.772262
2.086247 179.459434
2.242660 179.303020
2.086247 179.146607
2.086247 178.990193
2.242660 178.833779
2.399074 178.677365
2.086247 178.520952
2.242660 178.364538
2.242660 178.208124
1.929833 178.051710
2.242660 177.895297
2.086247 177.738883
2.242660 177.582469
2.242660 177.426055
2.399074 177.269642
2.242660 177.113228
2.086247 176.956814
2.242660 176.800400
1.929833 176.643987
2.086247 176.487573
1.929833 176.331159
2.555488 176.174745
2.242660 176.018332
2.086247 175.861918
2.242660 175.705504
2.399074 175.549090
2.086247 175.392677
2.399074 175.236263
2.242660 175.079849
2.399074 174.923435
2.399074 174.767022
2.242660 174.610608
2.399074 174.454194
2.399074 174.297780
2.711902 174.141367
17.727621 173.984953
2.711902 173.828539
2.868315 173.672126
2.868315 173.515712
2.399074 173.359298
17.884035 173.202884
17.884035 173.046471
17.414794 172.890057
17.414794 172.733643
17.258380 172.577229
16.945552 172.420816
16.945552 172.264402
16.632725 172.107988
16.476311 171.951574
16.319897 171.795161
15.537829 171.638747
15.225001 171.482333
14.755760 171.325919
13.035209 171.169506
12.878795 171.013092
13.348036 170.856678
13.504450 170.700264
