3.337557 171.013092
3.024729 170.700264
3.181143 171.325919
3.181143 171.169506
3.024729 171.638747
3.024729 171.482333
2.711902 170.856678
3.181143 171.951574
3.024729 171.795161
3.337557 172.264402
3.493970 172.733643
3.024729 172.420816
3.181143 172.107988
3.181143 172.577229
3.181143 172.890057
3.337557 173.515712
3.337557 173.359298
3.337557 173.202884
3.337557 173.046471
3.337557 173.672126
3.181143 173.984953
2.711902 173.828539
3.493970 174.610608
3.337557 174.297780
3.181143 174.141367
3.181143 174.454194
3.650384 175.079849
3.024729 174.923435
2.868315 174.767022
3.181143 175.549090
3.337557 175.392677
3.337557 175.236263
2.868315 175.705504
3.181143 176.174745
3.024729 176.018332
2.868315 175.861918
2.711902 176.331159
3.337557 176.643987
3.493970 177.113228
3.181143 176.956814
3.337557 176.800400
2.711902 176.487573
3.337557 177.269642
3.181143 177.426055
3.337557 178.051710
3.181143 177.895297
2.711902 177.582469
3.337557 178.364538
3.337557 178.833779
3.337557 178.677365
3.024729 178.520952
3.181143 178.208124
3.493970 179.146607
2.711902 177.738883
3.337557 178.990193
3.024729 179.615848
3.024729 179.459434
3.181143 179.303020
3.337557 179.928675
3.181143 179.772262
3.493970 180.085089
3.337557 180.397917
3.181143 180.241503
3.181143 180.554330
3.181143 181.336399
3.337557 181.023572
3.181143 180.710744
3.024729 181.179985
2.868315 180.867158
3.024729 181.492813
3.181143 182.118468
3.024729 181.962054
2.868315 181.649227
3.181143 182.431295
3.181143 182.274882
2.868315 181.805640
3.024729 182.587709
3.024729 182.744123
3.024729 182.900536
3.181143 183.213364
3.024729 183.056950
3.181143 183.369778
3.181143 183.839019
3.181143 183.526191
3.181143 183.682605
3.024729 183.995433
2.868315 184.151846
3.181143 184.464674
3.024729 184.308260
3.806798 185.090329
3.181143 184.933915
3.181143 184.777501
3.650384 185.246743
2.711902 184.621088
3.650384 185.872398
3.337557 185.715984
3.337557 185.559570
3.493970 186.341639
3.024729 186.028811
3.024729 185.403156
3.181143 186.498053
3.181143 186.185225
3.337557 187.123708
2.711902 186.654466
3.337557 187.280121
3.181143 186.967294
3.024729 186.810880
3.181143 187.436535
3.181143 187.592949
3.181143 187.749363
3.337557 188.062190
3.024729 187.905776
2.868315 188.218604
3.024729 188.375018
3.024729 188.687845
3.337557 189.626328
3.337557 189.313500
3.337557 189.000673
2.868315 188.844259
2.555488 188.531431
3.493970 189.782741
3.337557 189.469914
3.650384 190.251983
3.337557 190.095569
3.493970 189.939155
2.555488 189.157086
3.337557 190.877638
3.337557 190.721224
2.868315 190.408396
2.868315 190.564810
3.181143 191.190465
3.181143 191.034051
3.024729 191.503293
2.711902 191.346879
3.493970 191.972534
3.024729 191.816120
3.024729 191.659706
3.337557 192.128947
2.868315 192.598189
3.181143 192.441775
3.181143 192.285361
3.493970 193.067430
2.868315 192.754602
3.181143 193.223844
2.868315 192.911016
3.337557 193.380257
3.181143 194.005912
3.337557 193.849499
2.868315 193.693085
2.868315 193.536671
3.806798 194.475154
3.493970 194.318740
3.806798 194.631567
3.493970 195.100809
3.650384 194.787981
2.711902 194.162326
2.868315 194.944395
3.650384 196.352119
3.024729 195.413636
2.868315 195.257222
3.337557 195.882877
3.337557 195.726464
3.024729 195.570050
3.337557 196.195705
3.337557 196.039291
2.868315 196.508532
2.868315 196.821360
2.711902 196.664946
3.493970 197.290601
3.337557 196.977774
3.337557 197.134187
3.337557 197.916256
3.181143 197.759842
3.181143 197.447015
3.181143 197.603429
3.337557 198.229084
3.337557 198.072670
3.337557 198.385497
3.024729 198.541911
3.181143 198.854739
3.024729 199.011152
3.650384 199.793221
3.337557 199.636807
2.711902 198.698325
3.337557 199.480394
3.024729 199.323980
2.868315 199.167566
3.024729 199.949635
3.493970 200.575290
3.337557 200.418876
2.868315 200.106049
3.337557 200.731704
3.024729 200.262462
3.337557 200.888117
3.337557 201.044531
3.181143 201.513772
2.711902 201.357358
3.024729 201.200945
2.555488 201.670186
3.024729 201.983013
2.868315 201.826600
3.337557 202.295841
3.650384 203.234323
3.493970 203.077910
3.337557 202.608668
2.711902 202.139427
3.493970 203.390737
3.337557 202.921496
3.181143 202.765082
3.024729 202.452255
3.024729 204.016392
3.181143 203.859978
2.868315 203.547151
2.868315 203.703565
3.181143 204.172806
3.024729 204.485633
3.024729 204.798461
2.555488 204.642047
2.868315 204.954875
2.711902 204.329220
3.024729 205.111288
3.024729 205.424116
3.024729 205.267702
3.181143 205.736943
2.868315 205.580530
3.181143 206.049771
3.024729 205.893357
3.337557 206.362598
3.181143 206.206185
3.337557 206.519012
3.493970 206.831840
3.024729 206.675426
3.337557 206.988253
3.024729 207.301081
2.868315 207.144667
3.493970 207.926736
2.711902 207.457495
3.493970 208.083150
3.181143 207.613908
3.493970 208.865218
3.650384 209.021632
3.024729 208.552391
2.711902 208.395977
3.181143 209.490873
3.650384 209.334460
3.650384 209.178046
3.181143 208.708805
2.868315 208.239563
2.399074 207.770322
3.024729 209.647287
3.493970 209.960114
3.181143 210.116528
2.399074 210.272942
3.181143 209.803701
3.806798 211.055011
3.650384 210.742183
3.493970 210.898597
3.024729 210.585769
3.181143 210.429356
3.024729 212.149907
2.868315 211.680666
3.337557 211.367838
3.024729 211.211424
2.555488 211.993493
2.868315 211.524252
2.711902 211.837079
3.024729 212.775562
3.181143 212.619148
3.181143 213.088389
3.024729 212.931976
2.711902 212.462734
3.337557 213.244803
2.399074 212.306321
3.024729 213.401217
3.650384 214.026872
2.711902 213.557631
3.337557 214.496113
3.493970 214.183286
3.024729 213.714044
3.024729 213.870458
3.493970 214.339699
2.399074 214.808941
2.555488 214.965354
2.711902 214.652527
3.337557 215.747423
3.181143 215.591009
2.399074 215.121768
3.181143 215.903837
2.242660 215.434596
2.555488 215.278182
3.024729 216.060251
2.711902 216.216664
3.337557 217.155147
3.181143 216.998733
3.181143 216.373078
3.337557 216.685906
3.181143 216.529492
3.337557 216.842319
3.024729 218.250043
2.555488 217.311561
2.868315 218.406457
2.711902 218.093629
2.868315 217.780802
2.555488 217.624388
2.711902 217.467974
2.399074 217.937216
2.242660 219.032112
2.086247 219.188525
2.086247 218.875698
1.929833 218.562871
1.929833 218.719284
1.617005 219.344939
1.617005 219.501353
