1.617005 272.994854
2.399074 272.838440
2.242660 272.682026
2.399074 272.525613
2.399074 272.369199
2.242660 272.212785
2.242660 272.056372
2.242660 271.743544
2.399074 270.648648
1.929833 270.492234
1.773419 270.335820
1.773419 270.179407
2.086247 270.022993
1.929833 269.866579
2.086247 268.615269
2.242660 267.989614
2.086247 266.269063
2.399074 265.956235
2.555488 264.079270
2.711902 263.922857
2.868315 263.766443
3.024729 263.610029
2.868315 263.453616
2.868315 263.297202
2.711902 263.140788
2.399074 262.984374
2.711902 262.827961
2.399074 262.671547
2.711902 262.515133
2.711902 262.358719
2.399074 262.202306
2.711902 262.045892
2.711902 261.889478
2.711902 261.733064
2.868315 261.576651
2.711902 261.420237
2.711902 261.263823
2.399074 261.107409
2.242660 260.950996
2.555488 260.794582
2.555488 260.638168
2.711902 260.481754
2.868315 260.325341
2.555488 260.168927
2.868315 260.012513
2.868315 259.856099
2.086247 259.699686
2.711902 259.543272
2.711902 259.386858
2.242660 259.230444
2.711902 259.074031
2.555488 258.917617
2.555488 258.761203
2.399074 258.604789
2.399074 258.448376
2.555488 258.291962
2.399074 258.135548
2.399074 257.979134
2.242660 257.822721
2.399074 257.666307
2.086247 257.509893
2.242660 257.353479
2.555488 257.197066
2.399074 257.040652
2.555488 256.884238
2.399074 256.727824
2.399074 256.571411
2.242660 256.414997
2.555488 256.258583
2.399074 256.102169
1.929833 255.945756
2.555488 255.789342
2.555488 255.632928
2.242660 255.476514
2.399074 255.320101
2.086247 255.163687
2.242660 255.007273
1.929833 254.850859
2.399074 254.694446
2.399074 254.538032
2.555488 254.381618
2.242660 254.225205
2.399074 254.068791
2.399074 253.912377
2.242660 253.755963
2.242660 253.599550
2.399074 253.443136
2.399074 253.286722
2.555488 253.130308
2.555488 252.973895
2.555488 252.817481
2.555488 252.661067
2.555488 252.504653
2.555488 252.348240
2.555488 252.191826
2.555488 252.035412
2.399074 251.878998
2.086247 251.722585
2.399074 251.566171
2.242660 251.409757
2.086247 251.253343
2.242660 251.096930
2.399074 250.940516
2.399074 250.784102
2.555488 250.627688
2.399074 250.471275
2.242660 250.314861
2.555488 250.158447
2.242660 250.002033
2.399074 249.845620
2.399074 249.689206
2.555488 249.532792
2.555488 249.376378
2.711902 249.219965
2.711902 249.063551
2.555488 248.907137
2.242660 248.750723
2.399074 248.594310
2.242660 248.437896
2.399074 248.281482
2.555488 248.125068
2.555488 247.968655
2.555488 247.812241
2.555488 247.655827
2.555488 247.499413
2.555488 247.343000
2.555488 247.186586
2.555488 247.030172
2.555488 246.873758
2.711902 246.717345
2.555488 246.560931
2.711902 246.404517
2.399074 246.248103
2.555488 246.091690
2.399074 245.935276
2.555488 245.778862
2.711902 245.622449
2.711902 245.466035
2.086247 245.309621
2.555488 245.153207
2.399074 244.996794
2.711902 244.840380
2.555488 244.683966
2.711902 244.527552
2.711902 244.371139
2.555488 244.214725
2.868315 244.058311
2.711902 243.901897
2.868315 243.745484
2.868315 243.589070
2.868315 243.432656
2.868315 243.276242
2.711902 243.119829
2.711902 242.963415
2.711902 242.807001
2.555488 242.650587
2.555488 242.494174
2.399074 242.337760
2.711902 242.181346
3.024729 242.024932
3.024729 241.868519
2.711902 241.712105
2.868315 241.555691
3.024729 241.399277
2.711902 241.242864
2.868315 241.086450
2.868315 240.930036
2.868315 240.773622
3.024729 240.617209
3.024729 240.460795
3.181143 240.304381
3.493970 240.147967
3.337557 239.991554
3.181143 239.835140
3.024729 239.678726
3.024729 239.522312
2.711902 239.365899
2.555488 239.209485
3.337557 239.053071
3.493970 238.896657
3.024729 238.740244
3.024729 238.583830
3.181143 238.427416
3.337557 238.271002
3.024729 238.114589
3.024729 237.958175
3.181143 237.801761
3.337557 237.645347
3.493970 237.488934
3.493970 237.332520
3.337557 237.176106
3.493970 237.019692
3.493970 236.863279
3.493970 236.706865
3.493970 236.550451
3.493970 236.394038
3.181143 236.237624
3.493970 236.081210
3.650384 235.924796
3.963211 235.768383
3.650384 235.611969
3.806798 235.455555
3.493970 235.299141
3.806798 235.142728
3.806798 234.986314
3.493970 234.829900
3.650384 234.673486
3.806798 234.517073
3.650384 234.360659
3.650384 234.204245
3.963211 234.047831
3.806798 233.891418
4.119625 233.735004
3.806798 233.578590
3.650384 233.422176
3.963211 233.265763
3.806798 233.109349
4.119625 232.952935
3.963211 232.796521
4.276039 232.640108
4.276039 232.483694
3.650384 232.327280
4.276039 232.170866
3.963211 232.014453
4.119625 231.858039
4.119625 231.701625
3.806798 231.545211
3.963211 231.388798
3.806798 231.232384
4.119625 231.075970
3.963211 230.919556
4.276039 230.763143
4.119625 230.606729
4.276039 230.450315
4.276039 230.293901
4.588866 230.137488
4.276039 229.981074
4.432453 229.824660
4.432453 229.668246
4.588866 229.511833
4.432453 229.355419
4.119625 229.199005
4.588866 229.042591
4.588866 228.886178
4.276039 228.729764
4.588866 228.573350
4.745280 228.416936
4.588866 228.260523
4.276039 228.104109
4.745280 227.947695
4.432453 227.791281
4.745280 227.634868
4.901694 227.478454
4.745280 227.322040
4.588866 227.165627
4.901694 227.009213
4.745280 226.852799
4.901694 226.696385
4.901694 226.539972
4.901694 226.383558
4.588866 226.227144
4.901694 226.070730
4.901694 225.914317
4.901694 225.757903
4.901694 225.601489
4.745280 225.445075
5.214521 225.288662
5.214521 225.132248
5.214521 224.975834
4.901694 224.819420
5.058108 224.663007
5.058108 224.506593
5.058108 224.350179
5.058108 224.193765
5.214521 224.037352
5.214521 223.880938
5.370935 223.724524
5.058108 223.568110
5.214521 223.411697
5.370935 223.255283
5.370935 223.098869
5.370935 222.942455
5.370935 222.786042
5.370935 222.629628
5.058108 222.473214
5.214521 222.316800
5.527349 222.160387
5.527349 222.003973
5.683763 221.847559
5.683763 221.691145
5.683763 221.534732
5.527349 221.378318
5.527349 221.221904
5.527349 221.065490
5.683763 220.909077
5.840176 220.752663
5.683763 220.596249
5.527349 220.439835
5.683763 220.283422
5.370935 220.127008
5.683763 219.970594
5.527349 219.814180
5.683763 219.657767
6.153004 219.501353
5.996590 219.344939
5.996590 219.188525
5.996590 219.032112
5.996590 218.875698
5.996590 218.719284
5.996590 218.562871
5.996590 218.406457
5.996590 218.250043
5.840176 218.093629
5.996590 217.937216
5.840176 217.780802
5.996590 217.624388
5.840176 217.467974
5.840176 217.311561
5.996590 217.155147
5.996590 216.998733
5.996590 216.842319
2.555488 216.685906
5.840176 216.529492
6.153004 216.373078
5.683763 216.216664
6.309418 216.060251
5.840176 215.903837
6.309418 215.747423
6.309418 215.591009
6.153004 215.434596
5.996590 215.278182
5.996590 215.121768
6.153004 214.965354
6.153004 214.808941
6.465831 214.652527
6.153004 214.496113
6.309418 214.339699
6.465831 214.183286
6.153004 214.026872
6.622245 213.870458
5.996590 213.714044
6.309418 213.557631
6.465831 213.401217
6.309418 213.244803
6.778659 213.088389
6.309418 212.931976
6.622245 212.775562
6.465831 212.619148
6.622245 212.462734
6.309418 212.306321
6.622245 212.149907
6.309418 211.993493
6.465831 211.837079
6.622245 211.680666
5.996590 211.524252
6.622245 211.367838
5.840176 211.211424
6.935073 211.055011
6.935073 210.898597
6.778659 210.742183
6.622245 210.585769
6.309418 210.429356
7.091486 210.272942
7.247900 210.116528
7.091486 209.960114
7.247900 209.803701
7.091486 209.647287
7.247900 209.490873
7.091486 209.334460
6.935073 209.178046
6.935073 209.021632
7.091486 208.865218
6.778659 208.708805
6.935073 208.552391
6.778659 208.395977
7.091486 208.239563
7.091486 208.083150
7.404314 207.926736
7.247900 207.770322
7.091486 207.613908
7.091486 207.457495
7.091486 207.301081
6.778659 207.144667
7.247900 206.988253
7.091486 206.831840
7.247900 206.675426
7.247900 206.519012
7.091486 206.362598
7.247900 206.206185
7.091486 206.049771
7.404314 205.893357
7.404314 205.736943
7.247900 205.580530
7.404314 205.424116
7.404314 205.267702
7.404314 205.111288
7.404314 204.954875
7.091486 204.798461
7.404314 204.642047
7.247900 204.485633
7.560728 204.329220
7.560728 204.172806
7.091486 204.016392
7.247900 203.859978
7.560728 203.703565
6.935073 203.547151
7.404314 203.390737
7.404314 203.234323
7.404314 203.077910
7.560728 202.921496
7.404314 202.765082
7.091486 202.608668
7.247900 202.452255
7.404314 202.295841
7.560728 202.139427
7.404314 201.983013
7.091486 201.826600
2.399074 201.670186
7.560728 201.513772
7.560728 201.357358
7.091486 201.200945
7.560728 201.044531
7.717141 200.888117
7.717141 200.731704
7.560728 200.575290
7.560728 200.418876
7.717141 200.262462
7.717141 200.106049
7.560728 199.949635
7.873555 199.793221
7.560728 199.636807
7.717141 199.480394
7.560728 199.323980
7.717141 199.167566
7.404314 199.011152
7.717141 198.854739
6.935073 198.698325
7.560728 198.541911
7.560728 198.385497
7.560728 198.229084
7.247900 198.072670
7.404314 197.916256
7.717141 197.759842
7.717141 197.603429
7.404314 197.447015
7.560728 197.290601
7.091486 197.134187
7.560728 196.977774
7.560728 196.821360
7.560728 196.664946
6.935073 196.508532
7.560728 196.352119
7.560728 196.195705
7.560728 196.039291
7.560728 195.882877
7.717141 195.726464
7.560728 195.570050
7.717141 195.413636
7.717141 195.257222
7.247900 195.100809
7.717141 194.944395
7.404314 194.787981
7.404314 194.631567
7.404314 194.475154
7.247900 194.318740
7.247900 194.162326
7.247900 194.005912
7.247900 193.849499
7.560728 193.693085
7.247900 193.536671
7.404314 193.380257
7.560728 193.223844
7.247900 193.067430
7.560728 192.911016
7.717141 192.754602
7.091486 192.598189
7.560728 192.441775
7.560728 192.285361
7.560728 192.128947
7.560728 191.972534
7.717141 191.816120
7.560728 191.659706
7.560728 191.503293
7.247900 191.346879
7.404314 191.190465
7.717141 191.034051
7.404314 190.877638
7.560728 190.721224
7.717141 190.564810
7.560728 190.408396
7.717141 190.251983
7.091486 190.095569
7.560728 189.939155
7.247900 189.782741
6.778659 189.626328
2.399074 189.469914
2.399074 189.313500
7.091486 189.157086
7.404314 189.000673
7.404314 188.844259
2.086247 188.687845
7.091486 188.531431
6.935073 188.375018
6.935073 188.218604
7.091486 188.062190
6.935073 187.905776
6.935073 187.749363
2.086247 187.592949
1.929833 187.280121
6.622245 187.123708
6.935073 186.967294
6.622245 186.810880
6.622245 186.654466
6.935073 186.498053
6.622245 186.341639
7.091486 186.185225
6.935073 186.028811
6.309418 185.872398
1.773419 185.715984
1.617005 185.090329
2.086247 184.933915
1.617005 184.777501
1.617005 184.464674
1.773419 184.308260
1.773419 184.151846
1.617005 183.995433
1.773419 183.839019
1.617005 183.682605
1.617005 180.397917
1.929833 180.241503
1.617005 178.833779
1.773419 178.208124
2.086247 178.051710
1.773419 177.895297
2.242660 177.738883
1.929833 177.582469
1.773419 174.610608
1.929833 174.454194
1.773419 174.297780
2.086247 174.141367
1.617005 173.984953
1.617005 173.515712
6.465831 172.890057
1.617005 172.733643
1.617005 172.577229
1.617005 171.951574
6.622245 171.795161
2.086247 171.638747
6.935073 171.482333
6.935073 171.325919
7.091486 171.169506
6.622245 171.013092
7.091486 170.856678
6.778659 170.700264
