41.033269 295.674847
40.720442 295.518433
40.876855 295.362020
40.720442 295.205606
40.407614 295.049192
40.251200 294.892778
2.555488 294.736365
2.555488 294.579951
40.407614 294.423537
40.407614 294.267123
40.876855 294.110710
40.251200 293.954296
1.929833 293.797882
40.094787 293.641468
40.407614 293.485055
40.251200 293.328641
40.251200 293.172227
40.407614 293.015813
40.251200 292.859400
40.720442 292.702986
40.720442 292.546572
40.564028 292.390158
40.094787 292.233745
40.407614 292.077331
40.564028 291.920917
40.407614 291.764503
40.564028 291.608090
40.720442 291.451676
40.564028 291.295262
40.720442 291.138848
40.876855 290.982435
40.876855 290.826021
40.876855 290.669607
40.720442 290.513193
40.564028 290.356780
40.720442 290.200366
40.720442 290.043952
40.564028 289.887539
40.720442 289.731125
40.720442 289.574711
40.720442 289.418297
40.720442 289.261884
40.720442 289.105470
40.876855 288.949056
40.564028 288.792642
40.720442 288.636229
41.033269 288.479815
41.033269 288.323401
40.876855 288.166987
41.033269 288.010574
40.876855 287.854160
40.564028 287.697746
40.720442 287.541332
40.720442 287.384919
40.564028 287.228505
40.876855 287.072091
40.876855 286.915677
40.720442 286.759264
40.720442 286.602850
40.720442 286.446436
40.720442 286.290022
40.876855 286.133609
40.720442 285.977195
41.033269 285.820781
40.876855 285.664367
40.876855 285.507954
40.876855 285.351540
40.720442 285.195126
40.876855 285.038712
40.876855 284.882299
41.189683 284.725885
40.876855 284.569471
40.564028 284.413057
40.876855 284.256644
40.720442 284.100230
40.876855 283.943816
40.720442 283.787402
41.033269 283.630989
40.564028 283.474575
40.876855 283.318161
40.720442 283.161747
40.407614 283.005334
40.720442 282.848920
40.720442 282.692506
40.720442 282.536092
40.720442 282.379679
40.720442 282.223265
40.720442 282.066851
40.876855 281.910437
40.720442 281.754024
40.564028 281.597610
40.876855 281.441196
40.720442 281.284783
40.564028 281.128369
40.876855 280.971955
40.407614 280.815541
40.876855 280.659128
40.876855 280.502714
40.876855 280.346300
40.876855 280.189886
40.876855 280.033473
40.876855 279.877059
40.564028 279.720645
40.876855 279.564231
41.033269 279.407818
40.876855 279.251404
40.720442 279.094990
40.876855 278.938576
40.407614 278.782163
41.033269 278.625749
41.033269 278.469335
41.033269 278.312921
40.876855 278.156508
40.564028 278.000094
2.399074 277.843680
2.399074 277.687266
2.711902 277.530853
1.929833 277.374439
2.399074 277.218025
2.399074 277.061611
2.555488 276.905198
2.555488 276.748784
2.399074 276.592370
2.242660 276.435956
2.086247 276.279543
2.555488 276.123129
2.242660 275.966715
2.399074 275.810301
2.711902 275.653888
2.555488 275.497474
2.555488 275.341060
2.242660 275.184646
2.242660 275.028233
2.242660 274.871819
2.555488 274.715405
41.189683 274.558991
2.555488 274.402578
2.555488 274.246164
41.502510 274.089750
41.502510 273.933336
2.555488 273.776923
41.502510 273.620509
2.711902 273.464095
2.711902 273.307681
2.555488 273.151268
2.242660 272.994854
2.555488 272.838440
2.555488 272.682026
2.555488 272.525613
2.555488 272.369199
2.555488 272.212785
2.555488 272.056372
41.502510 271.899958
41.189683 271.743544
41.658924 271.587130
2.242660 271.430717
2.555488 271.274303
2.399074 271.117889
2.868315 270.961475
2.555488 270.805062
2.555488 270.648648
2.399074 270.492234
2.399074 270.335820
2.711902 270.179407
2.711902 270.022993
2.399074 269.866579
2.399074 269.710165
41.502510 269.553752
41.346097 269.397338
1.617005 269.240924
1.617005 267.207545
2.086247 267.051132
1.617005 266.894718
2.086247 266.738304
2.086247 266.581890
2.086247 266.425477
2.242660 266.269063
1.773419 266.112649
2.242660 265.956235
1.929833 265.799822
1.617005 265.643408
1.617005 265.486994
1.773419 265.330580
1.617005 265.174167
1.929833 265.017753
1.929833 264.704925
1.929833 264.548512
3.806798 264.392098
3.963211 264.235684
3.806798 264.079270
3.963211 263.922857
3.963211 263.766443
3.806798 263.610029
3.806798 263.453616
3.963211 263.297202
1.929833 263.140788
3.650384 262.984374
3.963211 262.827961
3.963211 262.671547
4.432453 262.515133
3.963211 262.358719
4.119625 262.202306
3.963211 262.045892
2.086247 261.889478
1.617005 261.733064
1.617005 261.576651
1.929833 261.420237
1.773419 261.263823
2.242660 261.107409
1.773419 260.950996
4.119625 260.638168
3.963211 260.481754
1.617005 260.325341
1.773419 260.168927
1.617005 260.012513
4.432453 259.856099
4.119625 259.699686
1.929833 259.543272
1.617005 259.386858
1.773419 259.230444
2.086247 259.074031
2.242660 258.917617
1.617005 258.761203
1.929833 258.604789
4.119625 258.448376
3.963211 258.291962
4.276039 258.135548
1.929833 257.979134
2.242660 257.822721
4.119625 257.666307
1.773419 257.509893
1.929833 257.353479
2.086247 257.197066
2.086247 257.040652
2.242660 256.884238
2.399074 256.727824
2.399074 256.571411
1.773419 256.414997
2.399074 256.258583
2.399074 256.102169
2.242660 255.945756
2.086247 255.789342
4.432453 255.632928
4.276039 255.476514
4.432453 255.320101
4.119625 255.163687
4.432453 255.007273
4.432453 254.850859
4.276039 254.694446
3.806798 254.538032
4.432453 254.381618
4.432453 254.225205
4.119625 254.068791
4.432453 253.912377
1.929833 253.755963
4.588866 253.599550
4.432453 253.443136
4.432453 253.286722
4.432453 253.130308
4.745280 252.973895
4.745280 252.817481
4.901694 252.661067
4.588866 252.504653
4.745280 252.348240
4.901694 252.191826
4.745280 252.035412
5.058108 251.878998
5.058108 251.722585
4.901694 251.566171
5.058108 251.409757
5.058108 251.253343
5.058108 251.096930
5.058108 250.940516
4.901694 250.784102
5.058108 250.627688
4.745280 250.471275
4.901694 250.314861
5.214521 250.158447
5.058108 250.002033
5.058108 249.845620
5.058108 249.689206
5.058108 249.532792
5.058108 249.376378
5.214521 249.219965
5.214521 249.063551
2.399074 248.907137
5.058108 248.750723
5.214521 248.594310
5.214521 248.437896
5.370935 248.281482
5.214521 248.125068
5.214521 247.968655
5.214521 247.812241
5.058108 247.655827
5.214521 247.499413
5.370935 247.343000
5.370935 247.186586
5.370935 247.030172
5.527349 246.873758
5.214521 246.717345
4.588866 246.560931
5.370935 246.404517
5.058108 246.248103
5.214521 246.091690
5.527349 245.935276
5.214521 245.778862
5.370935 245.622449
5.214521 245.466035
5.527349 245.309621
5.370935 245.153207
5.527349 244.996794
5.370935 244.840380
5.527349 244.683966
5.683763 244.527552
5.527349 244.371139
5.527349 244.214725
5.370935 244.058311
5.370935 243.901897
5.527349 243.745484
5.683763 243.589070
5.840176 243.432656
5.527349 243.276242
5.527349 243.119829
5.840176 242.963415
5.527349 242.807001
5.370935 242.650587
5.840176 242.494174
5.683763 242.337760
5.840176 242.181346
5.840176 242.024932
6.153004 241.868519
5.996590 241.712105
6.309418 241.555691
6.309418 241.399277
6.153004 241.242864
6.465831 241.086450
6.153004 240.930036
6.153004 240.773622
5.996590 240.617209
5.996590 240.460795
6.622245 240.304381
6.622245 240.147967
6.622245 239.991554
6.153004 239.835140
6.622245 239.678726
6.778659 239.522312
6.778659 239.365899
6.309418 239.209485
6.622245 239.053071
6.778659 238.896657
6.935073 238.740244
6.465831 238.583830
6.778659 238.427416
6.935073 238.271002
6.935073 238.114589
6.935073 237.958175
6.622245 237.801761
7.091486 237.645347
6.935073 237.488934
6.778659 237.332520
6.935073 237.176106
6.778659 237.019692
6.778659 236.863279
6.778659 236.706865
6.935073 236.550451
6.935073 236.394038
6.935073 236.237624
7.091486 236.081210
6.778659 235.924796
7.091486 235.768383
7.091486 235.611969
6.935073 235.455555
7.091486 235.299141
7.091486 235.142728
7.091486 234.986314
6.935073 234.829900
6.778659 234.673486
7.091486 234.517073
7.247900 234.360659
7.091486 234.204245
7.091486 234.047831
7.404314 233.891418
7.247900 233.735004
7.091486 233.578590
7.247900 233.422176
7.404314 233.265763
7.404314 233.109349
7.247900 232.952935
7.247900 232.796521
7.247900 232.640108
7.247900 232.483694
6.935073 232.327280
7.247900 232.170866
7.247900 232.014453
7.091486 231.858039
7.247900 231.701625
7.091486 231.545211
7.560728 231.388798
7.404314 231.232384
7.247900 231.075970
7.404314 230.919556
7.247900 230.763143
7.560728 230.606729
7.560728 230.450315
7.717141 230.293901
7.560728 230.137488
7.560728 229.981074
7.717141 229.824660
7.247900 229.668246
7.717141 229.511833
7.873555 229.355419
7.560728 229.199005
7.873555 229.042591
7.717141 228.886178
7.717141 228.729764
7.873555 228.573350
7.873555 228.416936
8.029969 228.260523
7.717141 228.104109
7.717141 227.947695
7.873555 227.791281
7.873555 227.634868
8.186383 227.478454
8.186383 227.322040
8.342796 227.165627
8.029969 227.009213
8.342796 226.852799
7.717141 226.696385
8.186383 226.539972
7.717141 226.383558
8.186383 226.227144
8.342796 226.070730
8.029969 225.914317
8.342796 225.757903
8.499210 225.601489
8.499210 225.445075
8.186383 225.288662
8.499210 225.132248
8.655624 224.975834
8.499210 224.819420
8.499210 224.663007
8.342796 224.506593
8.655624 224.350179
8.655624 224.193765
8.655624 224.037352
8.342796 223.880938
8.812038 223.724524
8.655624 223.568110
8.499210 223.411697
8.655624 223.255283
8.655624 223.098869
8.342796 222.942455
8.186383 222.786042
8.812038 222.629628
8.968451 222.473214
8.499210 222.316800
8.655624 222.160387
8.812038 222.003973
8.968451 221.847559
8.968451 221.691145
8.655624 221.534732
8.968451 221.378318
8.342796 221.221904
9.124865 221.065490
9.124865 220.909077
9.124865 220.752663
9.124865 220.596249
9.124865 220.439835
8.812038 220.283422
9.124865 220.127008
9.124865 219.970594
9.124865 219.814180
9.124865 219.657767
9.281279 219.501353
9.124865 219.344939
9.124865 219.188525
8.968451 219.032112
9.281279 218.875698
9.281279 218.719284
9.124865 218.562871
9.437693 218.406457
9.437693 218.250043
9.437693 218.093629
9.124865 217.937216
8.499210 217.780802
9.124865 217.624388
8.968451 217.467974
8.812038 217.311561
9.124865 217.155147
9.124865 216.998733
9.124865 216.842319
8.812038 216.685906
9.281279 216.529492
8.812038 216.373078
9.281279 216.216664
9.281279 216.060251
9.281279 215.903837
9.281279 215.747423
9.437693 215.591009
9.437693 215.434596
9.437693 215.278182
9.594106 215.121768
9.594106 214.965354
9.124865 214.808941
9.594106 214.652527
9.594106 214.496113
9.437693 214.339699
9.437693 214.183286
9.750520 214.026872
9.594106 213.870458
9.594106 213.714044
9.124865 213.557631
9.750520 213.401217
9.750520 213.244803
9.906934 213.088389
9.750520 212.931976
9.124865 212.775562
9.750520 212.619148
9.750520 212.462734
9.906934 212.306321
9.906934 212.149907
9.750520 211.993493
10.063348 211.837079
10.063348 211.680666
9.906934 211.524252
10.063348 211.367838
10.063348 211.211424
9.906934 211.055011
10.063348 210.898597
10.219761 210.742183
10.219761 210.585769
10.219761 210.429356
10.219761 210.272942
10.219761 210.116528
10.219761 209.960114
10.219761 209.803701
10.219761 209.647287
10.219761 209.490873
10.219761 209.334460
10.219761 209.178046
10.063348 209.021632
10.063348 208.865218
10.376175 208.708805
10.376175 208.552391
10.219761 208.395977
10.063348 208.239563
10.219761 208.083150
10.063348 207.926736
10.219761 207.770322
10.063348 207.613908
10.219761 207.457495
10.376175 207.301081
10.219761 207.144667
10.376175 206.988253
10.219761 206.831840
9.906934 206.675426
10.376175 206.519012
10.532589 206.362598
9.906934 206.206185
10.376175 206.049771
10.063348 205.893357
10.376175 205.736943
10.532589 205.580530
10.532589 205.424116
10.532589 205.267702
10.219761 205.111288
10.376175 204.954875
10.219761 204.798461
10.376175 204.642047
9.906934 204.485633
10.532589 204.329220
10.376175 204.172806
10.376175 204.016392
10.376175 203.859978
10.376175 203.703565
10.063348 203.547151
10.376175 203.390737
10.376175 203.234323
10.376175 203.077910
10.376175 202.921496
10.376175 202.765082
10.063348 202.608668
10.063348 202.452255
9.594106 202.295841
10.219761 202.139427
10.376175 201.983013
10.219761 201.826600
9.906934 201.670186
10.063348 201.513772
10.219761 201.357358
10.376175 201.200945
10.219761 201.044531
9.906934 200.888117
9.750520 200.731704
9.906934 200.575290
10.063348 200.418876
10.219761 200.262462
10.063348 200.106049
10.063348 199.949635
9.750520 199.793221
10.063348 199.636807
10.219761 199.480394
10.219761 199.323980
10.063348 199.167566
10.376175 199.011152
9.750520 198.854739
9.906934 198.698325
9.750520 198.541911
9.437693 198.385497
9.906934 198.229084
9.750520 198.072670
10.063348 197.916256
9.906934 197.759842
10.063348 197.603429
10.219761 197.447015
10.219761 197.290601
10.219761 197.134187
10.063348 196.977774
10.219761 196.821360
10.063348 196.664946
10.063348 196.508532
9.906934 196.352119
10.219761 196.195705
9.594106 196.039291
10.063348 195.882877
9.906934 195.726464
9.750520 195.570050
9.594106 195.413636
9.906934 195.257222
10.063348 195.100809
10.063348 194.944395
9.750520 194.787981
9.437693 194.631567
9.750520 194.475154
9.906934 194.318740
9.750520 194.162326
9.750520 194.005912
9.750520 193.849499
9.281279 193.693085
9.594106 193.536671
9.594106 193.380257
9.594106 193.223844
9.437693 193.067430
9.437693 192.911016
9.281279 192.754602
8.968451 192.598189
9.124865 192.441775
9.124865 192.285361
9.124865 192.128947
9.281279 191.972534
9.281279 191.816120
8.968451 191.659706
8.812038 191.503293
8.655624 191.346879
8.499210 191.190465
8.812038 191.034051
8.812038 190.877638
8.812038 190.721224
8.342796 190.564810
8.499210 190.408396
8.499210 190.251983
8.186383 190.095569
2.555488 189.939155
8.342796 189.782741
8.499210 189.626328
8.655624 189.469914
8.499210 189.313500
8.499210 189.157086
8.812038 189.000673
8.499210 188.844259
8.812038 188.687845
8.812038 188.531431
8.655624 188.375018
8.812038 188.218604
8.812038 188.062190
8.812038 187.905776
8.655624 187.749363
8.342796 187.592949
8.812038 187.436535
8.812038 187.280121
8.499210 187.123708
8.342796 186.967294
1.929833 186.810880
1.929833 186.654466
2.086247 186.498053
2.399074 186.341639
8.812038 186.185225
8.812038 186.028811
2.242660 185.872398
2.555488 185.715984
2.399074 185.559570
2.399074 185.403156
2.086247 185.246743
1.773419 185.090329
2.086247 184.933915
1.929833 184.777501
1.617005 184.308260
1.617005 184.151846
1.617005 183.995433
1.617005 183.682605
1.773419 183.526191
1.617005 183.369778
1.773419 183.213364
1.929833 183.056950
1.929833 182.587709
1.617005 181.962054
1.773419 180.867158
1.617005 180.710744
1.617005 179.772262
7.247900 179.615848
1.773419 179.459434
1.617005 179.303020
1.773419 179.146607
1.617005 178.833779
1.617005 177.895297
1.617005 177.738883
1.617005 177.582469
1.617005 177.269642
1.617005 176.643987
1.617005 176.487573
1.617005 176.331159
1.617005 176.018332
1.617005 175.861918
1.773419 175.705504
1.773419 175.549090
1.929833 175.392677
2.086247 175.236263
1.929833 175.079849
1.773419 174.923435
6.935073 174.767022
6.622245 174.610608
2.086247 174.454194
1.929833 174.297780
1.773419 174.141367
1.617005 173.984953
1.773419 173.828539
1.617005 173.202884
1.929833 173.046471
1.617005 172.890057
1.929833 172.733643
1.617005 172.577229
1.617005 172.420816
1.617005 171.638747
1.617005 171.482333
1.617005 171.169506
1.929833 171.013092
6.935073 170.856678
6.465831 170.700264
6.622245 170.543851
6.622245 170.387437
1.617005 170.231023
1.773419 170.074609
1.773419 169.918196
6.935073 169.761782
6.935073 169.605368
7.091486 169.448954
7.091486 169.292541
6.935073 169.136127
6.935073 168.979713
7.560728 168.823299
7.404314 168.666886
7.560728 168.510472
8.186383 168.354058
9.281279 168.197644
10.376175 168.041231
10.532589 167.884817
11.940313 167.728403
11.940313 167.571989
13.035209 167.415576
13.504450 167.259162
14.442932 167.102748
15.225001 166.946334
15.537829 166.789921
16.789139 166.633507
17.101966 166.477093
17.884035 166.320679
18.040449 166.164266
19.291759 166.007852
20.230241 165.851438
20.855896 165.695024
21.950792 165.538611
22.420033 165.382197
22.420033 165.225783
23.514930 165.069369
24.140585 164.912956
24.766240 164.756542
25.548308 164.600128
26.173963 164.443715
26.486791 164.287301
26.799618 164.130887
28.050928 163.974473
28.363756 163.818060
29.458652 163.661646
29.927893 163.505232
30.397135 163.348818
31.804858 163.192405
31.804858 163.035991
32.274099 162.879577
33.525409 162.723163
34.151064 162.566750
34.620306 162.410336
35.715202 162.253922
36.653684 162.097508
36.810098 161.941095
37.592167 161.784681
38.530649 161.628267
38.843477 161.471853
39.469132 161.315440
39.781959 161.159026
40.251200 161.002612
40.251200 160.846198
40.251200 160.689785
40.564028 160.533371
40.564028 160.376957
40.407614 160.220543
40.720442 160.064130
40.407614 159.907716
40.564028 159.751302
40.407614 159.594888
40.407614 159.438475
40.094787 159.282061
39.781959 159.125647
40.251200 158.969233
40.407614 158.812820
40.251200 158.656406
40.251200 158.499992
40.094787 158.343578
40.251200 158.187165
40.564028 158.030751
40.720442 157.874337
41.033269 157.717923
41.189683 157.561510
41.502510 157.405096
41.502510 157.248682
41.346097 157.092268
41.346097 156.935855
41.033269 156.779441
40.720442 156.623027
41.033269 156.466613
40.564028 156.310200
40.720442 156.153786
40.876855 155.997372
40.564028 155.840959
133.160965 155.684545
133.160965 155.528131
133.160965 155.371717
133.786620 155.215304
132.848138 155.058890
133.630207 154.902476
133.630207 154.746062
133.630207 154.589649
133.630207 154.433235
133.160965 154.276821
133.317379 154.120407
132.691724 153.963994
133.473793 153.807580
133.473793 153.651166
133.004552 153.494752
132.848138 153.338339
133.317379 153.181925
133.317379 153.025511
132.848138 152.869097
132.378897 152.712684
132.535310 152.556270
132.535310 152.399856
2.242660 152.243442
1.617005 151.930615
1.617005 151.774201
1.929833 151.617787
1.617005 151.461374
1.773419 148.333099
2.242660 148.176685
2.399074 148.020271
2.711902 147.863857
2.555488 147.707444
2.555488 147.551030
2.868315 147.394616
3.024729 147.238202
3.806798 147.081789
4.588866 146.925375
5.683763 146.768961
4.588866 146.612548
4.745280 146.456134
5.840176 146.299720
5.996590 146.143306
5.996590 145.986893
6.153004 145.830479
6.465831 145.674065
6.465831 145.517651
6.465831 145.361238
6.622245 145.204824
6.309418 145.048410
6.622245 144.891996
6.309418 144.735583
6.622245 144.579169
6.153004 144.422755
5.996590 144.266341
5.996590 144.109928
4.901694 143.953514
4.588866 143.797100
4.276039 143.640686
4.119625 143.484273
3.337557 143.327859
2.868315 143.171445
4.119625 143.015031
4.119625 142.858618
7.717141 142.702204
101.565389 142.545790
102.503871 142.389376
101.878216 142.232963
101.565389 142.076549
100.470493 141.920135
6.465831 141.763721
6.935073 141.607308
6.935073 141.450894
7.404314 141.294480
7.091486 141.138066
7.873555 140.981653
7.717141 140.825239
8.342796 140.668825
8.499210 140.512411
8.655624 140.355998
8.655624 140.199584
8.812038 140.043170
8.968451 139.886756
9.594106 139.730343
9.906934 139.573929
10.063348 139.417515
9.906934 139.261101
10.689003 139.104688
10.532589 138.948274
10.532589 138.791860
10.845416 138.635446
10.532589 138.479033
11.314658 138.322619
11.627485 138.166205
11.783899 138.009792
11.940313 137.853378
12.253140 137.696964
12.722381 137.540550
13.035209 137.384137
13.348036 137.227723
13.035209 137.071309
13.973691 136.914895
14.130105 136.758482
13.973691 136.602068
14.442932 136.445654
14.755760 136.289240
14.599346 136.132827
15.225001 135.976413
14.912174 135.819999
15.381415 135.663585
16.007070 135.507172
15.850656 135.350758
16.319897 135.194344
16.163484 135.037930
16.789139 134.881517
17.101966 134.725103
16.945552 134.568689
17.258380 134.412275
17.884035 134.255862
18.040449 134.099448
18.353276 133.943034
18.509690 133.786620
18.822517 133.630207
18.509690 133.473793
19.291759 133.317379
19.448172 133.160965
19.917414 133.004552
20.073827 132.848138
20.543069 132.691724
20.386655 132.535310
20.699482 132.378897
20.699482 132.222483
21.012310 132.066069
21.168724 131.909655
21.637965 131.753242
22.732861 131.596828
22.420033 131.440414
22.889275 131.284000
22.889275 131.127587
22.732861 130.971173
23.045688 130.814759
23.358516 130.658345
23.514930 130.501932
23.827757 130.345518
23.671343 130.189104
24.140585 130.032690
24.453412 129.876277
24.609826 129.719863
24.766240 129.563449
25.079067 129.407035
25.391895 129.250622
25.391895 129.094208
25.548308 128.937794
25.235481 128.781381
26.017550 128.624967
26.486791 128.468553
26.643205 128.312139
26.956032 128.155726
26.956032 127.999312
27.738101 127.842898
27.425273 127.686484
27.894515 127.530071
28.050928 127.373657
28.050928 127.217243
28.363756 127.060829
28.676583 126.904416
