1.929833 90.303599
1.617005 90.147185
2.399074 89.990772
12.409554 89.834358
13.035209 89.677944
13.035209 89.521530
13.191622 89.365117
13.035209 89.208703
13.348036 89.052289
13.348036 88.895875
13.348036 88.739462
12.722381 88.583048
13.348036 88.426634
12.722381 88.270220
13.035209 88.113807
12.565967 87.957393
13.504450 87.800979
13.035209 87.644565
13.504450 87.488152
13.660864 87.331738
13.817277 87.175324
13.973691 87.018910
13.191622 86.862497
13.817277 86.706083
13.504450 86.549669
13.817277 86.393255
13.973691 86.236842
13.504450 86.080428
13.660864 85.924014
13.660864 85.767600
13.817277 85.611187
13.504450 85.454773
13.660864 85.298359
13.817277 85.141945
12.878795 84.985532
12.096726 84.829118
13.817277 84.672704
12.565967 84.516290
13.817277 84.359877
13.348036 84.203463
13.817277 84.047049
13.973691 83.890636
13.504450 83.734222
13.660864 83.577808
13.973691 83.421394
13.817277 83.264981
13.504450 83.108567
12.878795 82.952153
12.722381 82.795739
13.973691 82.639326
13.817277 82.482912
13.973691 82.326498
13.817277 82.170084
13.817277 82.013671
13.504450 81.857257
13.348036 81.700843
13.817277 81.544429
13.973691 81.388016
13.817277 81.231602
13.973691 81.075188
13.817277 80.918774
13.817277 80.762361
13.973691 80.605947
13.817277 80.449533
13.973691 80.293119
13.817277 80.136706
14.130105 79.980292
14.130105 79.823878
13.817277 79.667464
13.660864 79.511051
13.660864 79.354637
13.348036 79.198223
12.409554 79.041809
13.191622 78.885396
13.504450 78.728982
13.348036 78.572568
14.130105 78.416154
14.286519 78.259741
14.130105 78.103327
13.504450 77.946913
13.817277 77.790499
13.973691 77.634086
13.817277 77.477672
14.130105 77.321258
13.817277 77.164844
13.973691 77.008431
13.660864 76.852017
13.817277 76.695603
13.973691 76.539189
13.817277 76.382776
13.817277 76.226362
12.722381 76.069948
13.973691 75.913534
14.130105 75.757121
13.348036 75.600707
13.973691 75.444293
13.973691 75.287879
14.130105 75.131466
13.817277 74.975052
13.817277 74.818638
13.973691 74.662225
13.191622 74.505811
12.878795 74.349397
12.878795 74.192983
12.722381 74.036570
13.973691 73.880156
13.660864 73.723742
13.817277 73.567328
13.973691 73.410915
13.191622 73.254501
13.973691 73.098087
12.878795 72.941673
13.973691 72.785260
13.973691 72.628846
13.973691 72.472432
12.409554 72.316018
14.130105 72.159605
14.130105 72.003191
12.565967 71.846777
14.286519 71.690363
14.286519 71.533950
13.973691 71.377536
14.286519 71.221122
13.973691 71.064708
14.130105 70.908295
13.973691 70.751881
13.973691 70.595467
13.817277 70.439053
13.973691 70.282640
13.191622 70.126226
13.973691 69.969812
14.442932 69.813398
14.286519 69.656985
14.130105 69.500571
14.442932 69.344157
13.348036 69.187743
14.130105 69.031330
14.442932 68.874916
14.286519 68.718502
14.130105 68.562088
14.286519 68.405675
14.286519 68.249261
14.442932 68.092847
13.660864 67.936433
14.286519 67.780020
14.286519 67.623606
14.286519 67.467192
13.973691 67.310778
14.130105 67.154365
14.130105 66.997951
13.817277 66.841537
14.286519 66.685123
13.504450 66.528710
14.130105 66.372296
14.130105 66.215882
13.191622 66.059469
14.286519 65.903055
13.348036 65.746641
13.348036 65.590227
14.130105 65.433814
14.130105 65.277400
14.442932 65.120986
14.130105 64.964572
13.348036 64.808159
14.286519 64.651745
13.973691 64.495331
14.130105 64.338917
13.973691 64.182504
14.286519 64.026090
13.660864 63.869676
14.286519 63.713262
13.817277 63.556849
14.442932 63.400435
14.286519 63.244021
14.286519 63.087607
14.755760 62.931194
14.599346 62.774780
14.442932 62.618366
12.722381 62.461952
13.973691 62.305539
14.286519 62.149125
14.442932 61.992711
14.286519 61.836297
14.442932 61.679884
13.973691 61.523470
14.599346 61.367056
14.286519 61.210642
14.442932 61.054229
14.599346 60.897815
14.599346 60.741401
14.286519 60.584987
14.442932 60.428574
14.442932 60.272160
14.286519 60.115746
14.130105 59.959332
14.442932 59.802919
14.130105 59.646505
14.286519 59.490091
14.286519 59.333677
14.130105 59.177264
13.817277 59.020850
14.912174 58.864436
14.599346 58.708022
14.599346 58.551609
14.286519 58.395195
14.442932 58.238781
14.599346 58.082367
14.599346 57.925954
14.442932 57.769540
14.130105 57.613126
14.599346 57.456712
14.286519 57.300299
14.442932 57.143885
14.286519 56.987471
14.286519 56.831058
14.286519 56.674644
14.755760 56.518230
14.442932 56.361816
14.599346 56.205403
14.442932 56.048989
14.755760 55.892575
14.755760 55.736161
14.286519 55.579748
14.286519 55.423334
14.286519 55.266920
14.286519 55.110506
13.973691 54.954093
14.755760 54.797679
14.755760 54.641265
14.755760 54.484851
14.442932 54.328438
14.599346 54.172024
14.130105 54.015610
14.599346 53.859196
14.599346 53.702783
14.442932 53.546369
14.442932 53.389955
14.599346 53.233541
14.599346 53.077128
14.599346 52.920714
14.755760 52.764300
14.442932 52.607886
14.286519 52.451473
14.912174 52.295059
14.912174 52.138645
13.504450 51.982231
14.442932 51.825818
14.442932 51.669404
14.130105 51.512990
14.599346 51.356576
14.599346 51.200163
14.599346 51.043749
14.442932 50.887335
14.755760 50.730921
14.286519 50.574508
13.660864 50.418094
13.348036 50.261680
14.599346 50.105266
14.130105 49.948853
14.130105 49.792439
14.442932 49.636025
14.599346 49.479611
14.599346 49.323198
14.599346 49.166784
14.755760 49.010370
14.130105 48.853956
14.599346 48.697543
14.442932 48.541129
14.442932 48.384715
14.755760 48.228302
14.912174 48.071888
14.442932 47.915474
14.755760 47.759060
13.973691 47.602647
14.912174 47.446233
14.755760 47.289819
14.755760 47.133405
14.755760 46.976992
14.755760 46.820578
14.912174 46.664164
14.912174 46.507750
14.599346 46.351337
14.442932 46.194923
14.599346 46.038509
14.599346 45.882095
14.442932 45.725682
14.599346 45.569268
14.442932 45.412854
14.755760 45.256440
14.286519 45.100027
13.973691 44.943613
14.599346 44.787199
14.130105 44.630785
14.286519 44.474372
14.599346 44.317958
14.286519 44.161544
14.912174 44.005130
14.912174 43.848717
14.599346 43.692303
14.442932 43.535889
14.286519 43.379475
14.755760 43.223062
14.442932 43.066648
14.755760 42.910234
14.599346 42.753820
14.286519 42.597407
14.286519 42.440993
14.599346 42.284579
14.755760 42.128165
14.442932 41.971752
14.599346 41.815338
14.286519 41.658924
14.755760 41.502510
14.912174 41.346097
14.599346 41.189683
15.225001 41.033269
15.068587 40.876855
14.912174 40.720442
14.912174 40.564028
14.599346 40.407614
14.912174 40.251200
14.755760 40.094787
14.912174 39.938373
15.068587 39.781959
14.755760 39.625545
14.755760 39.469132
14.755760 39.312718
15.068587 39.156304
14.912174 38.999891
14.755760 38.843477
14.286519 38.687063
15.068587 38.530649
14.912174 38.374236
14.442932 38.217822
15.225001 38.061408
15.225001 37.904994
15.068587 37.748581
14.912174 37.592167
14.755760 37.435753
14.755760 37.279339
14.755760 37.122926
14.912174 36.966512
15.068587 36.810098
15.225001 36.653684
14.755760 36.497271
14.442932 36.340857
15.225001 36.184443
15.381415 36.028029
14.912174 35.871616
14.912174 35.715202
15.225001 35.558788
15.225001 35.402374
14.755760 35.245961
14.912174 35.089547
14.755760 34.933133
15.225001 34.776719
15.381415 34.620306
15.381415 34.463892
15.068587 34.307478
14.755760 34.151064
14.599346 33.994651
14.599346 33.838237
15.068587 33.681823
14.912174 33.525409
14.912174 33.368996
15.225001 33.212582
15.068587 33.056168
15.068587 32.899754
15.068587 32.743341
15.225001 32.586927
15.225001 32.430513
14.599346 32.274099
14.912174 32.117686
14.599346 31.961272
15.068587 31.804858
14.442932 31.648444
14.912174 31.492031
14.755760 31.335617
14.442932 31.179203
15.068587 31.022789
14.599346 30.866376
15.225001 30.709962
14.912174 30.553548
14.912174 30.397135
14.912174 30.240721
14.286519 30.084307
15.225001 29.927893
14.442932 29.771480
15.068587 29.615066
14.912174 29.458652
14.442932 29.302238
14.912174 29.145825
14.755760 28.989411
14.912174 28.832997
14.755760 28.676583
14.912174 28.520170
15.225001 28.363756
14.912174 28.207342
14.599346 28.050928
14.599346 27.894515
15.068587 27.738101
14.599346 27.581687
14.599346 27.425273
14.912174 27.268860
14.599346 27.112446
14.599346 26.956032
14.599346 26.799618
14.286519 26.643205
14.599346 26.486791
14.599346 26.330377
15.068587 26.173963
15.068587 26.017550
15.225001 25.861136
15.381415 25.704722
15.225001 25.548308
15.225001 25.391895
15.381415 25.235481
15.068587 25.079067
14.912174 24.922653
15.225001 24.766240
15.381415 24.609826
15.068587 24.453412
15.381415 24.296998
14.912174 24.140585
15.381415 23.984171
15.381415 23.827757
14.912174 23.671343
15.381415 23.514930
15.225001 23.358516
15.225001 23.202102
15.225001 23.045688
15.225001 22.889275
15.068587 22.732861
15.068587 22.576447
15.537829 22.420033
15.381415 22.263620
15.225001 22.107206
15.381415 21.950792
14.755760 21.794378
15.068587 21.637965
14.599346 21.481551
15.068587 21.325137
15.068587 21.168724
15.225001 21.012310
15.225001 20.855896
15.537829 20.699482
15.381415 20.543069
15.225001 20.386655
15.225001 20.230241
15.381415 20.073827
15.381415 19.917414
15.225001 19.761000
15.068587 19.604586
14.912174 19.448172
15.225001 19.291759
14.755760 19.135345
15.225001 18.978931
15.068587 18.822517
14.755760 18.666104
15.225001 18.509690
15.381415 18.353276
15.537829 18.196862
15.225001 18.040449
14.599346 17.884035
14.755760 17.727621
14.912174 17.571207
15.537829 17.414794
15.537829 17.258380
15.225001 17.101966
14.442932 16.945552
15.225001 16.789139
15.068587 16.632725
15.068587 16.476311
15.225001 16.319897
14.912174 16.163484
15.068587 16.007070
15.068587 15.850656
15.225001 15.694242
14.912174 15.537829
14.442932 15.381415
14.912174 15.225001
14.912174 15.068587
15.068587 14.912174
14.599346 14.755760
15.068587 14.599346
14.599346 14.442932
14.599346 14.286519
15.068587 14.130105
14.755760 13.973691
14.912174 13.817277
15.225001 13.660864
14.755760 13.504450
15.381415 13.348036
15.225001 13.191622
14.599346 13.035209
14.755760 12.878795
15.225001 12.722381
15.225001 12.565967
15.225001 12.409554
15.225001 12.253140
14.912174 12.096726
14.912174 11.940313
14.912174 11.783899
15.225001 11.627485
15.068587 11.471071
15.225001 11.314658
15.068587 11.158244
15.381415 11.001830
15.068587 10.845416
15.850656 10.689003
15.225001 10.532589
15.225001 10.376175
14.912174 10.219761
14.442932 10.063348
14.286519 9.906934
14.442932 9.750520
14.286519 9.594106
14.442932 9.437693
13.348036 9.281279
14.286519 9.124865
14.599346 8.968451
14.286519 8.812038
14.442932 8.655624
13.973691 8.499210
14.286519 8.342796
14.599346 8.186383
14.286519 8.029969
14.286519 7.873555
12.878795 7.717141
13.817277 7.560728
13.191622 7.404314
12.878795 7.247900
12.722381 7.091486
12.409554 6.935073
11.940313 6.778659
2.868315 6.622245
3.024729 6.465831
2.868315 6.309418
3.650384 6.153004
19.291759 5.996590
23.671343 5.840176
23.514930 5.683763
23.202102 5.527349
23.202102 5.370935
26.017550 5.214521
26.956032 5.058108
3.650384 4.901694
3.650384 4.745280
30.866376 4.588866
31.492031 4.432453
32.274099 4.276039
35.871616 4.119625
36.340857 3.963211
35.715202 3.806798
38.374236 3.650384
38.687063 3.493970
38.999891 3.337557
39.156304 3.181143
38.687063 3.024729
39.156304 2.868315
39.312718 2.711902
39.156304 2.555488
39.469132 2.399074
38.999891 2.242660
39.312718 2.086247
39.156304 1.929833
39.312718 1.773419
