40.407614 295.674847
40.564028 295.518433
40.407614 295.362020
3.181143 295.205606
40.876855 295.049192
40.407614 294.892778
40.251200 294.736365
40.564028 294.579951
40.407614 294.423537
40.251200 294.267123
40.251200 294.110710
40.564028 293.954296
39.938373 293.797882
40.407614 293.641468
2.711902 293.485055
40.564028 293.328641
40.564028 293.172227
39.938373 293.015813
40.407614 292.859400
40.094787 292.702986
40.251200 292.546572
40.407614 292.390158
40.251200 292.233745
40.564028 292.077331
40.094787 291.920917
39.938373 291.764503
39.938373 291.608090
40.407614 291.451676
40.094787 291.295262
40.720442 291.138848
40.564028 290.982435
40.251200 290.826021
40.251200 290.669607
40.407614 290.513193
40.876855 290.356780
40.876855 290.200366
40.720442 290.043952
40.251200 289.887539
40.407614 289.731125
40.876855 289.574711
40.876855 289.418297
40.564028 289.261884
40.564028 289.105470
40.720442 288.949056
40.564028 288.792642
40.407614 288.636229
40.407614 288.479815
40.720442 288.323401
40.407614 288.166987
40.407614 288.010574
40.876855 287.854160
40.564028 287.697746
40.564028 287.541332
40.564028 287.384919
40.720442 287.228505
40.720442 287.072091
40.720442 286.915677
40.876855 286.759264
41.033269 286.602850
41.033269 286.446436
40.876855 286.290022
40.564028 286.133609
40.720442 285.977195
40.720442 285.820781
40.876855 285.664367
40.720442 285.507954
40.876855 285.351540
40.720442 285.195126
40.564028 285.038712
40.720442 284.882299
40.251200 284.725885
40.720442 284.569471
40.720442 284.413057
40.720442 284.256644
40.720442 284.100230
40.720442 283.943816
40.720442 283.787402
40.720442 283.630989
40.720442 283.474575
40.720442 283.318161
40.407614 283.161747
40.720442 283.005334
40.094787 282.848920
40.720442 282.692506
40.407614 282.536092
40.251200 282.379679
40.564028 282.223265
40.407614 282.066851
40.407614 281.910437
40.876855 281.754024
40.251200 281.597610
40.564028 281.441196
40.876855 281.284783
40.407614 281.128369
40.720442 280.971955
40.720442 280.815541
40.564028 280.659128
40.407614 280.502714
40.720442 280.346300
40.407614 280.189886
40.564028 280.033473
40.564028 279.877059
40.564028 279.720645
40.407614 279.564231
40.564028 279.407818
40.407614 279.251404
40.720442 279.094990
40.876855 278.938576
40.720442 278.782163
40.564028 278.625749
40.564028 278.469335
40.251200 278.312921
40.251200 278.156508
40.251200 278.000094
40.564028 277.843680
40.094787 277.687266
40.407614 277.530853
40.094787 277.374439
40.407614 277.218025
40.251200 277.061611
40.564028 276.905198
40.251200 276.748784
40.720442 276.592370
40.251200 276.435956
40.564028 276.279543
40.251200 276.123129
40.407614 275.966715
39.938373 275.810301
40.094787 275.653888
3.181143 275.497474
3.337557 275.341060
3.024729 275.184646
3.024729 275.028233
3.181143 274.871819
3.181143 274.715405
3.181143 274.558991
3.337557 274.402578
3.024729 274.246164
3.337557 274.089750
3.181143 273.933336
3.181143 273.776923
3.024729 273.620509
3.181143 273.464095
3.181143 273.307681
3.337557 273.151268
3.024729 272.994854
3.337557 272.838440
3.024729 272.682026
3.024729 272.525613
3.181143 272.369199
3.181143 272.212785
3.181143 272.056372
3.337557 271.899958
3.337557 271.743544
3.024729 271.587130
3.337557 271.430717
3.337557 271.274303
3.337557 271.117889
2.711902 270.961475
2.555488 270.805062
2.555488 270.648648
1.617005 270.492234
1.617005 268.458855
1.617005 268.302442
1.617005 268.146028
1.617005 267.989614
1.929833 267.833200
1.617005 267.676787
1.929833 267.520373
1.773419 267.363959
1.929833 267.207545
1.617005 267.051132
1.617005 266.738304
1.773419 265.486994
1.617005 265.330580
1.773419 265.174167
1.773419 265.017753
1.617005 264.861339
1.617005 264.392098
1.617005 264.235684
1.929833 264.079270
1.929833 263.922857
1.617005 263.766443
2.086247 263.610029
1.929833 263.453616
1.773419 263.297202
1.617005 262.827961
1.617005 262.671547
1.773419 262.515133
1.929833 262.358719
1.773419 262.202306
1.929833 262.045892
1.617005 261.889478
1.773419 261.733064
1.929833 261.576651
1.773419 261.420237
1.617005 261.263823
1.617005 261.107409
1.929833 260.950996
1.929833 260.794582
1.773419 260.638168
1.617005 260.481754
1.617005 260.325341
1.929833 260.168927
1.773419 260.012513
1.773419 259.856099
1.929833 259.699686
1.929833 259.543272
2.086247 259.386858
2.242660 259.230444
1.773419 259.074031
2.242660 258.917617
2.242660 258.761203
1.929833 258.604789
1.929833 258.448376
1.929833 258.291962
1.773419 258.135548
2.086247 257.979134
1.929833 257.666307
1.929833 257.509893
1.929833 257.353479
1.617005 257.197066
1.617005 256.884238
1.617005 256.727824
1.617005 256.571411
1.773419 256.414997
1.929833 256.258583
2.086247 256.102169
2.086247 255.945756
2.242660 255.789342
2.399074 255.632928
1.929833 255.476514
1.617005 255.320101
1.929833 255.163687
1.929833 255.007273
1.929833 254.850859
2.242660 254.694446
1.929833 254.538032
2.399074 254.381618
2.242660 254.225205
1.773419 254.068791
2.242660 253.912377
2.242660 253.755963
2.399074 253.599550
2.086247 253.443136
2.399074 253.286722
2.399074 253.130308
2.242660 252.973895
2.086247 252.817481
2.242660 252.661067
2.242660 252.504653
2.242660 252.348240
1.929833 252.191826
1.929833 252.035412
2.086247 251.878998
1.929833 251.722585
2.242660 251.566171
2.086247 251.409757
2.242660 251.253343
2.086247 251.096930
2.086247 250.940516
2.242660 250.784102
2.086247 250.627688
2.242660 250.471275
2.242660 250.314861
2.086247 250.158447
2.242660 250.002033
2.242660 249.845620
2.399074 249.689206
2.242660 249.532792
2.399074 249.376378
2.242660 249.219965
2.399074 249.063551
2.242660 248.907137
2.399074 248.750723
2.399074 248.594310
2.242660 248.437896
2.242660 248.281482
2.242660 248.125068
2.086247 247.968655
2.242660 247.812241
2.242660 247.655827
2.242660 247.499413
2.242660 247.343000
2.086247 247.186586
2.242660 247.030172
2.242660 246.873758
2.242660 246.717345
2.242660 246.560931
2.242660 246.404517
2.242660 246.248103
2.242660 246.091690
2.242660 245.935276
2.242660 245.778862
2.242660 245.622449
2.086247 245.466035
2.086247 245.309621
1.929833 245.153207
2.242660 244.996794
2.399074 244.840380
2.242660 244.683966
2.399074 244.527552
2.242660 244.371139
2.086247 244.214725
2.555488 244.058311
2.711902 243.901897
2.711902 243.745484
2.868315 243.589070
2.086247 243.432656
1.929833 243.276242
1.929833 243.119829
1.929833 242.963415
1.617005 242.807001
1.929833 242.650587
2.086247 242.494174
3.337557 242.337760
3.493970 242.181346
3.650384 242.024932
3.650384 241.868519
3.650384 241.712105
3.650384 241.555691
3.493970 241.399277
3.650384 241.242864
3.337557 241.086450
3.806798 240.930036
3.963211 240.773622
4.276039 240.617209
3.493970 240.460795
4.119625 240.304381
4.119625 240.147967
4.119625 239.991554
4.276039 239.835140
2.086247 239.678726
4.432453 239.522312
2.399074 239.365899
4.432453 239.209485
4.745280 239.053071
2.086247 238.896657
4.432453 238.740244
1.773419 238.583830
2.242660 238.427416
1.773419 238.271002
4.901694 238.114589
4.901694 237.958175
5.058108 237.801761
5.058108 237.645347
2.086247 237.488934
2.086247 237.332520
1.929833 237.176106
2.086247 237.019692
1.773419 236.863279
2.242660 236.706865
2.086247 236.550451
1.929833 236.394038
1.773419 236.237624
2.242660 236.081210
2.086247 235.924796
5.996590 235.768383
5.996590 235.611969
5.683763 235.455555
5.840176 235.299141
1.617005 235.142728
1.929833 234.986314
1.773419 234.673486
2.086247 234.517073
6.465831 234.360659
6.622245 234.204245
6.309418 234.047831
6.622245 233.891418
6.622245 233.735004
6.935073 233.578590
6.935073 233.422176
7.247900 233.265763
7.560728 233.109349
7.247900 232.952935
7.560728 232.796521
7.560728 232.640108
7.404314 232.483694
7.560728 232.327280
7.404314 232.170866
7.717141 232.014453
7.873555 231.858039
7.873555 231.701625
7.873555 231.545211
7.873555 231.388798
8.186383 231.232384
8.029969 231.075970
8.186383 230.919556
8.186383 230.763143
8.499210 230.606729
8.655624 230.450315
8.186383 230.293901
8.655624 230.137488
8.029969 229.981074
8.968451 229.824660
8.968451 229.668246
9.124865 229.511833
9.281279 229.355419
8.968451 229.199005
9.281279 229.042591
9.124865 228.886178
9.437693 228.729764
9.124865 228.573350
2.711902 228.416936
2.711902 228.260523
9.594106 228.104109
9.281279 227.947695
9.750520 227.791281
9.750520 227.634868
10.219761 227.478454
10.219761 227.322040
10.376175 227.165627
10.376175 227.009213
10.376175 226.852799
10.532589 226.696385
10.689003 226.539972
10.845416 226.383558
11.001830 226.227144
10.689003 226.070730
10.845416 225.914317
11.001830 225.757903
11.001830 225.601489
11.001830 225.445075
11.314658 225.288662
11.471071 225.132248
11.001830 224.975834
11.471071 224.819420
11.471071 224.663007
11.627485 224.506593
11.783899 224.350179
11.783899 224.193765
11.471071 224.037352
12.096726 223.880938
12.096726 223.724524
12.096726 223.568110
12.096726 223.411697
12.409554 223.255283
12.565967 223.098869
12.253140 222.942455
12.722381 222.786042
12.565967 222.629628
12.878795 222.473214
13.035209 222.316800
13.035209 222.160387
13.035209 222.003973
13.191622 221.847559
12.878795 221.691145
13.817277 221.534732
13.973691 221.378318
14.286519 221.221904
14.286519 221.065490
14.599346 220.909077
14.599346 220.752663
14.912174 220.596249
15.068587 220.439835
14.912174 220.283422
15.068587 220.127008
14.755760 219.970594
15.381415 219.814180
15.381415 219.657767
15.381415 219.501353
15.537829 219.344939
15.694242 219.188525
16.007070 219.032112
15.694242 218.875698
16.007070 218.719284
16.163484 218.562871
21.012310 218.406457
21.168724 218.250043
21.794378 218.093629
21.794378 217.937216
21.794378 217.780802
31.022789 217.624388
31.804858 217.467974
32.117686 217.311561
32.274099 217.155147
33.212582 216.998733
33.368996 216.842319
33.525409 216.685906
33.838237 216.529492
33.525409 216.373078
33.994651 216.216664
34.463892 216.060251
34.463892 215.903837
34.620306 215.747423
34.776719 215.591009
35.089547 215.434596
34.620306 215.278182
35.402374 215.121768
35.089547 214.965354
35.558788 214.808941
35.558788 214.652527
35.558788 214.496113
36.028029 214.339699
35.871616 214.183286
36.028029 214.026872
36.028029 213.870458
36.340857 213.714044
36.497271 213.557631
36.340857 213.401217
36.653684 213.244803
36.810098 213.088389
36.653684 212.931976
36.810098 212.775562
36.966512 212.619148
36.810098 212.462734
37.279339 212.306321
37.279339 212.149907
37.279339 211.993493
37.435753 211.837079
37.592167 211.680666
37.435753 211.524252
37.592167 211.367838
37.592167 211.211424
37.592167 211.055011
37.904994 210.898597
38.061408 210.742183
37.904994 210.585769
38.061408 210.429356
38.061408 210.272942
38.061408 210.116528
37.904994 209.960114
38.217822 209.803701
37.904994 209.647287
38.374236 209.490873
38.374236 209.334460
38.374236 209.178046
38.374236 209.021632
38.217822 208.865218
38.374236 208.708805
38.374236 208.552391
38.687063 208.395977
38.530649 208.239563
38.374236 208.083150
38.687063 207.926736
38.374236 207.770322
38.999891 207.613908
38.687063 207.457495
38.999891 207.301081
38.999891 207.144667
39.156304 206.988253
39.156304 206.831840
38.999891 206.675426
39.156304 206.519012
39.156304 206.362598
39.156304 206.206185
38.843477 206.049771
39.156304 205.893357
39.312718 205.736943
39.469132 205.580530
39.469132 205.424116
39.469132 205.267702
39.469132 205.111288
39.469132 204.954875
39.469132 204.798461
39.469132 204.642047
39.469132 204.485633
39.469132 204.329220
39.312718 204.172806
39.625545 204.016392
39.312718 203.859978
39.469132 203.703565
39.469132 203.547151
39.625545 203.390737
39.625545 203.234323
39.469132 203.077910
39.469132 202.921496
39.469132 202.765082
39.156304 202.608668
39.781959 202.452255
39.938373 202.295841
39.781959 202.139427
39.469132 201.983013
39.938373 201.826600
39.938373 201.670186
39.625545 201.513772
39.781959 201.357358
39.781959 201.200945
39.625545 201.044531
39.781959 200.888117
39.938373 200.731704
40.094787 200.575290
39.625545 200.418876
40.094787 200.262462
40.407614 200.106049
40.094787 199.949635
40.407614 199.793221
40.407614 199.636807
40.564028 199.480394
40.564028 199.323980
40.251200 199.167566
40.564028 199.011152
40.720442 198.854739
40.564028 198.698325
40.564028 198.541911
40.720442 198.385497
40.876855 198.229084
40.720442 198.072670
40.876855 197.916256
40.876855 197.759842
40.876855 197.603429
40.720442 197.447015
41.033269 197.290601
40.720442 197.134187
40.876855 196.977774
40.876855 196.821360
40.876855 196.664946
41.033269 196.508532
41.033269 196.352119
40.876855 196.195705
41.033269 196.039291
40.876855 195.882877
41.033269 195.726464
41.033269 195.570050
41.033269 195.413636
41.189683 195.257222
41.189683 195.100809
41.033269 194.944395
41.189683 194.787981
41.033269 194.631567
41.189683 194.475154
41.189683 194.318740
41.033269 194.162326
41.189683 194.005912
41.033269 193.849499
41.189683 193.693085
41.189683 193.536671
41.033269 193.380257
41.033269 193.223844
40.876855 193.067430
41.189683 192.911016
41.033269 192.754602
40.876855 192.598189
40.876855 192.441775
41.189683 192.285361
40.876855 192.128947
41.033269 191.972534
40.876855 191.816120
41.189683 191.659706
40.720442 191.503293
40.876855 191.346879
40.720442 191.190465
40.876855 191.034051
40.720442 190.877638
40.720442 190.721224
40.564028 190.564810
40.094787 190.408396
40.407614 190.251983
40.251200 190.095569
40.251200 189.939155
40.407614 189.782741
40.407614 189.626328
40.094787 189.469914
40.251200 189.313500
40.094787 189.157086
40.407614 189.000673
40.094787 188.844259
40.564028 188.687845
40.564028 188.531431
40.720442 188.375018
40.720442 188.218604
40.564028 188.062190
40.407614 187.905776
40.720442 187.749363
40.564028 187.592949
40.720442 187.436535
40.720442 187.280121
40.876855 187.123708
40.564028 186.967294
40.720442 186.810880
40.720442 186.654466
40.720442 186.498053
40.720442 186.341639
40.720442 186.185225
40.720442 186.028811
40.720442 185.872398
40.720442 185.715984
40.720442 185.559570
40.720442 185.403156
40.876855 185.246743
40.876855 185.090329
40.720442 184.933915
41.033269 184.777501
40.720442 184.621088
41.033269 184.464674
41.033269 184.308260
40.876855 184.151846
41.189683 183.995433
41.189683 183.839019
41.189683 183.682605
41.033269 183.526191
41.189683 183.369778
41.189683 183.213364
41.033269 183.056950
40.720442 182.900536
40.564028 182.744123
40.720442 182.587709
40.720442 182.431295
40.251200 182.274882
40.407614 182.118468
40.407614 181.962054
40.251200 181.805640
40.094787 181.649227
39.625545 181.492813
40.094787 181.336399
39.781959 181.179985
40.094787 181.023572
40.094787 180.867158
39.938373 180.710744
3.493970 180.554330
39.781959 180.397917
39.625545 180.241503
39.938373 180.085089
3.806798 179.928675
39.625545 179.772262
39.625545 179.615848
3.650384 179.459434
39.312718 179.303020
39.312718 179.146607
39.156304 178.990193
38.843477 178.833779
38.374236 178.677365
37.592167 178.520952
37.122926 178.364538
37.122926 178.208124
37.279339 178.051710
37.435753 177.895297
37.279339 177.738883
37.435753 177.582469
37.435753 177.426055
37.279339 177.269642
36.810098 177.113228
36.810098 176.956814
36.340857 176.800400
36.340857 176.643987
36.340857 176.487573
35.871616 176.331159
35.089547 176.174745
35.245961 176.018332
35.402374 175.861918
35.245961 175.705504
34.620306 175.549090
34.620306 175.392677
34.307478 175.236263
33.838237 175.079849
32.743341 174.923435
32.586927 174.767022
32.586927 174.610608
32.586927 174.454194
32.274099 174.297780
2.399074 174.141367
2.242660 173.984953
2.555488 173.828539
2.242660 173.672126
1.929833 173.515712
28.363756 173.359298
28.363756 173.202884
28.520170 173.046471
28.520170 172.890057
29.145825 172.733643
28.989411 172.577229
28.676583 172.420816
28.207342 172.264402
2.242660 172.107988
2.242660 171.951574
27.112446 171.795161
27.112446 171.638747
25.861136 171.482333
2.086247 171.325919
2.242660 171.169506
25.079067 171.013092
24.922653 170.856678
24.922653 170.700264
3.024729 170.543851
1.617005 170.387437
2.086247 170.231023
1.773419 168.354058
1.929833 168.197644
15.694242 168.041231
18.509690 167.884817
19.135345 167.728403
19.917414 167.571989
20.073827 167.415576
21.325137 167.259162
21.950792 167.102748
23.984171 166.946334
25.079067 166.789921
28.050928 166.633507
29.302238 166.477093
29.458652 166.320679
32.117686 166.164266
32.743341 166.007852
36.184443 165.851438
37.592167 165.695024
38.061408 165.538611
38.530649 165.382197
38.217822 165.225783
38.999891 165.069369
38.999891 164.912956
39.312718 164.756542
39.312718 164.600128
39.469132 164.443715
39.781959 164.287301
39.312718 164.130887
39.625545 163.974473
39.156304 163.818060
39.312718 163.661646
38.999891 163.505232
38.843477 163.348818
38.843477 163.192405
38.687063 163.035991
38.843477 162.879577
38.999891 162.723163
38.687063 162.566750
39.469132 162.410336
39.469132 162.253922
39.938373 162.097508
40.094787 161.941095
39.781959 161.784681
40.094787 161.628267
40.251200 161.471853
40.564028 161.315440
39.938373 161.159026
40.094787 161.002612
39.625545 160.846198
39.625545 160.689785
39.625545 160.533371
39.469132 160.376957
39.469132 160.220543
39.469132 160.064130
39.469132 159.907716
39.156304 159.751302
38.999891 159.594888
39.156304 159.438475
39.469132 159.282061
39.312718 159.125647
38.687063 158.969233
38.999891 158.812820
39.469132 158.656406
39.156304 158.499992
39.312718 158.343578
39.312718 158.187165
39.469132 158.030751
39.469132 157.874337
39.469132 157.717923
39.156304 157.561510
39.156304 157.405096
38.843477 157.248682
38.530649 157.092268
2.868315 156.935855
1.929833 156.779441
1.929833 155.528131
1.617005 154.746062
1.617005 154.589649
1.617005 154.276821
2.399074 154.120407
2.086247 153.963994
2.711902 153.807580
2.399074 153.651166
2.399074 153.494752
2.399074 153.338339
1.929833 153.181925
2.242660 153.025511
2.399074 152.869097
99.688424 152.712684
100.470493 152.556270
99.532010 152.399856
100.157665 152.243442
2.555488 152.087029
2.555488 151.930615
2.399074 151.774201
2.868315 151.617787
3.024729 151.461374
2.711902 151.304960
2.868315 151.148546
3.024729 150.992132
3.337557 150.835719
3.493970 150.679305
3.493970 150.522891
3.337557 150.366477
3.337557 150.210064
3.650384 150.053650
3.650384 149.897236
3.337557 149.740822
3.493970 149.584409
3.493970 149.427995
3.493970 149.271581
3.337557 149.115167
3.650384 148.958754
7.247900 148.802340
7.717141 148.645926
7.560728 148.489512
7.560728 148.333099
8.029969 148.176685
7.873555 148.020271
7.873555 147.863857
7.873555 147.707444
7.560728 147.551030
7.873555 147.394616
7.717141 147.238202
7.873555 147.081789
7.873555 146.925375
7.560728 146.768961
9.906934 146.612548
9.437693 146.456134
9.750520 146.299720
8.812038 146.143306
8.968451 145.986893
9.281279 145.830479
9.281279 145.674065
9.594106 145.517651
9.437693 145.361238
9.437693 145.204824
9.281279 145.048410
8.655624 144.891996
9.281279 144.735583
9.124865 144.579169
7.560728 144.422755
7.091486 144.266341
6.778659 144.109928
6.778659 143.953514
2.399074 143.797100
1.617005 143.640686
3.337557 143.484273
3.493970 143.327859
4.276039 143.171445
4.432453 143.015031
4.745280 142.858618
5.058108 142.702204
98.906355 142.545790
98.749941 142.389376
98.906355 142.232963
99.688424 142.076549
100.001251 141.920135
100.314079 141.763721
6.622245 141.607308
6.622245 141.450894
7.091486 141.294480
7.404314 141.138066
7.091486 140.981653
7.873555 140.825239
8.186383 140.668825
8.029969 140.512411
8.342796 140.355998
8.812038 140.199584
8.968451 140.043170
9.437693 139.886756
9.437693 139.730343
9.906934 139.573929
10.063348 139.417515
9.906934 139.261101
10.219761 139.104688
10.376175 138.948274
10.689003 138.791860
10.845416 138.635446
10.532589 138.479033
3.181143 138.322619
3.181143 138.166205
11.627485 138.009792
11.940313 137.853378
12.096726 137.696964
12.409554 137.540550
12.878795 137.384137
13.191622 137.227723
13.035209 137.071309
13.817277 136.914895
13.973691 136.758482
13.660864 136.602068
13.817277 136.445654
14.286519 136.289240
3.181143 136.132827
14.912174 135.976413
15.225001 135.819999
15.225001 135.663585
15.850656 135.507172
16.163484 135.350758
16.007070 135.194344
16.632725 135.037930
16.632725 134.881517
16.945552 134.725103
17.414794 134.568689
17.571207 134.412275
17.571207 134.255862
18.040449 134.099448
18.040449 133.943034
18.666104 133.786620
18.822517 133.630207
18.822517 133.473793
18.978931 133.317379
19.448172 133.160965
19.604586 133.004552
19.761000 132.848138
20.230241 132.691724
19.448172 132.535310
20.230241 132.378897
20.230241 132.222483
20.855896 132.066069
21.012310 131.909655
21.012310 131.753242
22.420033 131.596828
22.420033 131.440414
22.420033 131.284000
22.889275 131.127587
22.732861 130.971173
23.202102 130.814759
23.045688 130.658345
23.045688 130.501932
23.671343 130.345518
23.514930 130.189104
23.514930 130.032690
24.296998 129.876277
24.766240 129.719863
25.079067 129.563449
24.609826 129.407035
25.235481 129.250622
25.235481 129.094208
25.548308 128.937794
25.704722 128.781381
25.861136 128.624967
25.861136 128.468553
26.486791 128.312139
26.956032 128.155726
27.268860 127.999312
27.112446 127.842898
27.581687 127.686484
27.425273 127.530071
27.581687 127.373657
27.425273 127.217243
28.363756 127.060829
28.520170 126.904416
