2.555488 258.448376
2.555488 258.291962
2.711902 258.135548
2.711902 257.979134
2.868315 257.822721
2.711902 257.666307
2.868315 257.509893
2.711902 257.353479
2.399074 257.197066
2.555488 257.040652
2.555488 256.884238
2.868315 256.727824
2.555488 256.571411
2.868315 256.414997
2.555488 256.258583
2.555488 256.102169
2.555488 255.945756
2.711902 255.789342
2.711902 255.632928
2.711902 255.476514
2.711902 255.320101
2.711902 254.850859
2.711902 254.538032
2.711902 254.381618
1.929833 253.286722
1.773419 253.130308
1.617005 252.973895
1.617005 252.504653
1.773419 252.191826
1.773419 252.035412
1.773419 251.878998
2.086247 251.722585
1.929833 251.566171
1.929833 251.409757
2.086247 251.253343
3.493970 251.096930
3.181143 250.940516
3.337557 250.784102
3.650384 250.627688
3.806798 250.471275
3.806798 250.314861
3.806798 250.158447
3.337557 250.002033
4.119625 249.845620
3.963211 249.689206
3.806798 249.532792
3.963211 249.376378
3.806798 249.219965
3.650384 249.063551
3.493970 248.907137
3.806798 248.750723
3.806798 248.594310
3.963211 248.437896
3.493970 248.281482
2.399074 248.125068
2.242660 247.968655
1.929833 247.812241
2.399074 247.655827
2.242660 247.499413
3.963211 247.343000
2.399074 247.186586
3.963211 247.030172
2.399074 246.873758
4.432453 246.717345
4.432453 246.560931
4.432453 246.404517
4.276039 246.248103
4.432453 246.091690
4.119625 245.935276
4.276039 245.778862
4.432453 245.622449
4.588866 245.466035
4.432453 245.309621
4.588866 245.153207
4.745280 244.996794
4.588866 244.840380
4.588866 244.683966
4.276039 244.527552
4.432453 244.371139
4.276039 244.214725
4.432453 244.058311
4.588866 243.901897
4.588866 243.745484
4.432453 243.589070
4.432453 243.432656
4.276039 243.276242
4.432453 243.119829
3.963211 242.963415
4.432453 242.807001
4.588866 242.650587
4.432453 242.494174
4.432453 242.337760
4.432453 242.181346
4.588866 242.024932
4.432453 241.868519
4.276039 241.712105
4.276039 241.555691
4.276039 241.399277
2.242660 241.242864
1.929833 241.086450
2.399074 240.930036
2.242660 240.773622
3.806798 240.617209
4.119625 240.460795
3.963211 240.304381
3.963211 240.147967
4.432453 239.991554
3.963211 239.835140
4.745280 239.678726
4.432453 239.522312
4.432453 239.365899
4.745280 239.209485
4.745280 239.053071
4.588866 238.896657
4.745280 238.740244
4.588866 238.583830
4.432453 238.427416
4.745280 238.271002
4.588866 238.114589
4.901694 237.958175
4.901694 237.801761
4.901694 237.645347
4.745280 237.488934
4.276039 237.332520
4.745280 237.176106
4.901694 237.019692
4.588866 236.863279
4.901694 236.706865
4.901694 236.550451
4.745280 236.394038
4.901694 236.237624
4.901694 236.081210
5.058108 235.924796
4.745280 235.768383
4.901694 235.611969
4.588866 235.455555
5.058108 235.299141
4.901694 235.142728
5.058108 234.986314
4.901694 234.829900
5.058108 234.673486
5.058108 234.517073
5.214521 234.360659
5.058108 234.204245
5.058108 234.047831
5.058108 233.891418
4.901694 233.735004
5.214521 233.578590
5.058108 233.422176
5.214521 233.265763
5.214521 233.109349
5.058108 232.952935
5.058108 232.796521
5.214521 232.640108
5.214521 232.483694
5.058108 232.327280
5.370935 232.170866
5.058108 232.014453
5.370935 231.858039
5.058108 231.701625
5.370935 231.545211
5.058108 231.388798
4.745280 231.232384
5.214521 231.075970
5.058108 230.919556
4.901694 230.763143
5.214521 230.606729
5.214521 230.450315
5.214521 230.293901
5.214521 230.137488
5.214521 229.981074
5.214521 229.824660
5.214521 229.668246
5.214521 229.511833
5.058108 229.355419
4.901694 229.199005
5.527349 229.042591
5.058108 228.886178
5.214521 228.729764
5.683763 228.573350
4.901694 228.416936
5.527349 228.260523
5.683763 228.104109
5.527349 227.947695
5.527349 227.791281
5.527349 227.634868
5.527349 227.478454
5.214521 227.322040
5.527349 227.165627
5.214521 227.009213
5.527349 226.852799
5.527349 226.696385
5.370935 226.539972
5.527349 226.383558
5.370935 226.227144
5.527349 226.070730
5.840176 225.914317
5.840176 225.757903
5.840176 225.601489
5.840176 225.445075
5.840176 225.288662
5.840176 225.132248
5.840176 224.975834
5.840176 224.819420
5.840176 224.663007
5.840176 224.506593
5.840176 224.350179
5.996590 224.193765
5.996590 224.037352
5.996590 223.880938
6.153004 223.724524
5.996590 223.568110
5.996590 223.411697
5.996590 223.255283
5.996590 223.098869
6.153004 222.942455
5.996590 222.786042
6.153004 222.629628
5.996590 222.473214
6.153004 222.316800
6.153004 222.160387
5.840176 222.003973
5.996590 221.847559
6.153004 221.691145
6.309418 221.534732
5.996590 221.378318
6.309418 221.221904
6.153004 221.065490
6.309418 220.909077
6.153004 220.752663
6.153004 220.596249
6.309418 220.439835
5.996590 220.283422
6.465831 220.127008
5.840176 219.970594
6.309418 219.814180
6.465831 219.657767
6.465831 219.501353
6.622245 219.344939
6.622245 219.188525
6.465831 219.032112
6.622245 218.875698
6.622245 218.719284
6.622245 218.562871
6.465831 218.406457
6.465831 218.250043
6.309418 218.093629
6.778659 217.937216
6.622245 217.780802
6.622245 217.624388
6.465831 217.467974
6.153004 217.311561
6.622245 217.155147
6.622245 216.998733
6.309418 216.842319
6.622245 216.685906
6.778659 216.529492
6.622245 216.373078
6.622245 216.216664
6.778659 216.060251
6.622245 215.903837
6.935073 215.747423
6.778659 215.591009
6.778659 215.434596
6.622245 215.278182
5.996590 215.121768
6.622245 214.965354
6.778659 214.808941
6.778659 214.652527
7.091486 214.496113
7.247900 214.339699
7.091486 214.183286
7.091486 214.026872
7.091486 213.870458
7.091486 213.714044
7.091486 213.557631
7.091486 213.401217
7.091486 213.244803
6.935073 213.088389
6.935073 212.931976
7.404314 212.775562
7.091486 212.619148
6.935073 212.462734
7.091486 212.306321
7.247900 212.149907
7.560728 211.993493
7.404314 211.837079
7.560728 211.680666
7.247900 211.524252
7.404314 211.367838
7.560728 211.211424
7.247900 211.055011
7.404314 210.898597
6.935073 210.742183
7.404314 210.585769
7.404314 210.429356
7.091486 210.272942
7.404314 210.116528
7.404314 209.960114
7.247900 209.803701
6.935073 209.647287
7.404314 209.490873
7.404314 209.334460
6.622245 209.178046
7.560728 209.021632
7.560728 208.865218
7.560728 208.708805
7.717141 208.552391
7.560728 208.395977
7.717141 208.239563
7.560728 208.083150
7.404314 207.926736
7.247900 207.770322
7.404314 207.613908
7.560728 207.457495
7.560728 207.301081
7.560728 207.144667
7.560728 206.988253
7.560728 206.831840
7.717141 206.675426
7.560728 206.519012
7.717141 206.362598
7.717141 206.206185
7.717141 206.049771
7.560728 205.893357
7.717141 205.736943
7.560728 205.580530
7.404314 205.424116
6.935073 205.267702
7.404314 205.111288
7.404314 204.954875
7.560728 204.798461
7.717141 204.642047
7.560728 204.485633
7.873555 204.329220
7.560728 204.172806
7.873555 204.016392
7.717141 203.859978
7.873555 203.703565
7.717141 203.547151
7.404314 203.390737
7.560728 203.234323
7.717141 203.077910
7.247900 202.921496
7.717141 202.765082
7.560728 202.608668
7.717141 202.452255
7.873555 202.295841
7.717141 202.139427
7.873555 201.983013
7.717141 201.826600
7.873555 201.670186
7.717141 201.513772
7.873555 201.357358
7.091486 201.200945
7.717141 201.044531
7.091486 200.888117
7.717141 200.731704
7.560728 200.575290
7.560728 200.418876
7.560728 200.262462
7.560728 200.106049
7.560728 199.949635
7.560728 199.793221
7.560728 199.636807
7.560728 199.480394
7.404314 199.323980
7.717141 199.167566
7.560728 199.011152
7.560728 198.854739
7.560728 198.698325
7.247900 198.541911
7.247900 198.385497
7.404314 198.229084
7.404314 198.072670
7.247900 197.916256
6.935073 197.759842
7.404314 197.603429
7.247900 197.447015
7.560728 197.290601
7.404314 197.134187
7.560728 196.977774
7.560728 196.821360
7.404314 196.664946
7.560728 196.508532
7.717141 196.352119
7.560728 196.195705
7.247900 196.039291
7.717141 195.882877
7.404314 195.726464
7.560728 195.570050
7.404314 195.413636
7.404314 195.257222
7.717141 195.100809
7.404314 194.944395
7.404314 194.787981
6.935073 194.631567
7.404314 194.475154
7.560728 194.318740
7.404314 194.162326
7.404314 194.005912
7.404314 193.849499
7.404314 193.693085
7.560728 193.536671
7.404314 193.380257
7.404314 193.223844
7.560728 193.067430
7.247900 192.911016
7.404314 192.754602
7.091486 192.598189
6.935073 192.441775
6.778659 192.285361
6.935073 192.128947
6.935073 191.972534
6.778659 191.816120
6.309418 191.659706
6.622245 191.503293
6.153004 191.346879
6.622245 191.190465
6.153004 191.034051
6.465831 190.877638
6.465831 190.721224
6.935073 190.564810
6.935073 190.408396
6.935073 190.251983
6.622245 190.095569
6.935073 189.939155
6.622245 189.782741
6.778659 189.626328
6.778659 189.469914
6.935073 189.313500
6.935073 189.157086
6.465831 189.000673
6.778659 188.844259
6.465831 188.687845
6.935073 188.531431
6.935073 188.375018
6.622245 188.218604
6.778659 188.062190
6.465831 187.905776
6.778659 187.749363
6.622245 187.592949
6.778659 187.436535
6.622245 187.280121
6.935073 187.123708
6.309418 186.967294
6.935073 186.810880
6.622245 186.654466
6.935073 186.498053
6.465831 186.341639
6.935073 186.185225
6.309418 186.028811
6.778659 185.872398
6.935073 185.715984
7.091486 185.559570
7.091486 185.403156
6.935073 185.246743
6.778659 185.090329
6.935073 184.933915
6.935073 184.777501
6.935073 184.621088
6.935073 184.464674
6.778659 184.308260
6.465831 184.151846
6.778659 183.995433
6.778659 183.839019
6.935073 183.682605
7.091486 183.526191
6.622245 183.369778
6.935073 183.213364
6.778659 183.056950
6.622245 182.900536
6.622245 182.744123
6.622245 182.587709
6.778659 182.431295
6.309418 182.274882
6.778659 182.118468
6.465831 181.962054
6.622245 181.805640
6.465831 181.649227
6.935073 181.492813
6.778659 181.336399
6.778659 181.179985
6.622245 181.023572
6.309418 180.867158
6.778659 180.710744
6.935073 180.554330
6.778659 180.397917
6.622245 180.241503
6.622245 180.085089
6.935073 179.928675
6.778659 179.772262
6.935073 179.615848
6.778659 179.459434
6.622245 179.303020
6.935073 179.146607
6.778659 178.990193
6.622245 178.833779
6.778659 178.677365
6.622245 178.520952
6.622245 178.364538
6.935073 178.208124
6.778659 178.051710
6.309418 177.895297
6.778659 177.738883
6.778659 177.582469
6.622245 177.426055
6.622245 177.269642
6.465831 177.113228
6.778659 176.956814
6.778659 176.800400
6.778659 176.643987
6.935073 176.487573
6.778659 176.331159
6.622245 176.174745
6.778659 176.018332
6.778659 175.861918
6.465831 175.705504
6.778659 175.549090
6.153004 175.392677
6.778659 175.236263
6.622245 175.079849
6.622245 174.923435
6.465831 174.767022
6.309418 174.610608
6.309418 174.454194
6.622245 174.297780
6.465831 174.141367
6.778659 173.984953
6.622245 173.828539
6.622245 173.672126
6.622245 173.515712
6.778659 173.359298
6.778659 173.202884
6.778659 173.046471
6.935073 172.890057
6.935073 172.733643
6.309418 172.577229
6.935073 172.420816
6.935073 172.264402
6.622245 172.107988
6.465831 171.951574
6.622245 171.795161
6.935073 171.638747
6.622245 171.482333
6.622245 171.325919
6.622245 171.169506
6.778659 171.013092
6.935073 170.856678
6.778659 170.700264
