40.407614 295.674847
40.720442 295.518433
40.564028 295.362020
40.876855 295.205606
40.876855 295.049192
40.876855 294.892778
40.876855 294.736365
40.407614 294.579951
40.564028 294.423537
40.407614 294.267123
40.564028 294.110710
40.564028 293.954296
40.564028 293.797882
40.720442 293.641468
40.876855 293.485055
40.720442 293.328641
40.564028 293.172227
40.407614 293.015813
40.720442 292.859400
40.251200 292.702986
40.564028 292.546572
40.720442 292.390158
40.564028 292.233745
40.720442 292.077331
40.720442 291.920917
40.720442 291.764503
40.564028 291.608090
40.407614 291.451676
40.094787 291.295262
40.564028 291.138848
40.720442 290.982435
40.720442 290.826021
40.876855 290.669607
40.720442 290.513193
40.564028 290.356780
40.564028 290.200366
40.094787 290.043952
39.781959 289.887539
40.564028 289.731125
41.189683 289.574711
40.876855 289.418297
40.876855 289.261884
40.564028 289.105470
40.407614 288.949056
40.720442 288.792642
40.407614 288.636229
40.876855 288.479815
40.564028 288.323401
40.720442 288.166987
40.876855 288.010574
40.720442 287.854160
40.564028 287.697746
40.720442 287.541332
40.720442 287.384919
40.876855 287.228505
40.876855 287.072091
40.720442 286.915677
40.876855 286.759264
40.876855 286.602850
40.720442 286.446436
40.251200 286.290022
41.033269 286.133609
40.251200 285.977195
40.876855 285.820781
40.720442 285.664367
40.564028 285.507954
40.407614 285.351540
40.251200 285.195126
40.720442 285.038712
40.407614 284.882299
40.564028 284.725885
40.720442 284.569471
40.564028 284.413057
40.564028 284.256644
40.407614 284.100230
40.720442 283.943816
40.094787 283.787402
40.876855 283.630989
40.564028 283.474575
40.720442 283.318161
40.251200 283.161747
40.407614 283.005334
40.564028 282.848920
40.720442 282.692506
40.564028 282.536092
40.407614 282.379679
40.720442 282.223265
40.876855 282.066851
40.720442 281.910437
40.876855 281.754024
40.720442 281.597610
40.720442 281.441196
40.720442 281.284783
40.564028 281.128369
40.407614 280.971955
40.564028 280.815541
40.407614 280.659128
40.407614 280.502714
40.407614 280.346300
40.407614 280.189886
40.876855 280.033473
40.564028 279.877059
40.720442 279.720645
40.407614 279.564231
3.337557 279.407818
3.337557 279.251404
3.337557 279.094990
3.181143 278.938576
3.181143 278.782163
3.024729 278.625749
3.337557 278.469335
3.337557 278.312921
3.337557 278.156508
3.024729 278.000094
3.024729 277.843680
3.493970 277.687266
3.493970 277.530853
3.493970 277.374439
3.024729 277.218025
3.337557 277.061611
3.181143 276.905198
2.868315 276.748784
3.024729 276.592370
3.181143 276.435956
3.337557 276.279543
3.337557 276.123129
3.024729 275.966715
3.181143 275.810301
3.181143 275.653888
3.337557 275.497474
3.337557 275.341060
3.181143 275.184646
2.555488 275.028233
1.617005 274.871819
1.617005 274.715405
1.773419 274.402578
1.773419 274.246164
1.617005 274.089750
1.773419 273.933336
6.622245 273.776923
6.935073 273.620509
6.778659 273.464095
6.935073 273.307681
2.086247 273.151268
1.617005 272.994854
1.617005 272.838440
1.617005 272.682026
1.929833 272.525613
1.617005 272.369199
2.086247 272.212785
7.404314 272.056372
7.560728 271.899958
7.560728 271.743544
7.873555 271.587130
1.929833 271.430717
7.560728 271.274303
7.873555 271.117889
7.560728 270.961475
7.873555 270.805062
7.873555 270.648648
7.873555 270.492234
8.186383 270.335820
8.186383 270.179407
7.873555 270.022993
8.029969 269.866579
7.873555 269.710165
7.873555 269.553752
8.342796 269.397338
7.873555 269.240924
7.873555 269.084510
7.404314 268.928097
7.873555 268.771683
8.029969 268.615269
7.873555 268.458855
8.186383 268.302442
8.342796 268.146028
7.873555 267.989614
8.029969 267.833200
7.717141 267.676787
8.029969 267.520373
7.873555 267.363959
8.186383 267.207545
8.186383 267.051132
8.186383 266.894718
8.186383 266.738304
7.873555 266.581890
8.029969 266.425477
8.342796 266.269063
8.186383 266.112649
8.029969 265.956235
8.029969 265.799822
8.029969 265.643408
7.717141 265.486994
8.029969 265.330580
7.717141 265.174167
8.186383 265.017753
7.717141 264.861339
7.873555 264.704925
7.404314 264.548512
7.717141 264.392098
8.029969 264.235684
7.560728 264.079270
7.873555 263.922857
8.029969 263.766443
8.029969 263.610029
8.029969 263.453616
7.873555 263.297202
8.029969 263.140788
7.717141 262.984374
8.186383 262.827961
8.029969 262.671547
7.873555 262.515133
7.873555 262.358719
7.560728 262.202306
7.717141 262.045892
8.029969 261.889478
7.404314 261.733064
8.186383 261.576651
8.342796 261.420237
8.186383 261.263823
8.029969 261.107409
8.342796 260.950996
7.717141 260.794582
7.873555 260.638168
8.029969 260.481754
7.873555 260.325341
8.186383 260.168927
8.029969 260.012513
8.186383 259.856099
7.873555 259.699686
8.029969 259.543272
8.029969 259.386858
7.873555 259.230444
7.873555 259.074031
7.560728 258.917617
8.186383 258.761203
8.029969 258.604789
8.186383 258.448376
7.873555 258.291962
7.873555 258.135548
7.873555 257.979134
8.186383 257.822721
7.247900 257.666307
8.029969 257.509893
7.873555 257.353479
8.029969 257.197066
8.029969 257.040652
7.560728 256.884238
7.873555 256.727824
8.029969 256.571411
8.029969 256.414997
8.029969 256.258583
7.873555 256.102169
7.560728 255.945756
8.186383 255.789342
8.186383 255.632928
7.873555 255.476514
8.029969 255.320101
7.560728 255.163687
8.029969 255.007273
7.873555 254.850859
8.186383 254.694446
8.186383 254.538032
8.186383 254.381618
8.029969 254.225205
7.873555 254.068791
7.873555 253.912377
8.029969 253.755963
8.186383 253.599550
8.186383 253.443136
8.342796 253.286722
7.873555 253.130308
8.342796 252.973895
8.029969 252.817481
8.342796 252.661067
8.186383 252.504653
7.717141 252.348240
7.873555 252.191826
7.560728 252.035412
8.029969 251.878998
8.029969 251.722585
7.560728 251.566171
8.342796 251.409757
8.186383 251.253343
8.186383 251.096930
8.029969 250.940516
7.873555 250.784102
8.029969 250.627688
7.873555 250.471275
7.717141 250.314861
8.029969 250.158447
8.186383 250.002033
8.186383 249.845620
8.186383 249.689206
7.873555 249.532792
8.029969 249.376378
8.029969 249.219965
8.186383 249.063551
8.342796 248.907137
8.342796 248.750723
8.186383 248.594310
7.717141 248.437896
8.186383 248.281482
8.186383 248.125068
8.186383 247.968655
8.342796 247.812241
8.029969 247.655827
8.186383 247.499413
7.873555 247.343000
7.873555 247.186586
8.029969 247.030172
8.342796 246.873758
7.873555 246.717345
8.186383 246.560931
8.029969 246.404517
7.873555 246.248103
8.029969 246.091690
8.029969 245.935276
8.186383 245.778862
8.342796 245.622449
8.186383 245.466035
8.499210 245.309621
8.342796 245.153207
8.186383 244.996794
8.342796 244.840380
7.873555 244.683966
8.342796 244.527552
8.342796 244.371139
8.186383 244.214725
8.029969 244.058311
8.029969 243.901897
7.873555 243.745484
8.029969 243.589070
8.186383 243.432656
8.186383 243.276242
8.029969 243.119829
7.873555 242.963415
7.560728 242.807001
8.029969 242.650587
7.717141 242.494174
8.029969 242.337760
8.186383 242.181346
8.186383 242.024932
8.342796 241.868519
8.186383 241.712105
8.029969 241.555691
7.560728 241.399277
8.029969 241.242864
8.029969 241.086450
8.029969 240.930036
8.029969 240.773622
8.029969 240.617209
8.029969 240.460795
8.342796 240.304381
8.186383 240.147967
8.186383 239.991554
8.186383 239.835140
7.873555 239.678726
7.873555 239.522312
8.186383 239.365899
8.342796 239.209485
8.186383 239.053071
8.029969 238.896657
7.873555 238.740244
2.242660 238.583830
8.186383 238.427416
7.717141 238.271002
8.186383 238.114589
7.560728 237.958175
8.186383 237.801761
8.186383 237.645347
8.029969 237.488934
8.029969 237.332520
8.342796 237.176106
8.342796 237.019692
8.186383 236.863279
8.186383 236.706865
8.029969 236.550451
8.342796 236.394038
7.873555 236.237624
8.186383 236.081210
8.029969 235.924796
7.873555 235.768383
8.342796 235.611969
8.029969 235.455555
8.029969 235.299141
8.186383 235.142728
8.342796 234.986314
8.342796 234.829900
8.342796 234.673486
8.186383 234.517073
8.499210 234.360659
8.186383 234.204245
8.342796 234.047831
8.499210 233.891418
8.029969 233.735004
8.499210 233.578590
8.342796 233.422176
8.029969 233.265763
8.342796 233.109349
8.499210 232.952935
8.342796 232.796521
8.655624 232.640108
8.499210 232.483694
8.655624 232.327280
8.499210 232.170866
8.655624 232.014453
8.499210 231.858039
8.499210 231.701625
8.499210 231.545211
8.342796 231.388798
8.499210 231.232384
7.873555 231.075970
8.186383 230.919556
8.342796 230.763143
8.812038 230.606729
8.812038 230.450315
8.655624 230.293901
8.968451 230.137488
8.812038 229.981074
8.499210 229.824660
8.499210 229.668246
8.655624 229.511833
8.499210 229.355419
2.242660 229.199005
8.655624 229.042591
8.499210 228.886178
8.968451 228.729764
8.655624 228.573350
8.968451 228.416936
8.499210 228.260523
8.499210 228.104109
8.812038 227.947695
8.655624 227.791281
8.812038 227.634868
8.968451 227.478454
8.812038 227.322040
8.499210 227.165627
8.812038 227.009213
8.655624 226.852799
8.968451 226.696385
9.281279 226.539972
9.281279 226.383558
8.968451 226.227144
2.242660 226.070730
8.968451 225.914317
8.812038 225.757903
9.124865 225.601489
8.968451 225.445075
8.968451 225.288662
9.124865 225.132248
9.281279 224.975834
9.281279 224.819420
9.281279 224.663007
9.124865 224.506593
9.281279 224.350179
9.124865 224.193765
8.968451 224.037352
9.281279 223.880938
8.499210 223.724524
9.281279 223.568110
8.655624 223.411697
9.124865 223.255283
9.124865 223.098869
9.437693 222.942455
9.437693 222.786042
9.281279 222.629628
9.437693 222.473214
9.437693 222.316800
9.594106 222.160387
9.437693 222.003973
9.594106 221.847559
9.437693 221.691145
9.281279 221.534732
9.124865 221.378318
9.124865 221.221904
9.124865 221.065490
8.968451 220.909077
9.281279 220.752663
9.124865 220.596249
9.124865 220.439835
8.968451 220.283422
9.750520 220.127008
9.594106 219.970594
9.281279 219.814180
9.437693 219.657767
9.437693 219.501353
9.437693 219.344939
9.594106 219.188525
9.437693 219.032112
9.281279 218.875698
9.437693 218.719284
9.750520 218.562871
9.594106 218.406457
9.594106 218.250043
9.750520 218.093629
9.594106 217.937216
9.437693 217.780802
9.437693 217.624388
9.594106 217.467974
9.281279 217.311561
9.594106 217.155147
9.594106 216.998733
9.594106 216.842319
9.594106 216.685906
9.906934 216.529492
2.399074 216.373078
9.750520 216.216664
9.281279 216.060251
9.124865 215.903837
9.594106 215.747423
9.594106 215.591009
9.437693 215.434596
9.750520 215.278182
9.750520 215.121768
9.594106 214.965354
9.594106 214.808941
9.437693 214.652527
9.437693 214.496113
9.906934 214.339699
9.906934 214.183286
9.750520 214.026872
9.594106 213.870458
9.750520 213.714044
9.906934 213.557631
9.750520 213.401217
9.594106 213.244803
9.906934 213.088389
9.594106 212.931976
9.750520 212.775562
9.750520 212.619148
10.063348 212.462734
9.906934 212.306321
9.750520 212.149907
9.750520 211.993493
9.594106 211.837079
9.594106 211.680666
9.594106 211.524252
9.594106 211.367838
9.437693 211.211424
9.750520 211.055011
9.437693 210.898597
9.594106 210.742183
9.906934 210.585769
9.906934 210.429356
9.750520 210.272942
10.063348 210.116528
10.063348 209.960114
9.906934 209.803701
9.594106 209.647287
9.906934 209.490873
9.906934 209.334460
9.750520 209.178046
9.437693 209.021632
9.437693 208.865218
9.906934 208.708805
9.906934 208.552391
9.906934 208.395977
9.906934 208.239563
9.906934 208.083150
9.437693 207.926736
9.750520 207.770322
9.750520 207.613908
9.906934 207.457495
8.968451 207.301081
9.750520 207.144667
9.437693 206.988253
9.437693 206.831840
9.750520 206.675426
9.750520 206.519012
9.437693 206.362598
9.594106 206.206185
9.750520 206.049771
9.594106 205.893357
9.437693 205.736943
9.594106 205.580530
9.281279 205.424116
8.968451 205.267702
9.281279 205.111288
9.750520 204.954875
9.437693 204.798461
9.750520 204.642047
9.594106 204.485633
9.750520 204.329220
9.437693 204.172806
9.437693 204.016392
9.437693 203.859978
9.594106 203.703565
9.437693 203.547151
9.594106 203.390737
9.594106 203.234323
9.437693 203.077910
9.281279 202.921496
9.437693 202.765082
8.968451 202.608668
9.437693 202.452255
9.124865 202.295841
9.124865 202.139427
9.281279 201.983013
9.281279 201.826600
8.812038 201.670186
9.281279 201.513772
9.437693 201.357358
8.655624 201.200945
9.124865 201.044531
9.281279 200.888117
8.968451 200.731704
9.124865 200.575290
8.968451 200.418876
8.968451 200.262462
8.655624 200.106049
8.655624 199.949635
8.812038 199.793221
8.655624 199.636807
8.812038 199.480394
8.499210 199.323980
8.342796 199.167566
8.342796 199.011152
8.968451 198.854739
8.968451 198.698325
8.968451 198.541911
8.968451 198.385497
9.124865 198.229084
8.968451 198.072670
8.655624 197.916256
8.655624 197.759842
8.812038 197.603429
8.655624 197.447015
8.342796 197.290601
8.186383 197.134187
8.655624 196.977774
1.929833 196.821360
1.617005 196.664946
1.929833 196.508532
2.242660 196.352119
2.242660 196.195705
2.242660 196.039291
1.929833 195.882877
2.086247 195.726464
2.086247 195.570050
1.929833 195.413636
2.242660 195.257222
2.242660 195.100809
2.086247 194.944395
2.086247 194.787981
1.929833 194.631567
2.399074 194.475154
2.242660 194.318740
2.242660 194.162326
1.617005 193.380257
1.617005 192.598189
1.617005 192.441775
1.929833 192.285361
2.086247 192.128947
1.617005 191.972534
1.617005 188.375018
1.773419 188.218604
1.929833 188.062190
1.929833 187.905776
1.617005 187.749363
1.773419 187.436535
1.617005 187.280121
1.617005 187.123708
1.617005 186.967294
1.617005 186.654466
1.929833 186.498053
1.617005 186.341639
1.617005 186.185225
1.617005 186.028811
1.929833 185.872398
1.617005 185.559570
1.617005 185.246743
1.617005 181.179985
2.086247 181.023572
1.929833 180.867158
1.617005 180.710744
1.617005 176.956814
1.617005 174.297780
1.617005 174.141367
1.617005 173.984953
1.773419 173.828539
1.617005 173.672126
1.773419 172.420816
1.617005 172.264402
1.617005 171.013092
1.617005 170.856678
1.773419 170.700264
1.929833 170.543851
6.622245 170.387437
6.778659 170.231023
6.935073 170.074609
6.622245 169.918196
6.778659 169.761782
7.091486 169.605368
7.091486 169.448954
7.560728 169.292541
8.655624 169.136127
9.594106 168.979713
11.627485 168.823299
11.940313 168.666886
13.348036 168.510472
14.130105 168.354058
14.755760 168.197644
15.850656 168.041231
15.850656 167.884817
17.101966 167.728403
17.884035 167.571989
18.040449 167.415576
18.666104 167.259162
21.950792 167.102748
22.107206 166.946334
22.576447 166.789921
23.984171 166.633507
24.766240 166.477093
25.391895 166.320679
25.861136 166.164266
27.738101 166.007852
27.894515 165.851438
28.520170 165.695024
30.709962 165.538611
31.492031 165.382197
32.586927 165.225783
33.368996 165.069369
34.620306 164.912956
35.089547 164.756542
36.340857 164.600128
37.279339 164.443715
38.061408 164.287301
38.530649 164.130887
39.156304 163.974473
39.469132 163.818060
40.094787 163.661646
39.469132 163.505232
40.094787 163.348818
40.407614 163.192405
40.720442 163.035991
40.564028 162.879577
40.720442 162.723163
40.564028 162.566750
41.033269 162.410336
40.720442 162.253922
40.251200 162.097508
40.720442 161.941095
40.720442 161.784681
40.720442 161.628267
40.720442 161.471853
40.407614 161.315440
40.876855 161.159026
40.407614 161.002612
40.720442 160.846198
40.876855 160.689785
41.189683 160.533371
41.502510 160.376957
41.971752 160.220543
41.815338 160.064130
41.346097 159.907716
41.189683 159.751302
41.189683 159.594888
41.033269 159.438475
41.346097 159.282061
41.189683 159.125647
41.033269 158.969233
41.033269 158.812820
40.407614 158.656406
40.407614 158.499992
40.251200 158.343578
40.564028 158.187165
40.407614 158.030751
40.251200 157.874337
40.564028 157.717923
40.564028 157.561510
40.720442 157.405096
40.720442 157.248682
41.033269 157.092268
41.033269 156.935855
40.876855 156.779441
41.033269 156.623027
40.720442 156.466613
40.564028 156.310200
40.094787 156.153786
39.938373 155.997372
3.650384 155.840959
133.160965 155.684545
133.473793 155.528131
132.691724 155.371717
2.242660 155.215304
2.086247 155.058890
1.773419 154.902476
2.086247 154.746062
2.399074 154.589649
2.555488 154.433235
2.555488 154.276821
2.555488 154.120407
2.242660 153.963994
1.929833 153.807580
2.086247 153.651166
1.929833 153.494752
2.399074 153.338339
1.929833 153.181925
1.617005 153.025511
1.929833 152.712684
2.086247 152.556270
1.617005 152.399856
2.399074 152.243442
1.617005 152.087029
2.086247 151.148546
2.399074 150.992132
2.086247 150.835719
2.868315 150.679305
2.868315 150.522891
3.181143 150.366477
3.493970 150.210064
3.650384 150.053650
3.963211 149.897236
3.337557 149.740822
3.806798 149.584409
3.963211 149.427995
3.963211 149.271581
3.806798 149.115167
4.745280 148.958754
4.588866 148.802340
3.650384 148.645926
3.963211 148.489512
3.963211 148.333099
4.276039 148.176685
4.745280 148.020271
5.214521 147.863857
5.370935 147.707444
5.527349 147.551030
9.437693 147.394616
9.281279 147.238202
9.437693 147.081789
10.063348 146.925375
10.532589 146.768961
10.532589 146.612548
10.219761 146.456134
10.219761 146.299720
10.376175 146.143306
10.219761 145.986893
10.219761 145.830479
10.376175 145.674065
10.532589 145.517651
11.001830 145.361238
10.376175 145.204824
10.219761 145.048410
11.001830 144.891996
10.219761 144.735583
10.219761 144.579169
10.063348 144.422755
10.063348 144.266341
9.124865 144.109928
8.968451 143.953514
102.191044 143.797100
8.342796 143.640686
101.096148 143.484273
101.721803 143.327859
102.347457 143.171445
101.408975 143.015031
102.503871 142.858618
101.565389 142.702204
100.783320 142.545790
8.342796 142.389376
6.778659 142.232963
8.029969 142.076549
8.029969 141.920135
8.029969 141.763721
8.342796 141.607308
8.342796 141.450894
8.655624 141.294480
8.499210 141.138066
8.812038 140.981653
8.655624 140.825239
8.968451 140.668825
9.437693 140.512411
9.281279 140.355998
9.124865 140.199584
9.906934 140.043170
9.906934 139.886756
10.376175 139.730343
10.063348 139.573929
10.376175 139.417515
10.845416 139.261101
11.001830 139.104688
11.314658 138.948274
10.689003 138.791860
11.783899 138.635446
11.783899 138.479033
11.940313 138.322619
12.409554 138.166205
12.722381 138.009792
13.035209 137.853378
13.191622 137.696964
13.504450 137.540550
13.660864 137.384137
13.817277 137.227723
14.130105 137.071309
14.599346 136.914895
14.755760 136.758482
15.068587 136.602068
15.537829 136.445654
15.225001 136.289240
15.537829 136.132827
15.537829 135.976413
15.694242 135.819999
16.476311 135.663585
16.476311 135.507172
16.632725 135.350758
16.945552 135.194344
17.258380 135.037930
17.884035 134.881517
17.727621 134.725103
18.040449 134.568689
18.509690 134.412275
18.666104 134.255862
18.978931 134.099448
19.135345 133.943034
18.978931 133.786620
19.761000 133.630207
19.761000 133.473793
20.230241 133.317379
20.543069 133.160965
20.543069 133.004552
20.855896 132.848138
20.699482 132.691724
21.168724 132.535310
21.325137 132.378897
21.325137 132.222483
22.732861 132.066069
22.889275 131.909655
23.045688 131.753242
23.045688 131.596828
22.889275 131.440414
23.202102 131.284000
23.358516 131.127587
23.827757 130.971173
24.140585 130.814759
24.296998 130.658345
24.609826 130.501932
24.766240 130.345518
24.140585 130.189104
24.766240 130.032690
24.922653 129.876277
25.391895 129.719863
25.548308 129.563449
25.704722 129.407035
26.017550 129.250622
26.173963 129.094208
26.173963 128.937794
26.799618 128.781381
26.956032 128.624967
27.112446 128.468553
27.268860 128.312139
27.268860 128.155726
27.894515 127.999312
28.363756 127.842898
28.207342 127.686484
28.676583 127.530071
28.050928 127.373657
28.989411 127.217243
29.145825 127.060829
29.145825 126.904416
