40.094787 295.674847
40.094787 295.518433
40.407614 295.362020
39.938373 295.205606
40.407614 295.049192
40.407614 294.892778
40.407614 294.736365
40.564028 294.579951
40.564028 294.423537
40.564028 294.267123
40.251200 294.110710
40.251200 293.954296
40.564028 293.797882
40.564028 293.641468
40.094787 293.485055
40.251200 293.328641
40.407614 293.172227
40.564028 293.015813
39.625545 292.859400
40.407614 292.702986
39.625545 292.546572
40.720442 292.390158
40.720442 292.233745
40.876855 292.077331
40.564028 291.920917
40.251200 291.764503
39.625545 291.608090
40.407614 291.451676
40.564028 291.295262
40.564028 291.138848
40.407614 290.982435
40.407614 290.826021
40.407614 290.669607
40.876855 290.513193
40.876855 290.356780
40.407614 290.200366
40.720442 290.043952
40.876855 289.887539
40.564028 289.731125
40.407614 289.574711
40.720442 289.418297
40.564028 289.261884
40.407614 289.105470
40.251200 288.949056
40.407614 288.792642
40.564028 288.636229
40.251200 288.479815
40.564028 288.323401
40.407614 288.166987
40.720442 288.010574
40.564028 287.854160
40.094787 287.697746
40.564028 287.541332
40.251200 287.384919
40.564028 287.228505
40.720442 287.072091
40.720442 286.915677
40.720442 286.759264
40.720442 286.602850
40.564028 286.446436
40.720442 286.290022
40.720442 286.133609
40.720442 285.977195
40.564028 285.820781
40.720442 285.664367
40.564028 285.507954
40.251200 285.351540
40.094787 285.195126
40.407614 285.038712
40.564028 284.882299
40.720442 284.725885
40.407614 284.569471
40.407614 284.413057
40.720442 284.256644
40.564028 284.100230
40.720442 283.943816
40.564028 283.787402
40.720442 283.630989
40.407614 283.474575
40.564028 283.318161
40.564028 283.161747
40.564028 283.005334
40.094787 282.848920
40.720442 282.692506
40.407614 282.536092
40.564028 282.379679
40.251200 282.223265
40.407614 282.066851
40.407614 281.910437
40.720442 281.754024
40.407614 281.597610
40.564028 281.441196
40.720442 281.284783
40.407614 281.128369
40.564028 280.971955
40.564028 280.815541
40.564028 280.659128
40.564028 280.502714
40.564028 280.346300
40.720442 280.189886
40.407614 280.033473
40.720442 279.877059
40.407614 279.720645
40.407614 279.564231
40.720442 279.407818
40.564028 279.251404
40.564028 279.094990
40.564028 278.938576
40.251200 278.782163
40.407614 278.625749
40.251200 278.469335
40.407614 278.312921
40.251200 278.156508
40.564028 278.000094
40.564028 277.843680
40.094787 277.687266
40.094787 277.530853
40.564028 277.374439
40.407614 277.218025
40.407614 277.061611
40.407614 276.905198
40.407614 276.748784
40.564028 276.592370
40.407614 276.435956
40.564028 276.279543
40.720442 276.123129
40.251200 275.966715
40.720442 275.810301
40.720442 275.653888
40.564028 275.497474
40.564028 275.341060
39.938373 275.184646
40.094787 275.028233
40.564028 274.871819
40.720442 274.715405
40.407614 274.558991
40.720442 274.402578
40.407614 274.246164
40.564028 274.089750
40.564028 273.933336
40.407614 273.776923
40.564028 273.620509
40.251200 273.464095
40.251200 273.307681
40.564028 273.151268
40.251200 272.994854
39.938373 272.838440
39.625545 272.682026
2.242660 272.525613
2.242660 272.369199
2.086247 272.212785
2.399074 272.056372
2.399074 271.899958
2.399074 271.743544
2.399074 271.587130
2.399074 271.430717
2.399074 271.274303
2.399074 271.117889
2.399074 270.961475
39.469132 270.805062
39.312718 270.648648
37.592167 270.492234
38.061408 270.335820
37.748581 270.179407
38.061408 270.022993
1.929833 269.866579
38.061408 269.710165
38.217822 269.553752
2.086247 269.397338
38.217822 269.240924
2.086247 269.084510
38.061408 268.928097
38.217822 268.771683
38.061408 268.615269
38.061408 268.458855
37.904994 268.302442
38.217822 268.146028
38.061408 267.989614
38.374236 267.833200
37.904994 267.676787
1.773419 267.520373
38.217822 267.363959
38.061408 267.207545
1.929833 267.051132
2.086247 266.894718
39.469132 266.738304
39.312718 266.581890
39.312718 266.425477
39.625545 266.269063
39.469132 266.112649
38.999891 265.956235
39.312718 265.799822
39.312718 265.643408
38.217822 265.486994
38.530649 265.330580
38.530649 265.174167
38.061408 265.017753
38.530649 264.861339
38.530649 264.704925
38.217822 264.548512
38.687063 264.392098
38.530649 264.235684
38.843477 264.079270
38.374236 263.922857
38.374236 263.766443
38.061408 263.610029
1.773419 263.453616
3.024729 263.297202
3.024729 263.140788
3.024729 262.984374
2.711902 262.827961
2.868315 262.671547
2.868315 262.515133
2.868315 262.358719
2.868315 262.202306
2.555488 262.045892
2.555488 261.889478
2.868315 261.733064
3.024729 261.576651
3.024729 261.420237
2.711902 261.263823
2.868315 261.107409
2.086247 260.950996
2.399074 260.794582
2.711902 260.638168
2.555488 260.481754
2.399074 260.325341
2.399074 260.168927
2.555488 260.012513
2.868315 259.856099
2.399074 259.699686
2.555488 259.543272
2.555488 259.386858
2.399074 259.230444
2.555488 259.074031
2.242660 258.917617
2.399074 258.761203
2.399074 258.604789
2.399074 258.448376
2.868315 258.291962
2.868315 258.135548
2.868315 257.979134
2.086247 257.822721
2.399074 257.666307
2.711902 257.509893
2.555488 257.353479
2.711902 257.197066
2.399074 257.040652
2.555488 256.884238
2.242660 256.727824
2.711902 256.571411
2.555488 256.414997
2.555488 256.258583
2.711902 256.102169
2.242660 255.945756
2.555488 255.789342
2.711902 255.632928
2.399074 255.476514
1.929833 255.320101
2.399074 255.163687
2.555488 255.007273
2.711902 254.850859
2.555488 254.694446
2.555488 254.538032
2.555488 254.381618
2.242660 254.225205
2.399074 254.068791
2.242660 253.912377
2.242660 253.755963
2.242660 253.599550
2.711902 253.443136
2.555488 253.286722
2.399074 253.130308
2.555488 252.973895
2.399074 252.817481
2.555488 252.661067
2.399074 252.504653
2.711902 252.348240
2.555488 252.191826
2.555488 252.035412
2.399074 251.878998
2.242660 251.722585
2.399074 251.566171
2.399074 251.409757
2.555488 251.253343
2.086247 251.096930
2.555488 250.940516
2.399074 250.784102
2.555488 250.627688
2.711902 250.471275
2.399074 250.314861
2.555488 250.158447
2.711902 250.002033
2.711902 249.845620
2.399074 249.689206
2.555488 249.532792
2.399074 249.376378
2.555488 249.219965
2.399074 249.063551
2.555488 248.907137
2.399074 248.750723
2.555488 248.594310
2.399074 248.437896
2.555488 248.281482
2.711902 248.125068
2.555488 247.968655
2.711902 247.812241
2.555488 247.655827
2.242660 247.499413
2.555488 247.343000
2.555488 247.186586
2.399074 247.030172
2.555488 246.873758
2.399074 246.717345
2.242660 246.560931
2.399074 246.404517
2.555488 246.248103
2.399074 246.091690
2.555488 245.935276
2.711902 245.778862
2.711902 245.622449
2.711902 245.466035
2.555488 245.309621
2.711902 245.153207
2.711902 244.996794
2.711902 244.840380
2.711902 244.683966
2.555488 244.527552
2.399074 244.371139
2.242660 244.214725
2.555488 244.058311
2.711902 243.901897
2.711902 243.745484
2.399074 243.589070
2.711902 243.432656
2.711902 243.276242
2.711902 243.119829
2.555488 242.963415
2.555488 242.807001
2.711902 242.650587
2.555488 242.494174
2.711902 242.337760
2.711902 242.181346
2.711902 242.024932
2.868315 241.868519
2.555488 241.712105
2.242660 241.555691
2.711902 241.399277
2.086247 241.242864
2.868315 241.086450
2.711902 240.930036
2.868315 240.773622
2.868315 240.617209
2.868315 240.460795
3.024729 240.304381
3.024729 240.147967
2.868315 239.991554
2.711902 239.835140
2.711902 239.678726
2.868315 239.522312
2.399074 239.365899
3.024729 239.209485
3.024729 239.053071
3.024729 238.896657
3.024729 238.740244
3.181143 238.583830
3.024729 238.427416
3.181143 238.271002
3.337557 238.114589
3.181143 237.958175
2.868315 237.801761
3.024729 237.645347
2.086247 237.488934
2.086247 237.332520
2.242660 237.176106
2.399074 237.019692
3.181143 236.863279
3.181143 236.706865
3.181143 236.550451
3.493970 236.394038
3.337557 236.237624
3.493970 236.081210
3.493970 235.924796
3.337557 235.768383
3.181143 235.611969
3.181143 235.455555
3.024729 235.299141
3.024729 235.142728
3.650384 234.986314
3.337557 234.829900
3.493970 234.673486
3.806798 234.517073
3.963211 234.360659
3.806798 234.204245
3.650384 234.047831
3.963211 233.891418
4.119625 233.735004
3.806798 233.578590
4.119625 233.422176
3.806798 233.265763
4.276039 233.109349
4.276039 232.952935
3.963211 232.796521
4.119625 232.640108
2.399074 232.483694
3.963211 232.327280
3.963211 232.170866
4.119625 232.014453
4.276039 231.858039
3.963211 231.701625
4.119625 231.545211
4.119625 231.388798
4.119625 231.232384
4.276039 231.075970
4.119625 230.919556
4.432453 230.763143
4.432453 230.606729
3.963211 230.450315
4.276039 230.293901
4.276039 230.137488
4.119625 229.981074
4.432453 229.824660
4.276039 229.668246
4.276039 229.511833
4.276039 229.355419
4.745280 229.199005
4.745280 229.042591
4.432453 228.886178
4.432453 228.729764
4.119625 228.573350
4.432453 228.416936
4.276039 228.260523
4.276039 228.104109
4.432453 227.947695
4.119625 227.791281
4.432453 227.634868
4.276039 227.478454
4.745280 227.322040
4.432453 227.165627
4.901694 227.009213
4.901694 226.852799
4.588866 226.696385
4.588866 226.539972
4.901694 226.383558
4.745280 226.227144
4.901694 226.070730
4.745280 225.914317
4.901694 225.757903
4.901694 225.601489
4.901694 225.445075
5.214521 225.288662
5.214521 225.132248
4.745280 224.975834
4.745280 224.819420
5.058108 224.663007
5.058108 224.506593
5.058108 224.350179
4.901694 224.193765
5.058108 224.037352
5.058108 223.880938
4.901694 223.724524
5.370935 223.568110
5.058108 223.411697
5.058108 223.255283
5.370935 223.098869
5.370935 222.942455
5.214521 222.786042
5.214521 222.629628
5.214521 222.473214
5.527349 222.316800
5.527349 222.160387
5.370935 222.003973
5.370935 221.847559
5.370935 221.691145
5.683763 221.534732
5.683763 221.378318
5.527349 221.221904
5.527349 221.065490
5.527349 220.909077
5.527349 220.752663
5.683763 220.596249
5.370935 220.439835
5.527349 220.283422
5.840176 220.127008
5.840176 219.970594
5.996590 219.814180
5.840176 219.657767
6.153004 219.501353
5.996590 219.344939
6.153004 219.188525
5.683763 219.032112
5.840176 218.875698
5.840176 218.719284
5.840176 218.562871
5.996590 218.406457
5.996590 218.250043
6.153004 218.093629
6.153004 217.937216
6.153004 217.780802
6.153004 217.624388
6.153004 217.467974
6.153004 217.311561
6.153004 217.155147
6.153004 216.998733
6.153004 216.842319
6.153004 216.685906
6.153004 216.529492
6.309418 216.373078
5.840176 216.216664
6.309418 216.060251
6.153004 215.903837
6.309418 215.747423
6.309418 215.591009
5.996590 215.434596
5.996590 215.278182
6.309418 215.121768
6.153004 214.965354
6.153004 214.808941
6.309418 214.652527
6.309418 214.496113
6.778659 214.339699
6.465831 214.183286
6.465831 214.026872
6.778659 213.870458
6.935073 213.714044
6.778659 213.557631
6.465831 213.401217
6.622245 213.244803
6.622245 213.088389
6.309418 212.931976
6.465831 212.775562
6.778659 212.619148
2.242660 212.462734
6.935073 212.306321
6.778659 212.149907
6.935073 211.993493
6.935073 211.837079
7.091486 211.680666
7.091486 211.524252
6.935073 211.367838
6.935073 211.211424
7.091486 211.055011
6.778659 210.898597
7.091486 210.742183
6.778659 210.585769
7.091486 210.429356
6.935073 210.272942
7.091486 210.116528
6.935073 209.960114
6.935073 209.803701
6.778659 209.647287
6.778659 209.490873
7.247900 209.334460
7.247900 209.178046
7.247900 209.021632
7.091486 208.865218
7.247900 208.708805
7.091486 208.552391
6.935073 208.395977
7.404314 208.239563
7.404314 208.083150
6.935073 207.926736
7.247900 207.770322
7.404314 207.613908
6.935073 207.457495
7.404314 207.301081
7.247900 207.144667
7.091486 206.988253
7.091486 206.831840
7.404314 206.675426
7.560728 206.519012
7.404314 206.362598
7.404314 206.206185
7.560728 206.049771
7.404314 205.893357
7.560728 205.736943
7.560728 205.580530
7.560728 205.424116
7.560728 205.267702
7.404314 205.111288
7.404314 204.954875
7.404314 204.798461
7.873555 204.642047
7.560728 204.485633
7.717141 204.329220
7.717141 204.172806
7.560728 204.016392
7.717141 203.859978
7.717141 203.703565
7.717141 203.547151
7.091486 203.390737
7.560728 203.234323
7.247900 203.077910
7.560728 202.921496
7.404314 202.765082
7.560728 202.608668
7.717141 202.452255
7.873555 202.295841
7.404314 202.139427
7.873555 201.983013
7.717141 201.826600
7.873555 201.670186
7.717141 201.513772
2.242660 201.357358
7.404314 201.200945
7.717141 201.044531
7.873555 200.888117
8.029969 200.731704
7.873555 200.575290
7.560728 200.418876
7.873555 200.262462
7.873555 200.106049
7.717141 199.949635
7.873555 199.793221
7.873555 199.636807
8.029969 199.480394
7.717141 199.323980
7.873555 199.167566
7.560728 199.011152
7.873555 198.854739
7.873555 198.698325
7.404314 198.541911
7.873555 198.385497
7.560728 198.229084
7.873555 198.072670
7.404314 197.916256
7.717141 197.759842
7.717141 197.603429
7.873555 197.447015
7.404314 197.290601
7.560728 197.134187
7.873555 196.977774
7.717141 196.821360
7.247900 196.664946
7.717141 196.508532
8.029969 196.352119
7.873555 196.195705
7.873555 196.039291
8.029969 195.882877
7.873555 195.726464
7.560728 195.570050
7.717141 195.413636
7.717141 195.257222
8.029969 195.100809
7.404314 194.944395
7.560728 194.787981
7.717141 194.631567
8.029969 194.475154
7.873555 194.318740
7.873555 194.162326
8.029969 194.005912
8.029969 193.849499
7.717141 193.693085
7.560728 193.536671
7.873555 193.380257
7.717141 193.223844
8.029969 193.067430
7.873555 192.911016
7.717141 192.754602
7.560728 192.598189
7.091486 192.441775
7.560728 192.285361
7.247900 192.128947
7.717141 191.972534
8.186383 191.816120
8.342796 191.659706
7.873555 191.503293
7.873555 191.346879
8.029969 191.190465
7.560728 191.034051
7.717141 190.877638
7.717141 190.721224
7.717141 190.564810
7.873555 190.408396
7.560728 190.251983
7.873555 190.095569
7.717141 189.939155
7.873555 189.782741
8.186383 189.626328
7.873555 189.469914
8.029969 189.313500
7.873555 189.157086
7.717141 189.000673
7.873555 188.844259
7.717141 188.687845
7.560728 188.531431
2.242660 188.375018
2.242660 188.218604
1.929833 188.062190
1.773419 187.905776
1.617005 187.749363
1.929833 187.592949
1.617005 187.436535
7.560728 187.280121
7.404314 187.123708
7.404314 186.967294
1.929833 186.810880
1.929833 186.654466
1.773419 186.498053
1.617005 186.341639
6.622245 186.185225
7.091486 186.028811
6.622245 185.872398
7.091486 185.715984
6.935073 185.559570
6.465831 185.403156
6.465831 185.090329
1.617005 184.933915
1.617005 184.777501
1.617005 184.308260
1.617005 183.995433
1.773419 183.839019
1.617005 183.682605
1.773419 183.369778
1.617005 183.213364
1.773419 181.805640
1.617005 181.649227
7.091486 181.492813
6.935073 181.336399
1.773419 181.179985
1.773419 181.023572
1.929833 180.867158
1.617005 180.710744
1.617005 180.554330
1.617005 178.990193
1.617005 178.833779
1.617005 178.677365
1.617005 178.520952
1.617005 178.364538
1.617005 178.208124
1.617005 178.051710
1.617005 177.895297
1.773419 177.738883
1.617005 177.269642
1.617005 176.800400
1.773419 176.643987
1.773419 176.174745
1.929833 176.018332
1.617005 175.861918
1.773419 174.767022
6.935073 174.297780
1.617005 174.141367
1.617005 173.046471
1.617005 172.890057
2.086247 172.733643
1.929833 172.577229
1.773419 172.420816
1.617005 172.264402
1.773419 172.107988
1.929833 171.951574
6.935073 171.795161
1.617005 171.638747
7.247900 171.482333
7.247900 171.325919
7.091486 171.169506
6.778659 171.013092
7.404314 170.856678
7.091486 170.700264
7.247900 170.543851
7.247900 170.387437
7.247900 170.231023
7.560728 170.074609
7.091486 169.918196
7.404314 169.761782
7.091486 169.605368
7.560728 169.448954
7.404314 169.292541
12.409554 169.136127
14.286519 168.979713
14.442932 168.823299
16.945552 168.666886
17.101966 168.510472
18.040449 168.354058
19.761000 168.197644
21.481551 168.041231
21.325137 167.884817
22.420033 167.728403
23.827757 167.571989
24.609826 167.415576
26.643205 167.259162
28.207342 167.102748
28.363756 166.946334
29.615066 166.789921
30.709962 166.633507
31.804858 166.477093
32.899754 166.320679
33.994651 166.164266
35.245961 166.007852
35.402374 165.851438
36.340857 165.695024
38.061408 165.538611
38.374236 165.382197
39.156304 165.225783
38.999891 165.069369
39.156304 164.912956
39.312718 164.756542
39.312718 164.600128
39.469132 164.443715
39.781959 164.287301
39.625545 164.130887
39.469132 163.974473
39.312718 163.818060
39.625545 163.661646
39.469132 163.505232
39.156304 163.348818
39.625545 163.192405
39.625545 163.035991
39.781959 162.879577
39.625545 162.723163
39.781959 162.566750
39.938373 162.410336
39.781959 162.253922
40.094787 162.097508
40.094787 161.941095
39.938373 161.784681
40.564028 161.628267
39.781959 161.471853
39.781959 161.315440
40.094787 161.159026
40.251200 161.002612
40.094787 160.846198
40.094787 160.689785
39.625545 160.533371
39.625545 160.376957
39.156304 160.220543
38.999891 160.064130
38.999891 159.907716
38.999891 159.751302
38.999891 159.594888
38.843477 159.438475
38.687063 159.282061
38.999891 159.125647
39.156304 158.969233
39.156304 158.812820
39.312718 158.656406
39.469132 158.499992
39.781959 158.343578
39.781959 158.187165
39.469132 158.030751
39.625545 157.874337
39.312718 157.717923
39.469132 157.561510
38.999891 157.405096
38.530649 157.248682
1.929833 157.092268
1.773419 154.433235
2.086247 154.276821
1.773419 154.120407
2.086247 153.963994
1.929833 153.807580
2.399074 153.651166
1.617005 153.494752
1.617005 153.338339
1.773419 153.181925
100.001251 153.025511
99.532010 152.869097
100.314079 152.712684
100.314079 152.556270
100.157665 152.399856
100.314079 152.243442
2.868315 152.087029
2.868315 151.930615
3.181143 151.774201
100.626906 151.617787
3.024729 151.461374
100.626906 151.304960
2.711902 151.148546
3.024729 150.992132
3.181143 150.835719
3.181143 150.679305
3.337557 150.522891
3.024729 150.366477
3.181143 150.210064
3.181143 150.053650
2.242660 149.897236
3.181143 149.740822
3.024729 149.584409
3.024729 149.427995
3.181143 149.271581
3.493970 149.115167
6.935073 148.958754
3.337557 148.802340
7.247900 148.645926
7.560728 148.489512
7.560728 148.333099
7.560728 148.176685
7.717141 148.020271
7.247900 147.863857
7.247900 147.707444
7.560728 147.551030
7.091486 147.394616
7.091486 147.238202
7.247900 147.081789
7.091486 146.925375
7.091486 146.768961
7.404314 146.612548
7.404314 146.456134
7.404314 146.299720
10.532589 146.143306
7.404314 145.986893
10.219761 145.830479
10.063348 145.674065
10.376175 145.517651
10.063348 145.361238
10.063348 145.204824
9.750520 145.048410
9.906934 144.891996
9.906934 144.735583
8.812038 144.579169
8.968451 144.422755
3.650384 144.266341
3.181143 144.109928
2.868315 143.953514
2.242660 143.797100
6.465831 143.640686
6.778659 143.484273
3.963211 143.327859
4.119625 143.171445
98.593528 143.015031
98.749941 142.858618
99.219183 142.702204
99.062769 142.545790
99.844838 142.389376
99.688424 142.232963
100.001251 142.076549
100.314079 141.920135
100.470493 141.763721
6.935073 141.607308
7.091486 141.450894
7.247900 141.294480
7.560728 141.138066
7.717141 140.981653
8.186383 140.825239
8.186383 140.668825
8.499210 140.512411
8.186383 140.355998
8.968451 140.199584
8.968451 140.043170
9.281279 139.886756
9.750520 139.730343
9.750520 139.573929
9.906934 139.417515
10.219761 139.261101
10.376175 139.104688
10.689003 138.948274
10.689003 138.791860
11.001830 138.635446
11.001830 138.479033
11.471071 138.322619
11.783899 138.166205
11.940313 138.009792
12.096726 137.853378
12.409554 137.696964
12.565967 137.540550
12.253140 137.384137
13.660864 137.227723
13.348036 137.071309
13.973691 136.914895
14.286519 136.758482
14.442932 136.602068
14.599346 136.445654
14.442932 136.289240
15.225001 136.132827
15.537829 135.976413
15.537829 135.819999
15.694242 135.663585
15.850656 135.507172
15.850656 135.350758
16.632725 135.194344
16.476311 135.037930
16.945552 134.881517
16.789139 134.725103
17.258380 134.568689
17.571207 134.412275
18.040449 134.255862
18.353276 134.099448
18.666104 133.943034
18.666104 133.786620
18.666104 133.630207
18.978931 133.473793
18.822517 133.317379
19.291759 133.160965
19.604586 133.004552
19.604586 132.848138
20.386655 132.691724
19.761000 132.535310
20.699482 132.378897
20.855896 132.222483
21.325137 132.066069
21.325137 131.909655
22.107206 131.753242
22.576447 131.596828
22.420033 131.440414
22.889275 131.284000
23.045688 131.127587
22.732861 130.971173
23.045688 130.814759
23.045688 130.658345
23.514930 130.501932
23.671343 130.345518
23.827757 130.189104
23.984171 130.032690
24.609826 129.876277
24.922653 129.719863
25.079067 129.563449
25.235481 129.407035
25.079067 129.250622
25.548308 129.094208
25.704722 128.937794
26.017550 128.781381
26.173963 128.624967
26.017550 128.468553
26.799618 128.312139
27.112446 128.155726
27.268860 127.999312
27.425273 127.842898
27.268860 127.686484
27.738101 127.530071
28.050928 127.373657
28.050928 127.217243
28.363756 127.060829
28.832997 126.904416
