2.555488 90.772840
2.555488 90.616427
2.555488 90.460013
2.555488 90.303599
2.711902 90.147185
2.555488 89.990772
2.555488 89.834358
2.711902 89.677944
2.868315 89.521530
2.868315 89.365117
2.711902 89.208703
2.242660 89.052289
2.555488 88.895875
15.381415 88.739462
15.225001 88.583048
15.381415 88.426634
15.381415 88.270220
15.537829 88.113807
15.381415 87.957393
15.537829 87.800979
15.537829 87.644565
15.850656 87.488152
15.694242 87.331738
15.537829 87.175324
15.537829 87.018910
15.537829 86.862497
15.537829 86.706083
15.381415 86.549669
15.850656 86.393255
15.694242 86.236842
15.537829 86.080428
15.537829 85.924014
15.694242 85.767600
15.537829 85.611187
15.381415 85.454773
15.537829 85.298359
15.225001 85.141945
15.694242 84.985532
15.850656 84.829118
15.850656 84.672704
15.694242 84.516290
15.694242 84.359877
15.694242 84.203463
15.381415 84.047049
15.068587 83.890636
15.850656 83.734222
15.694242 83.577808
15.694242 83.421394
15.537829 83.264981
15.850656 83.108567
15.537829 82.952153
15.850656 82.795739
15.537829 82.639326
15.694242 82.482912
15.381415 82.326498
15.850656 82.170084
15.381415 82.013671
15.381415 81.857257
15.694242 81.700843
14.912174 81.544429
15.694242 81.388016
16.007070 81.231602
15.537829 81.075188
15.850656 80.918774
15.850656 80.762361
15.694242 80.605947
15.694242 80.449533
15.850656 80.293119
15.850656 80.136706
15.694242 79.980292
15.381415 79.823878
15.068587 79.667464
15.537829 79.511051
14.755760 79.354637
15.225001 79.198223
15.068587 79.041809
15.694242 78.885396
15.694242 78.728982
16.007070 78.572568
15.694242 78.416154
15.694242 78.259741
15.850656 78.103327
15.850656 77.946913
15.850656 77.790499
16.007070 77.634086
15.850656 77.477672
16.007070 77.321258
15.694242 77.164844
15.381415 77.008431
14.755760 76.852017
15.537829 76.695603
15.381415 76.539189
15.537829 76.382776
15.694242 76.226362
15.537829 76.069948
15.537829 75.913534
15.694242 75.757121
15.694242 75.600707
15.694242 75.444293
15.694242 75.287879
14.755760 75.131466
15.225001 74.975052
16.007070 74.818638
15.850656 74.662225
16.007070 74.505811
15.537829 74.349397
15.850656 74.192983
15.537829 74.036570
15.850656 73.880156
15.694242 73.723742
15.537829 73.567328
15.537829 73.410915
15.381415 73.254501
15.694242 73.098087
15.694242 72.941673
15.850656 72.785260
15.694242 72.628846
15.537829 72.472432
15.068587 72.316018
15.694242 72.159605
15.537829 72.003191
15.694242 71.846777
15.850656 71.690363
15.694242 71.533950
15.694242 71.377536
15.537829 71.221122
15.694242 71.064708
15.694242 70.908295
15.381415 70.751881
15.381415 70.595467
15.225001 70.439053
15.225001 70.282640
15.694242 70.126226
15.537829 69.969812
15.694242 69.813398
15.694242 69.656985
15.694242 69.500571
15.850656 69.344157
15.694242 69.187743
15.694242 69.031330
16.007070 68.874916
15.694242 68.718502
15.850656 68.562088
15.850656 68.405675
15.850656 68.249261
15.225001 68.092847
15.850656 67.936433
16.007070 67.780020
15.381415 67.623606
16.007070 67.467192
15.694242 67.310778
16.007070 67.154365
16.007070 66.997951
15.068587 66.841537
16.007070 66.685123
15.537829 66.528710
16.007070 66.372296
16.007070 66.215882
16.007070 66.059469
14.599346 65.903055
15.068587 65.746641
15.694242 65.590227
16.007070 65.433814
14.442932 65.277400
16.007070 65.120986
15.850656 64.964572
16.007070 64.808159
16.007070 64.651745
16.007070 64.495331
16.163484 64.338917
16.007070 64.182504
16.319897 64.026090
15.850656 63.869676
16.163484 63.713262
16.163484 63.556849
16.163484 63.400435
16.007070 63.244021
16.007070 63.087607
15.850656 62.931194
16.007070 62.774780
15.694242 62.618366
16.007070 62.461952
15.850656 62.305539
15.694242 62.149125
16.007070 61.992711
15.537829 61.836297
16.163484 61.679884
15.537829 61.523470
16.007070 61.367056
15.850656 61.210642
16.163484 61.054229
16.319897 60.897815
16.163484 60.741401
16.007070 60.584987
15.694242 60.428574
15.225001 60.272160
16.007070 60.115746
15.225001 59.959332
15.850656 59.802919
16.163484 59.646505
16.319897 59.490091
16.476311 59.333677
16.163484 59.177264
15.850656 59.020850
16.007070 58.864436
15.850656 58.708022
15.694242 58.551609
16.007070 58.395195
15.694242 58.238781
15.850656 58.082367
16.007070 57.925954
15.537829 57.769540
16.007070 57.613126
16.007070 57.456712
16.163484 57.300299
16.007070 57.143885
16.163484 56.987471
16.319897 56.831058
16.163484 56.674644
15.850656 56.518230
15.850656 56.361816
15.694242 56.205403
16.007070 56.048989
16.163484 55.892575
15.694242 55.736161
16.007070 55.579748
16.007070 55.423334
16.007070 55.266920
15.694242 55.110506
15.694242 54.954093
15.068587 54.797679
16.163484 54.641265
16.007070 54.484851
16.163484 54.328438
16.163484 54.172024
16.007070 54.015610
16.007070 53.859196
15.694242 53.702783
16.163484 53.546369
16.319897 53.389955
16.163484 53.233541
15.694242 53.077128
14.286519 52.920714
16.007070 52.764300
15.850656 52.607886
15.850656 52.451473
16.007070 52.295059
16.163484 52.138645
16.163484 51.982231
16.007070 51.825818
16.007070 51.669404
16.319897 51.512990
15.694242 51.356576
16.163484 51.200163
16.163484 51.043749
16.163484 50.887335
16.319897 50.730921
15.850656 50.574508
15.694242 50.418094
15.381415 50.261680
16.007070 50.105266
15.694242 49.948853
16.319897 49.792439
16.007070 49.636025
16.163484 49.479611
15.850656 49.323198
16.007070 49.166784
15.850656 49.010370
16.007070 48.853956
16.007070 48.697543
16.163484 48.541129
16.163484 48.384715
16.007070 48.228302
16.007070 48.071888
16.319897 47.915474
16.319897 47.759060
15.694242 47.602647
16.319897 47.446233
15.068587 47.289819
16.319897 47.133405
16.163484 46.976992
15.694242 46.820578
16.007070 46.664164
16.007070 46.507750
16.319897 46.351337
15.694242 46.194923
16.163484 46.038509
16.163484 45.882095
16.163484 45.725682
16.163484 45.569268
16.007070 45.412854
16.163484 45.256440
16.007070 45.100027
16.319897 44.943613
16.319897 44.787199
16.319897 44.630785
15.850656 44.474372
15.225001 44.317958
16.007070 44.161544
16.319897 44.005130
16.007070 43.848717
16.163484 43.692303
16.007070 43.535889
16.007070 43.379475
16.476311 43.223062
16.319897 43.066648
16.319897 42.910234
16.476311 42.753820
16.632725 42.597407
16.476311 42.440993
16.319897 42.284579
16.319897 42.128165
16.476311 41.971752
16.632725 41.815338
16.476311 41.658924
16.476311 41.502510
16.163484 41.346097
16.476311 41.189683
16.632725 41.033269
16.476311 40.876855
16.163484 40.720442
16.789139 40.564028
16.789139 40.407614
16.163484 40.251200
16.007070 40.094787
16.319897 39.938373
16.945552 39.781959
16.632725 39.625545
16.789139 39.469132
16.476311 39.312718
16.319897 39.156304
16.163484 38.999891
16.163484 38.843477
16.476311 38.687063
16.632725 38.530649
16.476311 38.374236
16.007070 38.217822
16.319897 38.061408
15.381415 37.904994
16.163484 37.748581
16.319897 37.592167
16.476311 37.435753
16.319897 37.279339
16.163484 37.122926
16.632725 36.966512
16.476311 36.810098
16.163484 36.653684
16.476311 36.497271
16.789139 36.340857
16.319897 36.184443
16.945552 36.028029
16.476311 35.871616
16.319897 35.715202
16.319897 35.558788
16.476311 35.402374
16.163484 35.245961
16.319897 35.089547
16.319897 34.933133
16.319897 34.776719
16.163484 34.620306
16.476311 34.463892
16.476311 34.307478
16.163484 34.151064
16.007070 33.994651
16.476311 33.838237
16.319897 33.681823
15.694242 33.525409
16.319897 33.368996
16.163484 33.212582
16.319897 33.056168
16.319897 32.899754
15.850656 32.743341
16.319897 32.586927
16.319897 32.430513
16.319897 32.274099
16.163484 32.117686
15.694242 31.961272
15.381415 31.804858
16.163484 31.648444
16.632725 31.492031
16.163484 31.335617
16.319897 31.179203
16.476311 31.022789
16.476311 30.866376
16.007070 30.709962
16.476311 30.553548
15.850656 30.397135
16.163484 30.240721
15.068587 30.084307
16.007070 29.927893
15.068587 29.771480
16.007070 29.615066
16.163484 29.458652
16.007070 29.302238
16.163484 29.145825
16.007070 28.989411
16.163484 28.832997
16.163484 28.676583
16.007070 28.520170
16.007070 28.363756
15.850656 28.207342
16.476311 28.050928
16.476311 27.894515
16.632725 27.738101
16.476311 27.581687
15.850656 27.425273
16.007070 27.268860
16.163484 27.112446
16.163484 26.956032
16.476311 26.799618
16.476311 26.643205
16.476311 26.486791
16.319897 26.330377
16.319897 26.173963
16.163484 26.017550
16.319897 25.861136
15.381415 25.704722
16.476311 25.548308
16.007070 25.391895
16.476311 25.235481
16.163484 25.079067
16.476311 24.922653
15.068587 24.766240
16.007070 24.609826
16.319897 24.453412
16.476311 24.296998
16.476311 24.140585
16.319897 23.984171
16.319897 23.827757
16.163484 23.671343
16.319897 23.514930
16.319897 23.358516
16.789139 23.202102
16.476311 23.045688
16.632725 22.889275
16.319897 22.732861
16.632725 22.576447
16.319897 22.420033
16.163484 22.263620
16.632725 22.107206
16.632725 21.950792
16.789139 21.794378
16.476311 21.637965
16.632725 21.481551
16.007070 21.325137
16.632725 21.168724
16.476311 21.012310
16.632725 20.855896
16.476311 20.699482
16.319897 20.543069
16.632725 20.386655
16.476311 20.230241
16.476311 20.073827
16.632725 19.917414
16.632725 19.761000
16.163484 19.604586
16.476311 19.448172
16.476311 19.291759
16.319897 19.135345
16.476311 18.978931
16.476311 18.822517
16.632725 18.666104
16.319897 18.509690
16.319897 18.353276
16.632725 18.196862
16.476311 18.040449
16.789139 17.884035
16.632725 17.727621
16.476311 17.571207
15.225001 17.414794
16.319897 17.258380
16.319897 17.101966
16.163484 16.945552
16.319897 16.789139
16.476311 16.632725
16.476311 16.476311
16.007070 16.319897
16.319897 16.163484
16.319897 16.007070
16.007070 15.850656
16.476311 15.694242
16.476311 15.537829
16.319897 15.381415
16.632725 15.225001
16.476311 15.068587
16.632725 14.912174
16.632725 14.755760
16.476311 14.599346
16.163484 14.442932
15.225001 14.286519
16.476311 14.130105
16.163484 13.973691
16.163484 13.817277
16.632725 13.660864
16.945552 13.504450
16.632725 13.348036
16.319897 13.191622
16.163484 13.035209
16.789139 12.878795
16.789139 12.722381
16.319897 12.565967
16.476311 12.409554
16.476311 12.253140
16.476311 12.096726
16.476311 11.940313
16.476311 11.783899
16.319897 11.627485
16.632725 11.471071
16.007070 11.314658
16.789139 11.158244
16.007070 11.001830
16.476311 10.845416
16.163484 10.689003
16.476311 10.532589
16.319897 10.376175
16.163484 10.219761
16.319897 10.063348
16.319897 9.906934
16.319897 9.750520
16.319897 9.594106
15.225001 9.437693
14.912174 9.281279
15.225001 9.124865
15.068587 8.968451
15.694242 8.812038
15.694242 8.655624
16.007070 8.499210
16.007070 8.342796
15.694242 8.186383
15.537829 8.029969
15.068587 7.873555
15.225001 7.717141
14.599346 7.560728
14.912174 7.404314
14.442932 7.247900
14.286519 7.091486
14.755760 6.935073
2.399074 6.778659
2.242660 6.622245
2.399074 6.465831
2.711902 6.309418
2.868315 6.153004
3.181143 5.996590
3.337557 5.840176
28.363756 5.683763
28.207342 5.527349
29.615066 5.370935
33.994651 5.214521
35.402374 5.058108
38.217822 4.901694
38.061408 4.745280
38.999891 4.588866
38.530649 4.432453
39.156304 4.276039
38.374236 4.119625
39.469132 3.963211
39.469132 3.806798
39.469132 3.650384
39.625545 3.493970
39.312718 3.337557
38.530649 3.181143
39.312718 3.024729
39.312718 2.868315
39.469132 2.711902
38.843477 2.555488
39.312718 2.399074
39.312718 2.242660
39.312718 2.086247
38.061408 1.929833
39.469132 1.773419
