2.555488 278.782163
2.399074 278.625749
2.711902 278.469335
2.711902 278.312921
2.711902 278.156508
2.711902 278.000094
2.711902 277.530853
2.711902 277.374439
2.555488 277.218025
2.711902 277.061611
2.555488 276.905198
2.242660 276.748784
1.929833 276.279543
2.399074 276.123129
2.711902 275.653888
2.399074 275.497474
2.555488 273.620509
2.555488 273.464095
2.711902 273.307681
2.711902 273.151268
2.242660 272.994854
2.711902 272.838440
2.555488 272.682026
2.399074 272.525613
2.555488 272.369199
2.399074 272.212785
2.399074 272.056372
2.555488 271.587130
2.868315 270.805062
1.773419 269.397338
1.617005 269.240924
1.617005 269.084510
1.773419 268.928097
1.617005 268.771683
1.929833 268.615269
3.963211 268.458855
1.617005 268.302442
4.276039 268.146028
3.806798 267.989614
4.119625 267.833200
1.617005 267.520373
1.617005 267.363959
4.119625 267.207545
3.963211 267.051132
4.119625 266.894718
1.773419 266.738304
1.929833 266.581890
1.773419 266.425477
1.929833 266.269063
1.617005 266.112649
1.617005 265.956235
4.119625 265.799822
1.617005 265.486994
1.773419 265.330580
1.773419 265.174167
1.773419 265.017753
1.617005 264.861339
2.086247 264.704925
1.929833 264.548512
1.773419 264.392098
1.617005 264.235684
1.929833 264.079270
1.617005 263.922857
2.086247 263.766443
1.617005 263.610029
2.086247 263.453616
2.086247 263.297202
4.588866 263.140788
4.119625 262.984374
4.745280 262.827961
4.588866 262.671547
4.119625 262.515133
4.432453 262.358719
4.276039 262.202306
4.432453 262.045892
4.432453 261.889478
4.588866 261.733064
4.276039 261.576651
4.276039 261.420237
4.432453 261.263823
4.432453 261.107409
4.588866 260.950996
4.432453 260.794582
4.276039 260.638168
4.276039 260.481754
4.119625 260.168927
1.617005 260.012513
2.086247 259.856099
4.432453 259.699686
1.929833 259.543272
2.242660 259.386858
2.086247 259.230444
1.617005 259.074031
2.399074 258.917617
2.086247 258.761203
4.588866 258.604789
2.086247 258.448376
4.432453 258.291962
4.276039 258.135548
4.432453 257.979134
2.086247 257.822721
4.588866 257.509893
1.617005 257.353479
4.432453 257.197066
4.432453 257.040652
2.399074 256.884238
4.588866 256.727824
4.588866 256.571411
4.276039 256.414997
4.432453 256.258583
4.432453 256.102169
4.276039 255.945756
4.432453 255.789342
2.086247 255.632928
4.432453 255.476514
1.617005 255.320101
2.086247 255.163687
4.588866 255.007273
4.432453 254.850859
4.588866 254.694446
4.745280 254.538032
4.901694 254.381618
4.745280 254.225205
4.901694 254.068791
4.745280 253.912377
4.745280 253.755963
4.588866 253.599550
4.588866 253.443136
4.745280 253.286722
4.745280 253.130308
4.745280 252.973895
4.901694 252.817481
4.745280 252.661067
4.745280 252.504653
4.901694 252.348240
4.745280 252.191826
4.745280 252.035412
4.901694 251.878998
5.058108 251.722585
4.901694 251.566171
2.399074 251.409757
2.242660 251.253343
5.058108 251.096930
5.214521 250.940516
5.214521 250.784102
5.058108 250.627688
5.214521 250.471275
5.058108 250.314861
5.214521 250.158447
5.214521 250.002033
5.214521 249.845620
5.058108 249.689206
5.214521 249.532792
5.058108 249.376378
5.214521 249.219965
5.214521 249.063551
5.214521 248.907137
5.214521 248.750723
5.214521 248.594310
5.058108 248.437896
5.370935 248.281482
5.370935 248.125068
5.370935 247.968655
5.058108 247.812241
5.370935 247.655827
5.370935 247.499413
5.527349 247.343000
4.901694 247.186586
5.370935 247.030172
5.683763 246.873758
5.214521 246.717345
5.527349 246.560931
5.370935 246.404517
5.214521 246.248103
5.683763 246.091690
5.370935 245.935276
5.527349 245.778862
5.683763 245.622449
5.370935 245.466035
5.527349 245.309621
5.840176 245.153207
5.370935 244.996794
5.370935 244.840380
5.527349 244.683966
5.527349 244.527552
5.683763 244.371139
5.840176 244.214725
5.840176 244.058311
5.527349 243.901897
5.527349 243.745484
5.370935 243.589070
5.840176 243.432656
5.683763 243.276242
5.996590 243.119829
5.840176 242.963415
5.683763 242.807001
5.996590 242.650587
6.153004 242.494174
5.840176 242.337760
6.153004 242.181346
6.153004 242.024932
6.309418 241.868519
6.153004 241.712105
6.153004 241.555691
6.153004 241.399277
6.465831 241.242864
6.153004 241.086450
5.996590 240.930036
6.309418 240.773622
6.465831 240.617209
6.465831 240.460795
5.840176 240.304381
6.622245 240.147967
6.778659 239.991554
6.622245 239.835140
6.778659 239.678726
6.622245 239.522312
6.935073 239.365899
6.622245 239.209485
6.778659 239.053071
6.778659 238.896657
6.778659 238.740244
6.622245 238.583830
6.778659 238.427416
6.935073 238.271002
6.935073 238.114589
6.935073 237.958175
7.091486 237.801761
6.935073 237.645347
7.091486 237.488934
6.935073 237.332520
6.935073 237.176106
7.091486 237.019692
6.778659 236.863279
6.778659 236.706865
6.935073 236.550451
7.091486 236.394038
6.935073 236.237624
6.778659 236.081210
6.778659 235.924796
6.778659 235.768383
6.778659 235.611969
7.091486 235.455555
6.778659 235.299141
6.935073 235.142728
6.935073 234.986314
6.622245 234.829900
6.935073 234.673486
7.091486 234.517073
6.935073 234.360659
7.247900 234.204245
7.247900 234.047831
7.247900 233.891418
7.091486 233.735004
7.404314 233.578590
6.778659 233.422176
7.247900 233.265763
6.935073 233.109349
7.404314 232.952935
7.091486 232.796521
7.247900 232.640108
7.247900 232.483694
7.247900 232.327280
7.247900 232.170866
7.247900 232.014453
7.560728 231.858039
7.404314 231.701625
7.091486 231.545211
7.560728 231.388798
7.404314 231.232384
6.935073 231.075970
7.404314 230.919556
7.247900 230.763143
7.404314 230.606729
7.717141 230.450315
7.717141 230.293901
7.404314 230.137488
7.560728 229.981074
7.873555 229.824660
7.560728 229.668246
7.717141 229.511833
7.717141 229.355419
7.717141 229.199005
7.560728 229.042591
7.717141 228.886178
7.560728 228.729764
7.560728 228.573350
7.873555 228.416936
7.873555 228.260523
7.873555 228.104109
8.029969 227.947695
7.873555 227.791281
7.873555 227.634868
7.873555 227.478454
7.873555 227.322040
7.873555 227.165627
8.186383 227.009213
8.186383 226.852799
8.186383 226.696385
8.186383 226.539972
8.186383 226.383558
8.029969 226.227144
8.029969 226.070730
8.342796 225.914317
8.186383 225.757903
8.186383 225.601489
8.029969 225.445075
8.186383 225.288662
8.186383 225.132248
8.029969 224.975834
8.342796 224.819420
8.342796 224.663007
8.342796 224.506593
8.342796 224.350179
8.029969 224.193765
8.342796 224.037352
8.499210 223.880938
8.499210 223.724524
8.499210 223.568110
8.342796 223.411697
8.655624 223.255283
8.812038 223.098869
8.812038 222.942455
8.655624 222.786042
8.812038 222.629628
8.812038 222.473214
8.812038 222.316800
8.812038 222.160387
8.655624 222.003973
8.812038 221.847559
8.812038 221.691145
8.655624 221.534732
8.812038 221.378318
8.499210 221.221904
8.812038 221.065490
8.812038 220.909077
8.812038 220.752663
8.812038 220.596249
8.968451 220.439835
8.812038 220.283422
8.655624 220.127008
8.968451 219.970594
8.968451 219.814180
8.499210 219.657767
8.968451 219.501353
8.968451 219.344939
8.968451 219.188525
8.812038 219.032112
8.968451 218.875698
8.968451 218.719284
9.124865 218.562871
8.812038 218.406457
9.124865 218.250043
8.812038 218.093629
8.342796 217.937216
8.968451 217.780802
9.124865 217.624388
9.124865 217.467974
9.124865 217.311561
8.968451 217.155147
9.124865 216.998733
8.968451 216.842319
9.124865 216.685906
9.124865 216.529492
9.124865 216.373078
8.968451 216.216664
9.124865 216.060251
9.281279 215.903837
9.437693 215.747423
8.812038 215.591009
9.124865 215.434596
9.124865 215.278182
9.437693 215.121768
9.281279 214.965354
8.968451 214.808941
9.281279 214.652527
9.124865 214.496113
9.124865 214.339699
8.655624 214.183286
9.281279 214.026872
9.437693 213.870458
9.124865 213.714044
9.437693 213.557631
9.281279 213.401217
9.437693 213.244803
9.437693 213.088389
9.437693 212.931976
9.281279 212.775562
9.594106 212.619148
9.594106 212.462734
9.594106 212.306321
9.594106 212.149907
9.437693 211.993493
9.437693 211.837079
9.594106 211.680666
9.281279 211.524252
9.437693 211.367838
9.750520 211.211424
9.750520 211.055011
9.437693 210.898597
9.594106 210.742183
9.750520 210.585769
9.750520 210.429356
9.750520 210.272942
9.750520 210.116528
9.750520 209.960114
9.750520 209.803701
9.750520 209.647287
9.750520 209.490873
9.594106 209.334460
9.750520 209.178046
9.750520 209.021632
9.750520 208.865218
9.437693 208.708805
9.750520 208.552391
9.437693 208.395977
9.750520 208.239563
9.750520 208.083150
9.750520 207.926736
9.750520 207.770322
9.594106 207.613908
9.750520 207.457495
9.437693 207.301081
9.906934 207.144667
9.750520 206.988253
9.750520 206.831840
9.906934 206.675426
9.906934 206.519012
9.437693 206.362598
9.750520 206.206185
9.437693 206.049771
9.750520 205.893357
9.750520 205.736943
9.750520 205.580530
9.437693 205.424116
9.750520 205.267702
9.750520 205.111288
9.750520 204.954875
9.281279 204.798461
9.750520 204.642047
9.750520 204.485633
9.906934 204.329220
9.594106 204.172806
9.281279 204.016392
9.594106 203.859978
9.594106 203.703565
9.750520 203.547151
9.750520 203.390737
9.750520 203.234323
9.594106 203.077910
9.437693 202.921496
9.437693 202.765082
9.750520 202.608668
9.594106 202.452255
9.594106 202.295841
9.437693 202.139427
9.594106 201.983013
9.281279 201.826600
9.750520 201.670186
9.750520 201.513772
9.594106 201.357358
9.124865 201.200945
9.124865 201.044531
9.281279 200.888117
9.281279 200.731704
9.594106 200.575290
9.437693 200.418876
9.281279 200.262462
9.124865 200.106049
9.281279 199.949635
9.124865 199.793221
9.281279 199.636807
9.594106 199.480394
9.437693 199.323980
9.594106 199.167566
9.437693 199.011152
9.437693 198.854739
9.594106 198.698325
9.124865 198.541911
9.437693 198.385497
9.124865 198.229084
8.968451 198.072670
8.968451 197.916256
8.812038 197.759842
9.437693 197.603429
8.968451 197.447015
9.281279 197.290601
9.281279 197.134187
9.437693 196.977774
8.968451 196.821360
9.281279 196.664946
9.124865 196.508532
9.281279 196.352119
9.124865 196.195705
8.812038 196.039291
8.968451 195.882877
8.968451 195.726464
8.812038 195.570050
8.655624 195.413636
8.812038 195.257222
8.812038 195.100809
8.968451 194.944395
8.968451 194.787981
8.968451 194.631567
8.655624 194.475154
8.812038 194.318740
8.342796 194.162326
8.968451 194.005912
8.655624 193.849499
8.812038 193.693085
8.342796 193.536671
8.655624 193.380257
8.655624 193.223844
8.499210 193.067430
8.499210 192.911016
8.186383 192.754602
8.499210 192.598189
8.186383 192.441775
8.342796 192.285361
8.186383 192.128947
8.499210 191.972534
8.342796 191.816120
8.029969 191.659706
8.342796 191.503293
8.029969 191.346879
8.029969 191.190465
7.717141 191.034051
8.029969 190.877638
8.029969 190.721224
8.029969 190.564810
8.186383 190.408396
8.186383 190.251983
8.186383 190.095569
8.029969 189.939155
8.186383 189.782741
8.029969 189.626328
8.186383 189.469914
8.342796 189.313500
8.186383 189.157086
8.029969 189.000673
8.029969 188.844259
7.873555 188.687845
8.186383 188.531431
8.186383 188.375018
8.186383 188.218604
7.873555 188.062190
8.029969 187.905776
8.186383 187.749363
7.873555 187.592949
7.873555 187.436535
7.873555 187.280121
8.186383 187.123708
7.717141 186.967294
2.242660 186.810880
8.029969 186.654466
8.029969 186.498053
7.873555 186.341639
7.873555 186.185225
2.242660 186.028811
2.242660 185.872398
2.242660 185.715984
2.242660 185.559570
1.773419 185.403156
1.617005 184.621088
7.091486 184.464674
1.929833 184.308260
6.935073 184.151846
6.778659 183.995433
6.778659 183.839019
6.778659 183.526191
1.617005 183.369778
1.617005 183.213364
1.929833 183.056950
1.617005 182.900536
1.617005 182.744123
1.617005 182.431295
1.617005 182.274882
1.773419 181.962054
6.778659 181.805640
1.773419 181.649227
1.617005 181.492813
1.773419 181.336399
1.617005 181.023572
6.778659 180.867158
6.778659 180.710744
1.773419 180.554330
1.617005 180.085089
1.773419 179.772262
1.617005 179.615848
1.929833 179.459434
1.617005 179.303020
1.617005 178.990193
1.929833 178.833779
1.617005 178.677365
1.617005 178.520952
1.617005 178.364538
1.617005 178.208124
1.617005 178.051710
1.617005 177.738883
1.773419 177.582469
1.929833 177.426055
1.617005 177.269642
6.309418 177.113228
6.153004 176.956814
6.309418 176.800400
6.465831 176.643987
6.622245 176.487573
6.465831 176.331159
1.617005 176.174745
1.617005 175.705504
1.773419 175.549090
6.778659 175.392677
1.773419 175.236263
6.622245 175.079849
6.465831 174.923435
6.465831 174.767022
6.622245 174.610608
1.773419 174.454194
6.465831 174.297780
6.622245 174.141367
6.622245 173.984953
6.622245 173.828539
6.465831 173.672126
1.929833 173.515712
1.617005 173.359298
6.465831 173.202884
6.465831 173.046471
6.465831 172.890057
6.309418 172.733643
6.153004 172.577229
6.309418 172.420816
1.929833 172.264402
1.929833 172.107988
6.309418 171.951574
6.309418 171.795161
1.929833 171.638747
1.773419 171.482333
1.617005 171.325919
1.617005 171.169506
1.617005 171.013092
1.773419 170.856678
1.929833 170.700264
