2.555488 273.151268
2.242660 265.017753
2.242660 264.861339
2.399074 264.704925
2.242660 264.548512
2.399074 264.392098
2.086247 264.235684
1.929833 264.079270
1.773419 263.922857
2.242660 263.766443
2.242660 263.610029
2.399074 263.453616
2.242660 263.297202
2.399074 263.140788
2.242660 262.984374
2.242660 262.827961
2.242660 262.671547
1.929833 262.515133
2.086247 262.358719
2.242660 262.202306
2.242660 262.045892
2.242660 261.889478
2.399074 261.733064
2.399074 261.576651
2.399074 261.420237
2.242660 261.263823
2.399074 261.107409
2.242660 260.950996
2.555488 260.794582
2.555488 260.638168
2.555488 260.481754
2.242660 260.325341
2.242660 260.168927
2.242660 260.012513
2.399074 259.856099
2.555488 259.699686
2.555488 259.543272
2.555488 259.386858
2.555488 259.230444
2.399074 259.074031
2.555488 258.917617
2.555488 258.761203
2.555488 258.604789
2.555488 258.448376
2.399074 258.291962
2.242660 258.135548
2.399074 257.979134
2.399074 257.822721
2.399074 257.666307
2.242660 257.509893
2.399074 257.353479
2.399074 257.197066
2.242660 257.040652
2.399074 256.884238
2.399074 256.727824
2.399074 256.571411
2.555488 256.414997
2.711902 256.258583
2.711902 256.102169
2.711902 255.945756
2.711902 255.789342
2.242660 255.632928
2.399074 255.476514
2.399074 255.320101
2.086247 255.163687
2.399074 255.007273
2.555488 254.850859
2.399074 254.694446
2.555488 254.538032
2.555488 254.381618
2.555488 254.225205
2.711902 254.068791
2.555488 253.912377
2.711902 253.755963
2.711902 253.599550
2.555488 253.443136
2.399074 253.286722
2.555488 253.130308
2.399074 252.973895
2.399074 252.817481
2.399074 252.661067
2.555488 252.504653
2.399074 252.348240
2.399074 252.191826
2.711902 252.035412
2.555488 251.878998
2.711902 251.722585
2.555488 251.566171
2.711902 251.409757
2.555488 251.253343
2.711902 251.096930
2.555488 250.940516
2.555488 250.784102
2.711902 250.627688
2.399074 250.471275
2.086247 250.314861
2.868315 250.158447
2.555488 250.002033
2.868315 249.845620
2.711902 249.689206
2.399074 249.532792
2.868315 249.376378
2.868315 249.219965
2.711902 249.063551
2.868315 248.907137
3.024729 248.750723
2.868315 248.594310
2.868315 248.437896
2.711902 248.281482
2.711902 248.125068
2.711902 247.968655
2.711902 247.812241
2.868315 247.655827
3.024729 247.499413
3.024729 247.343000
3.024729 247.186586
2.711902 247.030172
2.868315 246.873758
2.711902 246.717345
3.024729 246.560931
3.024729 246.404517
2.868315 246.248103
2.868315 246.091690
2.868315 245.935276
3.024729 245.778862
2.868315 245.622449
2.868315 245.466035
3.024729 245.309621
2.868315 245.153207
3.181143 244.996794
2.868315 244.840380
3.181143 244.683966
3.181143 244.527552
3.024729 244.371139
3.181143 244.214725
3.181143 244.058311
3.181143 243.901897
3.181143 243.745484
3.181143 243.589070
3.181143 243.432656
3.337557 243.276242
3.337557 243.119829
3.337557 242.963415
3.024729 242.807001
3.337557 242.650587
3.337557 242.494174
3.337557 242.337760
3.337557 242.181346
3.493970 242.024932
3.493970 241.868519
3.181143 241.712105
3.024729 241.555691
3.337557 241.399277
3.337557 241.242864
3.493970 241.086450
3.493970 240.930036
3.493970 240.773622
3.493970 240.617209
3.181143 240.460795
3.493970 240.304381
3.181143 240.147967
3.493970 239.991554
3.806798 239.835140
3.806798 239.678726
3.650384 239.522312
3.493970 239.365899
3.806798 239.209485
3.337557 239.053071
3.806798 238.896657
3.650384 238.740244
3.806798 238.583830
3.650384 238.427416
3.806798 238.271002
3.806798 238.114589
3.963211 237.958175
3.181143 237.801761
3.963211 237.645347
3.806798 237.488934
3.650384 237.332520
3.650384 237.176106
3.963211 237.019692
3.806798 236.863279
3.963211 236.706865
3.650384 236.550451
3.806798 236.394038
3.493970 236.237624
4.119625 236.081210
3.806798 235.924796
3.963211 235.768383
4.276039 235.611969
3.806798 235.455555
4.119625 235.299141
4.119625 235.142728
4.432453 234.986314
4.276039 234.829900
4.119625 234.673486
4.119625 234.517073
4.276039 234.360659
4.119625 234.204245
4.276039 234.047831
4.432453 233.891418
4.432453 233.735004
4.432453 233.578590
4.276039 233.422176
4.432453 233.265763
4.119625 233.109349
4.276039 232.952935
3.963211 232.796521
4.119625 232.640108
3.806798 232.483694
4.588866 232.327280
4.276039 232.170866
4.588866 232.014453
4.588866 231.858039
4.588866 231.701625
4.276039 231.545211
4.432453 231.388798
4.588866 231.232384
4.432453 231.075970
4.588866 230.919556
4.432453 230.763143
4.588866 230.606729
4.588866 230.450315
4.588866 230.293901
4.745280 230.137488
4.588866 229.981074
4.901694 229.824660
4.901694 229.668246
4.745280 229.511833
4.901694 229.355419
4.901694 229.199005
4.901694 229.042591
4.901694 228.886178
4.901694 228.729764
4.901694 228.573350
4.901694 228.416936
4.901694 228.260523
4.901694 228.104109
4.276039 227.947695
4.901694 227.791281
4.745280 227.634868
4.901694 227.478454
4.901694 227.322040
4.745280 227.165627
4.745280 227.009213
4.745280 226.852799
4.901694 226.696385
4.901694 226.539972
5.058108 226.383558
4.901694 226.227144
4.901694 226.070730
4.901694 225.914317
5.214521 225.757903
5.214521 225.601489
4.901694 225.445075
5.370935 225.288662
5.370935 225.132248
4.745280 224.975834
4.745280 224.819420
4.901694 224.663007
5.370935 224.506593
5.527349 224.350179
5.370935 224.193765
5.370935 224.037352
5.214521 223.880938
5.527349 223.724524
5.370935 223.568110
5.527349 223.411697
5.527349 223.255283
5.370935 223.098869
5.527349 222.942455
5.527349 222.786042
5.527349 222.629628
5.527349 222.473214
5.527349 222.316800
5.683763 222.160387
5.527349 222.003973
5.527349 221.847559
5.683763 221.691145
5.527349 221.534732
5.683763 221.378318
5.527349 221.221904
5.370935 221.065490
5.527349 220.909077
5.527349 220.752663
5.527349 220.596249
5.840176 220.439835
5.840176 220.283422
5.840176 220.127008
5.683763 219.970594
5.840176 219.814180
5.996590 219.657767
5.996590 219.501353
5.996590 219.344939
5.683763 219.188525
5.840176 219.032112
5.840176 218.875698
5.840176 218.719284
5.683763 218.562871
5.996590 218.406457
5.840176 218.250043
5.840176 218.093629
5.996590 217.937216
6.153004 217.780802
6.153004 217.624388
5.996590 217.467974
5.996590 217.311561
6.153004 217.155147
6.153004 216.998733
6.309418 216.842319
5.996590 216.685906
5.996590 216.529492
5.996590 216.373078
6.153004 216.216664
6.153004 216.060251
6.153004 215.903837
5.996590 215.747423
5.996590 215.591009
6.309418 215.434596
6.309418 215.278182
6.465831 215.121768
6.153004 214.965354
6.309418 214.808941
6.465831 214.652527
6.465831 214.496113
6.465831 214.339699
6.309418 214.183286
6.153004 214.026872
6.309418 213.870458
6.622245 213.714044
6.153004 213.557631
6.309418 213.401217
6.778659 213.244803
6.778659 213.088389
6.622245 212.931976
6.622245 212.775562
6.465831 212.619148
6.622245 212.462734
5.683763 212.306321
6.622245 212.149907
6.778659 211.993493
6.465831 211.837079
5.996590 211.680666
6.622245 211.524252
6.778659 211.367838
6.778659 211.211424
6.778659 211.055011
6.622245 210.898597
6.778659 210.742183
6.778659 210.585769
6.778659 210.429356
6.622245 210.272942
5.996590 210.116528
7.091486 209.960114
6.778659 209.803701
6.622245 209.647287
6.935073 209.490873
6.778659 209.334460
6.622245 209.178046
6.778659 209.021632
6.935073 208.865218
6.935073 208.708805
6.935073 208.552391
6.778659 208.395977
6.935073 208.239563
6.935073 208.083150
7.091486 207.926736
6.935073 207.770322
7.091486 207.613908
7.091486 207.457495
7.091486 207.301081
6.935073 207.144667
7.247900 206.988253
7.247900 206.831840
7.247900 206.675426
7.247900 206.519012
7.247900 206.362598
7.247900 206.206185
7.247900 206.049771
7.247900 205.893357
7.247900 205.736943
7.247900 205.580530
7.247900 205.424116
7.247900 205.267702
7.247900 205.111288
7.247900 204.954875
7.247900 204.798461
7.247900 204.642047
7.247900 204.485633
6.935073 204.329220
7.404314 204.172806
7.247900 204.016392
7.091486 203.859978
6.935073 203.703565
7.247900 203.547151
6.935073 203.390737
7.560728 203.234323
7.560728 203.077910
7.717141 202.921496
7.404314 202.765082
7.560728 202.608668
7.091486 202.452255
7.404314 202.295841
7.404314 202.139427
7.247900 201.983013
7.247900 201.826600
6.622245 201.670186
7.091486 201.513772
7.560728 201.357358
7.560728 201.200945
7.404314 201.044531
7.404314 200.888117
7.560728 200.731704
7.404314 200.575290
7.091486 200.418876
7.560728 200.262462
7.091486 200.106049
7.247900 199.949635
6.935073 199.793221
7.247900 199.636807
7.404314 199.480394
7.247900 199.323980
7.091486 199.167566
7.247900 199.011152
7.404314 198.854739
7.404314 198.698325
7.404314 198.541911
7.091486 198.385497
7.247900 198.229084
7.404314 198.072670
6.935073 197.916256
7.560728 197.759842
7.404314 197.603429
6.935073 197.447015
7.247900 197.290601
7.247900 197.134187
7.247900 196.977774
7.091486 196.821360
7.247900 196.664946
7.091486 196.508532
7.091486 196.352119
7.091486 196.195705
6.935073 196.039291
7.091486 195.882877
7.247900 195.726464
7.091486 195.570050
6.778659 195.413636
6.935073 195.257222
7.091486 195.100809
6.778659 194.944395
7.091486 194.787981
6.778659 194.631567
6.935073 194.475154
7.091486 194.318740
6.622245 194.162326
7.091486 194.005912
6.622245 193.849499
7.247900 193.693085
7.091486 193.536671
7.091486 193.380257
7.091486 193.223844
7.247900 193.067430
7.247900 192.911016
7.091486 192.754602
7.247900 192.598189
7.247900 192.441775
7.247900 192.285361
7.091486 192.128947
7.247900 191.972534
6.778659 191.816120
6.935073 191.659706
6.935073 191.503293
7.091486 191.346879
7.091486 191.190465
7.091486 191.034051
6.935073 190.877638
7.247900 190.721224
6.935073 190.564810
7.247900 190.408396
6.935073 190.251983
7.247900 190.095569
6.935073 189.939155
6.935073 189.782741
6.778659 189.626328
6.935073 189.469914
7.091486 189.313500
6.935073 189.157086
6.778659 189.000673
6.622245 188.844259
6.622245 188.687845
6.622245 188.531431
6.309418 188.375018
6.153004 188.218604
6.465831 188.062190
6.153004 187.905776
6.153004 187.749363
1.617005 187.592949
6.153004 187.436535
6.309418 187.280121
6.153004 187.123708
6.622245 186.967294
6.309418 186.810880
6.778659 186.654466
5.996590 186.498053
6.309418 186.341639
6.153004 186.185225
6.153004 186.028811
6.622245 185.872398
6.622245 185.715984
6.465831 185.559570
6.309418 185.403156
6.153004 185.246743
6.309418 185.090329
6.153004 184.933915
6.309418 184.777501
6.153004 184.621088
6.153004 184.464674
6.153004 184.308260
6.153004 184.151846
5.840176 183.995433
5.996590 183.839019
5.527349 183.682605
6.622245 183.526191
6.153004 183.369778
6.309418 183.213364
6.153004 183.056950
5.996590 182.900536
6.309418 182.744123
5.996590 182.587709
2.242660 182.431295
2.086247 182.274882
2.086247 182.118468
6.465831 181.962054
6.153004 181.805640
6.309418 181.649227
5.996590 181.492813
6.465831 181.336399
6.465831 181.179985
6.153004 181.023572
6.465831 180.867158
6.309418 180.710744
6.465831 180.554330
6.309418 180.397917
6.309418 180.241503
6.465831 180.085089
6.465831 179.928675
2.399074 179.772262
6.465831 179.615848
6.465831 179.459434
6.309418 179.303020
6.465831 179.146607
6.153004 178.990193
6.153004 178.833779
1.617005 178.677365
2.399074 178.520952
2.086247 178.364538
2.399074 178.208124
6.309418 178.051710
6.465831 177.895297
6.465831 177.738883
6.309418 177.582469
2.399074 177.426055
1.929833 177.269642
2.242660 177.113228
6.309418 176.956814
6.622245 176.800400
5.996590 176.643987
6.153004 176.487573
5.996590 176.331159
5.996590 176.174745
6.153004 176.018332
5.996590 175.861918
5.996590 175.705504
5.996590 175.549090
2.086247 175.392677
1.929833 175.236263
2.086247 175.079849
1.617005 174.923435
2.086247 174.767022
1.617005 174.610608
1.773419 174.454194
1.929833 174.297780
2.086247 174.141367
1.773419 173.984953
2.242660 173.828539
6.309418 173.672126
6.309418 173.515712
6.465831 173.359298
5.996590 173.202884
6.622245 173.046471
6.465831 172.890057
6.465831 172.733643
6.309418 172.577229
1.617005 172.420816
1.773419 172.264402
2.242660 172.107988
6.153004 171.951574
6.622245 171.795161
6.309418 171.638747
6.465831 171.482333
6.622245 171.325919
6.622245 171.169506
6.309418 171.013092
6.622245 170.856678
6.622245 170.700264
