41.033269 295.674847
41.033269 295.518433
40.720442 295.362020
40.564028 295.205606
40.564028 295.049192
40.407614 294.892778
40.564028 294.736365
40.564028 294.579951
40.876855 294.423537
41.033269 294.267123
40.876855 294.110710
41.033269 293.954296
40.564028 293.797882
41.033269 293.641468
40.720442 293.485055
40.876855 293.328641
40.720442 293.172227
40.407614 293.015813
40.564028 292.859400
40.094787 292.702986
40.407614 292.546572
40.564028 292.390158
40.407614 292.233745
40.720442 292.077331
40.564028 291.920917
40.720442 291.764503
41.033269 291.608090
40.876855 291.451676
40.720442 291.295262
40.876855 291.138848
40.564028 290.982435
40.720442 290.826021
40.876855 290.669607
40.876855 290.513193
40.564028 290.356780
40.876855 290.200366
40.876855 290.043952
40.876855 289.887539
40.564028 289.731125
40.876855 289.574711
40.876855 289.418297
40.876855 289.261884
40.876855 289.105470
40.720442 288.949056
40.251200 288.792642
40.720442 288.636229
40.720442 288.479815
40.564028 288.323401
40.407614 288.166987
40.564028 288.010574
40.720442 287.854160
40.407614 287.697746
40.876855 287.541332
40.720442 287.384919
40.564028 287.228505
40.407614 287.072091
40.720442 286.915677
40.876855 286.759264
41.033269 286.602850
40.876855 286.446436
40.251200 286.290022
40.876855 286.133609
40.876855 285.977195
40.564028 285.820781
40.720442 285.664367
40.407614 285.507954
40.564028 285.351540
40.720442 285.195126
40.564028 285.038712
40.720442 284.882299
40.094787 284.725885
40.720442 284.569471
40.720442 284.413057
40.564028 284.256644
40.564028 284.100230
40.720442 283.943816
40.876855 283.787402
40.876855 283.630989
40.720442 283.474575
40.564028 283.318161
40.720442 283.161747
40.720442 283.005334
40.720442 282.848920
40.407614 282.692506
40.564028 282.536092
40.876855 282.379679
40.407614 282.223265
40.720442 282.066851
40.876855 281.910437
40.876855 281.754024
40.564028 281.597610
40.876855 281.441196
40.876855 281.284783
41.033269 281.128369
40.876855 280.971955
40.876855 280.815541
40.876855 280.659128
40.876855 280.502714
40.876855 280.346300
40.876855 280.189886
40.720442 280.033473
40.876855 279.877059
40.720442 279.720645
40.720442 279.564231
40.720442 279.407818
40.564028 279.251404
39.781959 279.094990
50.105266 278.938576
50.105266 278.782163
50.418094 278.625749
50.574508 278.469335
50.418094 278.312921
50.418094 278.156508
50.261680 278.000094
50.418094 277.843680
50.574508 277.687266
50.574508 277.530853
50.730921 277.374439
50.730921 277.218025
50.418094 277.061611
50.418094 276.905198
50.574508 276.748784
50.730921 276.592370
50.574508 276.435956
50.887335 276.279543
51.043749 276.123129
50.887335 275.966715
51.200163 275.810301
51.200163 275.653888
50.887335 275.497474
51.043749 275.341060
50.730921 275.184646
51.043749 275.028233
51.043749 274.871819
50.887335 274.715405
50.887335 274.558991
51.043749 274.402578
50.730921 274.246164
50.887335 274.089750
51.200163 273.933336
51.200163 273.776923
51.043749 273.620509
50.730921 273.464095
51.043749 273.307681
51.043749 273.151268
50.730921 272.994854
50.730921 272.838440
51.043749 272.682026
51.043749 272.525613
50.887335 272.369199
50.887335 272.212785
51.043749 272.056372
50.887335 271.899958
50.887335 271.743544
50.418094 271.587130
51.043749 271.430717
51.200163 271.274303
50.730921 271.117889
51.043749 270.961475
51.200163 270.805062
51.200163 270.648648
50.730921 270.492234
50.887335 270.335820
50.887335 270.179407
51.043749 270.022993
51.043749 269.866579
50.887335 269.710165
51.200163 269.553752
51.200163 269.397338
51.043749 269.240924
50.730921 269.084510
51.200163 268.928097
51.043749 268.771683
51.200163 268.615269
51.043749 268.458855
51.043749 268.302442
50.887335 268.146028
50.574508 267.989614
50.574508 267.833200
50.105266 267.676787
50.574508 267.520373
13.035209 267.363959
13.191622 267.207545
13.191622 267.051132
13.504450 266.894718
13.348036 266.738304
13.348036 266.581890
13.191622 266.425477
13.348036 266.269063
13.348036 266.112649
13.035209 265.956235
13.348036 265.799822
13.191622 265.643408
2.242660 265.486994
2.086247 265.330580
2.399074 265.174167
2.555488 265.017753
2.711902 264.861339
2.555488 264.704925
2.555488 264.548512
2.711902 264.392098
2.242660 264.235684
2.555488 264.079270
2.086247 263.922857
2.399074 263.766443
2.086247 263.610029
2.242660 263.453616
2.086247 263.297202
2.399074 263.140788
2.086247 262.984374
13.191622 262.827961
2.399074 262.671547
2.242660 262.515133
2.242660 262.358719
2.242660 262.202306
2.399074 262.045892
2.399074 261.889478
2.242660 261.733064
2.242660 261.576651
2.086247 261.420237
2.086247 261.263823
1.929833 261.107409
2.242660 260.950996
2.086247 260.794582
2.242660 260.638168
1.929833 260.481754
2.242660 260.325341
1.929833 260.168927
2.555488 260.012513
2.242660 259.856099
2.086247 259.699686
1.929833 259.543272
2.086247 259.386858
2.086247 259.230444
2.399074 259.074031
2.242660 258.917617
2.086247 258.761203
1.773419 258.604789
2.086247 258.448376
2.555488 258.291962
2.555488 258.135548
2.399074 257.979134
2.555488 257.822721
2.399074 257.666307
14.442932 257.509893
14.599346 257.353479
14.755760 257.197066
14.912174 257.040652
2.555488 256.884238
14.755760 256.727824
2.555488 256.571411
2.242660 256.414997
2.242660 256.258583
2.086247 256.102169
15.225001 255.945756
15.068587 255.789342
15.068587 255.632928
15.068587 255.476514
15.068587 255.320101
15.225001 255.163687
15.381415 255.007273
15.068587 254.850859
15.381415 254.694446
15.225001 254.538032
2.242660 254.381618
15.537829 254.225205
15.068587 254.068791
15.068587 253.912377
15.381415 253.755963
15.537829 253.599550
15.694242 253.443136
15.537829 253.286722
2.555488 253.130308
15.537829 252.973895
15.537829 252.817481
2.399074 252.661067
2.242660 252.504653
2.399074 252.348240
2.555488 252.191826
2.086247 252.035412
2.399074 251.878998
1.929833 251.722585
1.773419 251.566171
2.086247 251.409757
2.399074 251.253343
2.555488 251.096930
2.399074 250.940516
2.555488 250.784102
2.399074 250.627688
2.555488 250.471275
2.086247 250.314861
2.555488 250.158447
1.773419 250.002033
2.555488 249.845620
2.242660 249.689206
2.711902 249.532792
2.711902 249.376378
2.399074 249.219965
2.555488 249.063551
2.086247 248.907137
16.319897 248.750723
16.476311 248.594310
16.319897 248.437896
2.711902 248.281482
16.476311 248.125068
2.711902 247.968655
16.632725 247.812241
2.868315 247.655827
2.711902 247.499413
2.555488 247.343000
2.868315 247.186586
2.868315 247.030172
16.945552 246.873758
16.945552 246.717345
16.789139 246.560931
2.555488 246.404517
2.711902 246.248103
2.711902 246.091690
2.399074 245.935276
2.399074 245.778862
16.945552 245.622449
17.101966 245.466035
16.945552 245.309621
17.101966 245.153207
17.571207 244.996794
17.258380 244.840380
17.258380 244.683966
17.414794 244.527552
17.258380 244.371139
17.414794 244.214725
17.258380 244.058311
17.258380 243.901897
17.258380 243.745484
16.632725 243.589070
17.258380 243.432656
17.571207 243.276242
17.414794 243.119829
2.868315 242.963415
2.711902 242.807001
2.711902 242.650587
2.555488 242.494174
2.711902 242.337760
2.555488 242.181346
2.711902 242.024932
2.399074 241.868519
2.086247 241.712105
17.727621 241.555691
17.571207 241.399277
17.571207 241.242864
17.884035 241.086450
17.727621 240.930036
17.884035 240.773622
2.711902 240.617209
2.711902 240.460795
2.711902 240.304381
18.040449 240.147967
18.040449 239.991554
2.242660 239.835140
18.509690 239.678726
18.040449 239.522312
17.884035 239.365899
17.884035 239.209485
2.399074 239.053071
2.399074 238.896657
17.884035 238.740244
18.353276 238.583830
18.353276 238.427416
18.509690 238.271002
18.196862 238.114589
18.353276 237.958175
18.353276 237.801761
18.509690 237.645347
18.666104 237.488934
18.822517 237.332520
18.353276 237.176106
18.822517 237.019692
18.822517 236.863279
18.822517 236.706865
3.024729 236.550451
19.135345 236.394038
18.822517 236.237624
19.135345 236.081210
18.978931 235.924796
18.822517 235.768383
18.978931 235.611969
18.978931 235.455555
18.978931 235.299141
18.978931 235.142728
18.978931 234.986314
18.978931 234.829900
18.822517 234.673486
19.135345 234.517073
19.135345 234.360659
18.666104 234.204245
19.135345 234.047831
19.135345 233.891418
18.822517 233.735004
19.448172 233.578590
19.604586 233.422176
19.135345 233.265763
19.291759 233.109349
19.604586 232.952935
19.604586 232.796521
19.761000 232.640108
19.761000 232.483694
19.448172 232.327280
19.761000 232.170866
19.761000 232.014453
19.761000 231.858039
19.604586 231.701625
19.604586 231.545211
19.917414 231.388798
19.604586 231.232384
19.917414 231.075970
19.917414 230.919556
19.917414 230.763143
19.291759 230.606729
19.448172 230.450315
2.399074 230.293901
19.917414 230.137488
20.073827 229.981074
20.073827 229.824660
20.073827 229.668246
19.917414 229.511833
19.761000 229.355419
20.073827 229.199005
20.073827 229.042591
19.917414 228.886178
20.230241 228.729764
19.135345 228.573350
20.230241 228.416936
19.917414 228.260523
20.230241 228.104109
19.917414 227.947695
20.073827 227.791281
20.386655 227.634868
20.073827 227.478454
20.230241 227.322040
19.917414 227.165627
20.386655 227.009213
20.543069 226.852799
20.543069 226.696385
20.543069 226.539972
20.230241 226.383558
20.386655 226.227144
20.386655 226.070730
20.386655 225.914317
20.073827 225.757903
20.386655 225.601489
20.230241 225.445075
19.917414 225.288662
20.073827 225.132248
19.761000 224.975834
20.543069 224.819420
20.543069 224.663007
20.543069 224.506593
20.543069 224.350179
20.073827 224.193765
19.917414 224.037352
20.386655 223.880938
20.543069 223.724524
20.699482 223.568110
20.386655 223.411697
20.543069 223.255283
20.073827 223.098869
19.917414 222.942455
20.386655 222.786042
20.543069 222.629628
20.699482 222.473214
20.230241 222.316800
20.855896 222.160387
20.699482 222.003973
20.855896 221.847559
20.543069 221.691145
20.543069 221.534732
20.543069 221.378318
20.699482 221.221904
20.543069 221.065490
20.855896 220.909077
20.855896 220.752663
20.855896 220.596249
21.012310 220.439835
20.699482 220.283422
20.855896 220.127008
21.012310 219.970594
20.855896 219.814180
20.855896 219.657767
21.012310 219.501353
21.012310 219.344939
20.699482 219.188525
20.855896 219.032112
21.012310 218.875698
21.168724 218.719284
21.012310 218.562871
21.168724 218.406457
21.012310 218.250043
21.012310 218.093629
21.012310 217.937216
21.012310 217.780802
21.168724 217.624388
21.012310 217.467974
21.325137 217.311561
21.168724 217.155147
20.855896 216.998733
20.855896 216.842319
21.012310 216.685906
21.012310 216.529492
21.012310 216.373078
21.012310 216.216664
20.855896 216.060251
20.699482 215.903837
21.168724 215.747423
21.168724 215.591009
21.168724 215.434596
21.325137 215.278182
21.012310 215.121768
21.325137 214.965354
21.012310 214.808941
21.012310 214.652527
21.168724 214.496113
21.325137 214.339699
21.168724 214.183286
21.012310 214.026872
21.012310 213.870458
20.386655 213.714044
21.325137 213.557631
21.012310 213.401217
21.168724 213.244803
21.481551 213.088389
21.168724 212.931976
21.481551 212.775562
21.481551 212.619148
21.325137 212.462734
21.481551 212.306321
21.637965 212.149907
21.794378 211.993493
21.950792 211.837079
21.950792 211.680666
21.950792 211.524252
21.950792 211.367838
21.794378 211.211424
21.950792 211.055011
22.107206 210.898597
22.107206 210.742183
22.263620 210.585769
21.950792 210.429356
21.794378 210.272942
21.950792 210.116528
21.950792 209.960114
22.263620 209.803701
22.263620 209.647287
22.107206 209.490873
22.263620 209.334460
22.263620 209.178046
22.263620 209.021632
22.263620 208.865218
22.263620 208.708805
22.107206 208.552391
21.637965 208.395977
22.107206 208.239563
21.950792 208.083150
22.107206 207.926736
21.794378 207.770322
22.107206 207.613908
21.794378 207.457495
22.107206 207.301081
22.107206 207.144667
22.107206 206.988253
21.950792 206.831840
21.794378 206.675426
22.107206 206.519012
21.950792 206.362598
22.107206 206.206185
21.794378 206.049771
21.794378 205.893357
21.637965 205.736943
21.637965 205.580530
21.637965 205.424116
21.012310 205.267702
21.481551 205.111288
21.637965 204.954875
21.637965 204.798461
21.012310 204.642047
21.168724 204.485633
20.855896 204.329220
21.168724 204.172806
21.325137 204.016392
21.325137 203.859978
20.855896 203.703565
21.325137 203.547151
21.325137 203.390737
21.325137 203.234323
21.168724 203.077910
21.168724 202.921496
21.168724 202.765082
21.012310 202.608668
21.012310 202.452255
20.855896 202.295841
21.168724 202.139427
21.325137 201.983013
21.168724 201.826600
21.168724 201.670186
21.168724 201.513772
21.168724 201.357358
21.168724 201.200945
21.325137 201.044531
21.168724 200.888117
21.168724 200.731704
20.855896 200.575290
20.855896 200.418876
20.855896 200.262462
20.855896 200.106049
20.699482 199.949635
20.699482 199.793221
21.012310 199.636807
21.012310 199.480394
21.168724 199.323980
20.855896 199.167566
21.168724 199.011152
21.012310 198.854739
21.012310 198.698325
20.855896 198.541911
20.543069 198.385497
20.699482 198.229084
20.699482 198.072670
20.543069 197.916256
21.012310 197.759842
20.699482 197.603429
21.012310 197.447015
20.855896 197.290601
21.012310 197.134187
21.012310 196.977774
21.012310 196.821360
20.699482 196.664946
3.024729 196.508532
2.868315 196.352119
3.181143 196.195705
20.855896 196.039291
21.012310 195.882877
21.325137 195.726464
21.168724 195.570050
21.012310 195.413636
21.012310 195.257222
20.855896 195.100809
20.855896 194.944395
21.012310 194.787981
20.699482 194.631567
20.855896 194.475154
21.012310 194.318740
20.699482 194.162326
21.012310 194.005912
20.386655 193.849499
20.855896 193.693085
20.699482 193.536671
20.699482 193.380257
20.855896 193.223844
21.012310 193.067430
20.699482 192.911016
20.855896 192.754602
20.699482 192.598189
20.855896 192.441775
2.399074 192.285361
2.399074 192.128947
20.386655 191.972534
20.855896 191.816120
20.855896 191.659706
20.230241 191.503293
3.024729 191.346879
3.024729 191.190465
20.855896 191.034051
20.699482 190.877638
20.699482 190.721224
20.699482 190.564810
20.699482 190.408396
3.024729 190.251983
2.711902 190.095569
3.181143 189.939155
2.868315 189.782741
3.024729 189.626328
2.868315 189.469914
3.181143 189.313500
3.024729 189.157086
2.555488 189.000673
2.711902 188.844259
2.555488 188.687845
2.868315 188.531431
2.711902 188.375018
2.868315 188.218604
3.024729 188.062190
20.543069 187.905776
20.543069 187.749363
2.711902 187.592949
2.868315 187.436535
2.711902 187.280121
2.868315 187.123708
2.868315 186.967294
2.868315 186.810880
2.868315 186.654466
2.868315 186.498053
20.543069 186.341639
3.024729 186.185225
3.024729 186.028811
2.868315 185.872398
3.024729 185.715984
2.868315 185.559570
2.868315 185.403156
2.711902 185.246743
2.711902 185.090329
2.711902 184.933915
2.399074 184.777501
2.868315 184.621088
2.399074 184.464674
2.711902 184.308260
2.555488 184.151846
2.868315 183.995433
2.555488 183.839019
2.399074 183.682605
2.711902 183.526191
2.555488 183.369778
2.711902 183.213364
2.399074 183.056950
2.555488 182.900536
2.868315 182.744123
3.024729 182.587709
2.555488 182.431295
2.868315 182.274882
2.711902 182.118468
2.555488 181.962054
2.399074 181.805640
2.399074 181.649227
2.711902 181.492813
2.399074 181.336399
2.399074 181.179985
2.555488 181.023572
2.711902 180.867158
2.868315 180.710744
2.399074 180.554330
2.711902 180.397917
2.555488 180.241503
2.555488 180.085089
2.555488 179.928675
2.555488 179.772262
2.242660 179.615848
2.555488 179.459434
2.555488 179.303020
2.242660 179.146607
2.399074 178.990193
2.555488 178.833779
2.555488 178.677365
2.242660 178.520952
2.242660 178.364538
2.242660 178.208124
2.399074 178.051710
19.917414 177.895297
19.917414 177.738883
2.399074 177.582469
2.242660 177.426055
2.399074 177.269642
2.555488 177.113228
2.555488 176.956814
2.399074 176.800400
2.711902 176.643987
2.555488 176.487573
2.555488 176.331159
2.399074 176.174745
2.399074 176.018332
2.555488 175.861918
2.711902 175.705504
2.555488 175.549090
2.555488 175.392677
2.399074 175.236263
2.711902 175.079849
2.868315 174.923435
2.711902 174.767022
3.024729 174.610608
2.555488 174.454194
2.868315 174.297780
2.242660 174.141367
19.917414 173.984953
20.073827 173.828539
20.073827 173.672126
20.073827 173.515712
19.917414 173.359298
20.073827 173.202884
19.761000 173.046471
19.604586 172.890057
19.448172 172.733643
19.291759 172.577229
19.135345 172.420816
18.822517 172.264402
18.509690 172.107988
18.666104 171.951574
18.353276 171.795161
18.040449 171.638747
17.884035 171.482333
17.101966 171.325919
17.571207 171.169506
17.571207 171.013092
2.399074 170.856678
1.929833 170.700264
2.086247 170.543851
2.086247 170.387437
1.617005 169.448954
9.906934 169.292541
11.001830 169.136127
10.376175 168.979713
12.409554 168.823299
13.348036 168.666886
16.945552 168.510472
17.571207 168.354058
19.604586 168.197644
19.761000 168.041231
22.107206 167.884817
25.079067 167.728403
25.391895 167.571989
27.425273 167.415576
27.894515 167.259162
30.866376 167.102748
30.553548 166.946334
33.994651 166.789921
34.307478 166.633507
37.279339 166.477093
39.469132 166.320679
39.781959 166.164266
40.251200 166.007852
40.407614 165.851438
40.407614 165.695024
40.564028 165.538611
40.094787 165.382197
40.720442 165.225783
40.876855 165.069369
41.033269 164.912956
40.720442 164.756542
40.720442 164.600128
40.407614 164.443715
40.564028 164.287301
40.251200 164.130887
40.251200 163.974473
40.251200 163.818060
39.938373 163.661646
40.251200 163.505232
40.407614 163.348818
40.564028 163.192405
40.564028 163.035991
41.033269 162.879577
40.876855 162.723163
41.189683 162.566750
41.033269 162.410336
41.189683 162.253922
40.720442 162.097508
41.815338 161.941095
41.815338 161.784681
41.815338 161.628267
41.971752 161.471853
42.128165 161.315440
42.440993 161.159026
41.815338 161.002612
41.815338 160.846198
41.971752 160.689785
41.815338 160.533371
41.502510 160.376957
41.189683 160.220543
40.564028 160.064130
40.564028 159.907716
40.564028 159.751302
39.938373 159.594888
40.407614 159.438475
40.407614 159.282061
40.564028 159.125647
40.251200 158.969233
40.720442 158.812820
40.251200 158.656406
40.564028 158.499992
40.564028 158.343578
40.720442 158.187165
40.407614 158.030751
40.876855 157.874337
40.251200 157.717923
40.564028 157.561510
40.251200 157.405096
40.251200 157.248682
39.781959 157.092268
2.399074 156.935855
1.773419 156.779441
1.773419 156.153786
1.617005 155.997372
2.086247 155.840959
1.617005 155.528131
1.773419 155.371717
2.086247 155.215304
1.929833 155.058890
1.617005 154.589649
1.773419 154.433235
1.773419 153.338339
1.617005 153.181925
1.929833 153.025511
1.773419 152.869097
1.773419 152.712684
2.086247 152.556270
2.086247 152.399856
2.555488 152.243442
100.314079 152.087029
100.001251 151.930615
3.024729 151.774201
2.711902 151.617787
3.181143 151.461374
3.337557 151.304960
3.650384 151.148546
3.024729 150.992132
3.493970 150.835719
3.493970 150.679305
3.337557 150.522891
3.493970 150.366477
3.337557 150.210064
3.337557 150.053650
3.337557 149.897236
3.493970 149.740822
3.493970 149.584409
3.650384 149.427995
3.806798 149.271581
3.650384 149.115167
3.493970 148.958754
3.806798 148.802340
3.650384 148.645926
3.806798 148.489512
7.873555 148.333099
8.029969 148.176685
8.186383 148.020271
8.029969 147.863857
8.029969 147.707444
10.063348 147.551030
10.532589 147.394616
10.219761 147.238202
10.219761 147.081789
10.532589 146.925375
10.532589 146.768961
9.437693 146.612548
9.906934 146.456134
9.750520 146.299720
10.219761 146.143306
9.906934 145.986893
10.219761 145.830479
10.376175 145.674065
10.689003 145.517651
9.906934 145.361238
10.219761 145.204824
9.281279 145.048410
9.750520 144.891996
9.750520 144.735583
9.750520 144.579169
9.750520 144.422755
9.594106 144.266341
8.186383 144.109928
8.186383 143.953514
8.342796 143.797100
8.186383 143.640686
3.650384 143.484273
102.034630 143.327859
102.191044 143.171445
102.503871 143.015031
102.347457 142.858618
99.219183 142.702204
102.347457 142.545790
6.465831 142.389376
6.465831 142.232963
6.778659 142.076549
7.247900 141.920135
7.091486 141.763721
7.717141 141.607308
7.560728 141.450894
7.873555 141.294480
8.186383 141.138066
8.499210 140.981653
8.812038 140.825239
8.812038 140.668825
9.124865 140.512411
9.437693 140.355998
8.968451 140.199584
9.437693 140.043170
10.063348 139.886756
10.376175 139.730343
10.532589 139.573929
10.532589 139.417515
10.689003 139.261101
10.845416 139.104688
10.845416 138.948274
10.845416 138.791860
11.158244 138.635446
11.471071 138.479033
11.783899 138.322619
12.253140 138.166205
12.722381 138.009792
12.878795 137.853378
12.878795 137.696964
13.348036 137.540550
13.035209 137.384137
13.973691 137.227723
14.286519 137.071309
14.286519 136.914895
14.755760 136.758482
14.755760 136.602068
14.912174 136.445654
15.381415 136.289240
15.537829 136.132827
15.694242 135.976413
15.850656 135.819999
16.163484 135.663585
16.319897 135.507172
16.476311 135.350758
16.945552 135.194344
16.945552 135.037930
17.414794 134.881517
17.727621 134.725103
17.571207 134.568689
18.196862 134.412275
18.353276 134.255862
18.196862 134.099448
18.666104 133.943034
19.291759 133.786620
19.291759 133.630207
19.448172 133.473793
19.761000 133.317379
19.917414 133.160965
20.230241 133.004552
20.543069 132.848138
20.699482 132.691724
20.855896 132.535310
21.012310 132.378897
21.325137 132.222483
21.637965 132.066069
22.576447 131.909655
22.576447 131.753242
22.420033 131.596828
22.732861 131.440414
22.889275 131.284000
22.732861 131.127587
23.202102 130.971173
23.202102 130.814759
23.358516 130.658345
23.514930 130.501932
23.827757 130.345518
24.453412 130.189104
24.609826 130.032690
24.922653 129.876277
24.453412 129.719863
24.922653 129.563449
25.861136 129.407035
25.861136 129.250622
26.017550 129.094208
26.173963 128.937794
26.486791 128.781381
26.643205 128.624967
26.799618 128.468553
26.956032 128.312139
27.268860 128.155726
27.425273 127.999312
27.738101 127.842898
28.050928 127.686484
28.207342 127.530071
28.207342 127.373657
28.363756 127.217243
28.832997 127.060829
28.832997 126.904416
