2.086247 90.772840
2.242660 90.616427
1.929833 90.460013
2.555488 90.303599
2.555488 90.147185
2.711902 89.990772
2.555488 89.834358
2.086247 89.677944
2.555488 89.521530
2.399074 89.365117
2.399074 89.208703
2.399074 89.052289
1.773419 88.895875
2.868315 88.739462
2.711902 88.583048
2.711902 88.426634
2.868315 88.270220
2.868315 88.113807
2.868315 87.957393
2.555488 87.800979
2.711902 87.644565
2.086247 87.488152
2.555488 87.331738
2.868315 87.175324
12.565967 87.018910
2.711902 86.862497
12.722381 86.706083
12.565967 86.549669
12.409554 86.393255
1.773419 86.236842
11.940313 86.080428
12.565967 85.924014
12.722381 85.767600
12.722381 85.611187
12.722381 85.454773
12.878795 85.298359
13.035209 85.141945
13.035209 84.985532
12.722381 84.829118
13.035209 84.672704
12.878795 84.516290
12.565967 84.359877
12.722381 84.203463
12.878795 84.047049
12.409554 83.890636
12.253140 83.734222
11.783899 83.577808
12.096726 83.421394
12.409554 83.264981
12.409554 83.108567
11.783899 82.952153
12.253140 82.795739
11.783899 82.639326
12.722381 82.482912
12.409554 82.326498
12.878795 82.170084
12.722381 82.013671
12.565967 81.857257
11.940313 81.700843
12.096726 81.544429
12.253140 81.388016
12.878795 81.231602
12.253140 81.075188
12.409554 80.918774
11.940313 80.762361
12.565967 80.605947
12.409554 80.449533
12.096726 80.293119
11.314658 80.136706
11.940313 79.980292
12.878795 79.823878
12.565967 79.667464
12.722381 79.511051
12.722381 79.354637
12.253140 79.198223
11.471071 79.041809
12.253140 78.885396
11.627485 78.728982
2.868315 78.572568
11.940313 78.416154
12.878795 78.259741
12.565967 78.103327
12.878795 77.946913
12.565967 77.790499
11.783899 77.634086
12.565967 77.477672
12.409554 77.321258
12.409554 77.164844
12.878795 77.008431
12.722381 76.852017
11.627485 76.695603
12.096726 76.539189
12.878795 76.382776
12.722381 76.226362
12.878795 76.069948
12.722381 75.913534
12.409554 75.757121
12.096726 75.600707
11.940313 75.444293
11.783899 75.287879
12.253140 75.131466
12.878795 74.975052
12.722381 74.818638
12.878795 74.662225
12.722381 74.505811
12.253140 74.349397
12.565967 74.192983
12.409554 74.036570
11.783899 73.880156
12.722381 73.723742
12.722381 73.567328
13.035209 73.410915
12.722381 73.254501
12.565967 73.098087
13.035209 72.941673
12.878795 72.785260
12.878795 72.628846
12.096726 72.472432
12.722381 72.316018
12.565967 72.159605
13.035209 72.003191
12.096726 71.846777
12.565967 71.690363
12.409554 71.533950
12.565967 71.377536
12.878795 71.221122
12.722381 71.064708
12.722381 70.908295
13.035209 70.751881
12.878795 70.595467
12.878795 70.439053
12.878795 70.282640
12.253140 70.126226
11.940313 69.969812
12.878795 69.813398
12.722381 69.656985
13.035209 69.500571
13.035209 69.344157
13.035209 69.187743
13.035209 69.031330
12.253140 68.874916
12.409554 68.718502
11.783899 68.562088
12.409554 68.405675
12.096726 68.249261
13.191622 68.092847
13.191622 67.936433
12.565967 67.780020
13.035209 67.623606
12.096726 67.467192
12.253140 67.310778
12.878795 67.154365
12.722381 66.997951
11.471071 66.841537
12.878795 66.685123
12.878795 66.528710
12.878795 66.372296
13.035209 66.215882
12.722381 66.059469
12.253140 65.903055
13.191622 65.746641
12.253140 65.590227
13.035209 65.433814
12.565967 65.277400
12.565967 65.120986
12.565967 64.964572
12.565967 64.808159
12.565967 64.651745
12.722381 64.495331
12.409554 64.338917
12.253140 64.182504
12.409554 64.026090
12.253140 63.869676
12.409554 63.713262
11.627485 63.556849
11.783899 63.400435
11.314658 63.244021
12.253140 63.087607
12.409554 62.931194
12.565967 62.774780
12.096726 62.618366
11.783899 62.461952
12.096726 62.305539
11.940313 62.149125
12.565967 61.992711
12.096726 61.836297
12.878795 61.679884
13.035209 61.523470
12.565967 61.367056
12.253140 61.210642
13.035209 61.054229
12.565967 60.897815
13.035209 60.741401
13.035209 60.584987
12.565967 60.428574
11.627485 60.272160
13.035209 60.115746
12.878795 59.959332
12.565967 59.802919
12.722381 59.646505
12.409554 59.490091
12.565967 59.333677
11.783899 59.177264
12.878795 59.020850
12.878795 58.864436
3.024729 58.708022
12.878795 58.551609
13.035209 58.395195
12.878795 58.238781
12.096726 58.082367
11.783899 57.925954
12.096726 57.769540
12.096726 57.613126
12.565967 57.456712
13.035209 57.300299
12.878795 57.143885
11.783899 56.987471
12.565967 56.831058
13.035209 56.674644
11.001830 56.518230
11.627485 56.361816
13.348036 56.205403
12.253140 56.048989
12.253140 55.892575
11.314658 55.736161
12.565967 55.579748
11.940313 55.423334
12.565967 55.266920
13.191622 55.110506
12.565967 54.954093
12.722381 54.797679
11.783899 54.641265
12.565967 54.484851
12.253140 54.328438
11.627485 54.172024
11.940313 54.015610
12.096726 53.859196
12.565967 53.702783
12.409554 53.546369
13.035209 53.389955
12.565967 53.233541
12.409554 53.077128
12.565967 52.920714
12.409554 52.764300
12.565967 52.607886
12.096726 52.451473
12.565967 52.295059
11.627485 52.138645
12.409554 51.982231
12.096726 51.825818
11.783899 51.669404
13.035209 51.512990
11.627485 51.356576
12.409554 51.200163
11.471071 51.043749
11.471071 50.887335
12.096726 50.730921
12.253140 50.574508
12.253140 50.418094
11.940313 50.261680
13.191622 50.105266
12.722381 49.948853
12.722381 49.792439
12.565967 49.636025
12.565967 49.479611
11.783899 49.323198
11.940313 49.166784
12.253140 49.010370
13.035209 48.853956
12.409554 48.697543
13.035209 48.541129
13.035209 48.384715
12.409554 48.228302
12.253140 48.071888
13.035209 47.915474
13.191622 47.759060
12.565967 47.602647
12.878795 47.446233
12.253140 47.289819
12.096726 47.133405
12.565967 46.976992
13.035209 46.820578
13.035209 46.664164
13.035209 46.507750
13.035209 46.351337
11.471071 46.194923
13.191622 46.038509
12.722381 45.882095
13.191622 45.725682
12.878795 45.569268
13.035209 45.412854
13.191622 45.256440
13.191622 45.100027
13.191622 44.943613
12.565967 44.787199
11.783899 44.630785
12.253140 44.474372
13.191622 44.317958
13.035209 44.161544
12.565967 44.005130
12.878795 43.848717
13.035209 43.692303
12.409554 43.535889
12.722381 43.379475
12.565967 43.223062
11.940313 43.066648
12.565967 42.910234
12.722381 42.753820
12.878795 42.597407
13.191622 42.440993
12.409554 42.284579
13.035209 42.128165
12.878795 41.971752
12.565967 41.815338
11.940313 41.658924
12.253140 41.502510
13.035209 41.346097
13.035209 41.189683
12.565967 41.033269
12.878795 40.876855
13.035209 40.720442
13.348036 40.564028
13.348036 40.407614
12.409554 40.251200
12.409554 40.094787
13.191622 39.938373
13.035209 39.781959
12.096726 39.625545
13.348036 39.469132
12.722381 39.312718
13.348036 39.156304
13.348036 38.999891
13.191622 38.843477
13.504450 38.687063
13.348036 38.530649
12.409554 38.374236
13.348036 38.217822
13.504450 38.061408
12.878795 37.904994
13.504450 37.748581
12.722381 37.592167
13.348036 37.435753
12.722381 37.279339
12.565967 37.122926
13.191622 36.966512
11.940313 36.810098
12.722381 36.653684
13.348036 36.497271
13.191622 36.340857
13.348036 36.184443
13.191622 36.028029
13.035209 35.871616
12.253140 35.715202
12.722381 35.558788
12.565967 35.402374
12.565967 35.245961
12.409554 35.089547
13.191622 34.933133
12.565967 34.776719
13.191622 34.620306
13.035209 34.463892
12.409554 34.307478
12.878795 34.151064
12.409554 33.994651
13.035209 33.838237
13.348036 33.681823
12.722381 33.525409
12.409554 33.368996
12.409554 33.212582
13.348036 33.056168
13.191622 32.899754
13.348036 32.743341
12.409554 32.586927
12.565967 32.430513
13.191622 32.274099
13.035209 32.117686
12.878795 31.961272
13.348036 31.804858
13.035209 31.648444
13.191622 31.492031
13.348036 31.335617
13.191622 31.179203
13.035209 31.022789
13.348036 30.866376
13.504450 30.709962
13.191622 30.553548
12.878795 30.397135
13.348036 30.240721
13.348036 30.084307
12.722381 29.927893
11.940313 29.771480
13.191622 29.615066
13.348036 29.458652
13.035209 29.302238
13.191622 29.145825
13.348036 28.989411
13.191622 28.832997
13.348036 28.676583
13.348036 28.520170
12.878795 28.363756
13.191622 28.207342
13.191622 28.050928
12.409554 27.894515
12.253140 27.738101
13.035209 27.581687
12.565967 27.425273
13.035209 27.268860
12.409554 27.112446
13.191622 26.956032
12.878795 26.799618
13.035209 26.643205
12.878795 26.486791
13.035209 26.330377
12.253140 26.173963
13.191622 26.017550
12.722381 25.861136
13.504450 25.704722
13.191622 25.548308
13.191622 25.391895
12.096726 25.235481
13.035209 25.079067
11.627485 24.922653
13.191622 24.766240
13.191622 24.609826
12.722381 24.453412
13.348036 24.296998
13.504450 24.140585
12.878795 23.984171
13.504450 23.827757
12.565967 23.671343
12.878795 23.514930
13.035209 23.358516
13.191622 23.202102
13.348036 23.045688
13.191622 22.889275
13.191622 22.732861
13.504450 22.576447
13.348036 22.420033
13.504450 22.263620
13.504450 22.107206
12.409554 21.950792
13.348036 21.794378
13.191622 21.637965
12.722381 21.481551
13.191622 21.325137
13.504450 21.168724
13.348036 21.012310
13.504450 20.855896
13.348036 20.699482
13.348036 20.543069
13.660864 20.386655
13.660864 20.230241
13.348036 20.073827
13.504450 19.917414
13.348036 19.761000
13.504450 19.604586
13.348036 19.448172
13.348036 19.291759
13.191622 19.135345
13.348036 18.978931
13.348036 18.822517
13.191622 18.666104
13.504450 18.509690
13.191622 18.353276
13.504450 18.196862
13.660864 18.040449
13.817277 17.884035
13.660864 17.727621
13.504450 17.571207
13.191622 17.414794
12.878795 17.258380
13.348036 17.101966
13.504450 16.945552
13.817277 16.789139
13.035209 16.632725
13.035209 16.476311
13.348036 16.319897
13.504450 16.163484
13.191622 16.007070
13.191622 15.850656
13.191622 15.694242
13.348036 15.537829
12.878795 15.381415
13.191622 15.225001
13.348036 15.068587
13.348036 14.912174
13.191622 14.755760
13.191622 14.599346
13.191622 14.442932
13.191622 14.286519
13.191622 14.130105
13.348036 13.973691
13.191622 13.817277
13.035209 13.660864
12.565967 13.504450
13.348036 13.348036
13.504450 13.191622
13.191622 13.035209
13.191622 12.878795
13.348036 12.722381
13.348036 12.565967
12.878795 12.409554
13.191622 12.253140
13.348036 12.096726
12.878795 11.940313
13.348036 11.783899
13.348036 11.627485
13.035209 11.471071
12.096726 11.314658
13.348036 11.158244
13.035209 11.001830
13.191622 10.845416
13.191622 10.689003
12.565967 10.532589
12.409554 10.376175
12.253140 10.219761
12.253140 10.063348
12.722381 9.906934
12.253140 9.750520
11.314658 9.594106
12.409554 9.437693
11.783899 9.281279
12.722381 9.124865
12.409554 8.968451
12.878795 8.812038
12.409554 8.655624
12.565967 8.499210
12.409554 8.342796
12.565967 8.186383
12.565967 8.029969
12.409554 7.873555
12.722381 7.717141
12.565967 7.560728
11.940313 7.404314
12.409554 7.247900
12.253140 7.091486
11.627485 6.935073
11.783899 6.778659
13.817277 6.622245
15.850656 6.465831
16.007070 6.309418
18.040449 6.153004
18.666104 5.996590
18.822517 5.840176
20.543069 5.683763
20.386655 5.527349
22.420033 5.370935
23.045688 5.214521
23.358516 5.058108
25.861136 4.901694
26.017550 4.745280
25.861136 4.588866
27.425273 4.432453
29.145825 4.276039
28.989411 4.119625
30.397135 3.963211
32.274099 3.806798
33.838237 3.650384
34.463892 3.493970
35.245961 3.337557
36.340857 3.181143
37.435753 3.024729
37.904994 2.868315
38.687063 2.711902
38.999891 2.555488
38.843477 2.399074
39.469132 2.242660
39.781959 2.086247
39.781959 1.929833
39.625545 1.773419
