3.337557 170.700264
2.711902 170.856678
3.337557 171.325919
3.181143 171.013092
2.711902 171.169506
3.024729 171.638747
2.868315 171.482333
3.493970 172.107988
3.181143 171.951574
3.024729 171.795161
3.181143 172.420816
3.181143 172.264402
3.181143 172.577229
3.493970 173.046471
3.181143 172.733643
3.024729 172.890057
3.024729 173.359298
2.868315 173.515712
3.024729 173.202884
3.024729 173.828539
3.024729 173.672126
3.493970 174.297780
3.024729 174.141367
2.868315 173.984953
3.181143 174.767022
3.337557 174.610608
2.868315 174.923435
3.024729 174.454194
3.493970 175.079849
3.337557 175.549090
3.337557 175.392677
2.868315 175.236263
3.024729 175.705504
3.181143 176.018332
2.868315 175.861918
2.868315 176.487573
2.711902 176.331159
3.181143 176.643987
3.337557 177.113228
3.024729 176.956814
3.181143 176.800400
2.555488 176.174745
3.337557 177.426055
3.181143 177.269642
3.493970 177.895297
3.337557 177.738883
2.868315 177.582469
3.493970 178.051710
3.337557 178.208124
3.493970 178.833779
3.337557 178.520952
3.181143 178.677365
3.493970 179.146607
2.711902 178.364538
3.181143 178.990193
3.337557 179.772262
3.024729 179.615848
3.337557 179.303020
3.650384 180.085089
3.337557 179.928675
2.868315 179.459434
3.493970 180.397917
3.337557 180.710744
3.337557 180.554330
3.024729 180.241503
3.181143 180.867158
3.024729 181.336399
3.181143 181.179985
3.181143 181.023572
3.024729 181.492813
2.868315 181.962054
2.868315 181.649227
3.024729 182.118468
2.868315 181.805640
3.181143 182.274882
3.181143 182.587709
3.181143 182.431295
3.337557 183.056950
3.337557 182.900536
2.868315 182.744123
3.181143 183.369778
3.181143 183.839019
3.337557 183.682605
3.024729 183.526191
2.868315 183.213364
3.181143 183.995433
3.181143 184.308260
3.181143 184.151846
3.337557 184.621088
3.024729 184.464674
3.181143 184.933915
3.181143 184.777501
3.650384 185.559570
3.650384 185.090329
3.493970 185.403156
3.493970 185.246743
3.493970 185.715984
3.181143 185.872398
3.337557 186.185225
3.493970 186.654466
3.337557 186.498053
3.337557 186.028811
3.024729 186.341639
3.337557 186.810880
3.337557 187.123708
3.337557 186.967294
3.493970 187.436535
3.337557 187.280121
3.181143 187.905776
3.181143 187.592949
3.337557 188.218604
3.493970 188.062190
3.337557 188.375018
2.711902 187.749363
3.493970 189.313500
3.024729 188.687845
3.650384 189.782741
3.337557 189.626328
3.337557 189.000673
3.181143 188.844259
3.337557 189.469914
3.024729 189.157086
2.711902 188.531431
3.337557 190.251983
3.181143 189.939155
3.024729 190.564810
2.711902 190.095569
3.337557 191.190465
3.337557 191.034051
3.024729 190.877638
3.024729 190.721224
2.555488 190.408396
2.868315 191.346879
3.337557 191.816120
3.024729 191.503293
3.024729 191.659706
3.181143 191.972534
3.493970 192.911016
2.868315 192.598189
2.868315 192.128947
2.868315 192.441775
3.024729 192.285361
2.868315 192.754602
3.337557 193.067430
3.181143 193.223844
3.181143 193.536671
3.024729 193.849499
3.181143 193.693085
3.493970 194.318740
3.181143 194.162326
3.650384 194.475154
2.868315 194.005912
2.711902 193.380257
3.650384 194.631567
3.650384 195.257222
3.493970 194.944395
3.337557 194.787981
2.868315 195.100809
3.181143 196.352119
3.024729 196.195705
3.337557 195.882877
3.181143 195.726464
2.399074 195.413636
2.868315 196.508532
2.711902 195.570050
2.868315 196.664946
2.868315 196.039291
2.868315 196.821360
3.337557 197.603429
3.337557 197.290601
3.024729 197.134187
2.868315 196.977774
3.337557 197.916256
3.337557 197.759842
3.024729 197.447015
3.337557 198.229084
3.181143 198.072670
3.337557 198.385497
2.868315 198.698325
3.181143 198.541911
3.181143 198.854739
3.181143 199.167566
3.024729 199.011152
3.181143 199.323980
3.181143 199.636807
3.337557 199.480394
3.337557 199.949635
3.337557 199.793221
2.868315 200.106049
3.181143 200.418876
2.868315 200.262462
3.181143 200.888117
3.337557 200.731704
3.181143 200.575290
3.337557 201.357358
3.181143 201.513772
3.181143 201.200945
3.024729 201.044531
2.868315 201.670186
3.337557 202.295841
2.868315 201.983013
2.555488 201.826600
3.337557 203.077910
3.493970 202.921496
3.024729 202.139427
3.337557 203.234323
3.181143 202.608668
2.711902 202.452255
3.181143 203.390737
2.868315 202.765082
3.181143 203.859978
3.024729 203.703565
2.711902 204.016392
2.399074 203.547151
2.711902 204.172806
3.024729 204.642047
3.024729 204.485633
3.024729 204.329220
3.024729 204.954875
3.024729 205.267702
2.711902 204.798461
3.181143 205.424116
3.024729 205.111288
3.024729 205.736943
3.181143 205.893357
3.181143 205.580530
3.337557 206.519012
3.181143 206.362598
2.555488 206.206185
3.337557 206.675426
2.711902 206.049771
3.493970 206.831840
3.181143 206.988253
2.868315 207.301081
2.868315 207.144667
2.711902 207.457495
3.181143 207.926736
3.181143 208.083150
3.024729 207.613908
3.024729 208.239563
3.024729 207.770322
2.868315 208.395977
3.650384 209.490873
3.337557 209.178046
3.337557 209.021632
2.711902 208.552391
3.493970 209.334460
2.868315 208.865218
2.555488 208.708805
3.181143 210.116528
3.650384 209.960114
3.493970 209.803701
2.711902 210.272942
2.711902 209.647287
3.337557 210.742183
3.337557 211.055011
3.337557 210.898597
3.181143 210.429356
3.650384 211.211424
3.181143 210.585769
2.868315 211.837079
3.181143 211.680666
3.493970 211.524252
3.024729 212.306321
2.711902 212.149907
3.181143 211.367838
2.555488 211.993493
3.337557 212.775562
3.181143 212.619148
3.337557 213.088389
3.337557 212.931976
3.024729 212.462734
3.024729 213.244803
2.868315 213.557631
2.711902 213.401217
3.024729 213.870458
2.711902 213.714044
3.493970 214.183286
3.181143 214.652527
3.493970 214.339699
2.868315 214.496113
3.024729 214.026872
2.711902 214.808941
2.555488 214.965354
2.868315 215.747423
2.868315 215.591009
2.242660 215.121768
3.024729 215.903837
2.555488 215.434596
2.399074 215.278182
2.868315 216.060251
3.024729 216.216664
3.024729 217.155147
3.024729 216.529492
2.711902 216.998733
3.181143 216.685906
3.181143 216.842319
2.555488 216.373078
2.868315 218.406457
2.711902 218.250043
2.868315 218.093629
2.868315 217.780802
2.868315 217.624388
2.555488 217.311561
2.711902 217.937216
2.399074 217.467974
2.242660 219.032112
2.086247 218.719284
1.773419 218.562871
1.929833 218.875698
1.617005 219.188525
1.617005 219.657767
1.617005 219.501353
1.617005 219.344939
