2.086247 295.518433
2.242660 295.049192
2.711902 294.736365
2.242660 294.110710
1.929833 293.797882
2.242660 292.702986
2.868315 288.166987
3.181143 288.010574
3.024729 287.228505
2.086247 272.212785
2.399074 272.056372
2.399074 271.899958
1.929833 271.743544
2.399074 271.587130
1.773419 271.430717
2.399074 271.274303
2.086247 271.117889
2.399074 270.961475
2.242660 270.805062
2.086247 270.648648
2.399074 270.492234
2.399074 270.335820
2.242660 270.179407
2.242660 270.022993
2.399074 269.866579
2.242660 269.710165
1.773419 269.553752
2.242660 267.363959
2.555488 267.051132
2.086247 266.738304
1.929833 266.581890
2.086247 266.425477
2.242660 266.269063
2.242660 265.956235
1.929833 265.799822
1.773419 265.643408
2.555488 265.486994
2.399074 265.330580
2.399074 265.174167
2.086247 265.017753
2.399074 264.548512
2.086247 263.766443
1.617005 263.610029
1.929833 263.297202
2.086247 263.140788
1.617005 262.984374
2.086247 262.827961
1.773419 262.358719
1.773419 262.045892
1.929833 261.889478
1.617005 261.733064
1.929833 261.420237
1.617005 261.263823
1.617005 260.794582
1.617005 260.638168
1.773419 260.481754
1.617005 260.325341
1.617005 259.074031
1.773419 258.917617
1.773419 258.761203
1.929833 258.604789
1.773419 258.448376
1.929833 258.291962
1.929833 258.135548
1.929833 257.979134
1.773419 257.822721
1.773419 257.509893
1.929833 257.353479
1.929833 257.197066
2.086247 257.040652
1.617005 256.884238
2.242660 256.727824
1.929833 256.571411
1.617005 256.414997
1.929833 256.258583
1.929833 256.102169
1.617005 255.945756
1.929833 255.789342
1.617005 255.632928
1.773419 255.476514
2.242660 255.320101
2.242660 255.163687
1.929833 255.007273
1.617005 254.850859
1.929833 254.694446
1.929833 254.538032
2.242660 254.381618
1.929833 254.225205
2.242660 254.068791
2.242660 253.912377
7.091486 253.755963
7.091486 253.599550
7.247900 253.443136
1.929833 253.286722
1.929833 253.130308
1.773419 252.973895
1.929833 252.817481
2.086247 252.661067
1.617005 252.504653
1.617005 252.348240
1.617005 252.191826
2.086247 251.409757
2.086247 251.253343
1.617005 251.096930
2.086247 250.940516
1.929833 250.784102
2.086247 250.627688
1.773419 250.471275
2.242660 250.314861
1.929833 250.158447
7.247900 250.002033
7.091486 249.845620
1.929833 249.689206
1.929833 248.907137
2.086247 248.750723
2.242660 248.594310
1.617005 248.437896
1.929833 248.281482
1.929833 248.125068
1.773419 247.968655
1.773419 247.655827
2.086247 247.499413
1.929833 247.343000
1.929833 247.186586
1.617005 247.030172
1.929833 246.873758
1.929833 246.717345
2.086247 246.560931
1.617005 246.248103
1.929833 245.778862
1.929833 245.622449
1.929833 245.466035
7.717141 245.309621
7.560728 245.153207
7.560728 244.996794
2.242660 244.840380
7.560728 244.683966
2.242660 244.527552
1.773419 244.371139
1.617005 244.214725
1.929833 244.058311
1.929833 243.901897
2.086247 243.745484
1.929833 243.589070
7.404314 243.432656
7.091486 243.276242
7.404314 243.119829
7.560728 242.963415
1.773419 242.807001
1.617005 242.650587
2.086247 242.494174
2.086247 242.337760
1.929833 242.181346
1.929833 242.024932
1.929833 241.868519
2.242660 241.712105
2.242660 241.555691
2.399074 241.399277
2.399074 241.242864
2.086247 241.086450
2.399074 240.930036
2.399074 240.773622
7.717141 240.617209
7.873555 240.460795
1.929833 240.304381
2.086247 240.147967
2.242660 239.991554
2.086247 239.835140
2.555488 239.678726
2.242660 239.522312
2.086247 239.365899
2.399074 239.209485
7.404314 239.053071
8.029969 238.896657
7.560728 238.740244
7.717141 238.583830
8.029969 238.427416
7.717141 238.271002
7.717141 238.114589
7.873555 237.958175
7.404314 237.801761
7.873555 237.645347
7.873555 237.488934
2.086247 237.332520
2.242660 237.176106
2.086247 237.019692
2.242660 236.863279
2.086247 236.706865
1.929833 236.550451
2.242660 236.394038
2.242660 236.237624
2.086247 236.081210
2.242660 235.924796
8.029969 235.768383
2.242660 235.611969
2.399074 235.455555
2.242660 235.299141
2.399074 235.142728
7.560728 234.986314
8.186383 234.829900
8.342796 234.673486
8.029969 234.517073
1.929833 234.360659
1.773419 234.204245
1.773419 234.047831
1.929833 233.891418
2.086247 233.735004
1.929833 233.578590
2.086247 233.422176
8.342796 233.265763
8.812038 233.109349
2.399074 232.952935
1.929833 232.796521
8.499210 232.640108
8.342796 232.483694
8.499210 232.327280
8.499210 232.170866
8.812038 232.014453
8.342796 231.858039
2.086247 231.701625
2.242660 231.545211
2.399074 231.388798
8.812038 231.232384
8.655624 231.075970
8.499210 230.919556
8.968451 230.763143
8.968451 230.606729
2.086247 230.450315
2.242660 230.293901
2.086247 230.137488
2.242660 229.981074
2.086247 229.824660
2.242660 229.668246
2.086247 229.511833
2.242660 229.355419
1.773419 229.199005
2.086247 229.042591
2.242660 228.886178
9.281279 228.729764
9.594106 228.573350
9.594106 228.416936
2.399074 228.260523
9.594106 228.104109
9.437693 227.947695
2.399074 227.791281
2.086247 227.634868
2.086247 227.478454
9.281279 227.322040
9.750520 227.165627
9.750520 227.009213
9.906934 226.852799
1.773419 226.696385
9.750520 226.539972
1.929833 226.383558
9.594106 226.227144
9.906934 226.070730
9.906934 225.914317
9.906934 225.757903
9.594106 225.601489
10.063348 225.445075
9.750520 225.288662
1.617005 225.132248
2.086247 224.975834
1.617005 224.819420
1.929833 224.663007
1.773419 224.506593
1.617005 224.350179
1.773419 224.193765
1.773419 224.037352
1.617005 223.880938
1.617005 223.724524
2.086247 223.568110
2.086247 223.411697
1.773419 223.255283
1.929833 223.098869
2.086247 222.942455
2.086247 222.786042
2.242660 222.629628
2.242660 222.473214
2.242660 222.316800
2.086247 222.160387
10.689003 222.003973
10.376175 221.847559
10.845416 221.691145
10.845416 221.534732
10.845416 221.378318
10.845416 221.221904
11.001830 221.065490
10.532589 220.909077
10.845416 220.752663
10.376175 220.596249
10.532589 220.439835
1.773419 220.283422
1.929833 220.127008
2.086247 219.970594
1.929833 219.814180
2.086247 219.657767
2.086247 219.501353
2.086247 219.344939
1.929833 219.188525
1.773419 219.032112
2.086247 218.875698
2.555488 218.719284
2.086247 218.562871
2.399074 218.406457
2.399074 218.250043
2.086247 218.093629
11.314658 217.937216
11.314658 217.780802
11.158244 217.624388
2.086247 217.467974
2.242660 217.311561
11.471071 217.155147
2.086247 216.998733
11.314658 216.842319
11.627485 216.685906
11.627485 216.529492
11.627485 216.373078
11.940313 216.216664
11.783899 216.060251
11.783899 215.903837
2.711902 215.747423
2.555488 215.591009
2.086247 215.434596
2.711902 215.278182
11.940313 215.121768
12.096726 214.965354
11.940313 214.808941
11.940313 214.652527
11.783899 214.496113
11.783899 214.339699
11.940313 214.183286
12.253140 214.026872
12.096726 213.870458
12.096726 213.714044
12.096726 213.557631
12.096726 213.401217
12.253140 213.244803
12.253140 213.088389
11.940313 212.931976
12.253140 212.775562
12.409554 212.619148
12.409554 212.462734
12.253140 212.306321
12.409554 212.149907
12.409554 211.993493
11.783899 211.837079
12.253140 211.680666
12.253140 211.524252
12.253140 211.367838
12.409554 211.211424
12.409554 211.055011
12.409554 210.898597
12.253140 210.742183
12.409554 210.585769
12.565967 210.429356
12.096726 210.272942
12.253140 210.116528
12.565967 209.960114
11.783899 209.803701
2.399074 209.647287
12.565967 209.490873
12.096726 209.334460
11.940313 209.178046
12.096726 209.021632
2.555488 208.865218
12.096726 208.708805
12.409554 208.552391
12.253140 208.395977
12.096726 208.239563
12.096726 208.083150
12.253140 207.926736
2.399074 207.770322
2.555488 207.613908
12.253140 207.457495
12.096726 207.301081
11.627485 207.144667
11.940313 206.988253
12.253140 206.831840
11.627485 206.675426
11.627485 206.519012
11.940313 206.362598
12.096726 206.206185
11.940313 206.049771
11.783899 205.893357
11.940313 205.736943
11.940313 205.580530
11.471071 205.424116
12.096726 205.267702
11.783899 205.111288
11.940313 204.954875
11.471071 204.798461
11.627485 204.642047
11.783899 204.485633
12.253140 204.329220
12.565967 204.172806
12.722381 204.016392
12.878795 203.859978
12.096726 203.703565
12.722381 203.547151
12.722381 203.390737
12.878795 203.234323
12.878795 203.077910
12.722381 202.921496
12.096726 202.765082
12.409554 202.608668
2.399074 202.452255
12.409554 202.295841
12.722381 202.139427
12.409554 201.983013
12.565967 201.826600
12.409554 201.670186
12.565967 201.513772
12.096726 201.357358
12.722381 201.200945
12.409554 201.044531
12.565967 200.888117
12.565967 200.731704
12.565967 200.575290
12.253140 200.418876
12.409554 200.262462
11.940313 200.106049
12.409554 199.949635
11.940313 199.793221
2.242660 199.636807
12.096726 199.480394
12.096726 199.323980
12.096726 199.167566
11.627485 199.011152
1.617005 198.698325
1.617005 198.385497
1.617005 198.072670
1.617005 197.916256
10.532589 197.603429
10.689003 197.447015
10.845416 197.290601
10.845416 197.134187
10.845416 196.977774
10.845416 196.821360
2.086247 196.664946
11.001830 196.508532
11.158244 196.352119
10.689003 196.195705
1.929833 196.039291
1.929833 195.882877
11.001830 195.726464
11.158244 195.570050
11.001830 195.413636
10.532589 195.257222
10.689003 195.100809
10.689003 194.944395
1.929833 194.787981
1.617005 194.475154
1.773419 194.318740
1.929833 194.005912
2.086247 193.849499
1.929833 193.693085
2.086247 193.536671
1.617005 193.380257
1.773419 193.223844
1.617005 193.067430
1.929833 192.911016
1.929833 192.754602
1.617005 192.598189
1.617005 192.441775
1.617005 192.285361
10.063348 191.659706
10.376175 191.503293
1.617005 191.346879
1.617005 191.034051
1.617005 190.877638
1.617005 187.592949
1.617005 186.654466
1.617005 186.498053
1.617005 186.341639
1.773419 186.185225
1.929833 186.028811
1.617005 185.872398
1.617005 185.715984
2.242660 185.559570
1.929833 185.403156
1.617005 185.246743
1.617005 184.464674
1.929833 183.682605
1.773419 183.526191
1.773419 183.056950
2.086247 182.744123
2.086247 182.587709
2.086247 182.431295
8.968451 182.274882
9.281279 182.118468
2.086247 181.962054
9.437693 181.805640
9.437693 181.649227
2.086247 181.492813
9.906934 181.336399
1.617005 180.554330
1.617005 180.397917
2.086247 180.241503
1.929833 180.085089
9.750520 179.928675
1.773419 179.772262
1.617005 179.615848
1.773419 179.459434
1.617005 179.303020
1.773419 179.146607
1.617005 178.051710
1.617005 175.705504
1.773419 175.549090
1.617005 175.392677
1.617005 175.236263
1.617005 175.079849
1.617005 172.420816
1.617005 172.107988
1.929833 171.951574
1.617005 171.795161
1.773419 171.638747
8.342796 171.482333
9.124865 171.325919
9.124865 171.169506
9.124865 171.013092
9.437693 170.856678
9.124865 170.700264
