40.720442 295.674847
40.564028 295.518433
40.251200 295.362020
40.876855 295.205606
40.094787 295.049192
40.720442 294.892778
40.251200 294.736365
40.251200 294.579951
40.407614 294.423537
40.251200 294.267123
40.094787 294.110710
40.720442 293.954296
40.564028 293.797882
40.407614 293.641468
40.720442 293.485055
40.564028 293.328641
40.564028 293.172227
39.938373 293.015813
40.407614 292.859400
40.564028 292.702986
40.251200 292.546572
40.094787 292.390158
40.564028 292.233745
40.251200 292.077331
40.720442 291.920917
40.407614 291.764503
40.564028 291.608090
40.720442 291.451676
40.407614 291.295262
40.564028 291.138848
40.720442 290.982435
40.407614 290.826021
40.251200 290.669607
40.564028 290.513193
3.181143 290.356780
40.876855 290.200366
40.720442 290.043952
40.720442 289.887539
40.564028 289.731125
40.720442 289.574711
40.876855 289.418297
40.720442 289.261884
40.720442 289.105470
40.564028 288.949056
40.720442 288.792642
40.876855 288.636229
40.564028 288.479815
40.564028 288.323401
40.720442 288.166987
40.720442 288.010574
40.564028 287.854160
40.876855 287.697746
40.564028 287.541332
40.407614 287.384919
40.720442 287.228505
40.251200 287.072091
40.564028 286.915677
40.720442 286.759264
40.564028 286.602850
40.251200 286.446436
40.564028 286.290022
40.720442 286.133609
40.564028 285.977195
40.720442 285.820781
40.407614 285.664367
40.251200 285.507954
40.720442 285.351540
40.720442 285.195126
40.564028 285.038712
40.564028 284.882299
40.720442 284.725885
40.564028 284.569471
40.564028 284.413057
40.720442 284.256644
40.720442 284.100230
40.407614 283.943816
40.564028 283.787402
40.407614 283.630989
40.564028 283.474575
40.564028 283.318161
40.564028 283.161747
40.720442 283.005334
40.564028 282.848920
40.251200 282.692506
40.251200 282.536092
40.564028 282.379679
40.564028 282.223265
40.407614 282.066851
40.407614 281.910437
40.720442 281.754024
40.876855 281.597610
40.876855 281.441196
40.407614 281.284783
40.407614 281.128369
40.720442 280.971955
40.720442 280.815541
40.720442 280.659128
40.564028 280.502714
40.564028 280.346300
40.094787 280.189886
40.564028 280.033473
40.407614 279.877059
40.720442 279.720645
40.564028 279.564231
40.407614 279.407818
40.564028 279.251404
40.407614 279.094990
40.720442 278.938576
40.564028 278.782163
39.938373 278.625749
40.720442 278.469335
40.720442 278.312921
40.720442 278.156508
40.564028 278.000094
40.407614 277.843680
40.407614 277.687266
40.564028 277.530853
40.407614 277.374439
40.564028 277.218025
40.720442 277.061611
40.564028 276.905198
40.407614 276.748784
40.564028 276.592370
40.407614 276.435956
40.564028 276.279543
40.720442 276.123129
40.564028 275.966715
40.720442 275.810301
40.720442 275.653888
40.094787 275.497474
40.564028 275.341060
40.251200 275.184646
40.564028 275.028233
40.564028 274.871819
40.407614 274.715405
40.407614 274.558991
40.251200 274.402578
40.251200 274.246164
40.094787 274.089750
40.094787 273.933336
39.938373 273.776923
39.312718 273.620509
2.399074 273.464095
2.086247 273.307681
2.242660 273.151268
2.399074 272.994854
2.399074 272.838440
2.399074 272.682026
2.242660 272.525613
2.555488 272.369199
46.507750 272.212785
46.976992 272.056372
46.820578 271.899958
46.976992 271.743544
2.555488 271.587130
46.976992 271.430717
2.399074 271.274303
46.507750 271.117889
46.664164 270.961475
2.399074 270.805062
46.820578 270.648648
46.194923 270.492234
2.242660 270.335820
2.086247 270.179407
2.242660 270.022993
46.820578 269.866579
46.820578 269.710165
2.399074 269.553752
46.664164 269.397338
46.976992 269.240924
46.664164 269.084510
46.820578 268.928097
46.664164 268.771683
46.820578 268.615269
46.664164 268.458855
46.820578 268.302442
46.351337 268.146028
46.664164 267.989614
1.773419 267.833200
2.242660 267.676787
46.820578 267.520373
2.086247 267.363959
2.399074 267.207545
46.820578 267.051132
46.820578 266.894718
2.242660 266.738304
46.664164 266.581890
46.664164 266.425477
1.929833 266.269063
46.194923 266.112649
46.820578 265.956235
46.820578 265.799822
47.133405 265.643408
47.133405 265.486994
46.820578 265.330580
46.820578 265.174167
46.664164 265.017753
46.820578 264.861339
46.976992 264.704925
46.820578 264.548512
46.664164 264.392098
1.617005 264.235684
46.664164 264.079270
1.617005 261.889478
1.617005 261.576651
2.086247 261.107409
2.086247 260.950996
2.086247 260.012513
1.773419 259.856099
1.617005 259.699686
1.773419 259.543272
1.929833 259.386858
1.929833 259.230444
1.617005 259.074031
1.617005 258.761203
1.929833 258.604789
1.773419 258.448376
1.929833 258.291962
2.086247 258.135548
1.617005 257.979134
1.773419 257.822721
1.773419 257.353479
1.617005 257.197066
2.086247 257.040652
1.773419 256.884238
1.617005 256.727824
1.617005 256.258583
1.773419 256.102169
8.812038 255.945756
9.124865 255.789342
2.086247 255.632928
1.929833 255.476514
1.929833 255.320101
8.499210 255.163687
9.124865 255.007273
8.968451 254.850859
8.968451 254.694446
8.812038 254.538032
1.617005 252.348240
1.617005 252.191826
1.617005 252.035412
1.617005 251.878998
1.773419 251.566171
2.086247 251.409757
2.242660 251.253343
2.086247 251.096930
2.086247 250.940516
1.617005 250.784102
1.773419 250.627688
1.617005 250.471275
1.617005 250.158447
1.773419 249.845620
1.929833 249.689206
2.086247 249.532792
1.929833 249.376378
1.773419 249.219965
1.929833 249.063551
2.086247 248.907137
1.773419 248.750723
2.086247 248.594310
1.929833 248.437896
1.929833 248.281482
2.086247 248.125068
2.242660 247.968655
2.242660 247.812241
2.242660 247.655827
1.929833 247.499413
1.773419 247.343000
1.773419 247.186586
2.242660 247.030172
1.929833 246.873758
1.929833 246.717345
2.086247 246.560931
2.086247 246.404517
2.399074 246.248103
2.242660 246.091690
2.086247 245.935276
2.399074 245.778862
9.594106 245.622449
9.594106 245.466035
9.281279 245.309621
9.437693 245.153207
2.086247 244.996794
1.773419 244.840380
2.242660 244.683966
2.399074 244.527552
2.242660 244.371139
2.399074 244.214725
2.399074 244.058311
2.086247 243.901897
1.617005 243.745484
2.086247 243.589070
2.242660 243.432656
2.086247 243.276242
1.929833 243.119829
1.617005 242.963415
9.594106 242.650587
1.773419 242.494174
1.773419 242.337760
10.063348 242.181346
1.617005 240.930036
1.617005 240.773622
1.929833 240.617209
1.929833 240.304381
2.086247 240.147967
1.773419 239.991554
10.376175 239.835140
1.929833 239.678726
10.376175 239.522312
10.219761 239.365899
1.617005 239.209485
10.219761 239.053071
10.376175 238.896657
10.532589 238.740244
1.929833 238.583830
10.376175 238.427416
1.617005 238.114589
1.773419 237.958175
1.929833 237.801761
2.086247 237.645347
11.158244 237.488934
10.689003 237.332520
2.242660 237.176106
2.086247 237.019692
11.158244 236.863279
11.158244 236.706865
11.314658 236.550451
11.314658 236.394038
11.471071 236.237624
11.471071 236.081210
11.314658 235.924796
11.314658 235.768383
11.314658 235.611969
2.399074 235.455555
2.242660 235.299141
2.242660 235.142728
2.086247 234.986314
11.627485 234.829900
11.627485 234.673486
11.471071 234.517073
11.783899 234.360659
11.627485 234.204245
11.783899 234.047831
11.783899 233.891418
2.242660 233.735004
2.086247 233.578590
2.086247 233.422176
2.242660 233.265763
1.617005 233.109349
2.086247 232.952935
1.617005 232.796521
2.242660 232.640108
2.086247 232.483694
2.242660 232.327280
2.399074 232.170866
2.242660 232.014453
2.242660 231.858039
2.399074 231.701625
2.399074 231.545211
1.773419 231.388798
1.773419 231.232384
2.242660 231.075970
2.399074 230.919556
2.555488 230.763143
2.086247 230.606729
2.399074 230.450315
2.242660 230.293901
1.617005 230.137488
2.086247 229.981074
2.555488 229.824660
2.086247 229.668246
2.555488 229.511833
2.555488 229.355419
2.242660 229.199005
1.773419 229.042591
2.086247 228.886178
13.035209 228.729764
13.191622 228.573350
13.348036 228.416936
2.242660 228.260523
2.086247 228.104109
2.242660 227.947695
2.086247 227.791281
2.242660 227.634868
2.242660 227.478454
2.399074 227.322040
13.660864 227.165627
13.660864 227.009213
13.504450 226.852799
13.660864 226.696385
1.773419 226.539972
13.504450 226.383558
1.773419 226.227144
1.929833 226.070730
13.973691 225.914317
13.817277 225.757903
13.660864 225.601489
14.130105 225.445075
14.286519 225.288662
2.399074 225.132248
14.130105 224.975834
2.399074 224.819420
2.086247 224.663007
2.242660 224.506593
2.399074 224.350179
2.555488 224.193765
2.555488 224.037352
2.711902 223.880938
2.711902 223.724524
2.711902 223.568110
2.868315 223.411697
2.711902 223.255283
2.399074 223.098869
2.399074 222.942455
2.711902 222.786042
2.868315 222.629628
2.555488 222.473214
2.711902 222.316800
2.555488 222.160387
2.868315 222.003973
2.399074 221.847559
2.711902 221.691145
2.242660 221.534732
2.868315 221.378318
2.868315 221.221904
2.555488 221.065490
15.694242 220.909077
15.850656 220.752663
2.868315 220.596249
15.850656 220.439835
2.555488 220.283422
2.868315 220.127008
2.242660 219.970594
2.711902 219.814180
2.555488 219.657767
2.711902 219.501353
15.537829 219.344939
15.694242 219.188525
15.694242 219.032112
15.850656 218.875698
15.694242 218.719284
15.381415 218.562871
15.694242 218.406457
15.850656 218.250043
16.007070 218.093629
15.850656 217.937216
15.694242 217.780802
15.850656 217.624388
2.242660 217.467974
15.850656 217.311561
15.537829 217.155147
15.850656 216.998733
16.007070 216.842319
15.537829 216.685906
16.007070 216.529492
15.694242 216.373078
16.007070 216.216664
15.694242 216.060251
15.694242 215.903837
16.163484 215.747423
16.163484 215.591009
16.163484 215.434596
16.007070 215.278182
16.163484 215.121768
16.163484 214.965354
15.850656 214.808941
15.381415 214.652527
15.850656 214.496113
16.007070 214.339699
16.007070 214.183286
15.694242 214.026872
2.555488 213.870458
15.694242 213.714044
16.163484 213.557631
16.476311 213.401217
15.850656 213.244803
15.850656 213.088389
16.319897 212.931976
16.319897 212.775562
16.007070 212.619148
16.007070 212.462734
16.163484 212.306321
16.007070 212.149907
16.476311 211.993493
16.163484 211.837079
2.555488 211.680666
2.555488 211.524252
16.476311 211.367838
16.632725 211.211424
16.476311 211.055011
16.319897 210.898597
16.632725 210.742183
16.476311 210.585769
16.163484 210.429356
16.163484 210.272942
16.319897 210.116528
16.476311 209.960114
16.319897 209.803701
16.163484 209.647287
15.850656 209.490873
16.007070 209.334460
16.163484 209.178046
16.632725 209.021632
16.476311 208.865218
16.476311 208.708805
16.163484 208.552391
16.007070 208.395977
16.319897 208.239563
16.163484 208.083150
16.632725 207.926736
16.476311 207.770322
16.789139 207.613908
16.319897 207.457495
16.789139 207.301081
16.789139 207.144667
16.789139 206.988253
16.632725 206.831840
16.632725 206.675426
16.632725 206.519012
16.789139 206.362598
16.632725 206.206185
16.632725 206.049771
16.476311 205.893357
16.945552 205.736943
17.101966 205.580530
16.789139 205.424116
16.319897 205.267702
16.632725 205.111288
16.632725 204.954875
16.632725 204.798461
16.476311 204.642047
16.476311 204.485633
16.319897 204.329220
16.476311 204.172806
16.319897 204.016392
16.789139 203.859978
16.632725 203.703565
16.007070 203.547151
16.476311 203.390737
16.319897 203.234323
16.632725 203.077910
16.476311 202.921496
16.632725 202.765082
16.632725 202.608668
16.319897 202.452255
16.476311 202.295841
16.632725 202.139427
16.632725 201.983013
16.632725 201.826600
16.007070 201.670186
1.773419 201.513772
1.773419 201.200945
1.773419 200.731704
1.617005 200.575290
2.086247 200.418876
15.068587 200.262462
15.068587 200.106049
15.225001 199.949635
15.068587 199.793221
14.912174 199.636807
14.599346 199.323980
14.599346 199.167566
2.399074 199.011152
14.599346 198.854739
13.973691 198.698325
14.442932 198.541911
14.755760 198.385497
14.599346 198.229084
14.755760 198.072670
1.929833 197.916256
2.242660 197.759842
2.242660 197.603429
1.773419 197.290601
14.755760 197.134187
15.068587 196.977774
2.242660 196.821360
1.929833 196.664946
1.617005 196.508532
1.929833 196.352119
2.399074 196.195705
2.086247 196.039291
1.617005 195.882877
1.773419 195.726464
1.773419 195.570050
2.242660 195.413636
1.617005 195.100809
1.617005 194.944395
1.929833 194.787981
1.773419 194.631567
1.929833 194.475154
1.773419 194.318740
1.617005 194.162326
1.929833 194.005912
2.086247 193.849499
1.929833 193.693085
1.617005 193.536671
1.773419 193.223844
1.617005 192.754602
1.617005 192.598189
1.617005 192.441775
1.617005 191.659706
1.617005 191.503293
1.617005 190.251983
1.929833 182.587709
2.086247 182.431295
1.929833 182.274882
2.399074 182.118468
2.086247 181.962054
2.555488 181.805640
2.555488 181.649227
2.555488 181.492813
2.399074 181.336399
2.399074 181.179985
2.399074 181.023572
2.711902 180.867158
2.242660 180.710744
2.711902 180.554330
2.711902 180.397917
2.711902 180.241503
2.399074 180.085089
2.555488 179.928675
2.399074 179.772262
2.242660 179.615848
2.711902 179.459434
2.711902 179.303020
2.242660 179.146607
2.086247 178.990193
2.399074 178.833779
2.086247 178.677365
2.399074 178.520952
2.086247 178.364538
1.929833 178.208124
2.242660 178.051710
2.399074 177.895297
2.399074 177.738883
2.242660 177.582469
2.399074 177.426055
2.242660 177.269642
2.242660 177.113228
2.242660 176.956814
2.399074 176.800400
2.242660 176.643987
1.929833 176.487573
1.617005 175.392677
1.773419 175.236263
12.722381 175.079849
1.929833 174.923435
1.773419 174.610608
1.617005 174.454194
1.929833 174.297780
1.773419 174.141367
1.773419 173.984953
12.565967 173.828539
12.409554 173.672126
12.722381 173.515712
12.565967 173.359298
12.565967 173.202884
12.878795 173.046471
12.722381 172.890057
12.878795 172.733643
13.035209 172.577229
12.878795 172.420816
12.878795 172.264402
12.878795 172.107988
12.565967 171.951574
12.722381 171.795161
12.878795 171.638747
12.722381 171.482333
12.253140 171.325919
12.722381 171.169506
12.565967 171.013092
12.565967 170.856678
12.565967 170.700264
12.565967 170.543851
12.253140 170.387437
12.096726 170.231023
12.096726 170.074609
2.086247 169.918196
1.773419 169.761782
2.242660 169.605368
9.750520 169.448954
9.906934 169.292541
10.376175 169.136127
10.219761 168.979713
15.694242 168.823299
16.163484 168.666886
16.789139 168.510472
20.699482 168.354058
22.732861 168.197644
25.548308 168.041231
26.486791 167.884817
26.956032 167.728403
28.207342 167.571989
30.397135 167.415576
30.397135 167.259162
34.620306 167.102748
37.279339 166.946334
39.625545 166.789921
39.938373 166.633507
40.407614 166.477093
40.564028 166.320679
40.876855 166.164266
41.033269 166.007852
41.033269 165.851438
41.033269 165.695024
40.876855 165.538611
40.720442 165.382197
40.876855 165.225783
40.720442 165.069369
40.564028 164.912956
40.564028 164.756542
40.251200 164.600128
40.251200 164.443715
40.251200 164.287301
39.938373 164.130887
40.564028 163.974473
40.564028 163.818060
40.720442 163.661646
40.720442 163.505232
40.564028 163.348818
40.564028 163.192405
40.876855 163.035991
40.720442 162.879577
41.033269 162.723163
41.033269 162.566750
41.502510 162.410336
41.658924 162.253922
41.815338 162.097508
41.815338 161.941095
41.815338 161.784681
41.971752 161.628267
41.815338 161.471853
41.971752 161.315440
41.658924 161.159026
41.502510 161.002612
41.502510 160.846198
41.033269 160.689785
41.033269 160.533371
40.876855 160.376957
40.564028 160.220543
40.564028 160.064130
40.407614 159.907716
40.407614 159.751302
40.720442 159.594888
40.720442 159.438475
40.564028 159.282061
40.564028 159.125647
40.407614 158.969233
40.564028 158.812820
40.720442 158.656406
40.720442 158.499992
40.876855 158.343578
40.720442 158.187165
40.407614 158.030751
40.720442 157.874337
40.564028 157.717923
40.251200 157.561510
1.617005 155.997372
1.929833 155.840959
1.617005 155.371717
1.617005 155.215304
1.929833 155.058890
2.086247 154.902476
1.929833 154.746062
2.399074 154.589649
2.555488 154.433235
2.711902 154.276821
2.555488 154.120407
2.399074 153.963994
2.555488 153.807580
2.868315 153.651166
2.555488 153.494752
2.242660 153.338339
1.929833 153.181925
99.844838 153.025511
99.844838 152.869097
2.086247 152.712684
2.555488 152.556270
2.555488 152.399856
100.626906 152.243442
101.096148 152.087029
101.096148 151.930615
100.939734 151.774201
3.181143 151.617787
3.024729 151.461374
3.024729 151.304960
2.242660 151.148546
3.181143 150.992132
3.181143 150.835719
3.024729 150.679305
3.181143 150.522891
3.493970 150.366477
3.181143 150.210064
1.929833 150.053650
3.493970 149.897236
3.493970 149.740822
3.493970 149.584409
3.024729 149.427995
6.778659 149.271581
2.711902 149.115167
7.091486 148.958754
7.091486 148.802340
7.560728 148.645926
7.717141 148.489512
7.717141 148.333099
7.560728 148.176685
7.717141 148.020271
7.560728 147.863857
7.404314 147.707444
7.560728 147.551030
7.404314 147.394616
7.717141 147.238202
7.404314 147.081789
9.906934 146.925375
8.029969 146.768961
9.750520 146.612548
9.281279 146.456134
9.281279 146.299720
9.594106 146.143306
10.376175 145.986893
10.376175 145.830479
10.219761 145.674065
9.750520 145.517651
9.594106 145.361238
9.594106 145.204824
9.906934 145.048410
9.594106 144.891996
9.594106 144.735583
10.063348 144.579169
10.063348 144.422755
9.906934 144.266341
9.906934 144.109928
8.499210 143.953514
8.186383 143.797100
3.650384 143.640686
2.868315 143.484273
2.711902 143.327859
100.939734 143.171445
100.939734 143.015031
99.375596 142.858618
99.532010 142.702204
98.906355 142.545790
99.375596 142.389376
99.532010 142.232963
6.778659 142.076549
6.778659 141.920135
6.309418 141.763721
6.778659 141.607308
6.935073 141.450894
7.717141 141.294480
7.717141 141.138066
8.342796 140.981653
8.186383 140.825239
8.342796 140.668825
8.812038 140.512411
8.812038 140.355998
9.281279 140.199584
9.750520 140.043170
9.594106 139.886756
10.063348 139.730343
9.906934 139.573929
10.063348 139.417515
10.532589 139.261101
10.219761 139.104688
5.527349 138.948274
5.527349 138.791860
10.845416 138.635446
11.314658 138.479033
11.940313 138.322619
12.253140 138.166205
12.409554 138.009792
12.409554 137.853378
12.722381 137.696964
12.878795 137.540550
12.722381 137.384137
13.817277 137.227723
13.348036 137.071309
14.286519 136.914895
14.599346 136.758482
14.912174 136.602068
15.068587 136.445654
15.225001 136.289240
15.225001 136.132827
15.694242 135.976413
15.694242 135.819999
16.007070 135.663585
16.163484 135.507172
16.319897 135.350758
16.789139 135.194344
16.632725 135.037930
16.945552 134.881517
17.727621 134.725103
18.040449 134.568689
17.884035 134.412275
18.353276 134.255862
18.040449 134.099448
18.822517 133.943034
18.040449 133.786620
18.509690 133.630207
18.978931 133.473793
19.761000 133.317379
19.761000 133.160965
20.230241 133.004552
20.386655 132.848138
20.386655 132.691724
20.699482 132.535310
20.855896 132.378897
21.168724 132.222483
21.637965 132.066069
22.576447 131.909655
22.576447 131.753242
22.732861 131.596828
22.420033 131.440414
22.889275 131.284000
22.732861 131.127587
23.045688 130.971173
23.514930 130.814759
23.827757 130.658345
23.671343 130.501932
24.296998 130.345518
24.140585 130.189104
24.296998 130.032690
24.922653 129.876277
25.079067 129.719863
25.391895 129.563449
25.548308 129.407035
25.391895 129.250622
25.548308 129.094208
25.391895 128.937794
26.173963 128.781381
26.486791 128.624967
26.643205 128.468553
26.643205 128.312139
27.112446 128.155726
27.425273 127.999312
27.581687 127.842898
28.050928 127.686484
27.738101 127.530071
27.894515 127.373657
28.520170 127.217243
28.520170 127.060829
28.676583 126.904416
