3.493970 278.782163
3.493970 278.625749
3.024729 278.469335
3.337557 278.312921
3.493970 278.156508
3.337557 278.000094
3.650384 277.843680
3.650384 277.687266
3.337557 277.530853
3.493970 277.374439
3.493970 277.218025
3.650384 277.061611
3.337557 276.905198
3.493970 276.748784
3.493970 276.592370
3.181143 276.435956
3.181143 276.279543
3.493970 276.123129
3.181143 275.966715
3.650384 275.810301
3.493970 275.653888
3.806798 275.497474
3.650384 275.341060
3.337557 275.184646
2.868315 275.028233
2.711902 274.871819
2.242660 274.715405
2.242660 274.558991
1.773419 273.933336
1.773419 273.776923
2.086247 273.620509
1.773419 273.464095
6.778659 273.307681
6.935073 273.151268
6.778659 272.994854
6.465831 272.838440
6.935073 272.682026
6.465831 272.525613
6.309418 272.369199
6.622245 272.212785
6.935073 272.056372
6.778659 271.899958
6.465831 271.743544
6.778659 271.587130
6.935073 271.430717
6.778659 271.274303
6.465831 271.117889
6.935073 270.961475
6.778659 270.805062
6.778659 270.648648
6.935073 270.492234
6.778659 270.335820
2.399074 270.179407
2.086247 270.022993
2.242660 269.866579
1.773419 269.710165
2.399074 269.553752
2.086247 269.397338
2.242660 269.240924
2.086247 269.084510
2.242660 268.928097
2.242660 268.771683
2.242660 268.615269
7.404314 268.458855
7.560728 268.302442
7.717141 268.146028
7.717141 267.989614
7.404314 267.833200
7.717141 267.676787
1.773419 267.520373
8.029969 267.363959
7.873555 267.207545
7.873555 267.051132
7.873555 266.894718
7.560728 266.738304
7.873555 266.581890
7.873555 266.425477
8.029969 266.269063
8.029969 266.112649
8.186383 265.956235
8.186383 265.799822
7.873555 265.643408
7.873555 265.486994
7.873555 265.330580
7.873555 265.174167
7.560728 265.017753
7.717141 264.861339
7.873555 264.704925
8.029969 264.548512
8.029969 264.392098
7.717141 264.235684
8.186383 264.079270
8.029969 263.922857
8.029969 263.766443
7.873555 263.610029
7.873555 263.453616
8.186383 263.297202
7.873555 263.140788
7.873555 262.984374
7.873555 262.827961
7.717141 262.671547
7.560728 262.515133
7.873555 262.358719
7.717141 262.202306
7.873555 262.045892
7.404314 261.889478
7.717141 261.733064
7.560728 261.576651
7.717141 261.420237
7.560728 261.263823
7.717141 261.107409
1.929833 260.950996
7.717141 260.794582
7.404314 260.638168
7.560728 260.481754
7.873555 260.325341
7.873555 260.168927
1.617005 260.012513
8.029969 259.856099
7.873555 259.699686
8.029969 259.543272
7.717141 259.386858
7.717141 259.230444
8.029969 259.074031
8.029969 258.917617
7.873555 258.761203
7.247900 258.604789
7.717141 258.448376
7.404314 258.291962
7.560728 258.135548
1.773419 257.979134
7.717141 257.822721
7.717141 257.666307
7.560728 257.509893
7.873555 257.353479
7.873555 257.197066
7.873555 257.040652
7.717141 256.884238
7.873555 256.727824
7.873555 256.571411
8.029969 256.414997
7.873555 256.258583
7.560728 256.102169
7.247900 255.945756
7.717141 255.789342
7.717141 255.632928
7.404314 255.476514
7.560728 255.320101
7.404314 255.163687
7.717141 255.007273
7.717141 254.850859
7.560728 254.694446
7.717141 254.538032
7.717141 254.381618
7.717141 254.225205
8.029969 254.068791
7.873555 253.912377
7.404314 253.755963
7.091486 253.599550
7.560728 253.443136
7.717141 253.286722
7.717141 253.130308
7.560728 252.973895
7.560728 252.817481
7.247900 252.661067
7.717141 252.504653
7.247900 252.348240
7.247900 252.191826
7.717141 252.035412
7.717141 251.878998
7.717141 251.722585
7.247900 251.566171
7.717141 251.409757
7.560728 251.253343
7.247900 251.096930
7.247900 250.940516
7.091486 250.784102
7.091486 250.627688
6.935073 250.471275
1.929833 250.314861
7.404314 250.158447
7.560728 250.002033
7.404314 249.845620
7.404314 249.689206
7.404314 249.532792
7.717141 249.376378
7.873555 249.219965
7.560728 249.063551
7.404314 248.907137
7.717141 248.750723
7.560728 248.594310
7.404314 248.437896
7.560728 248.281482
7.873555 248.125068
7.717141 247.968655
7.717141 247.812241
7.560728 247.655827
7.247900 247.499413
7.717141 247.343000
7.247900 247.186586
7.717141 247.030172
7.873555 246.873758
7.560728 246.717345
8.029969 246.560931
7.873555 246.404517
7.873555 246.248103
7.717141 246.091690
7.560728 245.935276
7.560728 245.778862
7.873555 245.622449
7.717141 245.466035
7.873555 245.309621
8.029969 245.153207
7.873555 244.996794
7.873555 244.840380
7.873555 244.683966
8.029969 244.527552
8.029969 244.371139
8.029969 244.214725
7.404314 244.058311
7.873555 243.901897
7.717141 243.745484
7.873555 243.589070
7.873555 243.432656
7.560728 243.276242
8.029969 243.119829
7.873555 242.963415
7.404314 242.807001
7.873555 242.650587
7.560728 242.494174
7.717141 242.337760
7.560728 242.181346
7.873555 242.024932
7.873555 241.868519
7.560728 241.712105
7.873555 241.555691
7.873555 241.399277
7.717141 241.242864
7.717141 241.086450
7.873555 240.930036
7.873555 240.773622
7.404314 240.617209
7.873555 240.460795
7.404314 240.304381
7.717141 240.147967
7.560728 239.991554
7.873555 239.835140
7.560728 239.678726
7.873555 239.522312
8.029969 239.365899
7.873555 239.209485
8.029969 239.053071
8.029969 238.896657
7.560728 238.740244
7.404314 238.583830
7.560728 238.427416
7.404314 238.271002
7.560728 238.114589
7.247900 237.958175
2.086247 237.801761
2.399074 237.645347
7.560728 237.488934
2.555488 237.332520
7.717141 237.176106
7.873555 237.019692
7.873555 236.863279
7.717141 236.706865
7.404314 236.550451
2.555488 236.394038
7.717141 236.237624
7.247900 236.081210
7.873555 235.924796
7.717141 235.768383
7.717141 235.611969
7.873555 235.455555
2.086247 235.299141
2.086247 235.142728
7.560728 234.986314
7.404314 234.829900
7.717141 234.673486
7.717141 234.517073
7.873555 234.360659
7.717141 234.204245
7.717141 234.047831
7.873555 233.891418
7.560728 233.735004
7.717141 233.578590
7.873555 233.422176
7.873555 233.265763
7.873555 233.109349
7.717141 232.952935
8.029969 232.796521
7.560728 232.640108
8.029969 232.483694
7.717141 232.327280
7.873555 232.170866
8.029969 232.014453
7.717141 231.858039
8.029969 231.701625
8.029969 231.545211
7.873555 231.388798
7.717141 231.232384
7.873555 231.075970
7.873555 230.919556
7.717141 230.763143
7.717141 230.606729
7.560728 230.450315
7.404314 230.293901
7.717141 230.137488
7.873555 229.981074
8.029969 229.824660
8.186383 229.668246
8.029969 229.511833
8.186383 229.355419
8.029969 229.199005
7.873555 229.042591
8.186383 228.886178
8.342796 228.729764
8.186383 228.573350
8.029969 228.416936
7.873555 228.260523
8.029969 228.104109
8.029969 227.947695
2.242660 227.791281
8.029969 227.634868
8.029969 227.478454
7.717141 227.322040
8.186383 227.165627
2.242660 227.009213
2.399074 226.852799
8.186383 226.696385
8.029969 226.539972
8.186383 226.383558
8.029969 226.227144
7.717141 226.070730
8.342796 225.914317
8.186383 225.757903
8.342796 225.601489
8.342796 225.445075
8.342796 225.288662
8.186383 225.132248
8.342796 224.975834
8.499210 224.819420
8.499210 224.663007
8.499210 224.506593
8.499210 224.350179
8.499210 224.193765
8.499210 224.037352
8.342796 223.880938
8.499210 223.724524
8.499210 223.568110
8.655624 223.411697
8.499210 223.255283
8.655624 223.098869
8.499210 222.942455
8.655624 222.786042
8.342796 222.629628
8.499210 222.473214
7.873555 222.316800
8.342796 222.160387
8.499210 222.003973
8.499210 221.847559
8.655624 221.691145
8.812038 221.534732
8.655624 221.378318
8.655624 221.221904
8.812038 221.065490
8.655624 220.909077
8.655624 220.752663
8.499210 220.596249
8.655624 220.439835
8.499210 220.283422
8.655624 220.127008
8.812038 219.970594
8.812038 219.814180
9.124865 219.657767
8.655624 219.501353
8.812038 219.344939
8.812038 219.188525
8.812038 219.032112
8.655624 218.875698
8.968451 218.719284
8.812038 218.562871
8.655624 218.406457
8.812038 218.250043
8.655624 218.093629
8.968451 217.937216
9.124865 217.780802
8.655624 217.624388
8.812038 217.467974
8.812038 217.311561
8.812038 217.155147
8.812038 216.998733
8.968451 216.842319
8.812038 216.685906
8.968451 216.529492
8.342796 216.373078
8.968451 216.216664
8.968451 216.060251
8.655624 215.903837
8.968451 215.747423
9.281279 215.591009
9.281279 215.434596
8.812038 215.278182
9.124865 215.121768
9.281279 214.965354
9.437693 214.808941
8.968451 214.652527
8.968451 214.496113
9.281279 214.339699
9.281279 214.183286
9.437693 214.026872
9.594106 213.870458
9.437693 213.714044
9.281279 213.557631
9.437693 213.401217
9.437693 213.244803
9.281279 213.088389
9.281279 212.931976
9.437693 212.775562
9.281279 212.619148
9.281279 212.462734
9.437693 212.306321
8.968451 212.149907
9.281279 211.993493
9.124865 211.837079
9.281279 211.680666
9.281279 211.524252
9.124865 211.367838
9.124865 211.211424
9.281279 211.055011
9.281279 210.898597
9.124865 210.742183
9.437693 210.585769
9.124865 210.429356
9.437693 210.272942
9.437693 210.116528
9.281279 209.960114
8.968451 209.803701
9.437693 209.647287
9.437693 209.490873
9.281279 209.334460
9.437693 209.178046
9.281279 209.021632
8.968451 208.865218
9.124865 208.708805
9.281279 208.552391
9.437693 208.395977
9.437693 208.239563
9.281279 208.083150
8.968451 207.926736
9.437693 207.770322
8.968451 207.613908
9.594106 207.457495
9.437693 207.301081
9.281279 207.144667
9.281279 206.988253
9.437693 206.831840
8.968451 206.675426
9.437693 206.519012
9.124865 206.362598
9.281279 206.206185
9.281279 206.049771
9.281279 205.893357
9.124865 205.736943
9.281279 205.580530
9.437693 205.424116
8.812038 205.267702
9.281279 205.111288
8.655624 204.954875
9.124865 204.798461
8.968451 204.642047
8.812038 204.485633
9.124865 204.329220
9.124865 204.172806
9.124865 204.016392
8.968451 203.859978
9.124865 203.703565
9.281279 203.547151
8.812038 203.390737
9.281279 203.234323
8.968451 203.077910
9.124865 202.921496
8.968451 202.765082
8.968451 202.608668
9.124865 202.452255
8.968451 202.295841
8.968451 202.139427
8.812038 201.983013
8.968451 201.826600
8.812038 201.670186
8.655624 201.513772
8.812038 201.357358
8.655624 201.200945
8.655624 201.044531
8.812038 200.888117
8.655624 200.731704
8.655624 200.575290
8.186383 200.418876
8.655624 200.262462
8.812038 200.106049
8.655624 199.949635
8.655624 199.793221
8.342796 199.636807
8.342796 199.480394
8.342796 199.323980
8.342796 199.167566
8.029969 199.011152
7.873555 198.854739
7.873555 198.698325
7.717141 198.541911
2.086247 198.385497
1.929833 198.229084
1.617005 198.072670
2.086247 197.916256
8.029969 197.759842
8.186383 197.603429
8.029969 197.447015
8.186383 197.290601
8.029969 197.134187
7.873555 196.977774
8.342796 196.821360
7.717141 196.664946
8.186383 196.508532
7.717141 196.352119
8.029969 196.195705
8.186383 196.039291
2.086247 195.882877
1.773419 195.726464
1.929833 195.570050
1.929833 195.257222
2.242660 195.100809
2.242660 194.944395
2.086247 194.787981
2.086247 194.631567
1.929833 194.475154
1.617005 194.318740
1.773419 194.162326
2.086247 194.005912
1.929833 193.849499
2.086247 193.693085
2.086247 193.536671
7.560728 193.380257
7.717141 193.223844
7.560728 193.067430
1.929833 191.972534
2.242660 191.816120
2.086247 191.659706
1.929833 191.503293
1.773419 191.346879
1.773419 191.190465
2.086247 191.034051
2.086247 190.877638
1.929833 190.721224
2.086247 190.564810
1.617005 190.408396
1.773419 190.251983
1.617005 190.095569
1.617005 189.157086
1.773419 189.000673
1.617005 188.687845
1.773419 188.062190
1.617005 185.715984
1.773419 185.559570
1.617005 185.403156
1.929833 183.682605
1.773419 183.526191
1.773419 183.369778
1.773419 183.213364
1.773419 183.056950
1.617005 182.900536
1.617005 182.587709
1.773419 181.179985
1.617005 181.023572
1.617005 180.554330
1.617005 179.928675
1.617005 179.146607
1.773419 178.990193
1.773419 178.833779
1.773419 178.520952
1.773419 178.364538
1.773419 178.208124
1.773419 178.051710
1.617005 177.895297
1.929833 177.738883
2.086247 177.582469
1.929833 177.426055
1.929833 177.269642
1.929833 177.113228
1.929833 176.956814
1.773419 176.800400
1.773419 176.643987
1.773419 176.487573
6.778659 176.331159
6.778659 176.174745
6.465831 176.018332
6.465831 175.861918
6.622245 175.705504
6.465831 175.549090
1.773419 175.392677
2.086247 175.236263
1.773419 175.079849
1.617005 174.923435
1.929833 174.767022
1.773419 174.610608
6.622245 174.454194
6.622245 174.297780
1.929833 173.984953
1.617005 173.828539
1.929833 173.672126
1.929833 173.359298
1.929833 173.202884
1.617005 173.046471
1.617005 172.890057
6.153004 172.733643
1.617005 172.577229
1.617005 172.420816
1.773419 172.264402
1.929833 172.107988
1.617005 171.951574
6.309418 171.795161
1.773419 171.638747
6.309418 171.482333
6.153004 171.325919
6.778659 171.169506
6.309418 171.013092
6.778659 170.856678
6.309418 170.700264
