40.564028 295.674847
40.407614 295.518433
40.720442 295.362020
40.407614 295.205606
40.564028 295.049192
40.251200 294.892778
40.407614 294.736365
40.094787 294.579951
40.407614 294.423537
40.251200 294.267123
1.773419 294.110710
39.938373 293.954296
39.469132 293.797882
39.938373 293.641468
40.094787 293.485055
40.564028 293.328641
40.564028 293.172227
40.407614 293.015813
40.564028 292.859400
40.407614 292.702986
40.094787 292.546572
40.251200 292.390158
40.407614 292.233745
40.407614 292.077331
40.564028 291.920917
40.876855 291.764503
40.720442 291.608090
40.407614 291.451676
40.251200 291.295262
40.407614 291.138848
40.407614 290.982435
39.938373 290.826021
40.564028 290.669607
3.024729 290.513193
40.720442 290.356780
40.251200 290.200366
40.720442 290.043952
40.564028 289.887539
41.033269 289.731125
40.876855 289.574711
40.564028 289.418297
40.720442 289.261884
40.251200 289.105470
40.407614 288.949056
40.251200 288.792642
40.564028 288.636229
40.564028 288.479815
40.251200 288.323401
40.876855 288.166987
40.564028 288.010574
40.720442 287.854160
40.564028 287.697746
40.720442 287.541332
40.720442 287.384919
40.720442 287.228505
40.564028 287.072091
40.720442 286.915677
40.876855 286.759264
40.720442 286.602850
40.564028 286.446436
40.720442 286.290022
40.720442 286.133609
40.564028 285.977195
40.876855 285.820781
40.876855 285.664367
40.720442 285.507954
40.876855 285.351540
40.876855 285.195126
40.876855 285.038712
40.720442 284.882299
40.564028 284.725885
40.720442 284.569471
40.720442 284.413057
40.720442 284.256644
40.564028 284.100230
40.876855 283.943816
40.564028 283.787402
40.564028 283.630989
40.564028 283.474575
40.564028 283.318161
40.564028 283.161747
40.407614 283.005334
40.407614 282.848920
40.407614 282.692506
40.407614 282.536092
40.720442 282.379679
40.407614 282.223265
40.407614 282.066851
40.720442 281.910437
40.407614 281.754024
40.564028 281.597610
40.876855 281.441196
40.876855 281.284783
40.720442 281.128369
40.876855 280.971955
40.564028 280.815541
40.720442 280.659128
40.720442 280.502714
40.720442 280.346300
40.564028 280.189886
40.094787 280.033473
40.564028 279.877059
40.564028 279.720645
40.407614 279.564231
40.407614 279.407818
40.564028 279.251404
39.938373 279.094990
40.407614 278.938576
40.407614 278.782163
39.938373 278.625749
40.251200 278.469335
40.407614 278.312921
40.564028 278.156508
40.564028 278.000094
40.564028 277.843680
40.564028 277.687266
40.094787 277.530853
40.564028 277.374439
40.094787 277.218025
40.407614 277.061611
40.564028 276.905198
40.407614 276.748784
40.564028 276.592370
40.720442 276.435956
40.094787 276.279543
40.564028 276.123129
40.251200 275.966715
40.564028 275.810301
40.407614 275.653888
40.564028 275.497474
40.564028 275.341060
40.251200 275.184646
40.564028 275.028233
40.407614 274.871819
40.094787 274.715405
40.564028 274.558991
40.251200 274.402578
40.251200 274.246164
40.564028 274.089750
39.469132 273.933336
40.094787 273.776923
3.181143 273.620509
3.337557 273.464095
3.181143 273.307681
3.337557 273.151268
3.024729 272.994854
3.337557 272.838440
3.181143 272.682026
3.337557 272.525613
3.181143 272.369199
3.337557 272.212785
3.337557 272.056372
3.337557 271.899958
3.337557 271.743544
3.337557 271.587130
3.337557 271.430717
3.337557 271.274303
3.337557 271.117889
3.806798 270.961475
4.119625 270.805062
3.181143 270.648648
3.024729 270.492234
3.963211 270.335820
1.617005 270.179407
1.773419 270.022993
1.929833 269.866579
1.773419 269.710165
2.086247 269.553752
1.929833 269.397338
1.773419 269.084510
1.773419 268.928097
1.929833 268.146028
1.773419 267.989614
1.617005 267.833200
1.773419 267.676787
1.773419 267.363959
2.086247 267.207545
1.929833 267.051132
1.929833 266.581890
1.617005 266.425477
1.929833 265.799822
1.773419 265.643408
1.773419 265.486994
1.617005 265.330580
1.773419 265.174167
1.773419 265.017753
1.773419 264.704925
1.617005 264.548512
1.617005 264.392098
1.773419 264.235684
1.617005 263.610029
1.773419 263.453616
1.617005 263.297202
1.773419 263.140788
1.617005 262.984374
1.929833 262.827961
1.617005 262.671547
1.773419 261.576651
1.929833 261.420237
1.929833 261.107409
1.617005 260.794582
1.929833 260.638168
1.773419 260.481754
1.929833 260.325341
1.773419 260.168927
2.086247 260.012513
1.617005 259.856099
1.929833 259.699686
1.929833 259.543272
1.617005 259.386858
1.773419 259.074031
2.086247 258.917617
2.086247 258.761203
1.929833 258.604789
2.086247 258.448376
1.773419 258.291962
2.086247 258.135548
1.929833 257.979134
1.929833 257.822721
1.929833 257.666307
2.711902 257.509893
2.711902 257.353479
1.929833 257.197066
2.868315 257.040652
1.617005 256.884238
1.617005 256.727824
1.617005 256.571411
1.929833 256.414997
1.929833 256.258583
2.242660 256.102169
2.086247 255.945756
1.773419 255.789342
1.929833 255.632928
1.773419 255.476514
1.773419 255.320101
2.086247 255.163687
1.773419 255.007273
1.773419 254.850859
2.086247 254.694446
1.617005 254.538032
1.617005 254.381618
2.242660 254.225205
1.617005 254.068791
2.086247 253.912377
1.929833 253.755963
2.399074 253.599550
2.086247 253.443136
1.929833 253.286722
1.773419 253.130308
2.086247 252.973895
1.617005 252.817481
1.929833 252.661067
2.086247 252.504653
1.929833 252.348240
2.555488 252.191826
2.242660 252.035412
1.929833 251.878998
2.242660 251.722585
2.242660 251.566171
2.555488 251.409757
2.086247 251.253343
2.086247 251.096930
2.242660 250.940516
2.242660 250.784102
1.929833 250.627688
2.242660 250.471275
1.929833 250.314861
2.242660 250.158447
1.929833 250.002033
2.242660 249.845620
1.929833 249.689206
2.399074 249.532792
2.399074 249.376378
2.242660 249.219965
2.086247 249.063551
2.555488 248.907137
1.929833 248.750723
2.555488 248.594310
2.399074 248.437896
2.555488 248.281482
2.399074 248.125068
2.399074 247.968655
1.773419 247.812241
2.242660 247.655827
2.086247 247.499413
2.399074 247.343000
2.555488 247.186586
2.555488 247.030172
2.555488 246.873758
2.711902 246.717345
2.555488 246.560931
2.242660 246.404517
2.555488 246.248103
2.399074 246.091690
2.242660 245.935276
2.399074 245.778862
2.555488 245.622449
2.242660 245.466035
2.555488 245.309621
2.399074 245.153207
2.086247 244.996794
2.242660 244.840380
2.086247 244.683966
2.086247 244.527552
2.242660 244.371139
2.399074 244.214725
2.086247 244.058311
2.242660 243.901897
2.086247 243.745484
1.929833 243.589070
1.617005 243.432656
1.617005 243.276242
2.086247 243.119829
2.399074 242.963415
2.399074 242.807001
2.242660 242.650587
1.617005 242.494174
1.617005 242.337760
1.617005 242.181346
1.617005 242.024932
1.929833 241.868519
1.617005 241.712105
3.024729 241.242864
2.868315 241.086450
1.929833 240.773622
1.929833 240.617209
3.650384 240.460795
3.337557 240.304381
3.806798 240.147967
3.650384 239.991554
2.086247 239.835140
3.493970 239.678726
1.617005 239.522312
1.773419 239.365899
2.086247 239.209485
3.806798 239.053071
4.119625 238.896657
4.119625 238.740244
3.963211 238.583830
2.242660 238.427416
2.086247 238.271002
1.929833 238.114589
2.242660 237.958175
3.963211 237.801761
4.276039 237.645347
4.588866 237.488934
4.432453 237.332520
4.745280 237.176106
4.745280 237.019692
4.588866 236.863279
4.119625 236.706865
1.773419 236.550451
1.773419 236.394038
1.617005 236.237624
1.617005 236.081210
2.086247 235.924796
1.617005 235.768383
2.242660 235.611969
5.370935 235.455555
5.527349 235.299141
1.773419 235.142728
1.929833 234.986314
1.773419 234.829900
5.527349 234.673486
5.683763 234.517073
5.370935 234.360659
5.527349 234.204245
5.370935 234.047831
5.840176 233.891418
1.773419 233.735004
5.840176 233.578590
6.153004 233.422176
5.840176 233.265763
6.153004 233.109349
6.153004 232.952935
6.309418 232.796521
6.153004 232.640108
6.622245 232.483694
6.465831 232.327280
6.778659 232.170866
6.465831 232.014453
6.465831 231.858039
6.465831 231.701625
6.778659 231.545211
1.929833 231.388798
2.086247 231.232384
6.622245 231.075970
7.247900 230.919556
7.247900 230.763143
6.935073 230.606729
7.091486 230.450315
7.247900 230.293901
7.247900 230.137488
7.404314 229.981074
7.404314 229.824660
7.873555 229.668246
7.873555 229.511833
7.717141 229.355419
7.717141 229.199005
7.247900 229.042591
7.717141 228.886178
7.873555 228.729764
8.029969 228.573350
8.186383 228.416936
7.873555 228.260523
8.186383 228.104109
7.873555 227.947695
8.186383 227.791281
8.499210 227.634868
8.499210 227.478454
7.873555 227.322040
8.499210 227.165627
8.186383 227.009213
8.499210 226.852799
8.655624 226.696385
8.812038 226.539972
9.124865 226.383558
9.124865 226.227144
8.499210 226.070730
9.124865 225.914317
9.437693 225.757903
9.281279 225.601489
8.968451 225.445075
9.124865 225.288662
9.437693 225.132248
9.437693 224.975834
9.750520 224.819420
9.437693 224.663007
9.906934 224.506593
9.906934 224.350179
9.594106 224.193765
9.906934 224.037352
10.219761 223.880938
10.376175 223.724524
9.906934 223.568110
10.063348 223.411697
10.532589 223.255283
10.689003 223.098869
10.689003 222.942455
10.532589 222.786042
10.845416 222.629628
10.845416 222.473214
11.158244 222.316800
11.158244 222.160387
11.158244 222.003973
10.845416 221.847559
11.158244 221.691145
11.158244 221.534732
11.158244 221.378318
11.627485 221.221904
11.471071 221.065490
11.627485 220.909077
11.940313 220.752663
11.940313 220.596249
11.627485 220.439835
11.783899 220.283422
11.940313 220.127008
12.096726 219.970594
11.940313 219.814180
12.253140 219.657767
12.409554 219.501353
12.253140 219.344939
12.409554 219.188525
12.253140 219.032112
12.253140 218.875698
2.711902 218.719284
13.348036 218.562871
13.504450 218.406457
13.817277 218.250043
13.504450 218.093629
3.024729 217.937216
3.024729 217.780802
2.242660 217.624388
3.024729 217.467974
3.024729 217.311561
3.181143 217.155147
3.181143 216.998733
3.181143 216.842319
3.024729 216.685906
3.024729 216.529492
22.263620 216.373078
22.263620 216.216664
22.576447 216.060251
22.420033 215.903837
22.889275 215.747423
22.576447 215.591009
23.202102 215.434596
23.202102 215.278182
23.358516 215.121768
23.827757 214.965354
23.984171 214.808941
24.140585 214.652527
24.296998 214.496113
24.766240 214.339699
24.922653 214.183286
24.609826 214.026872
24.766240 213.870458
24.766240 213.714044
26.017550 213.557631
26.173963 213.401217
26.799618 213.244803
26.799618 213.088389
26.956032 212.931976
27.425273 212.775562
27.425273 212.619148
27.112446 212.462734
3.181143 212.306321
3.024729 212.149907
3.181143 211.993493
2.868315 211.837079
3.337557 211.680666
29.458652 211.524252
29.302238 211.367838
28.832997 211.211424
28.676583 211.055011
29.927893 210.898597
29.927893 210.742183
29.771480 210.585769
30.397135 210.429356
30.709962 210.272942
30.553548 210.116528
31.179203 209.960114
31.022789 209.803701
31.179203 209.647287
31.648444 209.490873
31.961272 209.334460
31.961272 209.178046
31.648444 209.021632
31.961272 208.865218
31.961272 208.708805
32.274099 208.552391
32.743341 208.395977
32.586927 208.239563
32.586927 208.083150
32.899754 207.926736
33.056168 207.770322
32.586927 207.613908
32.743341 207.457495
32.899754 207.301081
33.056168 207.144667
33.368996 206.988253
33.525409 206.831840
33.525409 206.675426
33.368996 206.519012
33.681823 206.362598
33.838237 206.206185
33.838237 206.049771
34.151064 205.893357
33.368996 205.736943
33.994651 205.580530
33.681823 205.424116
33.994651 205.267702
34.307478 205.111288
34.463892 204.954875
34.151064 204.798461
34.307478 204.642047
34.463892 204.485633
34.463892 204.329220
34.620306 204.172806
34.620306 204.016392
34.776719 203.859978
34.620306 203.703565
34.933133 203.547151
34.776719 203.390737
35.089547 203.234323
34.933133 203.077910
34.776719 202.921496
34.307478 202.765082
34.933133 202.608668
35.089547 202.452255
34.933133 202.295841
35.089547 202.139427
34.776719 201.983013
34.776719 201.826600
34.933133 201.670186
34.620306 201.513772
34.933133 201.357358
34.933133 201.200945
35.245961 201.044531
34.933133 200.888117
35.089547 200.731704
35.402374 200.575290
35.402374 200.418876
35.089547 200.262462
35.245961 200.106049
35.558788 199.949635
35.558788 199.793221
35.245961 199.636807
35.402374 199.480394
35.715202 199.323980
35.715202 199.167566
35.402374 199.011152
35.558788 198.854739
35.558788 198.698325
35.558788 198.541911
35.558788 198.385497
35.715202 198.229084
35.715202 198.072670
35.715202 197.916256
35.402374 197.759842
35.715202 197.603429
35.402374 197.447015
35.402374 197.290601
35.715202 197.134187
35.715202 196.977774
35.402374 196.821360
35.871616 196.664946
35.558788 196.508532
35.715202 196.352119
35.715202 196.195705
35.871616 196.039291
36.184443 195.882877
36.340857 195.726464
36.340857 195.570050
36.497271 195.413636
36.184443 195.257222
36.340857 195.100809
36.028029 194.944395
36.028029 194.787981
36.497271 194.631567
36.340857 194.475154
36.028029 194.318740
36.497271 194.162326
36.497271 194.005912
36.340857 193.849499
36.497271 193.693085
36.028029 193.536671
36.028029 193.380257
36.184443 193.223844
35.402374 193.067430
36.184443 192.911016
36.184443 192.754602
36.184443 192.598189
36.028029 192.441775
35.871616 192.285361
36.028029 192.128947
36.184443 191.972534
36.184443 191.816120
35.871616 191.659706
35.715202 191.503293
36.028029 191.346879
35.558788 191.190465
36.340857 191.034051
36.184443 190.877638
36.340857 190.721224
36.497271 190.564810
36.653684 190.408396
36.184443 190.251983
36.497271 190.095569
36.340857 189.939155
36.810098 189.782741
36.340857 189.626328
36.810098 189.469914
36.653684 189.313500
36.653684 189.157086
36.653684 189.000673
36.184443 188.844259
36.810098 188.687845
37.122926 188.531431
36.966512 188.375018
36.810098 188.218604
36.497271 188.062190
36.810098 187.905776
36.653684 187.749363
36.497271 187.592949
36.184443 187.436535
36.497271 187.280121
36.497271 187.123708
36.497271 186.967294
35.871616 186.810880
36.340857 186.654466
35.558788 186.498053
36.028029 186.341639
35.715202 186.185225
36.028029 186.028811
35.715202 185.872398
35.558788 185.715984
35.402374 185.559570
35.871616 185.403156
35.245961 185.246743
35.871616 185.090329
35.089547 184.933915
35.715202 184.777501
35.402374 184.621088
35.402374 184.464674
35.402374 184.308260
35.402374 184.151846
35.402374 183.995433
35.558788 183.839019
35.558788 183.682605
35.715202 183.526191
36.028029 183.369778
35.871616 183.213364
35.402374 183.056950
35.715202 182.900536
35.402374 182.744123
35.402374 182.587709
35.089547 182.431295
34.933133 182.274882
35.402374 182.118468
35.402374 181.962054
35.558788 181.805640
35.715202 181.649227
35.558788 181.492813
35.715202 181.336399
35.558788 181.179985
35.715202 181.023572
35.871616 180.867158
35.715202 180.710744
35.715202 180.554330
35.871616 180.397917
35.402374 180.241503
35.402374 180.085089
35.402374 179.928675
35.558788 179.772262
35.402374 179.615848
35.558788 179.459434
35.715202 179.303020
35.715202 179.146607
35.715202 178.990193
35.871616 178.833779
35.245961 178.677365
35.715202 178.520952
35.715202 178.364538
35.558788 178.208124
35.558788 178.051710
36.028029 177.895297
35.715202 177.738883
35.871616 177.582469
35.089547 177.426055
35.402374 177.269642
35.089547 177.113228
35.402374 176.956814
34.933133 176.800400
35.089547 176.643987
35.089547 176.487573
34.776719 176.331159
34.620306 176.174745
34.620306 176.018332
34.463892 175.861918
34.151064 175.705504
33.994651 175.549090
33.525409 175.392677
33.056168 175.236263
32.899754 175.079849
32.586927 174.923435
32.743341 174.767022
30.084307 174.610608
30.397135 174.454194
30.240721 174.297780
30.709962 174.141367
30.709962 173.984953
30.866376 173.828539
30.866376 173.672126
30.709962 173.515712
30.397135 173.359298
28.207342 173.202884
28.207342 173.046471
28.207342 172.890057
28.050928 172.733643
28.050928 172.577229
28.050928 172.420816
28.207342 172.264402
26.956032 172.107988
27.112446 171.951574
26.956032 171.795161
26.956032 171.638747
25.548308 171.482333
25.391895 171.325919
25.235481 171.169506
24.922653 171.013092
24.296998 170.856678
2.868315 170.700264
2.555488 170.543851
1.773419 170.387437
1.773419 168.510472
1.929833 168.354058
15.068587 168.197644
16.007070 168.041231
16.632725 167.884817
19.135345 167.728403
19.448172 167.571989
22.732861 167.415576
23.202102 167.259162
24.766240 167.102748
26.486791 166.946334
26.486791 166.789921
28.050928 166.633507
30.397135 166.477093
31.022789 166.320679
32.899754 166.164266
34.307478 166.007852
37.122926 165.851438
38.217822 165.695024
38.374236 165.538611
38.530649 165.382197
38.530649 165.225783
38.687063 165.069369
39.312718 164.912956
39.156304 164.756542
39.469132 164.600128
39.469132 164.443715
39.312718 164.287301
39.312718 164.130887
38.999891 163.974473
38.061408 163.818060
38.999891 163.661646
38.843477 163.505232
38.999891 163.348818
39.156304 163.192405
39.156304 163.035991
39.156304 162.879577
38.999891 162.723163
39.156304 162.566750
39.312718 162.410336
39.469132 162.253922
39.469132 162.097508
39.781959 161.941095
40.094787 161.784681
40.094787 161.628267
40.094787 161.471853
40.407614 161.315440
40.251200 161.159026
40.564028 161.002612
40.251200 160.846198
39.625545 160.689785
39.938373 160.533371
38.999891 160.376957
39.469132 160.220543
38.999891 160.064130
39.469132 159.907716
39.312718 159.751302
38.999891 159.594888
39.312718 159.438475
39.312718 159.282061
39.156304 159.125647
39.156304 158.969233
39.312718 158.812820
39.312718 158.656406
39.312718 158.499992
39.469132 158.343578
38.999891 158.187165
38.999891 158.030751
39.469132 157.874337
39.469132 157.717923
39.312718 157.561510
38.530649 157.405096
38.374236 157.248682
38.061408 157.092268
2.086247 155.528131
1.773419 155.371717
1.773419 155.215304
1.929833 155.058890
2.242660 154.433235
2.242660 154.276821
2.399074 154.120407
2.086247 153.963994
2.242660 153.807580
2.711902 153.651166
2.242660 153.494752
2.399074 153.338339
1.929833 153.181925
2.242660 153.025511
2.086247 152.869097
99.844838 152.712684
100.157665 152.556270
100.470493 152.399856
100.157665 152.243442
3.024729 152.087029
2.555488 151.930615
3.337557 151.774201
3.181143 151.617787
3.181143 151.461374
3.493970 151.304960
2.399074 151.148546
3.493970 150.992132
3.493970 150.835719
3.493970 150.679305
3.650384 150.522891
3.337557 150.366477
2.711902 150.210064
3.337557 150.053650
3.493970 149.897236
3.337557 149.740822
3.181143 149.584409
3.963211 149.427995
3.493970 149.271581
3.337557 149.115167
3.337557 148.958754
3.650384 148.802340
6.935073 148.645926
7.247900 148.489512
7.717141 148.333099
7.247900 148.176685
7.717141 148.020271
7.560728 147.863857
7.560728 147.707444
7.404314 147.551030
7.247900 147.394616
7.247900 147.238202
8.029969 147.081789
8.029969 146.925375
7.404314 146.768961
7.247900 146.612548
8.812038 146.456134
8.968451 146.299720
8.968451 146.143306
9.281279 145.986893
8.029969 145.830479
10.219761 145.674065
10.219761 145.517651
9.750520 145.361238
8.186383 145.204824
9.124865 145.048410
8.029969 144.891996
8.029969 144.735583
8.029969 144.579169
7.873555 144.422755
7.717141 144.266341
3.024729 144.109928
2.711902 143.953514
3.337557 143.797100
1.773419 143.640686
3.650384 143.484273
3.493970 143.327859
4.276039 143.171445
4.119625 143.015031
5.058108 142.858618
5.370935 142.702204
99.062769 142.545790
99.062769 142.389376
100.001251 142.232963
100.157665 142.076549
100.470493 141.920135
99.688424 141.763721
6.778659 141.607308
6.465831 141.450894
7.091486 141.294480
7.247900 141.138066
7.560728 140.981653
7.873555 140.825239
8.186383 140.668825
8.186383 140.512411
8.029969 140.355998
8.655624 140.199584
8.812038 140.043170
9.281279 139.886756
8.655624 139.730343
9.750520 139.573929
9.594106 139.417515
10.063348 139.261101
10.219761 139.104688
10.376175 138.948274
10.532589 138.791860
10.845416 138.635446
10.689003 138.479033
11.158244 138.322619
11.471071 138.166205
11.783899 138.009792
12.096726 137.853378
12.253140 137.696964
12.565967 137.540550
12.722381 137.384137
12.878795 137.227723
13.191622 137.071309
13.504450 136.914895
13.817277 136.758482
14.130105 136.602068
14.130105 136.445654
14.130105 136.289240
14.755760 136.132827
15.068587 135.976413
15.068587 135.819999
15.537829 135.663585
15.850656 135.507172
16.163484 135.350758
16.319897 135.194344
16.632725 135.037930
16.632725 134.881517
16.789139 134.725103
17.258380 134.568689
17.414794 134.412275
17.727621 134.255862
18.040449 134.099448
18.196862 133.943034
18.196862 133.786620
18.509690 133.630207
18.822517 133.473793
19.135345 133.317379
19.291759 133.160965
19.448172 133.004552
19.448172 132.848138
20.230241 132.691724
20.073827 132.535310
20.230241 132.378897
20.699482 132.222483
20.386655 132.066069
21.168724 131.909655
21.168724 131.753242
22.420033 131.596828
22.576447 131.440414
22.420033 131.284000
22.889275 131.127587
22.732861 130.971173
23.202102 130.814759
23.045688 130.658345
23.358516 130.501932
23.358516 130.345518
23.827757 130.189104
24.296998 130.032690
23.984171 129.876277
24.766240 129.719863
24.922653 129.563449
25.079067 129.407035
25.235481 129.250622
25.391895 129.094208
25.391895 128.937794
25.704722 128.781381
26.017550 128.624967
26.017550 128.468553
26.330377 128.312139
27.112446 128.155726
27.268860 127.999312
27.268860 127.842898
27.581687 127.686484
27.425273 127.530071
27.738101 127.373657
27.425273 127.217243
28.050928 127.060829
28.207342 126.904416
