3.493970 170.700264
3.650384 171.013092
3.337557 171.169506
3.024729 170.856678
3.650384 171.325919
3.493970 171.638747
3.493970 171.482333
3.493970 171.795161
3.337557 171.951574
3.337557 172.577229
3.181143 172.264402
3.337557 172.107988
3.024729 172.420816
3.181143 172.890057
2.868315 172.733643
3.337557 173.046471
3.337557 173.359298
3.181143 173.202884
3.337557 173.984953
3.024729 173.828539
3.024729 173.515712
3.181143 174.141367
3.024729 173.672126
3.181143 174.297780
3.181143 174.610608
3.493970 174.454194
3.337557 174.767022
3.024729 174.923435
3.181143 175.079849
3.493970 175.236263
3.181143 175.861918
3.181143 175.705504
3.181143 175.392677
3.024729 175.549090
2.868315 176.331159
3.181143 176.174745
3.024729 176.018332
3.024729 176.487573
3.181143 176.643987
3.337557 176.956814
3.181143 176.800400
3.337557 177.426055
3.024729 177.269642
3.024729 177.113228
3.650384 178.051710
3.337557 177.738883
3.337557 177.895297
3.181143 177.582469
3.337557 178.208124
3.493970 178.833779
3.337557 178.520952
3.181143 178.677365
3.493970 179.146607
2.711902 178.364538
2.868315 178.990193
3.493970 179.772262
3.493970 179.615848
3.493970 179.303020
3.181143 179.928675
3.181143 179.459434
3.650384 180.241503
3.337557 180.085089
3.650384 180.554330
3.024729 180.397917
3.493970 180.710744
3.493970 181.179985
3.181143 181.023572
3.337557 180.867158
3.337557 181.336399
3.337557 181.492813
3.181143 181.962054
3.024729 181.805640
2.399074 181.649227
3.493970 182.587709
3.181143 182.431295
3.337557 182.274882
3.337557 182.744123
2.868315 182.118468
3.337557 182.900536
3.181143 183.056950
3.024729 183.213364
3.650384 183.839019
3.337557 183.526191
3.181143 183.369778
3.650384 183.995433
3.337557 183.682605
3.650384 184.308260
3.493970 184.464674
3.181143 184.151846
3.024729 184.621088
3.650384 185.246743
3.650384 185.559570
2.868315 184.933915
3.024729 184.777501
3.493970 185.872398
3.024729 185.403156
2.868315 185.090329
3.650384 186.341639
3.493970 186.185225
3.650384 186.028811
3.181143 185.715984
3.650384 186.498053
3.337557 186.810880
3.181143 186.654466
3.493970 187.123708
3.493970 186.967294
3.337557 187.280121
3.181143 187.436535
3.337557 187.592949
3.337557 188.062190
3.024729 187.905776
3.181143 187.749363
3.337557 188.218604
3.337557 188.375018
3.650384 189.157086
3.493970 189.000673
2.868315 188.531431
3.024729 188.844259
3.024729 188.687845
3.337557 189.626328
3.493970 189.313500
3.337557 189.782741
3.337557 189.469914
3.650384 190.251983
3.337557 190.095569
3.337557 189.939155
3.337557 190.564810
3.024729 190.408396
3.337557 190.721224
3.493970 190.877638
3.337557 191.034051
3.493970 191.816120
3.493970 191.503293
3.650384 191.346879
3.493970 191.659706
2.868315 191.190465
3.337557 192.128947
3.024729 191.972534
3.024729 192.754602
3.024729 192.598189
2.868315 192.285361
3.024729 192.911016
2.868315 192.441775
3.337557 193.223844
3.181143 193.067430
3.493970 193.849499
3.493970 193.536671
3.337557 193.693085
3.493970 194.162326
3.024729 194.005912
2.868315 193.380257
3.493970 194.475154
3.650384 194.318740
3.806798 194.787981
3.806798 194.631567
3.650384 195.100809
3.650384 194.944395
3.337557 195.257222
2.868315 195.570050
3.024729 195.413636
3.650384 195.882877
3.181143 196.352119
3.337557 196.039291
3.337557 195.726464
3.337557 196.664946
3.181143 196.195705
3.024729 196.508532
3.181143 196.821360
3.493970 197.290601
3.337557 197.134187
3.024729 196.977774
3.181143 198.072670
2.868315 197.916256
3.337557 197.759842
3.181143 197.447015
3.337557 198.229084
3.181143 197.603429
3.181143 198.541911
3.493970 198.698325
3.493970 199.323980
3.337557 199.167566
3.337557 198.854739
2.868315 198.385497
3.181143 199.011152
3.650384 199.949635
3.493970 199.793221
3.337557 199.636807
3.493970 200.262462
2.868315 200.106049
2.555488 199.480394
3.181143 200.575290
3.181143 200.418876
3.024729 200.888117
3.024729 201.044531
3.024729 200.731704
2.868315 201.513772
2.555488 201.357358
3.024729 201.200945
3.024729 201.983013
2.868315 201.670186
3.337557 202.452255
3.181143 202.295841
2.555488 201.826600
3.337557 202.608668
3.650384 203.390737
3.337557 203.234323
3.493970 203.077910
3.493970 202.921496
3.337557 202.765082
2.555488 202.139427
3.337557 203.547151
3.337557 203.703565
3.337557 203.859978
3.493970 204.172806
3.493970 204.329220
3.181143 204.016392
3.493970 204.485633
3.181143 204.642047
3.181143 204.954875
3.181143 204.798461
3.024729 205.267702
2.868315 205.111288
3.337557 205.893357
3.493970 205.736943
3.181143 205.424116
3.181143 205.580530
3.806798 206.362598
3.806798 206.519012
2.711902 206.049771
2.868315 206.206185
3.493970 206.831840
3.650384 207.144667
3.493970 206.988253
2.711902 206.675426
3.337557 207.301081
3.024729 207.457495
3.650384 208.083150
3.493970 207.926736
3.181143 207.613908
3.024729 207.770322
3.337557 209.178046
3.650384 209.490873
3.493970 209.021632
3.181143 208.865218
3.024729 208.708805
3.181143 208.552391
2.711902 208.239563
2.242660 208.395977
3.337557 209.334460
3.024729 209.803701
3.024729 209.960114
2.868315 210.272942
2.868315 210.116528
2.868315 209.647287
3.493970 211.211424
3.024729 210.585769
3.024729 210.429356
3.024729 210.742183
3.493970 212.306321
3.337557 212.149907
3.181143 211.680666
3.337557 211.524252
3.024729 211.993493
3.024729 211.837079
2.555488 211.055011
2.711902 210.898597
2.868315 211.367838
3.493970 213.088389
2.868315 212.619148
3.024729 212.462734
2.555488 212.931976
3.181143 213.401217
3.024729 213.244803
2.711902 212.775562
3.650384 214.026872
3.337557 213.714044
3.181143 213.870458
3.337557 213.557631
3.493970 214.339699
3.493970 214.652527
3.181143 214.183286
2.555488 214.808941
2.711902 214.496113
2.555488 215.121768
2.242660 214.965354
3.181143 215.903837
2.868315 215.747423
2.711902 215.591009
2.555488 215.278182
3.337557 216.060251
2.242660 215.434596
3.493970 216.998733
3.181143 216.842319
3.181143 216.529492
2.868315 216.216664
3.181143 217.155147
2.868315 216.373078
2.868315 217.467974
2.868315 217.311561
3.024729 216.685906
2.868315 218.562871
2.868315 218.250043
2.868315 217.624388
2.555488 218.406457
2.711902 218.093629
2.555488 217.780802
2.555488 217.937216
2.086247 218.719284
2.242660 219.032112
2.086247 218.875698
1.929833 219.657767
1.773419 219.970594
1.617005 219.814180
1.617005 219.501353
1.773419 219.344939
1.617005 219.188525
