40.876855 295.674847
40.720442 295.518433
40.564028 295.362020
40.407614 295.205606
40.407614 295.049192
40.407614 294.892778
40.564028 294.736365
40.407614 294.579951
40.720442 294.423537
40.720442 294.267123
40.564028 294.110710
39.938373 293.954296
40.720442 293.797882
40.720442 293.641468
40.407614 293.485055
40.564028 293.328641
40.720442 293.172227
40.720442 293.015813
40.720442 292.859400
40.407614 292.702986
40.564028 292.546572
40.564028 292.390158
40.251200 292.233745
40.876855 292.077331
40.876855 291.920917
40.720442 291.764503
40.564028 291.608090
39.938373 291.451676
40.720442 291.295262
40.720442 291.138848
40.876855 290.982435
40.876855 290.826021
40.876855 290.669607
40.720442 290.513193
40.720442 290.356780
40.407614 290.200366
40.876855 290.043952
40.564028 289.887539
40.720442 289.731125
40.876855 289.574711
40.720442 289.418297
40.251200 289.261884
40.876855 289.105470
40.720442 288.949056
40.564028 288.792642
40.564028 288.636229
40.876855 288.479815
40.876855 288.323401
40.720442 288.166987
40.876855 288.010574
40.094787 287.854160
41.033269 287.697746
40.564028 287.541332
40.876855 287.384919
40.720442 287.228505
40.564028 287.072091
40.876855 286.915677
40.564028 286.759264
40.876855 286.602850
40.094787 286.446436
40.876855 286.290022
40.564028 286.133609
40.876855 285.977195
40.564028 285.820781
40.720442 285.664367
40.564028 285.507954
40.251200 285.351540
40.720442 285.195126
40.876855 285.038712
40.564028 284.882299
41.033269 284.725885
40.720442 284.569471
40.876855 284.413057
40.407614 284.256644
40.876855 284.100230
40.720442 283.943816
40.407614 283.787402
40.720442 283.630989
40.564028 283.474575
40.564028 283.318161
40.564028 283.161747
40.564028 283.005334
40.564028 282.848920
40.720442 282.692506
40.564028 282.536092
40.720442 282.379679
40.407614 282.223265
40.251200 282.066851
40.564028 281.910437
40.251200 281.754024
40.094787 281.597610
40.564028 281.441196
40.564028 281.284783
40.407614 281.128369
40.564028 280.971955
40.720442 280.815541
40.720442 280.659128
40.720442 280.502714
40.564028 280.346300
40.407614 280.189886
40.720442 280.033473
40.407614 279.877059
40.876855 279.720645
40.720442 279.564231
40.720442 279.407818
40.876855 279.251404
39.938373 279.094990
40.720442 278.938576
40.876855 278.782163
40.407614 278.625749
40.876855 278.469335
40.564028 278.312921
40.407614 278.156508
40.564028 278.000094
40.720442 277.843680
39.625545 277.687266
40.564028 277.530853
39.938373 277.374439
40.407614 277.218025
40.564028 277.061611
40.407614 276.905198
40.564028 276.748784
40.407614 276.592370
40.564028 276.435956
40.407614 276.279543
40.564028 276.123129
40.720442 275.966715
40.720442 275.810301
40.407614 275.653888
40.094787 275.497474
40.251200 275.341060
40.407614 275.184646
40.407614 275.028233
2.086247 274.871819
2.086247 274.715405
2.242660 274.558991
2.555488 274.402578
1.773419 274.246164
2.399074 274.089750
2.086247 273.933336
2.086247 273.776923
2.086247 273.620509
2.399074 273.464095
2.086247 273.307681
40.407614 273.151268
40.407614 272.994854
40.720442 272.838440
40.407614 272.682026
40.564028 272.525613
2.399074 272.369199
2.242660 272.212785
1.773419 272.056372
2.399074 271.899958
2.242660 271.743544
40.720442 271.587130
40.564028 271.430717
40.564028 271.274303
40.407614 271.117889
40.251200 270.961475
2.399074 270.805062
40.407614 270.648648
40.407614 270.492234
1.773419 270.335820
2.242660 270.179407
2.242660 270.022993
2.399074 269.866579
2.086247 269.710165
40.564028 269.553752
40.564028 269.397338
40.251200 269.240924
40.720442 269.084510
40.876855 268.928097
40.564028 268.771683
39.938373 268.615269
40.720442 268.458855
40.251200 268.302442
40.407614 268.146028
2.399074 267.989614
1.929833 267.833200
2.086247 267.676787
1.929833 267.520373
1.773419 265.174167
1.617005 265.017753
1.617005 264.861339
2.086247 264.704925
2.086247 264.548512
2.242660 264.392098
2.086247 264.235684
1.773419 264.079270
1.617005 263.922857
1.617005 263.766443
1.617005 263.610029
1.617005 263.453616
1.773419 263.297202
1.929833 263.140788
1.617005 262.827961
1.617005 262.515133
1.773419 262.358719
2.086247 262.202306
1.617005 262.045892
1.773419 261.889478
1.617005 261.733064
1.773419 261.576651
2.086247 261.420237
2.086247 261.263823
2.086247 261.107409
2.086247 260.950996
1.929833 260.794582
1.773419 260.638168
1.929833 260.481754
2.086247 260.325341
1.773419 260.168927
1.773419 259.699686
1.617005 259.543272
2.711902 259.386858
1.773419 259.230444
2.868315 259.074031
3.181143 258.917617
3.024729 258.761203
3.024729 258.448376
3.024729 258.291962
3.181143 258.135548
3.024729 257.979134
3.181143 257.822721
1.773419 257.509893
3.493970 257.353479
3.650384 257.197066
2.086247 257.040652
3.337557 256.884238
3.337557 256.727824
3.650384 256.571411
2.868315 256.414997
3.493970 256.258583
3.337557 256.102169
2.086247 255.945756
3.337557 255.789342
3.650384 255.632928
3.650384 255.476514
3.493970 255.320101
3.806798 255.163687
3.181143 255.007273
3.650384 254.850859
3.493970 254.694446
3.650384 254.538032
3.650384 254.381618
3.806798 254.225205
3.806798 254.068791
3.963211 253.912377
3.650384 253.755963
3.337557 253.599550
3.650384 253.443136
3.963211 253.286722
3.806798 253.130308
3.963211 252.973895
3.806798 252.817481
3.806798 252.661067
3.493970 252.504653
3.963211 252.348240
3.337557 252.191826
3.806798 252.035412
3.963211 251.878998
1.929833 251.722585
3.806798 251.566171
3.806798 251.409757
3.650384 251.253343
3.806798 251.096930
3.650384 250.940516
3.806798 250.784102
3.963211 250.627688
3.806798 250.471275
3.181143 250.314861
3.650384 250.158447
3.963211 250.002033
4.276039 249.845620
3.963211 249.689206
4.276039 249.532792
4.119625 249.376378
2.242660 249.219965
2.242660 249.063551
1.929833 248.907137
4.119625 248.750723
4.276039 248.594310
4.432453 248.437896
3.963211 248.281482
4.432453 248.125068
4.432453 247.968655
4.276039 247.812241
4.119625 247.655827
4.588866 247.499413
4.432453 247.343000
4.119625 247.186586
4.276039 247.030172
4.276039 246.873758
4.276039 246.717345
4.901694 246.560931
4.901694 246.404517
4.432453 246.248103
4.745280 246.091690
4.745280 245.935276
4.745280 245.778862
4.901694 245.622449
4.745280 245.466035
4.745280 245.309621
4.745280 245.153207
4.745280 244.996794
4.745280 244.840380
4.745280 244.683966
4.745280 244.527552
4.745280 244.371139
4.588866 244.214725
4.745280 244.058311
4.432453 243.901897
4.901694 243.745484
4.745280 243.589070
2.399074 243.432656
4.745280 243.276242
4.901694 243.119829
4.745280 242.963415
5.058108 242.807001
5.214521 242.650587
5.058108 242.494174
5.058108 242.337760
4.901694 242.181346
2.399074 242.024932
5.058108 241.868519
4.745280 241.712105
5.214521 241.555691
5.058108 241.399277
5.058108 241.242864
5.370935 241.086450
5.214521 240.930036
5.527349 240.773622
5.683763 240.617209
5.683763 240.460795
5.683763 240.304381
5.840176 240.147967
5.996590 239.991554
5.527349 239.835140
5.683763 239.678726
5.996590 239.522312
5.996590 239.365899
5.996590 239.209485
6.153004 239.053071
6.153004 238.896657
6.153004 238.740244
6.309418 238.583830
6.465831 238.427416
6.309418 238.271002
6.465831 238.114589
6.465831 237.958175
6.622245 237.801761
6.622245 237.645347
6.309418 237.488934
6.622245 237.332520
6.465831 237.176106
6.622245 237.019692
6.622245 236.863279
6.465831 236.706865
6.778659 236.550451
6.778659 236.394038
6.778659 236.237624
6.622245 236.081210
6.778659 235.924796
6.778659 235.768383
6.778659 235.611969
6.778659 235.455555
6.465831 235.299141
6.778659 235.142728
6.778659 234.986314
7.091486 234.829900
6.778659 234.673486
6.935073 234.517073
7.091486 234.360659
6.935073 234.204245
6.935073 234.047831
6.935073 233.891418
7.091486 233.735004
6.935073 233.578590
7.091486 233.422176
6.778659 233.265763
7.247900 233.109349
6.935073 232.952935
6.778659 232.796521
7.091486 232.640108
6.935073 232.483694
7.247900 232.327280
7.091486 232.170866
7.247900 232.014453
7.560728 231.858039
7.560728 231.701625
7.560728 231.545211
7.404314 231.388798
7.560728 231.232384
7.560728 231.075970
7.717141 230.919556
7.717141 230.763143
7.717141 230.606729
7.247900 230.450315
7.873555 230.293901
8.029969 230.137488
8.029969 229.981074
8.029969 229.824660
7.873555 229.668246
8.029969 229.511833
8.029969 229.355419
8.186383 229.199005
8.186383 229.042591
8.029969 228.886178
8.342796 228.729764
8.499210 228.573350
8.186383 228.416936
8.499210 228.260523
8.655624 228.104109
8.499210 227.947695
8.342796 227.791281
8.655624 227.634868
8.342796 227.478454
8.655624 227.322040
8.655624 227.165627
8.655624 227.009213
8.968451 226.852799
8.655624 226.696385
8.812038 226.539972
8.968451 226.383558
9.124865 226.227144
9.124865 226.070730
8.812038 225.914317
8.968451 225.757903
8.968451 225.601489
9.124865 225.445075
8.812038 225.288662
8.655624 225.132248
9.281279 224.975834
9.281279 224.819420
9.124865 224.663007
9.124865 224.506593
9.281279 224.350179
8.812038 224.193765
9.281279 224.037352
9.594106 223.880938
9.437693 223.724524
9.594106 223.568110
9.281279 223.411697
9.594106 223.255283
9.437693 223.098869
9.437693 222.942455
9.437693 222.786042
9.594106 222.629628
9.124865 222.473214
9.750520 222.316800
9.594106 222.160387
9.750520 222.003973
10.063348 221.847559
10.063348 221.691145
10.063348 221.534732
10.063348 221.378318
9.906934 221.221904
10.063348 221.065490
9.906934 220.909077
9.906934 220.752663
10.219761 220.596249
10.219761 220.439835
10.063348 220.283422
10.219761 220.127008
10.219761 219.970594
10.376175 219.814180
10.063348 219.657767
10.376175 219.501353
10.219761 219.344939
9.750520 219.188525
10.063348 219.032112
10.532589 218.875698
9.906934 218.719284
10.689003 218.562871
10.532589 218.406457
10.689003 218.250043
10.845416 218.093629
10.063348 217.937216
10.376175 217.780802
10.845416 217.624388
10.689003 217.467974
10.845416 217.311561
11.001830 217.155147
10.845416 216.998733
10.845416 216.842319
9.906934 216.685906
11.158244 216.529492
11.314658 216.373078
11.001830 216.216664
11.314658 216.060251
11.158244 215.903837
11.314658 215.747423
11.471071 215.591009
11.471071 215.434596
11.471071 215.278182
11.471071 215.121768
11.471071 214.965354
11.471071 214.808941
11.471071 214.652527
11.471071 214.496113
11.471071 214.339699
11.783899 214.183286
11.314658 214.026872
11.627485 213.870458
11.783899 213.714044
11.471071 213.557631
11.627485 213.401217
11.783899 213.244803
11.627485 213.088389
11.940313 212.931976
11.783899 212.775562
11.471071 212.619148
11.783899 212.462734
11.627485 212.306321
11.940313 212.149907
11.940313 211.993493
11.783899 211.837079
11.940313 211.680666
11.471071 211.524252
12.096726 211.367838
11.471071 211.211424
11.940313 211.055011
12.253140 210.898597
11.940313 210.742183
12.096726 210.585769
12.409554 210.429356
12.253140 210.272942
11.471071 210.116528
12.096726 209.960114
12.253140 209.803701
12.096726 209.647287
12.096726 209.490873
12.409554 209.334460
12.409554 209.178046
11.783899 209.021632
12.253140 208.865218
11.940313 208.708805
12.096726 208.552391
12.409554 208.395977
12.565967 208.239563
12.565967 208.083150
12.409554 207.926736
12.565967 207.770322
12.253140 207.613908
12.565967 207.457495
11.940313 207.301081
12.722381 207.144667
12.878795 206.988253
12.565967 206.831840
12.565967 206.675426
12.722381 206.519012
12.565967 206.362598
12.565967 206.206185
12.565967 206.049771
12.409554 205.893357
12.722381 205.736943
13.035209 205.580530
13.035209 205.424116
13.035209 205.267702
13.035209 205.111288
13.035209 204.954875
13.035209 204.798461
13.035209 204.642047
13.035209 204.485633
12.878795 204.329220
13.035209 204.172806
12.878795 204.016392
13.035209 203.859978
12.253140 203.703565
13.191622 203.547151
12.878795 203.390737
13.035209 203.234323
13.035209 203.077910
13.191622 202.921496
13.035209 202.765082
12.565967 202.608668
13.035209 202.452255
13.191622 202.295841
13.191622 202.139427
13.191622 201.983013
13.348036 201.826600
13.504450 201.670186
13.504450 201.513772
13.191622 201.357358
13.660864 201.200945
13.348036 201.044531
13.660864 200.888117
13.504450 200.731704
13.660864 200.575290
13.817277 200.418876
13.660864 200.262462
13.191622 200.106049
13.660864 199.949635
13.817277 199.793221
13.817277 199.636807
13.817277 199.480394
13.817277 199.323980
13.973691 199.167566
13.660864 199.011152
13.973691 198.854739
13.817277 198.698325
13.973691 198.541911
13.817277 198.385497
13.973691 198.229084
13.973691 198.072670
13.973691 197.916256
14.130105 197.759842
13.973691 197.603429
14.130105 197.447015
13.973691 197.290601
13.973691 197.134187
13.973691 196.977774
14.286519 196.821360
14.286519 196.664946
13.817277 196.508532
13.973691 196.352119
13.973691 196.195705
13.973691 196.039291
14.130105 195.882877
14.130105 195.726464
14.442932 195.570050
14.286519 195.413636
14.130105 195.257222
14.130105 195.100809
14.130105 194.944395
14.130105 194.787981
14.130105 194.631567
14.130105 194.475154
14.130105 194.318740
14.286519 194.162326
14.286519 194.005912
14.130105 193.849499
14.286519 193.693085
14.286519 193.536671
14.130105 193.380257
14.130105 193.223844
14.130105 193.067430
13.817277 192.911016
14.286519 192.754602
13.973691 192.598189
14.130105 192.441775
13.660864 192.285361
13.973691 192.128947
13.660864 191.972534
13.973691 191.816120
13.660864 191.659706
13.660864 191.503293
13.973691 191.346879
13.973691 191.190465
13.817277 191.034051
13.817277 190.877638
13.973691 190.721224
14.130105 190.564810
13.973691 190.408396
14.130105 190.251983
14.130105 190.095569
14.130105 189.939155
13.817277 189.782741
13.817277 189.626328
14.130105 189.469914
13.817277 189.313500
13.973691 189.157086
13.817277 189.000673
13.817277 188.844259
13.660864 188.687845
13.504450 188.531431
2.711902 188.375018
2.711902 188.218604
2.711902 188.062190
2.555488 187.905776
2.868315 187.749363
2.868315 187.592949
2.868315 187.436535
3.024729 187.280121
2.711902 187.123708
2.868315 186.967294
2.711902 186.810880
2.868315 186.654466
2.711902 186.498053
13.973691 186.341639
13.973691 186.185225
13.504450 186.028811
3.024729 185.872398
3.024729 185.715984
2.868315 185.559570
2.555488 185.403156
14.130105 185.246743
14.286519 185.090329
3.181143 184.933915
3.181143 184.777501
3.337557 184.621088
3.024729 184.464674
2.868315 184.308260
2.711902 184.151846
2.711902 183.995433
2.399074 183.839019
2.711902 183.682605
2.555488 183.526191
2.711902 183.369778
2.555488 183.213364
2.242660 183.056950
2.399074 182.900536
2.086247 182.744123
2.399074 182.587709
1.617005 182.431295
2.242660 182.274882
1.929833 182.118468
2.242660 181.962054
1.929833 181.805640
2.399074 181.649227
2.242660 181.492813
2.086247 181.336399
1.773419 181.179985
1.617005 181.023572
2.086247 180.867158
2.086247 180.241503
1.929833 180.085089
2.242660 179.928675
1.617005 179.772262
2.242660 179.615848
2.399074 179.459434
2.242660 179.303020
2.086247 179.146607
1.617005 178.990193
1.617005 178.833779
1.773419 169.918196
1.617005 169.605368
1.617005 169.448954
1.773419 169.292541
2.086247 169.136127
11.783899 168.979713
2.086247 168.823299
2.555488 168.666886
2.555488 168.510472
9.437693 168.354058
9.594106 168.197644
10.845416 168.041231
11.471071 167.884817
12.409554 167.728403
12.409554 167.571989
13.191622 167.415576
13.973691 167.259162
14.755760 167.102748
14.912174 166.946334
16.476311 166.789921
17.101966 166.633507
17.884035 166.477093
18.353276 166.320679
19.291759 166.164266
20.230241 166.007852
20.386655 165.851438
22.107206 165.695024
22.732861 165.538611
23.514930 165.382197
23.827757 165.225783
24.766240 165.069369
25.079067 164.912956
25.861136 164.756542
26.956032 164.600128
27.894515 164.443715
28.676583 164.287301
28.520170 164.130887
29.615066 163.974473
30.397135 163.818060
30.709962 163.661646
31.804858 163.505232
32.899754 163.348818
33.212582 163.192405
33.838237 163.035991
34.463892 162.879577
35.089547 162.723163
36.184443 162.566750
36.340857 162.410336
37.748581 162.253922
38.061408 162.097508
39.156304 161.941095
39.625545 161.784681
39.625545 161.628267
39.781959 161.471853
40.094787 161.315440
40.720442 161.159026
40.094787 161.002612
40.564028 160.846198
40.407614 160.689785
40.564028 160.533371
40.407614 160.376957
39.938373 160.220543
39.938373 160.064130
39.469132 159.907716
39.625545 159.751302
39.625545 159.594888
39.938373 159.438475
39.938373 159.282061
39.938373 159.125647
40.251200 158.969233
40.251200 158.812820
40.251200 158.656406
40.407614 158.499992
41.033269 158.343578
41.346097 158.187165
41.033269 158.030751
40.720442 157.874337
40.876855 157.717923
40.720442 157.561510
40.720442 157.405096
40.407614 157.248682
39.938373 157.092268
40.094787 156.935855
40.094787 156.779441
39.625545 156.623027
39.469132 156.466613
39.781959 156.310200
39.312718 156.153786
39.625545 155.997372
39.469132 155.840959
39.469132 155.684545
132.066069 155.528131
131.909655 155.371717
39.312718 155.215304
132.222483 155.058890
39.156304 154.902476
132.222483 154.746062
132.535310 154.589649
132.848138 154.433235
132.691724 154.276821
132.535310 154.120407
132.378897 153.963994
132.378897 153.807580
131.909655 153.651166
132.535310 153.494752
132.378897 153.338339
132.066069 153.181925
2.242660 153.025511
1.929833 152.869097
1.929833 152.712684
1.773419 152.556270
1.617005 151.774201
1.773419 151.617787
1.617005 151.304960
1.773419 148.958754
2.711902 148.802340
2.868315 148.645926
2.555488 148.489512
2.711902 148.333099
2.555488 148.176685
2.868315 148.020271
3.024729 147.863857
3.181143 147.707444
3.024729 147.551030
3.650384 147.394616
3.806798 147.238202
3.181143 147.081789
3.337557 146.925375
3.024729 146.768961
3.181143 146.612548
3.181143 146.456134
5.370935 146.299720
5.370935 146.143306
4.901694 145.986893
5.996590 145.830479
5.683763 145.674065
5.683763 145.517651
5.840176 145.361238
5.840176 145.204824
5.683763 145.048410
5.370935 144.891996
4.276039 144.735583
8.812038 144.579169
7.873555 144.422755
8.186383 144.266341
8.029969 144.109928
7.873555 143.953514
7.247900 143.797100
6.778659 143.640686
2.399074 143.484273
1.773419 143.327859
6.622245 143.171445
4.276039 143.015031
4.901694 142.858618
99.062769 142.702204
5.370935 142.545790
99.532010 142.389376
99.375596 142.232963
99.844838 142.076549
100.001251 141.920135
100.157665 141.763721
6.935073 141.607308
6.778659 141.450894
7.091486 141.294480
7.247900 141.138066
7.560728 140.981653
7.560728 140.825239
8.186383 140.668825
8.342796 140.512411
8.499210 140.355998
8.342796 140.199584
8.812038 140.043170
9.124865 139.886756
9.594106 139.730343
9.906934 139.573929
9.906934 139.417515
10.219761 139.261101
10.376175 139.104688
10.376175 138.948274
10.376175 138.791860
10.532589 138.635446
2.399074 138.479033
3.181143 138.322619
11.471071 138.166205
11.314658 138.009792
11.783899 137.853378
12.253140 137.696964
12.409554 137.540550
12.722381 137.384137
12.722381 137.227723
13.191622 137.071309
13.817277 136.914895
13.973691 136.758482
14.286519 136.602068
14.442932 136.445654
14.442932 136.289240
14.599346 136.132827
15.068587 135.976413
14.912174 135.819999
15.225001 135.663585
15.850656 135.507172
15.537829 135.350758
16.319897 135.194344
16.476311 135.037930
16.476311 134.881517
17.101966 134.725103
16.789139 134.568689
17.571207 134.412275
17.727621 134.255862
17.884035 134.099448
18.196862 133.943034
18.509690 133.786620
18.353276 133.630207
18.509690 133.473793
18.822517 133.317379
19.448172 133.160965
19.761000 133.004552
20.073827 132.848138
20.386655 132.691724
20.230241 132.535310
20.543069 132.378897
20.699482 132.222483
21.012310 132.066069
21.168724 131.909655
21.168724 131.753242
22.107206 131.596828
22.420033 131.440414
22.576447 131.284000
22.576447 131.127587
22.732861 130.971173
22.889275 130.814759
23.045688 130.658345
23.358516 130.501932
23.671343 130.345518
23.671343 130.189104
24.140585 130.032690
24.140585 129.876277
24.609826 129.719863
24.296998 129.563449
24.766240 129.407035
25.548308 129.250622
25.704722 129.094208
25.704722 128.937794
25.704722 128.781381
25.861136 128.624967
26.173963 128.468553
26.643205 128.312139
26.799618 128.155726
26.956032 127.999312
27.112446 127.842898
27.581687 127.686484
27.425273 127.530071
27.581687 127.373657
27.738101 127.217243
28.363756 127.060829
28.363756 126.904416
