2.555488 90.772840
2.555488 90.616427
2.555488 90.460013
2.399074 90.303599
2.086247 90.147185
2.399074 89.990772
2.711902 89.834358
2.711902 89.677944
12.409554 89.521530
12.253140 89.365117
12.565967 89.208703
1.929833 89.052289
2.555488 88.895875
12.722381 88.739462
12.253140 88.583048
12.722381 88.426634
2.399074 88.270220
2.555488 88.113807
2.711902 87.957393
2.086247 87.800979
2.399074 87.644565
2.555488 87.488152
12.409554 87.331738
12.878795 87.175324
12.722381 87.018910
12.722381 86.862497
12.878795 86.706083
12.565967 86.549669
12.722381 86.393255
12.565967 86.236842
12.722381 86.080428
13.035209 85.924014
13.035209 85.767600
13.035209 85.611187
12.409554 85.454773
13.035209 85.298359
12.722381 85.141945
13.035209 84.985532
12.253140 84.829118
13.191622 84.672704
12.409554 84.516290
2.555488 84.359877
12.722381 84.203463
13.035209 84.047049
13.191622 83.890636
13.035209 83.734222
13.191622 83.577808
13.035209 83.421394
13.191622 83.264981
13.191622 83.108567
12.409554 82.952153
13.035209 82.795739
12.565967 82.639326
13.035209 82.482912
13.191622 82.326498
13.035209 82.170084
13.348036 82.013671
12.565967 81.857257
12.878795 81.700843
12.253140 81.544429
12.409554 81.388016
13.191622 81.231602
12.878795 81.075188
13.191622 80.918774
13.035209 80.762361
12.409554 80.605947
12.878795 80.449533
13.348036 80.293119
13.348036 80.136706
12.565967 79.980292
12.565967 79.823878
11.940313 79.667464
12.565967 79.511051
12.253140 79.354637
11.627485 79.198223
12.253140 79.041809
2.711902 78.885396
12.253140 78.728982
13.191622 78.572568
13.035209 78.416154
13.191622 78.259741
12.878795 78.103327
13.348036 77.946913
12.565967 77.790499
12.096726 77.634086
12.096726 77.477672
12.878795 77.321258
12.878795 77.164844
13.504450 77.008431
12.878795 76.852017
13.191622 76.695603
12.878795 76.539189
12.722381 76.382776
12.878795 76.226362
13.191622 76.069948
13.191622 75.913534
13.348036 75.757121
13.191622 75.600707
12.409554 75.444293
11.940313 75.287879
12.722381 75.131466
13.191622 74.975052
13.035209 74.818638
13.191622 74.662225
13.191622 74.505811
12.878795 74.349397
12.722381 74.192983
13.035209 74.036570
12.878795 73.880156
12.722381 73.723742
12.878795 73.567328
12.878795 73.410915
12.565967 73.254501
12.096726 73.098087
13.191622 72.941673
12.878795 72.785260
12.878795 72.628846
12.878795 72.472432
12.253140 72.316018
11.940313 72.159605
12.409554 72.003191
3.024729 71.846777
12.878795 71.690363
12.409554 71.533950
12.878795 71.377536
11.940313 71.221122
12.722381 71.064708
12.722381 70.908295
13.035209 70.751881
13.191622 70.595467
11.940313 70.439053
13.035209 70.282640
13.191622 70.126226
13.348036 69.969812
13.348036 69.813398
13.035209 69.656985
13.191622 69.500571
13.348036 69.344157
13.348036 69.187743
13.348036 69.031330
12.565967 68.874916
13.348036 68.718502
13.191622 68.562088
13.348036 68.405675
13.191622 68.249261
13.191622 68.092847
12.878795 67.936433
12.565967 67.780020
13.348036 67.623606
13.348036 67.467192
13.035209 67.310778
12.722381 67.154365
13.348036 66.997951
13.191622 66.841537
12.096726 66.685123
11.314658 66.528710
13.035209 66.372296
12.878795 66.215882
12.722381 66.059469
12.565967 65.903055
12.253140 65.746641
2.555488 65.590227
12.722381 65.433814
13.191622 65.277400
13.348036 65.120986
12.722381 64.964572
13.035209 64.808159
13.191622 64.651745
13.191622 64.495331
13.191622 64.338917
12.565967 64.182504
13.348036 64.026090
12.409554 63.869676
13.191622 63.713262
11.783899 63.556849
12.253140 63.400435
12.253140 63.244021
12.722381 63.087607
13.035209 62.931194
12.722381 62.774780
12.722381 62.618366
12.565967 62.461952
12.253140 62.305539
13.191622 62.149125
13.191622 61.992711
12.409554 61.836297
12.253140 61.679884
12.565967 61.523470
12.253140 61.367056
12.409554 61.210642
13.348036 61.054229
13.191622 60.897815
12.253140 60.741401
12.253140 60.584987
12.253140 60.428574
11.471071 60.272160
12.878795 60.115746
12.253140 59.959332
12.722381 59.802919
13.504450 59.646505
13.191622 59.490091
13.348036 59.333677
13.191622 59.177264
13.191622 59.020850
13.348036 58.864436
12.409554 58.708022
13.504450 58.551609
13.348036 58.395195
12.878795 58.238781
12.722381 58.082367
12.722381 57.925954
13.348036 57.769540
13.035209 57.613126
12.722381 57.456712
12.722381 57.300299
12.878795 57.143885
12.878795 56.987471
2.868315 56.831058
13.191622 56.674644
13.035209 56.518230
12.722381 56.361816
12.565967 56.205403
12.722381 56.048989
12.878795 55.892575
13.348036 55.736161
12.253140 55.579748
12.878795 55.423334
12.722381 55.266920
12.253140 55.110506
13.348036 54.954093
12.878795 54.797679
12.565967 54.641265
12.878795 54.484851
12.722381 54.328438
11.940313 54.172024
12.253140 54.015610
12.565967 53.859196
12.878795 53.702783
12.253140 53.546369
12.096726 53.389955
12.722381 53.233541
12.409554 53.077128
11.471071 52.920714
13.191622 52.764300
13.035209 52.607886
2.399074 52.451473
13.035209 52.295059
12.722381 52.138645
11.314658 51.982231
12.878795 51.825818
13.348036 51.669404
12.722381 51.512990
12.722381 51.356576
12.096726 51.200163
12.409554 51.043749
12.878795 50.887335
12.878795 50.730921
13.504450 50.574508
12.722381 50.418094
12.722381 50.261680
12.722381 50.105266
12.722381 49.948853
12.878795 49.792439
12.722381 49.636025
12.565967 49.479611
13.660864 49.323198
12.878795 49.166784
12.409554 49.010370
12.409554 48.853956
12.565967 48.697543
12.722381 48.541129
13.035209 48.384715
12.565967 48.228302
12.722381 48.071888
12.878795 47.915474
12.409554 47.759060
13.348036 47.602647
13.348036 47.446233
13.035209 47.289819
12.565967 47.133405
12.878795 46.976992
12.878795 46.820578
13.348036 46.664164
12.878795 46.507750
13.504450 46.351337
12.722381 46.194923
13.504450 46.038509
13.191622 45.882095
13.191622 45.725682
12.565967 45.569268
13.348036 45.412854
13.504450 45.256440
11.783899 45.100027
13.504450 44.943613
13.504450 44.787199
12.878795 44.630785
13.348036 44.474372
12.722381 44.317958
12.722381 44.161544
12.878795 44.005130
12.878795 43.848717
12.878795 43.692303
12.878795 43.535889
12.096726 43.379475
12.878795 43.223062
12.878795 43.066648
12.722381 42.910234
13.348036 42.753820
13.348036 42.597407
13.504450 42.440993
12.565967 42.284579
13.504450 42.128165
13.504450 41.971752
12.878795 41.815338
12.878795 41.658924
13.035209 41.502510
12.878795 41.346097
12.409554 41.189683
12.565967 41.033269
13.035209 40.876855
12.722381 40.720442
12.878795 40.564028
13.504450 40.407614
13.191622 40.251200
13.191622 40.094787
12.722381 39.938373
12.409554 39.781959
12.722381 39.625545
12.722381 39.469132
13.348036 39.312718
13.035209 39.156304
12.722381 38.999891
13.348036 38.843477
13.660864 38.687063
12.878795 38.530649
13.504450 38.374236
12.878795 38.217822
13.035209 38.061408
13.504450 37.904994
12.565967 37.748581
13.660864 37.592167
13.191622 37.435753
13.504450 37.279339
13.504450 37.122926
12.565967 36.966512
12.878795 36.810098
12.722381 36.653684
13.660864 36.497271
13.035209 36.340857
12.409554 36.184443
13.660864 36.028029
13.660864 35.871616
12.565967 35.715202
13.035209 35.558788
12.565967 35.402374
13.660864 35.245961
13.504450 35.089547
13.660864 34.933133
13.973691 34.776719
13.504450 34.620306
13.817277 34.463892
13.348036 34.307478
13.817277 34.151064
13.348036 33.994651
13.660864 33.838237
13.504450 33.681823
13.504450 33.525409
13.035209 33.368996
12.878795 33.212582
13.660864 33.056168
13.035209 32.899754
12.878795 32.743341
12.878795 32.586927
13.660864 32.430513
12.096726 32.274099
12.565967 32.117686
13.035209 31.961272
13.660864 31.804858
13.504450 31.648444
13.817277 31.492031
13.817277 31.335617
13.660864 31.179203
13.504450 31.022789
13.660864 30.866376
13.504450 30.709962
13.035209 30.553548
12.409554 30.397135
13.817277 30.240721
13.504450 30.084307
13.660864 29.927893
13.817277 29.771480
13.817277 29.615066
13.504450 29.458652
13.348036 29.302238
13.660864 29.145825
13.504450 28.989411
13.660864 28.832997
13.660864 28.676583
13.660864 28.520170
12.722381 28.363756
12.722381 28.207342
13.035209 28.050928
13.348036 27.894515
12.878795 27.738101
13.660864 27.581687
13.348036 27.425273
13.660864 27.268860
13.504450 27.112446
13.660864 26.956032
12.878795 26.799618
13.348036 26.643205
13.504450 26.486791
13.348036 26.330377
13.504450 26.173963
13.035209 26.017550
13.504450 25.861136
12.878795 25.704722
12.565967 25.548308
13.504450 25.391895
13.035209 25.235481
13.504450 25.079067
13.348036 24.922653
13.504450 24.766240
13.660864 24.609826
13.660864 24.453412
12.722381 24.296998
13.660864 24.140585
13.504450 23.984171
13.191622 23.827757
13.191622 23.671343
13.817277 23.514930
13.660864 23.358516
13.817277 23.202102
13.191622 23.045688
13.504450 22.889275
13.504450 22.732861
13.660864 22.576447
13.817277 22.420033
13.660864 22.263620
13.817277 22.107206
13.817277 21.950792
13.817277 21.794378
13.817277 21.637965
13.660864 21.481551
13.973691 21.325137
13.660864 21.168724
13.817277 21.012310
13.660864 20.855896
13.660864 20.699482
13.504450 20.543069
13.817277 20.386655
13.504450 20.230241
13.504450 20.073827
13.504450 19.917414
13.504450 19.761000
13.660864 19.604586
13.660864 19.448172
13.348036 19.291759
13.035209 19.135345
13.660864 18.978931
12.878795 18.822517
13.348036 18.666104
13.660864 18.509690
13.817277 18.353276
13.660864 18.196862
13.973691 18.040449
13.660864 17.884035
13.973691 17.727621
13.504450 17.571207
13.817277 17.414794
13.973691 17.258380
13.660864 17.101966
13.504450 16.945552
12.409554 16.789139
12.722381 16.632725
13.348036 16.476311
13.035209 16.319897
13.348036 16.163484
13.660864 16.007070
13.660864 15.850656
13.660864 15.694242
13.660864 15.537829
13.348036 15.381415
13.660864 15.225001
13.660864 15.068587
13.504450 14.912174
13.817277 14.755760
13.504450 14.599346
13.504450 14.442932
13.035209 14.286519
13.504450 14.130105
13.348036 13.973691
13.660864 13.817277
12.253140 13.660864
13.504450 13.504450
12.565967 13.348036
13.504450 13.191622
13.660864 13.035209
13.504450 12.878795
13.660864 12.722381
13.348036 12.565967
13.660864 12.409554
13.660864 12.253140
13.660864 12.096726
12.878795 11.940313
13.504450 11.783899
13.348036 11.627485
13.348036 11.471071
12.722381 11.314658
13.504450 11.158244
13.191622 11.001830
13.191622 10.845416
13.504450 10.689003
13.504450 10.532589
3.963211 10.376175
3.650384 10.219761
13.191622 10.063348
13.348036 9.906934
13.191622 9.750520
13.348036 9.594106
13.035209 9.437693
12.722381 9.281279
12.722381 9.124865
12.722381 8.968451
12.878795 8.812038
12.878795 8.655624
12.722381 8.499210
13.191622 8.342796
12.878795 8.186383
13.035209 8.029969
12.409554 7.873555
12.253140 7.717141
12.722381 7.560728
12.565967 7.404314
12.878795 7.247900
12.722381 7.091486
13.035209 6.935073
13.035209 6.778659
12.253140 6.622245
14.912174 6.465831
15.850656 6.309418
15.694242 6.153004
17.571207 5.996590
19.448172 5.840176
20.386655 5.683763
20.855896 5.527349
21.481551 5.370935
20.230241 5.214521
24.296998 5.058108
23.984171 4.901694
25.079067 4.745280
26.330377 4.588866
28.050928 4.432453
27.738101 4.276039
30.397135 4.119625
31.179203 3.963211
32.274099 3.806798
31.804858 3.650384
33.525409 3.493970
35.402374 3.337557
35.558788 3.181143
37.279339 3.024729
37.592167 2.868315
38.061408 2.711902
38.374236 2.555488
38.374236 2.399074
38.843477 2.242660
39.312718 2.086247
38.999891 1.929833
39.156304 1.773419
