1.617005 88.113807
1.617005 87.957393
1.929833 87.800979
9.906934 87.644565
9.906934 87.488152
10.219761 87.331738
10.219761 87.175324
10.376175 87.018910
1.929833 86.236842
10.376175 86.080428
10.219761 85.924014
10.219761 85.767600
10.219761 85.611187
10.376175 85.454773
10.532589 85.298359
10.689003 85.141945
10.689003 84.985532
10.689003 84.829118
10.845416 84.672704
10.689003 84.516290
10.532589 84.359877
11.001830 84.203463
10.845416 84.047049
10.845416 83.890636
10.845416 83.734222
10.845416 83.577808
10.845416 83.421394
10.376175 83.264981
10.532589 83.108567
11.001830 82.952153
11.001830 82.795739
10.689003 82.639326
11.001830 82.482912
10.063348 82.326498
10.689003 82.170084
10.845416 82.013671
10.845416 81.857257
10.532589 81.700843
11.001830 81.544429
10.532589 81.388016
1.929833 81.231602
10.689003 81.075188
10.845416 80.918774
10.845416 80.762361
11.001830 80.605947
10.376175 80.449533
10.845416 80.293119
11.001830 80.136706
10.689003 79.980292
10.532589 79.823878
10.689003 79.667464
11.001830 79.511051
10.845416 79.354637
11.001830 79.198223
10.689003 79.041809
10.845416 78.885396
11.001830 78.728982
11.158244 78.572568
10.532589 78.416154
10.219761 78.259741
10.063348 78.103327
10.219761 77.946913
9.906934 77.790499
11.001830 77.634086
11.001830 77.477672
11.001830 77.321258
11.001830 77.164844
9.906934 77.008431
10.532589 76.852017
11.001830 76.695603
10.845416 76.539189
11.158244 76.382776
2.868315 76.226362
11.158244 76.069948
10.689003 75.913534
10.845416 75.757121
1.617005 75.600707
10.532589 75.444293
10.532589 75.287879
9.594106 75.131466
10.689003 74.975052
10.532589 74.818638
9.594106 74.662225
10.689003 74.505811
10.063348 74.349397
10.063348 74.192983
10.063348 74.036570
10.532589 73.880156
11.001830 73.723742
11.158244 73.567328
10.845416 73.410915
11.158244 73.254501
10.845416 73.098087
11.158244 72.941673
10.532589 72.785260
10.845416 72.628846
2.868315 72.472432
10.845416 72.316018
10.689003 72.159605
10.219761 72.003191
9.594106 71.846777
10.219761 71.690363
1.929833 71.533950
10.219761 71.377536
10.845416 71.221122
10.532589 71.064708
10.219761 70.908295
11.001830 70.751881
10.845416 70.595467
9.750520 70.439053
10.063348 70.282640
10.845416 70.126226
10.845416 69.969812
10.689003 69.813398
10.689003 69.656985
11.158244 69.500571
10.689003 69.344157
2.868315 69.187743
11.158244 69.031330
10.376175 68.874916
10.376175 68.718502
10.219761 68.562088
11.158244 68.405675
2.868315 68.249261
9.906934 68.092847
10.689003 67.936433
9.750520 67.780020
10.376175 67.623606
11.158244 67.467192
10.532589 67.310778
11.158244 67.154365
11.158244 66.997951
10.532589 66.841537
2.399074 66.685123
10.219761 66.528710
10.376175 66.372296
10.376175 66.215882
10.532589 66.059469
11.001830 65.903055
11.001830 65.746641
10.532589 65.590227
11.158244 65.433814
10.845416 65.277400
10.845416 65.120986
10.376175 64.964572
10.845416 64.808159
11.001830 64.651745
9.906934 64.495331
11.158244 64.338917
11.001830 64.182504
11.158244 64.026090
11.158244 63.869676
10.376175 63.713262
10.845416 63.556849
11.158244 63.400435
10.689003 63.244021
11.001830 63.087607
11.314658 62.931194
11.314658 62.774780
11.158244 62.618366
11.314658 62.461952
10.063348 62.305539
10.063348 62.149125
10.845416 61.992711
11.158244 61.836297
10.689003 61.679884
10.219761 61.523470
10.219761 61.367056
10.689003 61.210642
10.376175 61.054229
10.063348 60.897815
10.376175 60.741401
10.063348 60.584987
10.376175 60.428574
10.532589 60.272160
11.314658 60.115746
10.689003 59.959332
10.689003 59.802919
10.689003 59.646505
10.532589 59.490091
10.376175 59.333677
10.532589 59.177264
10.532589 59.020850
11.471071 58.864436
10.376175 58.708022
9.906934 58.551609
9.906934 58.395195
10.376175 58.238781
10.063348 58.082367
10.063348 57.925954
10.689003 57.769540
11.314658 57.613126
11.158244 57.456712
10.845416 57.300299
10.532589 57.143885
9.906934 56.987471
10.376175 56.831058
10.845416 56.674644
10.845416 56.518230
10.845416 56.361816
10.063348 56.205403
10.376175 56.048989
10.689003 55.892575
10.219761 55.736161
10.532589 55.579748
10.532589 55.423334
10.845416 55.266920
9.906934 55.110506
10.219761 54.954093
10.689003 54.797679
10.376175 54.641265
10.532589 54.484851
10.845416 54.328438
9.750520 54.172024
10.063348 54.015610
10.063348 53.859196
10.219761 53.702783
10.689003 53.546369
10.219761 53.389955
10.845416 53.233541
9.281279 53.077128
9.906934 52.920714
10.845416 52.764300
11.158244 52.607886
10.689003 52.451473
11.158244 52.295059
10.063348 52.138645
10.376175 51.982231
11.158244 51.825818
10.532589 51.669404
11.001830 51.512990
11.158244 51.356576
10.689003 51.200163
10.689003 51.043749
10.532589 50.887335
11.158244 50.730921
10.219761 50.574508
11.158244 50.418094
11.158244 50.261680
11.158244 50.105266
9.437693 49.948853
11.158244 49.792439
10.376175 49.636025
10.845416 49.479611
10.689003 49.323198
10.376175 49.166784
10.689003 49.010370
11.314658 48.853956
10.845416 48.697543
10.689003 48.541129
11.158244 48.384715
10.376175 48.228302
11.001830 48.071888
10.532589 47.915474
11.314658 47.759060
10.219761 47.602647
11.314658 47.446233
11.001830 47.289819
11.001830 47.133405
10.845416 46.976992
11.001830 46.820578
11.001830 46.664164
11.158244 46.507750
10.845416 46.351337
11.314658 46.194923
11.158244 46.038509
11.158244 45.882095
10.532589 45.725682
10.689003 45.569268
10.376175 45.412854
10.376175 45.256440
11.158244 45.100027
11.001830 44.943613
10.845416 44.787199
10.689003 44.630785
10.532589 44.474372
10.532589 44.317958
10.532589 44.161544
10.689003 44.005130
10.063348 43.848717
3.181143 43.692303
11.158244 43.535889
11.158244 43.379475
10.376175 43.223062
11.471071 43.066648
10.689003 42.910234
10.532589 42.753820
10.689003 42.597407
10.532589 42.440993
11.158244 42.284579
11.314658 42.128165
11.158244 41.971752
10.532589 41.815338
11.314658 41.658924
11.158244 41.502510
11.158244 41.346097
11.001830 41.189683
10.219761 41.033269
11.158244 40.876855
11.158244 40.720442
11.314658 40.564028
11.158244 40.407614
11.314658 40.251200
11.314658 40.094787
11.314658 39.938373
11.158244 39.781959
10.376175 39.625545
11.158244 39.469132
11.314658 39.312718
11.314658 39.156304
11.158244 38.999891
10.219761 38.843477
11.158244 38.687063
10.689003 38.530649
10.532589 38.374236
10.845416 38.217822
10.376175 38.061408
11.001830 37.904994
11.471071 37.748581
11.314658 37.592167
11.471071 37.435753
10.376175 37.279339
11.314658 37.122926
11.314658 36.966512
11.001830 36.810098
11.471071 36.653684
10.689003 36.497271
11.001830 36.340857
10.689003 36.184443
10.845416 36.028029
10.689003 35.871616
11.314658 35.715202
10.845416 35.558788
11.314658 35.402374
10.532589 35.245961
11.314658 35.089547
10.689003 34.933133
10.532589 34.776719
10.689003 34.620306
10.532589 34.463892
11.471071 34.307478
10.376175 34.151064
10.689003 33.994651
10.689003 33.838237
10.532589 33.681823
10.219761 33.525409
11.314658 33.368996
11.001830 33.212582
11.314658 33.056168
11.314658 32.899754
11.001830 32.743341
11.471071 32.586927
11.001830 32.430513
11.471071 32.274099
11.471071 32.117686
11.001830 31.961272
10.845416 31.804858
11.001830 31.648444
10.845416 31.492031
11.314658 31.335617
10.845416 31.179203
10.532589 31.022789
10.689003 30.866376
11.314658 30.709962
10.689003 30.553548
11.314658 30.397135
11.158244 30.240721
11.471071 30.084307
10.532589 29.927893
11.471071 29.771480
10.689003 29.615066
10.845416 29.458652
10.532589 29.302238
11.314658 29.145825
11.627485 28.989411
11.314658 28.832997
11.627485 28.676583
11.471071 28.520170
11.471071 28.363756
11.471071 28.207342
11.314658 28.050928
11.158244 27.894515
11.627485 27.738101
11.471071 27.581687
10.689003 27.425273
11.471071 27.268860
11.627485 27.112446
11.314658 26.956032
11.001830 26.799618
11.783899 26.643205
11.158244 26.486791
11.158244 26.330377
10.689003 26.173963
11.471071 26.017550
11.314658 25.861136
10.689003 25.704722
10.845416 25.548308
10.376175 25.391895
10.689003 25.235481
10.219761 25.079067
11.627485 24.922653
11.001830 24.766240
11.471071 24.609826
11.471071 24.453412
11.471071 24.296998
11.314658 24.140585
11.314658 23.984171
11.158244 23.827757
11.314658 23.671343
11.471071 23.514930
11.314658 23.358516
11.783899 23.202102
10.689003 23.045688
11.627485 22.889275
10.845416 22.732861
11.471071 22.576447
11.627485 22.420033
11.314658 22.263620
11.158244 22.107206
11.471071 21.950792
11.783899 21.794378
11.471071 21.637965
10.689003 21.481551
11.627485 21.325137
11.314658 21.168724
9.750520 21.012310
11.471071 20.855896
11.158244 20.699482
11.627485 20.543069
11.627485 20.386655
11.627485 20.230241
10.532589 20.073827
10.689003 19.917414
11.627485 19.761000
11.471071 19.604586
11.627485 19.448172
11.471071 19.291759
10.689003 19.135345
11.158244 18.978931
11.783899 18.822517
11.627485 18.666104
11.783899 18.509690
11.940313 18.353276
11.627485 18.196862
11.783899 18.040449
11.783899 17.884035
11.627485 17.727621
11.001830 17.571207
11.627485 17.414794
11.940313 17.258380
11.627485 17.101966
11.627485 16.945552
11.940313 16.789139
11.783899 16.632725
11.627485 16.476311
10.689003 16.319897
11.471071 16.163484
11.783899 16.007070
11.471071 15.850656
11.001830 15.694242
10.845416 15.537829
11.471071 15.381415
10.689003 15.225001
11.314658 15.068587
11.314658 14.912174
11.471071 14.755760
11.158244 14.599346
11.627485 14.442932
11.627485 14.286519
10.532589 14.130105
11.627485 13.973691
11.158244 13.817277
11.783899 13.660864
11.627485 13.504450
11.471071 13.348036
11.471071 13.191622
11.627485 13.035209
11.314658 12.878795
10.689003 12.722381
10.376175 12.565967
11.471071 12.409554
11.001830 12.253140
11.471071 12.096726
10.845416 11.940313
10.845416 11.783899
11.471071 11.627485
11.471071 11.471071
11.001830 11.314658
11.471071 11.158244
11.158244 11.001830
10.845416 10.845416
11.158244 10.689003
11.471071 10.532589
11.471071 10.376175
11.471071 10.219761
11.001830 10.063348
11.314658 9.906934
11.001830 9.750520
10.689003 9.594106
10.689003 9.437693
10.063348 9.281279
10.376175 9.124865
10.845416 8.968451
10.532589 8.812038
10.532589 8.655624
10.376175 8.499210
10.689003 8.342796
10.219761 8.186383
10.532589 8.029969
10.532589 7.873555
9.594106 7.717141
9.906934 7.560728
10.219761 7.404314
2.242660 7.247900
9.906934 7.091486
9.594106 6.935073
14.912174 6.778659
15.068587 6.622245
3.024729 6.465831
3.181143 6.309418
2.711902 6.153004
3.337557 5.996590
3.024729 5.840176
3.181143 5.683763
2.868315 5.527349
3.181143 5.370935
2.086247 5.214521
3.337557 5.058108
35.558788 4.901694
37.748581 4.745280
38.061408 4.588866
38.687063 4.432453
38.843477 4.276039
38.843477 4.119625
39.156304 3.963211
39.312718 3.806798
39.469132 3.650384
38.843477 3.493970
39.781959 3.337557
39.312718 3.181143
39.156304 3.024729
39.469132 2.868315
39.312718 2.711902
39.156304 2.555488
38.843477 2.399074
38.999891 2.242660
38.999891 2.086247
39.312718 1.929833
38.999891 1.773419
