1.617005 89.052289
1.617005 88.895875
1.617005 88.739462
1.773419 88.583048
1.617005 88.426634
1.773419 88.270220
1.773419 88.113807
1.773419 87.957393
1.617005 87.800979
2.399074 87.644565
2.555488 87.488152
10.532589 87.331738
2.399074 87.175324
2.399074 87.018910
10.376175 86.862497
10.689003 86.706083
11.001830 86.549669
11.158244 86.393255
10.689003 86.236842
11.001830 86.080428
11.001830 85.924014
11.001830 85.767600
10.845416 85.611187
11.158244 85.454773
11.158244 85.298359
11.001830 85.141945
10.845416 84.985532
10.376175 84.829118
11.001830 84.672704
11.001830 84.516290
11.001830 84.359877
11.158244 84.203463
11.001830 84.047049
10.689003 83.890636
10.689003 83.734222
10.532589 83.577808
11.158244 83.421394
11.001830 83.264981
11.158244 83.108567
11.158244 82.952153
11.158244 82.795739
11.158244 82.639326
11.001830 82.482912
11.158244 82.326498
11.158244 82.170084
11.001830 82.013671
11.001830 81.857257
10.845416 81.700843
11.001830 81.544429
10.219761 81.388016
10.845416 81.231602
10.689003 81.075188
10.689003 80.918774
10.532589 80.762361
10.532589 80.605947
11.001830 80.449533
11.158244 80.293119
10.376175 80.136706
10.532589 79.980292
10.219761 79.823878
10.376175 79.667464
11.158244 79.511051
11.158244 79.354637
10.532589 79.198223
11.001830 79.041809
11.001830 78.885396
10.532589 78.728982
1.617005 78.572568
11.158244 78.416154
11.158244 78.259741
11.001830 78.103327
11.158244 77.946913
11.314658 77.790499
11.001830 77.634086
10.532589 77.477672
2.242660 77.321258
10.376175 77.164844
1.773419 77.008431
2.711902 76.852017
11.314658 76.695603
11.001830 76.539189
10.532589 76.382776
10.689003 76.226362
10.845416 76.069948
10.532589 75.913534
11.001830 75.757121
10.532589 75.600707
11.001830 75.444293
11.001830 75.287879
10.845416 75.131466
10.376175 74.975052
2.555488 74.818638
11.314658 74.662225
10.376175 74.505811
10.219761 74.349397
10.689003 74.192983
10.532589 74.036570
10.845416 73.880156
10.532589 73.723742
11.001830 73.567328
10.532589 73.410915
10.532589 73.254501
10.845416 73.098087
10.845416 72.941673
10.532589 72.785260
10.376175 72.628846
11.158244 72.472432
11.001830 72.316018
10.845416 72.159605
2.555488 72.003191
10.845416 71.846777
10.845416 71.690363
10.845416 71.533950
10.689003 71.377536
10.532589 71.221122
11.314658 71.064708
11.001830 70.908295
10.376175 70.751881
10.063348 70.595467
10.689003 70.439053
10.845416 70.282640
10.689003 70.126226
10.532589 69.969812
10.063348 69.813398
10.219761 69.656985
10.689003 69.500571
9.594106 69.344157
1.617005 69.187743
9.750520 69.031330
9.906934 68.874916
10.689003 68.718502
9.750520 68.562088
10.532589 68.405675
10.845416 68.249261
10.376175 68.092847
10.689003 67.936433
10.845416 67.780020
10.689003 67.623606
10.063348 67.467192
2.086247 67.310778
10.845416 67.154365
11.158244 66.997951
11.314658 66.841537
11.314658 66.685123
11.314658 66.528710
10.845416 66.372296
10.532589 66.215882
10.376175 66.059469
10.845416 65.903055
10.219761 65.746641
10.845416 65.590227
10.845416 65.433814
10.689003 65.277400
10.532589 65.120986
10.532589 64.964572
2.086247 64.808159
9.906934 64.651745
9.750520 64.495331
10.063348 64.338917
2.868315 64.182504
10.689003 64.026090
10.689003 63.869676
11.471071 63.713262
11.314658 63.556849
11.314658 63.400435
11.471071 63.244021
10.532589 63.087607
11.471071 62.931194
11.158244 62.774780
2.868315 62.618366
11.471071 62.461952
2.242660 62.305539
1.617005 62.149125
10.219761 61.992711
11.001830 61.836297
11.001830 61.679884
10.689003 61.523470
10.845416 61.367056
10.532589 61.210642
11.471071 61.054229
11.471071 60.897815
9.906934 60.741401
9.906934 60.584987
2.086247 60.428574
10.532589 60.272160
10.532589 60.115746
11.471071 59.959332
10.376175 59.802919
10.845416 59.646505
10.689003 59.490091
10.689003 59.333677
10.219761 59.177264
10.532589 59.020850
10.219761 58.864436
10.532589 58.708022
11.471071 58.551609
11.001830 58.395195
11.471071 58.238781
10.845416 58.082367
11.627485 57.925954
11.471071 57.769540
11.471071 57.613126
11.314658 57.456712
10.063348 57.300299
10.845416 57.143885
10.845416 56.987471
10.219761 56.831058
10.532589 56.674644
10.845416 56.518230
11.001830 56.361816
11.158244 56.205403
10.845416 56.048989
10.845416 55.892575
10.689003 55.736161
11.001830 55.579748
10.532589 55.423334
9.906934 55.266920
10.532589 55.110506
10.845416 54.954093
10.689003 54.797679
9.906934 54.641265
10.532589 54.484851
10.689003 54.328438
11.001830 54.172024
10.532589 54.015610
10.063348 53.859196
10.845416 53.702783
11.314658 53.546369
11.158244 53.389955
11.314658 53.233541
11.471071 53.077128
10.532589 52.920714
11.627485 52.764300
11.001830 52.607886
11.314658 52.451473
11.471071 52.295059
10.063348 52.138645
10.845416 51.982231
10.689003 51.825818
11.001830 51.669404
10.845416 51.512990
10.532589 51.356576
10.532589 51.200163
11.001830 51.043749
11.314658 50.887335
11.314658 50.730921
10.689003 50.574508
11.471071 50.418094
10.845416 50.261680
11.314658 50.105266
11.471071 49.948853
11.158244 49.792439
10.845416 49.636025
11.158244 49.479611
11.627485 49.323198
11.471071 49.166784
10.845416 49.010370
11.471071 48.853956
10.845416 48.697543
11.001830 48.541129
10.219761 48.384715
10.689003 48.228302
11.471071 48.071888
11.471071 47.915474
10.532589 47.759060
10.845416 47.602647
11.314658 47.446233
11.471071 47.289819
10.845416 47.133405
10.689003 46.976992
10.532589 46.820578
10.845416 46.664164
10.689003 46.507750
11.158244 46.351337
11.314658 46.194923
11.314658 46.038509
10.532589 45.882095
10.845416 45.725682
10.532589 45.569268
11.314658 45.412854
11.314658 45.256440
11.471071 45.100027
11.314658 44.943613
10.845416 44.787199
10.845416 44.630785
10.689003 44.474372
10.063348 44.317958
10.689003 44.161544
10.376175 44.005130
10.219761 43.848717
10.689003 43.692303
10.532589 43.535889
10.376175 43.379475
10.532589 43.223062
10.532589 43.066648
10.689003 42.910234
10.845416 42.753820
11.471071 42.597407
11.158244 42.440993
11.314658 42.284579
11.001830 42.128165
10.845416 41.971752
10.845416 41.815338
11.314658 41.658924
10.376175 41.502510
10.845416 41.346097
11.627485 41.189683
11.001830 41.033269
10.845416 40.876855
11.001830 40.720442
10.845416 40.564028
10.845416 40.407614
11.001830 40.251200
10.845416 40.094787
10.689003 39.938373
11.314658 39.781959
11.471071 39.625545
11.627485 39.469132
10.689003 39.312718
11.001830 39.156304
11.001830 38.999891
11.001830 38.843477
11.001830 38.687063
10.845416 38.530649
11.001830 38.374236
10.063348 38.217822
10.845416 38.061408
10.376175 37.904994
11.158244 37.748581
11.001830 37.592167
10.063348 37.435753
10.845416 37.279339
11.471071 37.122926
10.845416 36.966512
11.627485 36.810098
10.845416 36.653684
11.314658 36.497271
10.845416 36.340857
10.845416 36.184443
11.001830 36.028029
11.001830 35.871616
11.627485 35.715202
11.314658 35.558788
11.471071 35.402374
11.314658 35.245961
10.845416 35.089547
11.471071 34.933133
11.627485 34.776719
11.627485 34.620306
11.471071 34.463892
10.845416 34.307478
11.783899 34.151064
11.783899 33.994651
11.314658 33.838237
11.471071 33.681823
11.471071 33.525409
10.845416 33.368996
11.471071 33.212582
11.783899 33.056168
11.783899 32.899754
11.471071 32.743341
11.783899 32.586927
11.471071 32.430513
11.001830 32.274099
10.532589 32.117686
10.689003 31.961272
11.001830 31.804858
11.158244 31.648444
11.627485 31.492031
10.376175 31.335617
11.783899 31.179203
11.627485 31.022789
11.471071 30.866376
11.627485 30.709962
11.783899 30.553548
11.314658 30.397135
11.783899 30.240721
11.158244 30.084307
11.627485 29.927893
10.845416 29.771480
11.001830 29.615066
11.314658 29.458652
11.471071 29.302238
11.627485 29.145825
10.845416 28.989411
11.627485 28.832997
11.627485 28.676583
11.001830 28.520170
10.532589 28.363756
10.845416 28.207342
10.219761 28.050928
11.627485 27.894515
10.689003 27.738101
10.532589 27.581687
11.158244 27.425273
11.158244 27.268860
11.158244 27.112446
10.219761 26.956032
11.783899 26.799618
11.783899 26.643205
10.532589 26.486791
11.627485 26.330377
11.314658 26.173963
11.158244 26.017550
10.532589 25.861136
11.001830 25.704722
11.158244 25.548308
11.001830 25.391895
11.627485 25.235481
11.627485 25.079067
11.471071 24.922653
10.376175 24.766240
11.001830 24.609826
11.627485 24.453412
10.219761 24.296998
10.845416 24.140585
11.471071 23.984171
11.314658 23.827757
11.627485 23.671343
11.471071 23.514930
11.158244 23.358516
10.845416 23.202102
11.471071 23.045688
11.471071 22.889275
11.627485 22.732861
11.001830 22.576447
11.627485 22.420033
11.471071 22.263620
11.158244 22.107206
11.627485 21.950792
11.783899 21.794378
11.783899 21.637965
11.471071 21.481551
11.471071 21.325137
11.471071 21.168724
11.471071 21.012310
11.783899 20.855896
11.783899 20.699482
11.940313 20.543069
11.627485 20.386655
11.314658 20.230241
11.627485 20.073827
11.783899 19.917414
11.471071 19.761000
11.471071 19.604586
11.783899 19.448172
10.532589 19.291759
11.783899 19.135345
11.627485 18.978931
11.627485 18.822517
11.627485 18.666104
10.689003 18.509690
11.783899 18.353276
11.627485 18.196862
11.783899 18.040449
11.627485 17.884035
11.940313 17.727621
11.783899 17.571207
11.940313 17.414794
11.940313 17.258380
11.783899 17.101966
11.627485 16.945552
11.471071 16.789139
11.783899 16.632725
11.001830 16.476311
11.783899 16.319897
11.783899 16.163484
11.471071 16.007070
10.845416 15.850656
10.845416 15.694242
11.627485 15.537829
11.627485 15.381415
11.627485 15.225001
11.471071 15.068587
11.783899 14.912174
11.940313 14.755760
11.940313 14.599346
11.783899 14.442932
11.314658 14.286519
11.627485 14.130105
11.783899 13.973691
11.783899 13.817277
11.783899 13.660864
11.627485 13.504450
11.783899 13.348036
11.314658 13.191622
11.627485 13.035209
11.627485 12.878795
11.627485 12.722381
11.940313 12.565967
11.627485 12.409554
11.471071 12.253140
11.783899 12.096726
11.314658 11.940313
11.158244 11.783899
11.314658 11.627485
11.471071 11.471071
12.096726 11.314658
11.627485 11.158244
11.783899 11.001830
10.689003 10.845416
11.627485 10.689003
11.627485 10.532589
11.314658 10.376175
11.471071 10.219761
11.627485 10.063348
11.001830 9.906934
10.063348 9.750520
10.532589 9.594106
11.158244 9.437693
10.845416 9.281279
10.219761 9.124865
11.158244 8.968451
10.845416 8.812038
11.158244 8.655624
11.158244 8.499210
9.594106 8.342796
11.001830 8.186383
10.689003 8.029969
10.532589 7.873555
10.845416 7.717141
10.845416 7.560728
10.376175 7.404314
2.555488 7.247900
2.555488 7.091486
2.555488 6.935073
2.399074 6.778659
2.711902 6.622245
2.399074 6.465831
2.868315 6.309418
2.399074 6.153004
2.711902 5.996590
3.024729 5.840176
2.868315 5.683763
37.904994 5.527349
38.374236 5.370935
38.061408 5.214521
38.843477 5.058108
38.999891 4.901694
39.156304 4.745280
39.469132 4.588866
39.625545 4.432453
39.625545 4.276039
39.469132 4.119625
39.625545 3.963211
39.312718 3.806798
39.469132 3.650384
39.156304 3.493970
38.843477 3.337557
38.687063 3.181143
38.217822 3.024729
39.156304 2.868315
39.469132 2.711902
39.625545 2.555488
39.312718 2.399074
38.999891 2.242660
39.625545 2.086247
39.469132 1.929833
39.156304 1.773419
