40.407614 295.674847
40.094787 295.518433
40.564028 295.362020
40.407614 295.205606
40.251200 295.049192
40.564028 294.892778
40.407614 294.736365
40.407614 294.579951
40.564028 294.423537
40.564028 294.267123
40.720442 294.110710
40.564028 293.954296
40.720442 293.797882
40.564028 293.641468
40.876855 293.485055
40.564028 293.328641
40.720442 293.172227
40.407614 293.015813
40.564028 292.859400
40.407614 292.702986
40.564028 292.546572
40.094787 292.390158
40.407614 292.233745
40.720442 292.077331
40.720442 291.920917
40.407614 291.764503
40.720442 291.608090
40.564028 291.451676
40.720442 291.295262
39.469132 291.138848
40.720442 290.982435
40.720442 290.826021
40.564028 290.669607
40.720442 290.513193
40.876855 290.356780
40.407614 290.200366
40.564028 290.043952
41.033269 289.887539
40.564028 289.731125
40.720442 289.574711
40.720442 289.418297
40.876855 289.261884
40.720442 289.105470
40.876855 288.949056
40.251200 288.792642
40.720442 288.636229
40.407614 288.479815
40.720442 288.323401
40.720442 288.166987
40.564028 288.010574
40.876855 287.854160
40.720442 287.697746
40.251200 287.541332
40.407614 287.384919
40.876855 287.228505
40.720442 287.072091
40.876855 286.915677
40.876855 286.759264
40.564028 286.602850
40.876855 286.446436
40.564028 286.290022
40.876855 286.133609
40.564028 285.977195
40.720442 285.820781
40.564028 285.664367
40.720442 285.507954
40.876855 285.351540
40.720442 285.195126
40.876855 285.038712
40.876855 284.882299
40.876855 284.725885
40.876855 284.569471
40.876855 284.413057
40.876855 284.256644
40.564028 284.100230
40.876855 283.943816
40.251200 283.787402
40.251200 283.630989
40.564028 283.474575
40.720442 283.318161
40.251200 283.161747
40.407614 283.005334
40.094787 282.848920
40.720442 282.692506
40.876855 282.536092
40.251200 282.379679
40.564028 282.223265
40.564028 282.066851
40.564028 281.910437
40.720442 281.754024
40.564028 281.597610
40.720442 281.441196
40.720442 281.284783
40.720442 281.128369
40.564028 280.971955
40.564028 280.815541
40.720442 280.659128
40.564028 280.502714
40.407614 280.346300
40.407614 280.189886
40.564028 280.033473
40.564028 279.877059
40.876855 279.720645
40.564028 279.564231
40.720442 279.407818
40.564028 279.251404
40.564028 279.094990
40.564028 278.938576
40.720442 278.782163
40.564028 278.625749
40.720442 278.469335
40.564028 278.312921
40.564028 278.156508
40.564028 278.000094
40.564028 277.843680
40.564028 277.687266
40.407614 277.530853
40.564028 277.374439
40.251200 277.218025
40.564028 277.061611
40.407614 276.905198
40.407614 276.748784
40.564028 276.592370
40.251200 276.435956
40.564028 276.279543
40.564028 276.123129
40.251200 275.966715
40.564028 275.810301
40.407614 275.653888
40.720442 275.497474
40.876855 275.341060
40.407614 275.184646
40.407614 275.028233
40.564028 274.871819
40.564028 274.715405
40.564028 274.558991
40.720442 274.402578
40.564028 274.246164
40.720442 274.089750
40.720442 273.933336
40.720442 273.776923
40.251200 273.620509
40.564028 273.464095
40.407614 273.307681
40.564028 273.151268
40.407614 272.994854
40.251200 272.838440
40.251200 272.682026
40.564028 272.525613
40.564028 272.369199
40.094787 272.212785
40.564028 272.056372
40.720442 271.899958
40.564028 271.743544
40.564028 271.587130
40.251200 271.430717
42.440993 271.274303
42.440993 271.117889
42.597407 270.961475
39.781959 270.805062
39.312718 270.648648
2.399074 270.492234
2.086247 270.335820
2.399074 270.179407
1.773419 270.022993
2.242660 269.866579
2.242660 269.710165
1.929833 269.553752
2.242660 269.397338
2.086247 269.240924
2.399074 269.084510
1.929833 268.928097
2.086247 268.771683
2.242660 268.615269
1.929833 268.458855
2.399074 268.302442
2.399074 268.146028
2.399074 267.989614
42.597407 267.833200
42.597407 267.676787
42.910234 267.520373
42.753820 267.363959
42.597407 267.207545
42.597407 267.051132
42.753820 266.894718
42.597407 266.738304
2.242660 266.581890
2.555488 266.425477
42.597407 266.269063
2.555488 266.112649
2.399074 265.956235
2.399074 265.799822
2.399074 265.643408
2.399074 265.486994
2.555488 265.330580
43.066648 265.174167
2.242660 265.017753
42.910234 264.861339
42.910234 264.704925
43.066648 264.548512
42.753820 264.392098
42.910234 264.235684
43.066648 264.079270
42.910234 263.922857
42.597407 263.766443
42.753820 263.610029
1.929833 263.453616
2.242660 263.297202
2.086247 263.140788
1.773419 262.984374
2.242660 262.827961
2.242660 262.671547
42.753820 262.515133
43.066648 262.358719
43.066648 262.202306
42.597407 262.045892
42.753820 261.889478
42.753820 261.733064
42.910234 261.576651
42.753820 261.420237
42.910234 261.263823
5.214521 261.107409
1.617005 260.950996
5.214521 260.794582
5.214521 260.638168
1.773419 260.168927
1.617005 260.012513
1.929833 259.856099
5.370935 259.699686
5.370935 259.543272
2.086247 259.386858
1.773419 259.230444
1.617005 259.074031
1.773419 258.917617
2.086247 258.761203
1.929833 258.604789
1.773419 258.291962
1.617005 258.135548
1.617005 257.979134
1.617005 257.822721
1.617005 257.040652
1.617005 256.727824
1.773419 256.571411
5.683763 256.414997
1.929833 256.258583
1.929833 256.102169
1.617005 255.945756
1.617005 255.789342
1.773419 255.632928
1.617005 255.476514
2.086247 255.320101
2.242660 255.163687
2.242660 255.007273
2.086247 254.850859
2.086247 254.694446
2.086247 254.538032
1.773419 254.381618
1.617005 254.225205
1.617005 254.068791
1.773419 253.912377
2.086247 253.755963
1.929833 253.599550
2.086247 253.443136
2.086247 253.286722
1.929833 253.130308
1.617005 252.973895
1.773419 252.817481
1.617005 252.661067
1.773419 252.504653
1.773419 252.348240
2.086247 252.191826
2.242660 252.035412
1.617005 251.878998
2.086247 251.722585
1.617005 251.566171
2.086247 251.409757
1.773419 251.253343
5.683763 251.096930
5.683763 250.940516
5.683763 250.784102
2.086247 250.627688
1.929833 250.314861
1.617005 250.158447
1.929833 250.002033
5.683763 249.845620
1.773419 249.689206
5.527349 249.532792
1.617005 249.376378
1.929833 249.219965
1.929833 249.063551
1.929833 248.907137
2.242660 248.750723
1.929833 248.594310
2.086247 248.437896
1.929833 248.281482
1.929833 248.125068
1.773419 247.968655
2.086247 247.812241
5.996590 247.655827
1.773419 247.499413
5.996590 247.343000
5.683763 247.186586
5.996590 247.030172
5.996590 246.873758
5.996590 246.717345
1.929833 246.560931
2.399074 246.404517
2.086247 246.248103
2.242660 246.091690
1.773419 245.935276
2.242660 245.778862
2.086247 245.622449
2.086247 245.466035
5.840176 245.309621
2.086247 245.153207
1.773419 244.996794
1.773419 244.840380
6.153004 244.683966
6.309418 244.527552
5.840176 244.371139
5.996590 244.214725
6.153004 244.058311
5.840176 243.901897
6.153004 243.745484
5.996590 243.589070
2.086247 243.432656
5.840176 243.276242
5.996590 243.119829
6.153004 242.963415
5.527349 242.807001
6.309418 242.650587
6.309418 242.494174
6.309418 242.337760
6.153004 242.181346
2.086247 242.024932
6.153004 241.868519
6.153004 241.712105
1.773419 241.555691
6.153004 241.399277
6.153004 241.242864
6.153004 241.086450
5.683763 240.930036
1.773419 240.773622
5.996590 240.617209
1.773419 240.460795
6.309418 240.304381
5.996590 240.147967
6.153004 239.991554
5.996590 239.835140
5.840176 239.678726
6.622245 239.522312
6.465831 239.365899
6.309418 239.209485
6.622245 239.053071
6.309418 238.896657
2.242660 238.740244
2.086247 238.583830
2.086247 238.427416
2.399074 238.271002
2.399074 238.114589
1.929833 237.958175
2.086247 237.801761
2.086247 237.645347
2.242660 237.488934
2.242660 237.332520
2.242660 237.176106
6.309418 237.019692
6.153004 236.863279
6.778659 236.706865
6.465831 236.550451
6.622245 236.394038
6.465831 236.237624
6.465831 236.081210
6.465831 235.924796
6.622245 235.768383
6.465831 235.611969
6.622245 235.455555
6.778659 235.299141
6.935073 235.142728
6.465831 234.986314
6.778659 234.829900
2.399074 234.673486
2.242660 234.517073
2.086247 234.360659
2.399074 234.204245
6.309418 234.047831
6.622245 233.891418
6.622245 233.735004
2.399074 233.578590
2.242660 233.422176
2.242660 233.265763
2.242660 233.109349
6.778659 232.952935
1.929833 232.796521
6.778659 232.640108
2.242660 232.483694
2.086247 232.327280
6.778659 232.170866
6.778659 232.014453
6.778659 231.858039
6.935073 231.701625
1.773419 231.545211
6.778659 231.388798
7.091486 231.232384
6.622245 231.075970
7.091486 230.919556
6.935073 230.763143
6.935073 230.606729
6.935073 230.450315
2.086247 230.293901
2.086247 230.137488
2.086247 229.981074
2.086247 229.824660
2.086247 229.668246
2.086247 229.511833
1.773419 229.355419
6.935073 229.199005
7.247900 229.042591
6.935073 228.886178
7.404314 228.729764
7.404314 228.573350
7.560728 228.416936
2.242660 228.260523
7.404314 228.104109
2.399074 227.947695
7.404314 227.791281
1.929833 227.634868
7.404314 227.478454
6.778659 227.322040
7.560728 227.165627
7.873555 227.009213
7.717141 226.852799
7.247900 226.696385
7.404314 226.539972
2.242660 226.383558
2.399074 226.227144
7.873555 226.070730
7.091486 225.914317
7.717141 225.757903
7.717141 225.601489
7.560728 225.445075
7.560728 225.288662
7.717141 225.132248
7.717141 224.975834
7.873555 224.819420
8.029969 224.663007
8.186383 224.506593
8.029969 224.350179
7.247900 224.193765
1.929833 224.037352
1.617005 223.880938
2.086247 223.724524
8.342796 223.568110
8.186383 223.411697
8.342796 223.255283
8.342796 223.098869
8.499210 222.942455
7.560728 222.786042
2.242660 222.629628
1.929833 222.473214
2.086247 222.316800
1.773419 222.160387
1.929833 222.003973
2.086247 221.847559
2.242660 221.691145
2.086247 221.534732
1.617005 221.378318
2.242660 221.221904
8.655624 221.065490
8.499210 220.909077
8.812038 220.752663
8.812038 220.596249
8.812038 220.439835
8.812038 220.283422
8.968451 220.127008
9.124865 219.970594
8.499210 219.814180
8.812038 219.657767
8.812038 219.501353
8.499210 219.344939
8.812038 219.188525
8.812038 219.032112
8.968451 218.875698
9.124865 218.719284
8.499210 218.562871
8.812038 218.406457
9.124865 218.250043
2.399074 218.093629
9.124865 217.937216
8.812038 217.780802
9.124865 217.624388
9.124865 217.467974
9.124865 217.311561
9.594106 217.155147
9.281279 216.998733
9.124865 216.842319
9.124865 216.685906
8.968451 216.529492
9.281279 216.373078
9.437693 216.216664
9.437693 216.060251
9.437693 215.903837
9.281279 215.747423
2.242660 215.591009
9.437693 215.434596
9.437693 215.278182
9.437693 215.121768
9.594106 214.965354
9.750520 214.808941
9.594106 214.652527
9.437693 214.496113
9.281279 214.339699
9.750520 214.183286
9.750520 214.026872
9.750520 213.870458
9.750520 213.714044
2.242660 213.557631
2.555488 213.401217
9.594106 213.244803
2.242660 213.088389
2.555488 212.931976
9.750520 212.775562
9.750520 212.619148
9.594106 212.462734
9.750520 212.306321
9.437693 212.149907
2.711902 211.993493
9.594106 211.837079
9.437693 211.680666
9.594106 211.524252
9.594106 211.367838
10.063348 211.211424
10.219761 211.055011
10.063348 210.898597
10.063348 210.742183
9.906934 210.585769
2.555488 210.429356
9.906934 210.272942
10.063348 210.116528
10.219761 209.960114
10.063348 209.803701
9.750520 209.647287
10.219761 209.490873
10.063348 209.334460
9.906934 209.178046
10.063348 209.021632
10.063348 208.865218
10.063348 208.708805
10.219761 208.552391
9.906934 208.395977
10.063348 208.239563
10.063348 208.083150
10.376175 207.926736
10.063348 207.770322
10.376175 207.613908
9.594106 207.457495
10.376175 207.301081
9.750520 207.144667
10.219761 206.988253
10.219761 206.831840
10.063348 206.675426
10.219761 206.519012
10.063348 206.362598
10.219761 206.206185
10.219761 206.049771
10.063348 205.893357
10.219761 205.736943
10.063348 205.580530
10.219761 205.424116
10.063348 205.267702
10.376175 205.111288
9.906934 204.954875
10.219761 204.798461
9.906934 204.642047
9.594106 204.485633
10.063348 204.329220
10.219761 204.172806
10.063348 204.016392
10.063348 203.859978
9.906934 203.703565
10.063348 203.547151
10.063348 203.390737
10.063348 203.234323
9.906934 203.077910
9.906934 202.921496
9.750520 202.765082
9.906934 202.608668
9.437693 202.452255
8.968451 202.295841
9.594106 202.139427
9.124865 201.983013
9.750520 201.826600
9.750520 201.670186
9.750520 201.513772
10.063348 201.357358
9.906934 201.200945
10.063348 201.044531
10.219761 200.888117
10.063348 200.731704
10.219761 200.575290
10.376175 200.418876
10.063348 200.262462
10.219761 200.106049
10.376175 199.949635
10.376175 199.793221
9.906934 199.636807
9.750520 199.480394
9.906934 199.323980
9.750520 199.167566
9.906934 199.011152
2.086247 198.854739
9.906934 198.698325
9.594106 198.541911
9.750520 198.385497
9.750520 198.229084
9.594106 198.072670
10.063348 197.916256
9.594106 197.759842
9.750520 197.603429
9.437693 197.447015
9.906934 197.290601
9.750520 197.134187
9.750520 196.977774
9.750520 196.821360
9.594106 196.664946
9.594106 196.508532
9.594106 196.352119
9.437693 196.195705
9.437693 196.039291
9.124865 195.882877
9.594106 195.726464
9.124865 195.570050
9.124865 195.413636
9.124865 195.257222
9.124865 195.100809
8.186383 194.944395
8.812038 194.787981
8.499210 194.631567
8.812038 194.475154
8.499210 194.318740
8.342796 194.162326
8.186383 194.005912
8.655624 193.849499
8.499210 193.693085
1.929833 193.536671
2.242660 193.380257
2.086247 193.223844
8.186383 193.067430
8.186383 192.911016
8.499210 192.754602
8.499210 192.598189
8.342796 192.441775
8.655624 192.285361
8.186383 192.128947
8.342796 191.972534
1.773419 191.816120
2.242660 191.659706
1.617005 191.503293
2.086247 191.346879
1.773419 191.190465
1.773419 191.034051
1.617005 190.877638
1.929833 190.721224
1.617005 190.564810
1.773419 190.251983
7.873555 190.095569
1.929833 189.939155
2.086247 189.782741
1.929833 189.626328
1.773419 189.469914
1.617005 189.313500
1.773419 189.157086
1.929833 189.000673
1.617005 188.844259
1.617005 188.687845
1.773419 188.531431
7.717141 188.375018
8.186383 188.218604
1.773419 188.062190
1.773419 187.905776
1.617005 187.749363
1.929833 187.592949
2.086247 187.436535
1.929833 187.280121
1.617005 186.967294
1.929833 186.810880
7.873555 186.654466
7.873555 186.341639
1.617005 186.185225
7.717141 186.028811
1.617005 185.715984
7.560728 185.403156
7.404314 185.246743
7.717141 185.090329
8.186383 184.933915
1.773419 184.777501
1.773419 184.621088
2.086247 184.464674
1.773419 184.308260
7.873555 184.151846
1.617005 183.995433
1.773419 183.682605
1.773419 183.526191
8.029969 183.369778
7.717141 183.056950
1.929833 182.900536
1.617005 182.587709
8.029969 182.431295
7.717141 182.274882
2.086247 182.118468
1.929833 181.962054
2.086247 181.805640
1.929833 181.649227
1.773419 181.336399
1.617005 181.179985
1.617005 180.241503
1.617005 179.928675
1.617005 179.772262
7.247900 179.615848
7.560728 179.459434
7.717141 179.303020
7.717141 179.146607
1.773419 178.677365
1.617005 178.520952
1.617005 178.364538
1.773419 178.208124
1.617005 177.582469
1.929833 177.426055
1.617005 177.269642
7.560728 177.113228
1.617005 176.956814
1.617005 176.800400
1.617005 176.643987
1.617005 176.174745
1.617005 176.018332
2.086247 175.861918
1.617005 175.705504
1.617005 175.392677
1.617005 175.236263
1.773419 174.923435
1.773419 174.767022
1.617005 174.610608
1.773419 174.454194
1.773419 174.297780
1.617005 173.672126
1.617005 173.359298
1.929833 173.202884
1.929833 173.046471
7.873555 172.890057
1.929833 172.733643
1.929833 172.577229
2.242660 172.420816
2.242660 172.264402
7.717141 172.107988
7.873555 171.951574
7.560728 171.795161
7.717141 171.638747
7.560728 171.482333
7.873555 171.325919
7.717141 171.169506
8.186383 171.013092
8.029969 170.856678
7.560728 170.700264
8.029969 170.543851
8.029969 170.387437
8.029969 170.231023
7.717141 170.074609
7.873555 169.918196
8.029969 169.761782
8.968451 169.605368
8.968451 169.448954
11.627485 169.292541
13.504450 169.136127
13.817277 168.979713
16.632725 168.823299
18.978931 168.666886
19.604586 168.510472
21.794378 168.354058
23.045688 168.197644
26.799618 168.041231
27.112446 167.884817
29.927893 167.728403
32.899754 167.571989
33.368996 167.415576
35.402374 167.259162
39.312718 167.102748
39.938373 166.946334
40.094787 166.789921
40.564028 166.633507
40.876855 166.477093
41.189683 166.320679
41.346097 166.164266
41.658924 166.007852
41.346097 165.851438
41.189683 165.695024
41.658924 165.538611
41.189683 165.382197
41.033269 165.225783
40.564028 165.069369
40.564028 164.912956
40.251200 164.756542
40.094787 164.600128
40.407614 164.443715
40.407614 164.287301
39.781959 164.130887
40.564028 163.974473
40.564028 163.818060
40.876855 163.661646
41.033269 163.505232
41.189683 163.348818
41.502510 163.192405
41.658924 163.035991
41.971752 162.879577
41.502510 162.723163
41.346097 162.566750
41.346097 162.410336
41.033269 162.253922
41.346097 162.097508
41.502510 161.941095
42.440993 161.784681
42.128165 161.628267
42.440993 161.471853
42.440993 161.315440
41.815338 161.159026
41.189683 161.002612
41.346097 160.846198
41.189683 160.689785
41.189683 160.533371
41.189683 160.376957
40.876855 160.220543
40.564028 160.064130
41.033269 159.907716
40.720442 159.751302
40.251200 159.594888
40.720442 159.438475
40.720442 159.282061
40.720442 159.125647
40.720442 158.969233
40.876855 158.812820
40.720442 158.656406
40.876855 158.499992
40.720442 158.343578
40.564028 158.187165
40.720442 158.030751
40.564028 157.874337
40.094787 157.717923
39.469132 157.561510
38.843477 157.405096
1.929833 157.248682
1.773419 156.153786
1.773419 155.997372
1.617005 155.840959
2.086247 155.684545
1.617005 155.058890
1.617005 154.902476
1.773419 154.746062
1.773419 154.589649
2.086247 154.433235
2.399074 154.276821
3.024729 154.120407
2.555488 153.963994
2.711902 153.807580
2.711902 153.651166
2.086247 153.494752
2.086247 153.338339
99.844838 153.181925
100.157665 153.025511
100.157665 152.869097
100.157665 152.712684
100.157665 152.556270
2.399074 152.399856
100.314079 152.243442
3.024729 152.087029
100.470493 151.930615
100.470493 151.774201
100.470493 151.617787
3.181143 151.461374
3.493970 151.304960
3.493970 151.148546
3.337557 150.992132
3.337557 150.835719
3.181143 150.679305
3.181143 150.522891
3.181143 150.366477
3.337557 150.210064
3.337557 150.053650
3.337557 149.897236
3.181143 149.740822
3.024729 149.584409
3.337557 149.427995
3.337557 149.271581
3.337557 149.115167
3.337557 148.958754
3.337557 148.802340
3.181143 148.645926
7.247900 148.489512
7.560728 148.333099
7.560728 148.176685
7.560728 148.020271
7.560728 147.863857
7.404314 147.707444
7.404314 147.551030
7.404314 147.394616
7.404314 147.238202
7.247900 147.081789
7.404314 146.925375
8.968451 146.768961
8.812038 146.612548
8.812038 146.456134
8.655624 146.299720
9.124865 146.143306
8.812038 145.986893
9.750520 145.830479
9.906934 145.674065
10.376175 145.517651
9.906934 145.361238
10.063348 145.204824
10.219761 145.048410
9.906934 144.891996
9.906934 144.735583
10.063348 144.579169
10.219761 144.422755
9.281279 144.266341
9.437693 144.109928
9.124865 143.953514
3.963211 143.797100
3.337557 143.640686
3.337557 143.484273
101.878216 143.327859
101.096148 143.171445
100.939734 143.015031
99.219183 142.858618
99.844838 142.702204
99.219183 142.545790
99.688424 142.389376
100.157665 142.232963
100.314079 142.076549
6.778659 141.920135
6.778659 141.763721
7.404314 141.607308
7.560728 141.450894
7.404314 141.294480
7.873555 141.138066
8.186383 140.981653
7.873555 140.825239
8.342796 140.668825
8.655624 140.512411
8.968451 140.355998
9.281279 140.199584
9.437693 140.043170
9.437693 139.886756
9.750520 139.730343
10.063348 139.573929
10.532589 139.417515
10.532589 139.261101
10.063348 139.104688
10.219761 138.948274
3.024729 138.791860
11.158244 138.635446
11.314658 138.479033
11.314658 138.322619
12.253140 138.166205
12.253140 138.009792
12.722381 137.853378
12.878795 137.696964
13.191622 137.540550
13.348036 137.384137
13.817277 137.227723
13.348036 137.071309
14.130105 136.914895
14.442932 136.758482
14.755760 136.602068
14.755760 136.445654
14.912174 136.289240
15.225001 136.132827
15.694242 135.976413
15.694242 135.819999
16.007070 135.663585
16.163484 135.507172
16.163484 135.350758
16.632725 135.194344
16.789139 135.037930
17.258380 134.881517
17.727621 134.725103
17.727621 134.568689
18.040449 134.412275
18.040449 134.255862
18.196862 134.099448
18.666104 133.943034
18.978931 133.786620
18.666104 133.630207
18.822517 133.473793
19.448172 133.317379
20.230241 133.160965
20.230241 133.004552
19.761000 132.848138
19.917414 132.691724
20.386655 132.535310
20.543069 132.378897
21.325137 132.222483
21.637965 132.066069
22.732861 131.909655
22.732861 131.753242
22.576447 131.596828
23.045688 131.440414
22.889275 131.284000
22.889275 131.127587
23.358516 130.971173
23.202102 130.814759
23.514930 130.658345
23.827757 130.501932
23.984171 130.345518
24.140585 130.189104
24.140585 130.032690
24.766240 129.876277
25.079067 129.719863
25.235481 129.563449
25.391895 129.407035
25.704722 129.250622
25.861136 129.094208
25.704722 128.937794
26.017550 128.781381
26.486791 128.624967
26.799618 128.468553
26.956032 128.312139
27.268860 128.155726
27.581687 127.999312
27.738101 127.842898
27.581687 127.686484
28.207342 127.530071
28.520170 127.373657
28.363756 127.217243
28.832997 127.060829
28.989411 126.904416
