40.407614 295.674847
40.094787 295.518433
40.094787 295.362020
40.251200 295.205606
39.781959 295.049192
40.251200 294.892778
40.094787 294.736365
40.094787 294.579951
40.251200 294.423537
40.564028 294.267123
39.938373 294.110710
40.251200 293.954296
40.251200 293.797882
39.625545 293.641468
40.564028 293.485055
40.251200 293.328641
40.564028 293.172227
40.564028 293.015813
40.720442 292.859400
40.720442 292.702986
40.720442 292.546572
40.407614 292.390158
40.720442 292.233745
40.720442 292.077331
40.564028 291.920917
40.720442 291.764503
40.876855 291.608090
40.720442 291.451676
40.876855 291.295262
40.876855 291.138848
40.720442 290.982435
40.564028 290.826021
40.720442 290.669607
40.876855 290.513193
40.876855 290.356780
40.876855 290.200366
41.033269 290.043952
40.720442 289.887539
40.876855 289.731125
40.876855 289.574711
40.876855 289.418297
40.876855 289.261884
40.564028 289.105470
40.876855 288.949056
40.876855 288.792642
40.876855 288.636229
40.720442 288.479815
40.720442 288.323401
40.407614 288.166987
40.094787 288.010574
40.720442 287.854160
40.720442 287.697746
40.720442 287.541332
41.033269 287.384919
40.564028 287.228505
41.033269 287.072091
40.720442 286.915677
40.876855 286.759264
40.720442 286.602850
40.876855 286.446436
40.876855 286.290022
41.033269 286.133609
41.033269 285.977195
41.033269 285.820781
40.720442 285.664367
40.720442 285.507954
40.564028 285.351540
40.720442 285.195126
40.407614 285.038712
40.876855 284.882299
40.564028 284.725885
40.876855 284.569471
40.720442 284.413057
40.564028 284.256644
40.407614 284.100230
40.720442 283.943816
40.094787 283.787402
40.720442 283.630989
40.720442 283.474575
40.876855 283.318161
40.720442 283.161747
40.564028 283.005334
40.720442 282.848920
40.720442 282.692506
40.564028 282.536092
40.720442 282.379679
40.251200 282.223265
40.720442 282.066851
40.720442 281.910437
40.720442 281.754024
40.720442 281.597610
40.876855 281.441196
40.876855 281.284783
40.564028 281.128369
40.407614 280.971955
40.564028 280.815541
40.876855 280.659128
41.033269 280.502714
40.720442 280.346300
40.720442 280.189886
40.876855 280.033473
40.407614 279.877059
40.876855 279.720645
40.876855 279.564231
40.720442 279.407818
40.407614 279.251404
40.564028 279.094990
40.876855 278.938576
40.876855 278.782163
40.876855 278.625749
40.720442 278.469335
40.876855 278.312921
40.407614 278.156508
40.564028 278.000094
40.564028 277.843680
40.720442 277.687266
40.564028 277.530853
40.407614 277.374439
40.564028 277.218025
40.564028 277.061611
40.407614 276.905198
39.938373 276.748784
3.181143 276.592370
3.337557 276.435956
3.181143 276.279543
3.024729 276.123129
3.493970 275.966715
3.493970 275.810301
3.493970 275.653888
3.337557 275.497474
3.493970 275.341060
3.024729 275.184646
3.337557 275.028233
3.181143 274.871819
3.181143 274.715405
3.024729 274.558991
2.399074 274.402578
1.617005 274.246164
1.617005 271.117889
1.617005 270.805062
2.086247 270.648648
1.617005 270.492234
1.617005 269.710165
1.617005 269.553752
1.773419 269.240924
1.929833 269.084510
1.929833 268.928097
1.617005 268.771683
2.086247 268.615269
1.617005 268.458855
1.929833 268.302442
1.773419 268.146028
1.773419 267.989614
1.929833 267.833200
1.929833 267.676787
1.617005 267.520373
1.617005 267.363959
1.617005 267.207545
1.617005 267.051132
1.617005 262.202306
1.773419 262.045892
1.617005 261.889478
1.773419 261.733064
1.773419 261.420237
1.773419 261.263823
1.773419 261.107409
1.929833 260.950996
1.773419 260.638168
1.617005 260.481754
1.773419 260.325341
1.617005 260.168927
1.617005 260.012513
1.929833 259.856099
1.929833 259.699686
1.929833 259.543272
2.086247 259.386858
1.773419 259.230444
2.086247 259.074031
1.773419 258.917617
1.929833 258.761203
1.773419 258.604789
1.929833 258.448376
2.086247 258.291962
2.086247 258.135548
2.086247 257.979134
2.086247 257.822721
2.242660 257.666307
2.399074 257.509893
2.242660 257.353479
1.773419 257.197066
2.086247 257.040652
2.242660 256.884238
2.242660 256.727824
2.242660 256.571411
2.086247 256.414997
1.617005 256.258583
1.929833 256.102169
1.929833 255.945756
2.086247 255.789342
2.242660 255.632928
2.086247 255.476514
2.242660 255.320101
2.242660 255.163687
2.086247 255.007273
2.086247 254.850859
1.929833 254.694446
2.242660 254.538032
2.086247 254.381618
2.555488 254.225205
2.242660 254.068791
1.929833 253.912377
1.929833 253.755963
1.929833 253.599550
1.773419 253.443136
2.242660 253.286722
2.086247 253.130308
1.929833 252.973895
6.465831 252.817481
6.153004 252.661067
6.153004 252.504653
2.399074 252.348240
6.622245 252.191826
6.153004 252.035412
6.153004 251.878998
6.309418 251.722585
2.242660 251.566171
1.929833 251.409757
2.242660 251.253343
6.153004 251.096930
6.309418 250.940516
6.309418 250.784102
6.465831 250.627688
1.773419 250.471275
2.086247 250.314861
2.242660 250.158447
2.242660 250.002033
1.929833 249.845620
2.242660 249.689206
6.309418 249.532792
6.309418 249.376378
6.153004 249.219965
2.242660 249.063551
2.086247 248.907137
2.242660 248.750723
1.929833 248.594310
2.086247 248.437896
1.929833 248.281482
6.309418 248.125068
1.617005 247.968655
2.086247 247.812241
1.773419 247.655827
1.929833 247.499413
6.153004 247.343000
6.465831 247.186586
6.465831 247.030172
2.242660 246.873758
5.996590 246.717345
6.465831 246.560931
6.309418 246.404517
6.622245 246.248103
6.622245 246.091690
6.465831 245.935276
6.465831 245.778862
6.465831 245.622449
2.242660 245.466035
5.840176 245.309621
6.309418 245.153207
5.683763 244.996794
1.617005 244.840380
1.773419 244.683966
2.242660 244.527552
6.465831 244.371139
6.153004 244.214725
6.465831 244.058311
6.309418 243.901897
6.153004 243.745484
6.465831 243.589070
6.309418 243.432656
2.242660 243.276242
2.086247 243.119829
6.309418 242.963415
6.465831 242.807001
1.773419 242.650587
6.153004 242.494174
2.242660 242.337760
1.929833 242.181346
2.242660 242.024932
6.153004 241.868519
5.840176 241.712105
1.929833 241.555691
6.309418 241.399277
6.153004 241.242864
2.086247 241.086450
1.929833 240.930036
2.399074 240.773622
2.086247 240.617209
1.929833 240.460795
1.773419 240.304381
5.996590 240.147967
5.996590 239.991554
6.153004 239.835140
6.153004 239.678726
5.840176 239.522312
5.840176 239.365899
1.929833 239.209485
5.996590 239.053071
2.086247 238.896657
6.153004 238.740244
5.996590 238.583830
5.840176 238.427416
6.309418 238.271002
6.153004 238.114589
6.153004 237.958175
5.996590 237.801761
2.086247 237.645347
5.996590 237.488934
5.683763 237.332520
5.996590 237.176106
6.153004 237.019692
6.309418 236.863279
5.840176 236.706865
6.309418 236.550451
6.309418 236.394038
6.309418 236.237624
6.309418 236.081210
6.465831 235.924796
6.309418 235.768383
6.153004 235.611969
6.153004 235.455555
6.153004 235.299141
5.996590 235.142728
2.399074 234.986314
6.153004 234.829900
6.309418 234.673486
5.996590 234.517073
6.153004 234.360659
6.309418 234.204245
5.996590 234.047831
6.465831 233.891418
6.309418 233.735004
6.153004 233.578590
6.309418 233.422176
5.996590 233.265763
6.309418 233.109349
6.309418 232.952935
2.555488 232.796521
1.929833 232.640108
2.555488 232.483694
2.242660 232.327280
2.242660 232.170866
2.399074 232.014453
2.399074 231.858039
2.242660 231.701625
2.399074 231.545211
1.929833 231.388798
2.242660 231.232384
2.086247 231.075970
1.929833 230.919556
2.086247 230.763143
2.242660 230.606729
2.399074 230.450315
2.399074 230.293901
5.996590 230.137488
6.309418 229.981074
6.153004 229.824660
2.399074 229.668246
2.242660 229.511833
2.399074 229.355419
1.929833 229.199005
2.242660 229.042591
2.086247 228.886178
6.153004 228.729764
2.399074 228.573350
2.242660 228.416936
1.929833 228.260523
2.399074 228.104109
2.242660 227.947695
2.399074 227.791281
2.242660 227.634868
2.399074 227.478454
2.399074 227.322040
2.555488 227.165627
2.555488 227.009213
2.399074 226.852799
2.555488 226.696385
7.560728 226.539972
7.560728 226.383558
7.873555 226.227144
7.717141 226.070730
8.029969 225.914317
7.873555 225.757903
8.186383 225.601489
8.342796 225.445075
8.186383 225.288662
8.029969 225.132248
8.029969 224.975834
7.717141 224.819420
7.873555 224.663007
8.029969 224.506593
8.342796 224.350179
8.342796 224.193765
7.873555 224.037352
8.029969 223.880938
8.029969 223.724524
8.342796 223.568110
8.029969 223.411697
8.499210 223.255283
8.499210 223.098869
8.655624 222.942455
8.342796 222.786042
8.499210 222.629628
8.342796 222.473214
8.029969 222.316800
8.029969 222.160387
8.186383 222.003973
8.029969 221.847559
8.029969 221.691145
8.029969 221.534732
8.342796 221.378318
8.186383 221.221904
8.342796 221.065490
8.186383 220.909077
8.186383 220.752663
8.499210 220.596249
8.342796 220.439835
8.186383 220.283422
8.029969 220.127008
8.342796 219.970594
8.342796 219.814180
8.655624 219.657767
8.655624 219.501353
8.655624 219.344939
8.342796 219.188525
8.812038 219.032112
8.812038 218.875698
8.812038 218.719284
8.655624 218.562871
8.655624 218.406457
9.124865 218.250043
9.124865 218.093629
8.812038 217.937216
8.342796 217.780802
8.655624 217.624388
8.812038 217.467974
8.029969 217.311561
8.812038 217.155147
8.499210 216.998733
8.342796 216.842319
8.186383 216.685906
7.873555 216.529492
8.186383 216.373078
8.186383 216.216664
8.342796 216.060251
7.873555 215.903837
8.186383 215.747423
8.029969 215.591009
8.186383 215.434596
8.342796 215.278182
8.029969 215.121768
7.873555 214.965354
8.029969 214.808941
8.186383 214.652527
8.186383 214.496113
8.186383 214.339699
8.029969 214.183286
8.186383 214.026872
8.342796 213.870458
8.186383 213.714044
8.342796 213.557631
8.186383 213.401217
8.186383 213.244803
8.029969 213.088389
8.186383 212.931976
8.499210 212.775562
8.499210 212.619148
8.186383 212.462734
8.029969 212.306321
8.499210 212.149907
8.342796 211.993493
8.342796 211.837079
8.499210 211.680666
7.873555 211.524252
8.499210 211.367838
8.499210 211.211424
8.186383 211.055011
8.342796 210.898597
8.029969 210.742183
8.186383 210.585769
8.342796 210.429356
8.029969 210.272942
8.342796 210.116528
8.186383 209.960114
8.186383 209.803701
8.499210 209.647287
8.499210 209.490873
8.499210 209.334460
8.342796 209.178046
8.029969 209.021632
8.499210 208.865218
8.186383 208.708805
8.342796 208.552391
8.499210 208.395977
8.342796 208.239563
8.342796 208.083150
8.186383 207.926736
8.499210 207.770322
8.655624 207.613908
8.186383 207.457495
8.655624 207.301081
8.342796 207.144667
8.655624 206.988253
8.655624 206.831840
8.655624 206.675426
8.499210 206.519012
8.499210 206.362598
8.186383 206.206185
8.342796 206.049771
8.342796 205.893357
8.342796 205.736943
8.342796 205.580530
8.342796 205.424116
8.655624 205.267702
8.499210 205.111288
8.186383 204.954875
8.186383 204.798461
8.499210 204.642047
8.186383 204.485633
8.186383 204.329220
8.342796 204.172806
8.342796 204.016392
8.655624 203.859978
8.499210 203.703565
8.186383 203.547151
8.499210 203.390737
8.342796 203.234323
8.499210 203.077910
8.342796 202.921496
7.873555 202.765082
8.499210 202.608668
8.499210 202.452255
8.342796 202.295841
8.186383 202.139427
8.342796 201.983013
8.499210 201.826600
8.186383 201.670186
8.342796 201.513772
8.342796 201.357358
8.342796 201.200945
8.029969 201.044531
8.342796 200.888117
8.499210 200.731704
8.499210 200.575290
8.342796 200.418876
7.873555 200.262462
7.560728 200.106049
8.029969 199.949635
7.560728 199.793221
7.873555 199.636807
7.717141 199.480394
8.029969 199.323980
8.029969 199.167566
7.717141 199.011152
7.717141 198.854739
7.560728 198.698325
7.560728 198.541911
7.560728 198.385497
7.560728 198.229084
7.404314 198.072670
7.247900 197.916256
7.091486 197.759842
7.247900 197.603429
7.404314 197.447015
7.247900 197.290601
6.935073 197.134187
2.399074 196.977774
2.242660 196.821360
1.773419 196.664946
1.773419 196.508532
2.242660 196.352119
2.086247 196.195705
2.086247 196.039291
6.935073 195.882877
7.247900 195.726464
7.247900 195.570050
6.935073 195.413636
7.404314 195.257222
6.778659 195.100809
2.086247 194.944395
6.778659 194.787981
7.091486 194.631567
1.929833 194.475154
6.778659 194.318740
7.404314 194.162326
7.560728 194.005912
2.086247 193.849499
1.617005 193.693085
2.086247 193.536671
1.929833 193.380257
2.086247 193.223844
2.242660 193.067430
2.086247 192.911016
2.242660 192.754602
1.773419 192.598189
1.929833 192.441775
2.086247 192.285361
2.242660 192.128947
7.091486 191.972534
1.773419 191.816120
6.309418 191.659706
6.465831 191.503293
6.778659 191.346879
6.778659 191.190465
6.309418 191.034051
1.773419 190.877638
1.617005 190.721224
1.773419 190.564810
1.617005 190.408396
6.309418 190.251983
6.309418 190.095569
5.996590 189.939155
6.153004 189.782741
1.929833 189.626328
1.773419 189.469914
1.617005 189.313500
1.617005 189.157086
1.773419 189.000673
1.929833 188.844259
2.242660 188.687845
2.086247 188.531431
2.086247 188.375018
2.086247 188.218604
1.929833 188.062190
1.773419 187.905776
1.773419 187.749363
1.929833 187.592949
2.086247 187.436535
1.773419 187.280121
2.242660 187.123708
1.617005 186.967294
2.242660 186.810880
1.929833 186.654466
1.929833 186.498053
2.086247 186.341639
1.773419 185.872398
2.086247 185.715984
2.086247 185.559570
1.617005 185.403156
1.773419 185.246743
1.617005 185.090329
1.617005 184.777501
1.617005 184.621088
1.773419 184.464674
1.617005 184.308260
1.617005 184.151846
1.617005 183.995433
5.996590 183.526191
5.683763 183.369778
1.617005 183.213364
1.617005 183.056950
5.840176 182.900536
1.617005 182.744123
5.996590 182.587709
5.683763 182.431295
6.153004 182.274882
5.996590 182.118468
5.527349 181.962054
5.840176 181.805640
5.683763 181.649227
1.773419 181.492813
1.929833 181.179985
1.617005 180.710744
1.617005 180.554330
1.617005 180.397917
1.929833 180.241503
1.929833 180.085089
1.617005 179.928675
1.617005 179.772262
1.617005 179.615848
1.617005 179.459434
1.617005 177.895297
1.773419 177.738883
1.773419 177.582469
1.773419 177.426055
1.929833 177.269642
1.773419 177.113228
1.929833 176.956814
1.617005 176.800400
1.773419 176.643987
5.840176 176.487573
1.773419 176.331159
5.840176 176.174745
1.929833 176.018332
5.996590 175.861918
5.683763 175.705504
2.086247 175.549090
1.617005 175.392677
1.617005 175.236263
1.617005 175.079849
1.773419 174.923435
6.153004 174.767022
5.996590 174.610608
5.840176 174.454194
1.773419 174.297780
1.773419 174.141367
1.773419 173.984953
1.773419 173.828539
1.617005 173.672126
1.617005 173.515712
1.929833 173.359298
2.086247 173.202884
2.086247 173.046471
1.929833 172.890057
1.617005 172.733643
1.929833 172.577229
1.617005 172.420816
1.929833 172.264402
1.929833 172.107988
2.086247 171.951574
2.242660 171.795161
1.929833 171.638747
1.773419 171.482333
2.086247 171.325919
2.086247 171.169506
1.929833 171.013092
1.773419 170.856678
1.617005 170.700264
5.683763 170.543851
5.996590 170.387437
5.840176 170.231023
5.683763 170.074609
6.465831 169.918196
6.153004 169.761782
6.309418 169.605368
6.465831 169.448954
6.778659 169.292541
8.968451 169.136127
10.376175 168.979713
10.532589 168.823299
11.627485 168.666886
12.409554 168.510472
13.504450 168.354058
13.973691 168.197644
14.912174 168.041231
15.068587 167.884817
16.476311 167.728403
17.727621 167.571989
17.884035 167.415576
18.822517 167.259162
20.073827 167.102748
20.699482 166.946334
21.325137 166.789921
22.107206 166.633507
23.514930 166.477093
24.453412 166.320679
25.079067 166.164266
25.548308 166.007852
26.486791 165.851438
26.956032 165.695024
28.207342 165.538611
29.615066 165.382197
29.458652 165.225783
29.927893 165.069369
31.335617 164.912956
32.430513 164.756542
33.681823 164.600128
33.994651 164.443715
34.933133 164.287301
35.402374 164.130887
36.810098 163.974473
37.279339 163.818060
37.904994 163.661646
38.530649 163.505232
39.469132 163.348818
39.781959 163.192405
39.938373 163.035991
39.938373 162.879577
40.251200 162.723163
40.407614 162.566750
40.407614 162.410336
40.251200 162.253922
40.251200 162.097508
40.251200 161.941095
40.251200 161.784681
40.094787 161.628267
39.938373 161.471853
40.564028 161.315440
40.094787 161.159026
40.564028 161.002612
40.720442 160.846198
40.876855 160.689785
40.720442 160.533371
41.346097 160.376957
41.502510 160.220543
41.658924 160.064130
41.346097 159.907716
41.502510 159.751302
41.189683 159.594888
41.346097 159.438475
41.189683 159.282061
41.033269 159.125647
41.502510 158.969233
41.502510 158.812820
41.033269 158.656406
40.876855 158.499992
40.876855 158.343578
40.876855 158.187165
40.720442 158.030751
40.564028 157.874337
40.876855 157.717923
40.407614 157.561510
40.564028 157.405096
40.407614 157.248682
40.876855 157.092268
40.564028 156.935855
40.564028 156.779441
132.691724 156.623027
132.691724 156.466613
133.004552 156.310200
40.564028 156.153786
40.720442 155.997372
40.407614 155.840959
133.786620 155.684545
133.786620 155.528131
133.630207 155.371717
133.786620 155.215304
133.786620 155.058890
133.473793 154.902476
133.004552 154.746062
132.848138 154.589649
2.868315 154.433235
3.181143 154.276821
2.868315 154.120407
2.868315 153.963994
2.399074 153.807580
1.617005 153.651166
2.086247 153.494752
2.242660 153.181925
2.242660 153.025511
2.086247 152.869097
2.399074 152.712684
1.929833 152.556270
1.617005 152.399856
1.773419 152.087029
1.617005 151.930615
1.617005 151.774201
1.617005 151.148546
1.929833 150.522891
2.555488 150.366477
2.399074 150.210064
2.868315 150.053650
2.868315 149.897236
3.806798 149.740822
3.806798 149.584409
3.806798 149.427995
3.963211 149.271581
4.745280 149.115167
3.963211 148.958754
4.119625 148.802340
4.119625 148.645926
4.276039 148.489512
4.588866 148.333099
4.745280 148.176685
4.745280 148.020271
4.745280 147.863857
5.996590 147.707444
5.683763 147.551030
5.683763 147.394616
9.906934 147.238202
10.376175 147.081789
10.376175 146.925375
10.063348 146.768961
9.437693 146.612548
9.750520 146.456134
9.906934 146.299720
9.594106 146.143306
10.689003 145.986893
10.376175 145.830479
10.689003 145.674065
11.001830 145.517651
10.689003 145.361238
11.001830 145.204824
10.689003 145.048410
10.532589 144.891996
9.750520 144.735583
10.532589 144.579169
9.906934 144.422755
10.219761 144.266341
9.124865 144.109928
102.503871 143.953514
102.973112 143.797100
102.973112 143.640686
102.973112 143.484273
102.503871 143.327859
102.191044 143.171445
102.503871 143.015031
101.408975 142.858618
101.252561 142.702204
99.375596 142.545790
6.309418 142.389376
7.091486 142.232963
7.560728 142.076549
7.560728 141.920135
7.717141 141.763721
8.186383 141.607308
7.873555 141.450894
7.873555 141.294480
7.873555 141.138066
8.342796 140.981653
8.812038 140.825239
8.968451 140.668825
9.281279 140.512411
9.594106 140.355998
9.594106 140.199584
10.063348 140.043170
10.219761 139.886756
10.219761 139.730343
10.219761 139.573929
10.689003 139.417515
10.845416 139.261101
11.001830 139.104688
11.001830 138.948274
11.314658 138.791860
11.627485 138.635446
11.783899 138.479033
12.096726 138.322619
12.409554 138.166205
12.722381 138.009792
12.878795 137.853378
13.348036 137.696964
13.504450 137.540550
13.817277 137.384137
14.130105 137.227723
13.973691 137.071309
14.599346 136.914895
14.755760 136.758482
14.912174 136.602068
15.068587 136.445654
15.068587 136.289240
15.537829 136.132827
15.850656 135.976413
16.007070 135.819999
16.319897 135.663585
16.632725 135.507172
16.945552 135.350758
17.101966 135.194344
17.258380 135.037930
17.571207 134.881517
17.727621 134.725103
18.040449 134.568689
18.353276 134.412275
18.353276 134.255862
18.822517 134.099448
19.135345 133.943034
18.822517 133.786620
19.761000 133.630207
20.073827 133.473793
20.073827 133.317379
20.230241 133.160965
20.230241 133.004552
20.855896 132.848138
20.855896 132.691724
20.699482 132.535310
21.325137 132.378897
22.420033 132.222483
22.420033 132.066069
22.732861 131.909655
22.420033 131.753242
22.732861 131.596828
23.045688 131.440414
23.045688 131.284000
23.045688 131.127587
23.514930 130.971173
23.827757 130.814759
24.140585 130.658345
24.453412 130.501932
23.984171 130.345518
24.922653 130.189104
24.922653 130.032690
25.079067 129.876277
25.548308 129.719863
25.704722 129.563449
25.861136 129.407035
25.861136 129.250622
26.173963 129.094208
26.330377 128.937794
27.112446 128.781381
26.799618 128.624967
27.268860 128.468553
27.268860 128.312139
27.738101 128.155726
28.050928 127.999312
28.207342 127.842898
28.520170 127.686484
28.363756 127.530071
28.363756 127.373657
28.520170 127.217243
29.145825 127.060829
28.989411 126.904416
