1.617005 90.460013
13.191622 90.303599
13.035209 90.147185
12.878795 89.990772
13.191622 89.834358
13.348036 89.677944
13.348036 89.521530
2.555488 89.365117
13.348036 89.208703
13.348036 89.052289
13.504450 88.895875
13.348036 88.739462
13.348036 88.583048
13.348036 88.426634
13.191622 88.270220
13.504450 88.113807
13.348036 87.957393
13.504450 87.800979
13.817277 87.644565
13.660864 87.488152
13.504450 87.331738
2.555488 87.175324
13.660864 87.018910
13.973691 86.862497
13.660864 86.706083
13.504450 86.549669
13.348036 86.393255
13.973691 86.236842
14.130105 86.080428
13.973691 85.924014
13.817277 85.767600
13.817277 85.611187
14.130105 85.454773
14.286519 85.298359
13.973691 85.141945
13.817277 84.985532
13.817277 84.829118
13.191622 84.672704
13.973691 84.516290
13.973691 84.359877
13.973691 84.203463
13.817277 84.047049
14.130105 83.890636
13.973691 83.734222
13.660864 83.577808
13.973691 83.421394
13.817277 83.264981
13.660864 83.108567
2.555488 82.952153
13.348036 82.795739
13.973691 82.639326
14.286519 82.482912
12.878795 82.326498
13.191622 82.170084
13.348036 82.013671
12.722381 81.857257
14.286519 81.700843
14.286519 81.544429
12.878795 81.388016
14.130105 81.231602
14.130105 81.075188
14.286519 80.918774
13.973691 80.762361
12.878795 80.605947
12.878795 80.449533
13.817277 80.293119
13.817277 80.136706
12.878795 79.980292
13.191622 79.823878
13.504450 79.667464
14.286519 79.511051
14.286519 79.354637
14.130105 79.198223
13.035209 79.041809
13.817277 78.885396
13.504450 78.728982
12.878795 78.572568
12.878795 78.416154
14.286519 78.259741
13.973691 78.103327
14.130105 77.946913
14.130105 77.790499
14.130105 77.634086
13.973691 77.477672
13.660864 77.321258
12.878795 77.164844
14.286519 77.008431
14.130105 76.852017
14.130105 76.695603
14.130105 76.539189
14.130105 76.382776
13.191622 76.226362
13.817277 76.069948
14.442932 75.913534
14.130105 75.757121
13.817277 75.600707
13.973691 75.444293
14.130105 75.287879
13.973691 75.131466
14.286519 74.975052
14.130105 74.818638
14.130105 74.662225
14.130105 74.505811
13.973691 74.349397
13.660864 74.192983
13.191622 74.036570
12.878795 73.880156
14.286519 73.723742
14.130105 73.567328
13.973691 73.410915
13.504450 73.254501
13.817277 73.098087
14.286519 72.941673
14.286519 72.785260
14.130105 72.628846
14.130105 72.472432
13.191622 72.316018
13.973691 72.159605
14.442932 72.003191
13.817277 71.846777
14.442932 71.690363
14.130105 71.533950
13.973691 71.377536
13.973691 71.221122
13.973691 71.064708
13.973691 70.908295
14.130105 70.751881
14.130105 70.595467
14.286519 70.439053
14.286519 70.282640
14.442932 70.126226
14.286519 69.969812
14.286519 69.813398
14.442932 69.656985
13.504450 69.500571
14.286519 69.344157
13.504450 69.187743
14.286519 69.031330
13.035209 68.874916
14.442932 68.718502
14.286519 68.562088
14.286519 68.405675
14.130105 68.249261
14.286519 68.092847
14.286519 67.936433
13.817277 67.780020
14.286519 67.623606
14.599346 67.467192
14.442932 67.310778
13.348036 67.154365
14.130105 66.997951
12.878795 66.841537
13.504450 66.685123
14.286519 66.528710
14.286519 66.372296
14.442932 66.215882
13.504450 66.059469
13.348036 65.903055
13.817277 65.746641
13.348036 65.590227
13.817277 65.433814
14.599346 65.277400
14.286519 65.120986
14.442932 64.964572
14.286519 64.808159
14.286519 64.651745
14.442932 64.495331
14.599346 64.338917
14.599346 64.182504
14.599346 64.026090
14.286519 63.869676
14.286519 63.713262
14.442932 63.556849
14.599346 63.400435
14.286519 63.244021
14.130105 63.087607
14.599346 62.931194
14.442932 62.774780
14.599346 62.618366
14.599346 62.461952
14.599346 62.305539
13.660864 62.149125
14.755760 61.992711
14.442932 61.836297
14.599346 61.679884
14.442932 61.523470
14.599346 61.367056
14.599346 61.210642
14.599346 61.054229
14.442932 60.897815
14.599346 60.741401
14.755760 60.584987
14.599346 60.428574
14.442932 60.272160
14.442932 60.115746
14.755760 59.959332
14.286519 59.802919
14.599346 59.646505
14.286519 59.490091
14.442932 59.333677
14.130105 59.177264
14.286519 59.020850
13.817277 58.864436
14.442932 58.708022
14.755760 58.551609
14.755760 58.395195
14.755760 58.238781
14.599346 58.082367
14.599346 57.925954
14.755760 57.769540
14.755760 57.613126
14.599346 57.456712
14.442932 57.300299
14.599346 57.143885
14.130105 56.987471
14.442932 56.831058
13.504450 56.674644
14.599346 56.518230
14.599346 56.361816
14.599346 56.205403
13.660864 56.048989
14.755760 55.892575
14.286519 55.736161
14.599346 55.579748
14.286519 55.423334
14.755760 55.266920
14.442932 55.110506
14.912174 54.954093
15.068587 54.797679
15.068587 54.641265
14.599346 54.484851
14.286519 54.328438
14.286519 54.172024
14.599346 54.015610
14.599346 53.859196
13.660864 53.702783
14.442932 53.546369
14.755760 53.389955
14.286519 53.233541
14.599346 53.077128
14.755760 52.920714
14.755760 52.764300
15.068587 52.607886
14.442932 52.451473
14.755760 52.295059
14.599346 52.138645
14.442932 51.982231
14.286519 51.825818
14.599346 51.669404
14.599346 51.512990
14.755760 51.356576
14.286519 51.200163
14.912174 51.043749
14.912174 50.887335
14.755760 50.730921
14.755760 50.574508
14.755760 50.418094
14.599346 50.261680
14.912174 50.105266
14.599346 49.948853
14.755760 49.792439
14.755760 49.636025
14.912174 49.479611
14.599346 49.323198
14.599346 49.166784
14.442932 49.010370
14.755760 48.853956
14.599346 48.697543
14.286519 48.541129
14.912174 48.384715
14.912174 48.228302
14.755760 48.071888
14.599346 47.915474
14.755760 47.759060
14.912174 47.602647
14.599346 47.446233
14.599346 47.289819
14.599346 47.133405
14.912174 46.976992
13.504450 46.820578
14.755760 46.664164
14.755760 46.507750
14.755760 46.351337
14.599346 46.194923
14.599346 46.038509
14.599346 45.882095
14.755760 45.725682
14.755760 45.569268
14.599346 45.412854
14.442932 45.256440
14.755760 45.100027
14.912174 44.943613
14.755760 44.787199
14.755760 44.630785
14.755760 44.474372
14.599346 44.317958
14.912174 44.161544
14.755760 44.005130
14.755760 43.848717
14.599346 43.692303
14.912174 43.535889
14.599346 43.379475
14.755760 43.223062
14.599346 43.066648
14.599346 42.910234
14.912174 42.753820
14.599346 42.597407
14.442932 42.440993
14.599346 42.284579
14.442932 42.128165
14.442932 41.971752
14.286519 41.815338
14.755760 41.658924
14.599346 41.502510
14.755760 41.346097
14.755760 41.189683
15.068587 41.033269
14.912174 40.876855
14.599346 40.720442
14.599346 40.564028
14.130105 40.407614
14.599346 40.251200
14.755760 40.094787
14.442932 39.938373
14.912174 39.781959
14.755760 39.625545
14.755760 39.469132
14.442932 39.312718
14.912174 39.156304
15.068587 38.999891
14.912174 38.843477
15.225001 38.687063
15.225001 38.530649
14.755760 38.374236
15.068587 38.217822
14.755760 38.061408
14.599346 37.904994
15.068587 37.748581
14.599346 37.592167
14.755760 37.435753
14.912174 37.279339
15.225001 37.122926
14.755760 36.966512
14.755760 36.810098
14.755760 36.653684
14.912174 36.497271
14.599346 36.340857
15.068587 36.184443
14.755760 36.028029
14.912174 35.871616
14.755760 35.715202
15.068587 35.558788
15.068587 35.402374
14.912174 35.245961
14.755760 35.089547
14.912174 34.933133
14.912174 34.776719
14.912174 34.620306
15.068587 34.463892
15.068587 34.307478
14.755760 34.151064
14.912174 33.994651
15.068587 33.838237
14.912174 33.681823
14.755760 33.525409
14.912174 33.368996
15.068587 33.212582
14.755760 33.056168
15.068587 32.899754
15.068587 32.743341
15.068587 32.586927
14.442932 32.430513
14.755760 32.274099
14.912174 32.117686
14.599346 31.961272
14.442932 31.804858
14.912174 31.648444
14.755760 31.492031
15.068587 31.335617
14.912174 31.179203
15.381415 31.022789
15.068587 30.866376
14.599346 30.709962
14.599346 30.553548
14.442932 30.397135
14.912174 30.240721
14.755760 30.084307
15.068587 29.927893
14.755760 29.771480
14.912174 29.615066
15.068587 29.458652
15.381415 29.302238
15.381415 29.145825
14.912174 28.989411
15.225001 28.832997
15.068587 28.676583
15.225001 28.520170
14.912174 28.363756
15.068587 28.207342
14.912174 28.050928
14.755760 27.894515
15.068587 27.738101
15.225001 27.581687
15.225001 27.425273
14.755760 27.268860
15.068587 27.112446
15.225001 26.956032
15.068587 26.799618
14.755760 26.643205
14.912174 26.486791
14.912174 26.330377
15.068587 26.173963
15.068587 26.017550
14.442932 25.861136
14.599346 25.704722
15.068587 25.548308
14.912174 25.391895
15.068587 25.235481
14.912174 25.079067
15.068587 24.922653
15.068587 24.766240
15.225001 24.609826
14.912174 24.453412
14.912174 24.296998
15.068587 24.140585
15.225001 23.984171
15.068587 23.827757
14.442932 23.671343
15.225001 23.514930
15.068587 23.358516
15.225001 23.202102
15.537829 23.045688
15.225001 22.889275
14.912174 22.732861
14.755760 22.576447
14.755760 22.420033
15.225001 22.263620
15.225001 22.107206
15.537829 21.950792
15.225001 21.794378
14.912174 21.637965
14.599346 21.481551
14.912174 21.325137
14.755760 21.168724
15.225001 21.012310
15.225001 20.855896
15.225001 20.699482
14.912174 20.543069
15.225001 20.386655
15.537829 20.230241
15.537829 20.073827
14.599346 19.917414
15.537829 19.761000
15.225001 19.604586
15.381415 19.448172
15.694242 19.291759
15.068587 19.135345
15.694242 18.978931
15.068587 18.822517
15.381415 18.666104
15.068587 18.509690
15.225001 18.353276
15.381415 18.196862
15.537829 18.040449
15.381415 17.884035
15.381415 17.727621
15.068587 17.571207
15.381415 17.414794
15.068587 17.258380
15.381415 17.101966
15.381415 16.945552
15.537829 16.789139
15.225001 16.632725
15.225001 16.476311
15.381415 16.319897
15.381415 16.163484
15.381415 16.007070
15.381415 15.850656
15.225001 15.694242
15.381415 15.537829
14.912174 15.381415
15.225001 15.225001
14.912174 15.068587
15.068587 14.912174
15.537829 14.755760
15.225001 14.599346
14.912174 14.442932
14.912174 14.286519
14.755760 14.130105
14.912174 13.973691
14.912174 13.817277
15.068587 13.660864
14.442932 13.504450
14.755760 13.348036
15.381415 13.191622
15.225001 13.035209
15.068587 12.878795
14.912174 12.722381
14.912174 12.565967
15.068587 12.409554
14.912174 12.253140
15.068587 12.096726
15.537829 11.940313
15.225001 11.783899
15.068587 11.627485
15.225001 11.471071
14.599346 11.314658
14.912174 11.158244
14.755760 11.001830
14.912174 10.845416
15.068587 10.689003
15.381415 10.532589
15.381415 10.376175
14.755760 10.219761
14.912174 10.063348
14.442932 9.906934
14.755760 9.750520
14.755760 9.594106
14.755760 9.437693
14.755760 9.281279
13.973691 9.124865
14.286519 8.968451
14.130105 8.812038
14.286519 8.655624
14.286519 8.499210
13.973691 8.342796
14.599346 8.186383
14.912174 8.029969
14.130105 7.873555
14.130105 7.717141
13.973691 7.560728
13.660864 7.404314
13.191622 7.247900
12.878795 7.091486
13.504450 6.935073
13.660864 6.778659
13.348036 6.622245
13.817277 6.465831
13.660864 6.309418
3.337557 6.153004
3.337557 5.996590
3.493970 5.840176
3.493970 5.683763
3.024729 5.527349
26.330377 5.370935
27.738101 5.214521
30.240721 5.058108
31.335617 4.901694
31.022789 4.745280
31.179203 4.588866
3.650384 4.432453
34.151064 4.276039
38.061408 4.119625
38.061408 3.963211
38.530649 3.806798
38.843477 3.650384
38.999891 3.493970
39.156304 3.337557
39.156304 3.181143
38.061408 3.024729
38.999891 2.868315
37.592167 2.711902
39.312718 2.555488
38.999891 2.399074
39.469132 2.242660
39.156304 2.086247
38.530649 1.929833
38.999891 1.773419
