40.251200 295.674847
40.720442 295.518433
40.720442 295.362020
40.564028 295.205606
40.720442 295.049192
40.720442 294.892778
40.720442 294.736365
40.564028 294.579951
40.564028 294.423537
40.720442 294.267123
40.876855 294.110710
40.720442 293.954296
40.876855 293.797882
40.094787 293.641468
40.876855 293.485055
40.876855 293.328641
41.033269 293.172227
40.876855 293.015813
40.876855 292.859400
41.033269 292.702986
41.033269 292.546572
40.876855 292.390158
40.876855 292.233745
41.033269 292.077331
41.033269 291.920917
40.876855 291.764503
41.033269 291.608090
40.876855 291.451676
40.876855 291.295262
40.876855 291.138848
40.564028 290.982435
41.033269 290.826021
41.189683 290.669607
41.033269 290.513193
41.033269 290.356780
40.876855 290.200366
40.876855 290.043952
41.033269 289.887539
41.033269 289.731125
41.033269 289.574711
40.720442 289.418297
40.876855 289.261884
40.720442 289.105470
40.720442 288.949056
40.407614 288.792642
40.720442 288.636229
41.033269 288.479815
40.720442 288.323401
40.876855 288.166987
40.720442 288.010574
40.720442 287.854160
40.564028 287.697746
40.720442 287.541332
40.564028 287.384919
40.876855 287.228505
40.564028 287.072091
40.876855 286.915677
40.876855 286.759264
40.876855 286.602850
41.033269 286.446436
41.033269 286.290022
40.876855 286.133609
40.876855 285.977195
40.876855 285.820781
40.720442 285.664367
40.876855 285.507954
40.720442 285.351540
40.720442 285.195126
40.564028 285.038712
40.876855 284.882299
40.876855 284.725885
40.720442 284.569471
40.876855 284.413057
40.407614 284.256644
40.720442 284.100230
40.564028 283.943816
40.564028 283.787402
40.720442 283.630989
40.094787 283.474575
40.720442 283.318161
40.720442 283.161747
40.564028 283.005334
40.720442 282.848920
40.720442 282.692506
40.720442 282.536092
40.564028 282.379679
40.876855 282.223265
40.876855 282.066851
40.876855 281.910437
40.876855 281.754024
40.876855 281.597610
40.876855 281.441196
40.876855 281.284783
40.876855 281.128369
40.876855 280.971955
40.876855 280.815541
40.564028 280.659128
40.876855 280.502714
40.564028 280.346300
40.876855 280.189886
40.407614 280.033473
40.564028 279.877059
40.407614 279.720645
40.876855 279.564231
40.720442 279.407818
40.720442 279.251404
40.876855 279.094990
40.720442 278.938576
40.876855 278.782163
40.876855 278.625749
40.720442 278.469335
40.720442 278.312921
40.720442 278.156508
40.720442 278.000094
40.564028 277.843680
40.720442 277.687266
40.720442 277.530853
40.876855 277.374439
40.564028 277.218025
40.876855 277.061611
40.564028 276.905198
40.564028 276.748784
40.720442 276.592370
40.564028 276.435956
40.720442 276.279543
40.564028 276.123129
40.720442 275.966715
40.564028 275.810301
40.720442 275.653888
40.407614 275.497474
40.407614 275.341060
40.720442 275.184646
40.720442 275.028233
40.876855 274.871819
40.720442 274.715405
40.720442 274.558991
40.720442 274.402578
40.720442 274.246164
40.720442 274.089750
40.720442 273.933336
40.720442 273.776923
40.720442 273.620509
40.720442 273.464095
40.720442 273.307681
40.720442 273.151268
40.720442 272.994854
40.720442 272.838440
40.720442 272.682026
40.407614 272.525613
40.876855 272.369199
40.407614 272.212785
40.720442 272.056372
40.876855 271.899958
40.564028 271.743544
40.720442 271.587130
40.564028 271.430717
40.564028 271.274303
40.720442 271.117889
40.720442 270.961475
40.251200 270.805062
40.720442 270.648648
40.564028 270.492234
40.407614 270.335820
40.876855 270.179407
40.720442 270.022993
39.938373 269.866579
40.564028 269.710165
40.407614 269.553752
40.720442 269.397338
40.720442 269.240924
40.720442 269.084510
40.564028 268.928097
40.407614 268.771683
40.564028 268.615269
40.564028 268.458855
40.564028 268.302442
40.564028 268.146028
40.564028 267.989614
40.564028 267.833200
40.564028 267.676787
40.564028 267.520373
40.564028 267.363959
40.564028 267.207545
40.564028 267.051132
40.720442 266.894718
40.720442 266.738304
40.720442 266.581890
40.564028 266.425477
40.564028 266.269063
40.564028 266.112649
40.564028 265.956235
40.720442 265.799822
40.564028 265.643408
40.720442 265.486994
40.564028 265.330580
40.564028 265.174167
40.876855 265.017753
40.720442 264.861339
40.876855 264.704925
40.564028 264.548512
40.876855 264.392098
40.407614 264.235684
40.720442 264.079270
40.407614 263.922857
40.720442 263.766443
40.564028 263.610029
40.564028 263.453616
40.564028 263.297202
40.564028 263.140788
40.407614 262.984374
40.564028 262.827961
40.564028 262.671547
40.564028 262.515133
40.407614 262.358719
40.564028 262.202306
40.407614 262.045892
40.407614 261.889478
40.720442 261.733064
40.407614 261.576651
40.564028 261.420237
40.720442 261.263823
40.564028 261.107409
40.564028 260.950996
40.564028 260.794582
40.564028 260.638168
40.564028 260.481754
40.564028 260.325341
40.564028 260.168927
40.564028 260.012513
40.564028 259.856099
40.564028 259.699686
40.564028 259.543272
40.720442 259.386858
40.720442 259.230444
40.720442 259.074031
40.564028 258.917617
40.720442 258.761203
40.564028 258.604789
40.094787 258.448376
40.564028 258.291962
40.251200 258.135548
40.407614 257.979134
40.564028 257.822721
2.555488 257.666307
2.711902 257.509893
2.242660 257.353479
2.711902 257.197066
2.399074 257.040652
2.711902 256.884238
2.868315 256.727824
2.868315 256.571411
2.711902 256.414997
2.868315 256.258583
2.555488 256.102169
2.711902 255.945756
2.711902 255.789342
2.711902 255.632928
2.711902 255.476514
2.868315 255.320101
2.242660 255.163687
2.711902 255.007273
2.555488 254.850859
39.312718 254.694446
39.312718 254.538032
39.469132 254.381618
39.156304 254.225205
39.469132 254.068791
39.625545 253.912377
39.312718 253.755963
39.469132 253.599550
39.156304 253.443136
38.999891 253.286722
2.555488 253.130308
2.399074 252.973895
2.242660 252.817481
1.929833 252.661067
2.399074 252.504653
1.929833 252.348240
1.617005 252.191826
1.617005 252.035412
2.086247 251.878998
2.086247 251.722585
2.242660 251.566171
3.806798 251.409757
3.650384 251.253343
3.493970 251.096930
3.806798 250.940516
2.086247 250.784102
2.399074 250.627688
2.399074 250.471275
2.555488 250.314861
2.399074 250.158447
2.555488 250.002033
2.555488 249.845620
2.555488 249.689206
2.555488 249.532792
2.086247 249.376378
2.555488 249.219965
2.555488 249.063551
2.399074 248.907137
2.399074 248.750723
2.242660 248.594310
1.929833 248.437896
3.963211 248.281482
4.119625 248.125068
3.963211 247.968655
3.650384 247.812241
1.929833 247.655827
3.493970 247.499413
2.242660 247.343000
3.337557 247.186586
3.650384 247.030172
3.650384 246.873758
3.806798 246.717345
3.963211 246.560931
3.963211 246.404517
3.963211 246.248103
3.806798 246.091690
3.963211 245.935276
4.119625 245.778862
4.119625 245.622449
3.963211 245.466035
4.119625 245.309621
3.963211 245.153207
4.119625 244.996794
4.119625 244.840380
4.276039 244.683966
4.276039 244.527552
4.276039 244.371139
4.119625 244.214725
4.276039 244.058311
3.806798 243.901897
4.276039 243.745484
3.963211 243.589070
4.119625 243.432656
4.119625 243.276242
4.276039 243.119829
3.963211 242.963415
4.276039 242.807001
3.650384 242.650587
4.119625 242.494174
4.119625 242.337760
4.276039 242.181346
4.119625 242.024932
4.276039 241.868519
4.119625 241.712105
3.963211 241.555691
4.119625 241.399277
4.276039 241.242864
4.276039 241.086450
4.119625 240.930036
4.432453 240.773622
4.276039 240.617209
4.119625 240.460795
4.276039 240.304381
4.432453 240.147967
4.432453 239.991554
4.276039 239.835140
4.276039 239.678726
4.276039 239.522312
4.432453 239.365899
4.276039 239.209485
4.588866 239.053071
4.588866 238.896657
4.119625 238.740244
4.432453 238.583830
4.588866 238.427416
4.432453 238.271002
4.432453 238.114589
4.119625 237.958175
4.432453 237.801761
3.963211 237.645347
4.745280 237.488934
4.588866 237.332520
4.588866 237.176106
4.745280 237.019692
4.432453 236.863279
4.588866 236.706865
4.745280 236.550451
4.901694 236.394038
4.901694 236.237624
4.901694 236.081210
4.432453 235.924796
4.745280 235.768383
4.745280 235.611969
4.588866 235.455555
4.745280 235.299141
4.745280 235.142728
4.901694 234.986314
4.745280 234.829900
4.901694 234.673486
4.588866 234.517073
4.276039 234.360659
4.745280 234.204245
4.901694 234.047831
4.745280 233.891418
5.058108 233.735004
5.058108 233.578590
5.058108 233.422176
4.745280 233.265763
4.745280 233.109349
5.058108 232.952935
4.588866 232.796521
4.745280 232.640108
5.058108 232.483694
5.058108 232.327280
4.901694 232.170866
4.588866 232.014453
5.058108 231.858039
5.058108 231.701625
5.058108 231.545211
4.745280 231.388798
4.901694 231.232384
4.119625 231.075970
5.058108 230.919556
5.214521 230.763143
5.214521 230.606729
5.214521 230.450315
4.745280 230.293901
5.214521 230.137488
4.588866 229.981074
4.588866 229.824660
4.745280 229.668246
5.214521 229.511833
5.370935 229.355419
5.370935 229.199005
5.214521 229.042591
5.370935 228.886178
5.370935 228.729764
5.370935 228.573350
5.214521 228.416936
5.370935 228.260523
5.370935 228.104109
5.058108 227.947695
5.527349 227.791281
5.527349 227.634868
5.214521 227.478454
5.527349 227.322040
5.370935 227.165627
5.527349 227.009213
5.527349 226.852799
5.683763 226.696385
5.527349 226.539972
5.683763 226.383558
5.683763 226.227144
5.683763 226.070730
5.527349 225.914317
5.370935 225.757903
5.527349 225.601489
5.683763 225.445075
5.683763 225.288662
5.683763 225.132248
5.527349 224.975834
5.527349 224.819420
5.683763 224.663007
5.214521 224.506593
5.840176 224.350179
5.840176 224.193765
5.840176 224.037352
5.840176 223.880938
5.840176 223.724524
5.683763 223.568110
5.996590 223.411697
5.996590 223.255283
5.840176 223.098869
5.840176 222.942455
5.996590 222.786042
5.840176 222.629628
5.527349 222.473214
5.996590 222.316800
5.840176 222.160387
5.840176 222.003973
5.840176 221.847559
6.153004 221.691145
5.683763 221.534732
5.683763 221.378318
5.996590 221.221904
6.153004 221.065490
6.309418 220.909077
6.309418 220.752663
6.153004 220.596249
6.153004 220.439835
6.153004 220.283422
5.996590 220.127008
5.996590 219.970594
5.996590 219.814180
5.840176 219.657767
6.153004 219.501353
5.996590 219.344939
6.153004 219.188525
6.465831 219.032112
6.465831 218.875698
6.465831 218.719284
6.622245 218.562871
6.465831 218.406457
6.309418 218.250043
6.309418 218.093629
6.465831 217.937216
6.309418 217.780802
6.622245 217.624388
6.465831 217.467974
6.465831 217.311561
6.465831 217.155147
6.309418 216.998733
6.465831 216.842319
6.622245 216.685906
6.622245 216.529492
6.622245 216.373078
6.465831 216.216664
6.153004 216.060251
6.778659 215.903837
6.622245 215.747423
6.778659 215.591009
6.622245 215.434596
6.778659 215.278182
6.622245 215.121768
6.465831 214.965354
6.622245 214.808941
6.309418 214.652527
6.778659 214.496113
6.778659 214.339699
6.778659 214.183286
6.465831 214.026872
6.778659 213.870458
6.778659 213.714044
6.778659 213.557631
6.778659 213.401217
6.935073 213.244803
6.935073 213.088389
6.935073 212.931976
7.091486 212.775562
7.091486 212.619148
7.091486 212.462734
6.778659 212.306321
7.091486 212.149907
7.091486 211.993493
7.247900 211.837079
7.247900 211.680666
7.091486 211.524252
6.935073 211.367838
7.247900 211.211424
6.935073 211.055011
6.935073 210.898597
7.404314 210.742183
7.404314 210.585769
7.091486 210.429356
7.404314 210.272942
6.935073 210.116528
7.091486 209.960114
7.404314 209.803701
7.247900 209.647287
7.091486 209.490873
6.935073 209.334460
7.404314 209.178046
6.935073 209.021632
7.091486 208.865218
7.247900 208.708805
6.935073 208.552391
7.560728 208.395977
7.091486 208.239563
7.091486 208.083150
7.404314 207.926736
7.091486 207.770322
7.404314 207.613908
7.404314 207.457495
7.247900 207.301081
7.404314 207.144667
7.717141 206.988253
7.091486 206.831840
7.404314 206.675426
7.560728 206.519012
7.247900 206.362598
7.404314 206.206185
7.404314 206.049771
7.404314 205.893357
7.717141 205.736943
7.560728 205.580530
7.247900 205.424116
7.247900 205.267702
7.560728 205.111288
7.404314 204.954875
7.717141 204.798461
7.717141 204.642047
7.717141 204.485633
7.560728 204.329220
7.404314 204.172806
7.560728 204.016392
7.560728 203.859978
7.560728 203.703565
7.247900 203.547151
7.717141 203.390737
7.717141 203.234323
7.560728 203.077910
7.404314 202.921496
7.404314 202.765082
7.404314 202.608668
7.560728 202.452255
7.404314 202.295841
7.873555 202.139427
7.560728 201.983013
7.560728 201.826600
7.560728 201.670186
7.560728 201.513772
7.560728 201.357358
7.404314 201.200945
7.717141 201.044531
7.717141 200.888117
7.560728 200.731704
7.560728 200.575290
7.247900 200.418876
7.404314 200.262462
7.247900 200.106049
7.560728 199.949635
7.404314 199.793221
7.404314 199.636807
7.404314 199.480394
7.247900 199.323980
7.404314 199.167566
7.560728 199.011152
6.935073 198.854739
7.560728 198.698325
7.247900 198.541911
7.247900 198.385497
7.404314 198.229084
6.935073 198.072670
7.247900 197.916256
7.247900 197.759842
7.091486 197.603429
7.091486 197.447015
7.404314 197.290601
7.091486 197.134187
7.247900 196.977774
7.247900 196.821360
7.247900 196.664946
7.560728 196.508532
7.717141 196.352119
7.560728 196.195705
7.717141 196.039291
7.560728 195.882877
7.560728 195.726464
7.560728 195.570050
7.560728 195.413636
7.404314 195.257222
7.560728 195.100809
7.717141 194.944395
7.404314 194.787981
7.560728 194.631567
7.247900 194.475154
7.404314 194.318740
7.247900 194.162326
7.091486 194.005912
7.404314 193.849499
7.247900 193.693085
7.091486 193.536671
7.404314 193.380257
7.247900 193.223844
7.247900 193.067430
7.247900 192.911016
7.404314 192.754602
7.404314 192.598189
7.404314 192.441775
7.404314 192.285361
7.247900 192.128947
7.247900 191.972534
6.778659 191.816120
5.996590 191.659706
6.622245 191.503293
6.465831 191.346879
6.465831 191.190465
5.840176 191.034051
6.153004 190.877638
2.399074 190.721224
6.309418 190.564810
6.622245 190.408396
6.622245 190.251983
6.309418 190.095569
6.778659 189.939155
6.465831 189.782741
6.935073 189.626328
6.622245 189.469914
6.622245 189.313500
6.778659 189.157086
6.309418 189.000673
6.778659 188.844259
6.309418 188.687845
6.622245 188.531431
6.622245 188.375018
6.465831 188.218604
6.465831 188.062190
6.465831 187.905776
6.778659 187.749363
6.622245 187.592949
6.935073 187.436535
6.778659 187.280121
6.309418 187.123708
6.778659 186.967294
6.935073 186.810880
6.622245 186.654466
6.778659 186.498053
6.465831 186.341639
6.935073 186.185225
6.465831 186.028811
6.778659 185.872398
6.622245 185.715984
6.778659 185.559570
6.622245 185.403156
6.935073 185.246743
6.778659 185.090329
6.309418 184.933915
6.309418 184.777501
6.465831 184.621088
6.778659 184.464674
6.778659 184.308260
6.465831 184.151846
5.840176 183.995433
6.622245 183.839019
6.465831 183.682605
6.622245 183.526191
6.465831 183.369778
6.622245 183.213364
6.309418 183.056950
6.778659 182.900536
6.778659 182.744123
6.622245 182.587709
6.622245 182.431295
6.935073 182.274882
6.622245 182.118468
6.622245 181.962054
6.622245 181.805640
6.778659 181.649227
6.935073 181.492813
6.778659 181.336399
6.778659 181.179985
6.778659 181.023572
6.622245 180.867158
6.778659 180.710744
6.465831 180.554330
6.622245 180.397917
6.778659 180.241503
6.309418 180.085089
6.778659 179.928675
6.465831 179.772262
6.778659 179.615848
6.778659 179.459434
6.778659 179.303020
6.778659 179.146607
6.622245 178.990193
6.465831 178.833779
6.778659 178.677365
6.935073 178.520952
6.935073 178.364538
6.309418 178.208124
6.622245 178.051710
6.935073 177.895297
6.778659 177.738883
6.465831 177.582469
6.465831 177.426055
6.465831 177.269642
6.465831 177.113228
6.778659 176.956814
6.622245 176.800400
6.778659 176.643987
6.778659 176.487573
6.465831 176.331159
6.622245 176.174745
6.778659 176.018332
6.935073 175.861918
6.935073 175.705504
6.622245 175.549090
6.778659 175.392677
6.935073 175.236263
6.622245 175.079849
6.778659 174.923435
6.778659 174.767022
6.622245 174.610608
6.778659 174.454194
6.622245 174.297780
6.465831 174.141367
6.778659 173.984953
6.778659 173.828539
6.778659 173.672126
6.778659 173.515712
6.465831 173.359298
6.622245 173.202884
6.778659 173.046471
6.465831 172.890057
6.622245 172.733643
6.465831 172.577229
6.309418 172.420816
6.309418 172.264402
6.622245 172.107988
6.622245 171.951574
6.622245 171.795161
6.465831 171.638747
6.465831 171.482333
6.778659 171.325919
6.465831 171.169506
6.622245 171.013092
6.622245 170.856678
6.622245 170.700264
6.465831 170.543851
5.840176 170.387437
6.309418 170.231023
6.465831 170.074609
6.465831 169.918196
7.247900 169.761782
7.873555 169.605368
10.063348 169.448954
13.348036 169.292541
13.817277 169.136127
14.755760 168.979713
16.319897 168.823299
18.196862 168.666886
19.761000 168.510472
21.325137 168.354058
22.732861 168.197644
24.296998 168.041231
26.486791 167.884817
27.738101 167.728403
28.676583 167.571989
30.240721 167.415576
32.117686 167.259162
32.899754 167.102748
34.933133 166.946334
36.340857 166.789921
36.810098 166.633507
38.061408 166.477093
39.312718 166.320679
39.938373 166.164266
39.781959 166.007852
40.094787 165.851438
40.407614 165.695024
40.407614 165.538611
40.720442 165.382197
40.407614 165.225783
40.564028 165.069369
39.938373 164.912956
40.720442 164.756542
40.564028 164.600128
39.938373 164.443715
39.781959 164.287301
40.094787 164.130887
39.625545 163.974473
39.781959 163.818060
39.469132 163.661646
39.781959 163.505232
39.938373 163.348818
40.251200 163.192405
40.094787 163.035991
40.251200 162.879577
40.720442 162.723163
40.407614 162.566750
40.720442 162.410336
41.033269 162.253922
41.033269 162.097508
41.346097 161.941095
41.502510 161.784681
41.502510 161.628267
41.658924 161.471853
41.502510 161.315440
42.128165 161.159026
42.128165 161.002612
42.128165 160.846198
41.815338 160.689785
41.189683 160.533371
41.033269 160.376957
41.033269 160.220543
40.876855 160.064130
41.033269 159.907716
40.876855 159.751302
40.876855 159.594888
40.407614 159.438475
40.720442 159.282061
40.720442 159.125647
40.720442 158.969233
40.720442 158.812820
40.564028 158.656406
40.720442 158.499992
40.876855 158.343578
40.876855 158.187165
40.407614 158.030751
40.720442 157.874337
40.720442 157.717923
40.564028 157.561510
40.564028 157.405096
40.251200 157.248682
39.781959 157.092268
38.999891 156.935855
2.086247 156.779441
2.555488 155.840959
2.868315 155.684545
3.024729 155.528131
3.181143 155.371717
2.086247 155.215304
1.773419 155.058890
2.555488 154.902476
2.086247 154.746062
3.024729 154.589649
3.181143 154.433235
3.181143 154.276821
3.181143 154.120407
3.337557 153.963994
3.181143 153.807580
2.868315 153.651166
2.711902 153.494752
2.555488 153.338339
3.181143 153.181925
2.868315 153.025511
2.555488 152.869097
1.617005 152.712684
100.001251 152.556270
2.242660 152.399856
100.626906 152.243442
100.783320 152.087029
100.783320 151.930615
100.001251 151.774201
100.157665 151.617787
3.024729 151.461374
100.783320 151.304960
3.181143 151.148546
3.650384 150.992132
3.337557 150.835719
3.650384 150.679305
3.806798 150.522891
3.650384 150.366477
3.806798 150.210064
3.650384 150.053650
3.806798 149.897236
3.806798 149.740822
3.963211 149.584409
3.963211 149.427995
3.806798 149.271581
3.963211 149.115167
3.963211 148.958754
4.119625 148.802340
4.276039 148.645926
4.432453 148.489512
8.029969 148.333099
9.437693 148.176685
9.281279 148.020271
9.906934 147.863857
8.812038 147.707444
9.750520 147.551030
10.063348 147.394616
10.376175 147.238202
10.689003 147.081789
10.689003 146.925375
10.845416 146.768961
10.845416 146.612548
10.689003 146.456134
10.532589 146.299720
10.532589 146.143306
10.845416 145.986893
10.845416 145.830479
11.001830 145.674065
10.845416 145.517651
10.376175 145.361238
10.532589 145.204824
10.532589 145.048410
11.001830 144.891996
10.689003 144.735583
11.001830 144.579169
10.845416 144.422755
10.689003 144.266341
10.376175 144.109928
5.058108 143.953514
8.968451 143.797100
8.812038 143.640686
8.812038 143.484273
8.029969 143.327859
102.191044 143.171445
102.191044 143.015031
102.660285 142.858618
102.973112 142.702204
102.503871 142.545790
102.816699 142.389376
102.191044 142.232963
101.721803 142.076549
8.029969 141.920135
7.091486 141.763721
7.873555 141.607308
7.404314 141.450894
7.873555 141.294480
7.873555 141.138066
8.499210 140.981653
8.499210 140.825239
8.655624 140.668825
8.812038 140.512411
9.281279 140.355998
8.968451 140.199584
9.594106 140.043170
9.750520 139.886756
10.063348 139.730343
10.063348 139.573929
10.376175 139.417515
10.532589 139.261101
10.689003 139.104688
10.219761 138.948274
11.001830 138.791860
11.314658 138.635446
11.314658 138.479033
11.783899 138.322619
12.096726 138.166205
12.565967 138.009792
12.409554 137.853378
12.878795 137.696964
13.035209 137.540550
13.035209 137.384137
13.973691 137.227723
13.660864 137.071309
14.286519 136.914895
14.442932 136.758482
14.755760 136.602068
14.912174 136.445654
15.068587 136.289240
15.225001 136.132827
15.381415 135.976413
15.850656 135.819999
16.007070 135.663585
16.319897 135.507172
16.319897 135.350758
16.945552 135.194344
16.945552 135.037930
17.414794 134.881517
17.727621 134.725103
17.884035 134.568689
18.040449 134.412275
18.509690 134.255862
18.666104 134.099448
18.822517 133.943034
18.666104 133.786620
19.135345 133.630207
18.509690 133.473793
19.761000 133.317379
20.073827 133.160965
20.543069 133.004552
20.543069 132.848138
20.855896 132.691724
20.855896 132.535310
21.168724 132.378897
21.325137 132.222483
21.325137 132.066069
22.107206 131.909655
22.576447 131.753242
22.889275 131.596828
23.045688 131.440414
22.576447 131.284000
23.045688 131.127587
23.358516 130.971173
23.514930 130.814759
23.671343 130.658345
23.827757 130.501932
23.671343 130.345518
24.296998 130.189104
24.296998 130.032690
24.766240 129.876277
24.922653 129.719863
25.235481 129.563449
25.235481 129.407035
25.704722 129.250622
25.861136 129.094208
26.173963 128.937794
26.486791 128.781381
26.330377 128.624967
26.956032 128.468553
26.643205 128.312139
27.112446 128.155726
27.425273 127.999312
27.581687 127.842898
27.581687 127.686484
28.207342 127.530071
28.363756 127.373657
28.676583 127.217243
28.832997 127.060829
28.989411 126.904416
