3.337557 170.700264
3.024729 170.856678
3.337557 171.325919
3.024729 171.013092
3.024729 171.169506
3.024729 171.638747
2.711902 171.482333
3.181143 171.951574
3.024729 171.795161
3.337557 172.264402
3.650384 172.733643
3.024729 172.420816
3.181143 172.107988
3.181143 172.577229
3.337557 172.890057
3.337557 173.515712
3.337557 173.359298
3.337557 173.202884
3.337557 173.046471
3.337557 173.672126
3.024729 173.828539
3.181143 173.984953
3.650384 174.610608
3.337557 174.297780
3.181143 174.141367
3.181143 174.454194
3.493970 175.079849
2.868315 174.923435
3.024729 174.767022
3.181143 175.549090
3.337557 175.392677
3.337557 175.236263
3.024729 175.705504
3.181143 176.174745
3.181143 176.487573
2.711902 175.861918
2.711902 176.331159
2.868315 176.018332
3.181143 176.956814
3.337557 176.800400
3.181143 176.643987
3.337557 177.113228
3.337557 177.426055
3.024729 177.269642
3.337557 177.738883
2.868315 177.582469
3.181143 177.895297
3.337557 178.208124
3.493970 178.833779
3.337557 178.520952
3.024729 178.051710
3.650384 179.146607
3.650384 178.990193
3.024729 178.677365
3.024729 178.364538
3.181143 179.459434
3.024729 179.615848
3.181143 179.303020
3.650384 180.085089
3.337557 179.928675
3.181143 179.772262
3.493970 180.241503
3.337557 180.710744
3.181143 180.397917
3.181143 180.554330
3.024729 181.336399
3.181143 180.867158
3.181143 181.179985
3.181143 181.023572
3.024729 181.492813
3.181143 182.118468
3.024729 181.962054
3.024729 181.805640
2.868315 181.649227
3.181143 182.431295
3.181143 182.274882
3.024729 182.587709
3.024729 182.744123
3.024729 182.900536
3.181143 183.369778
3.024729 183.056950
3.181143 183.526191
3.181143 183.213364
3.337557 183.839019
3.181143 183.682605
3.181143 183.995433
2.868315 184.151846
3.181143 184.464674
3.024729 184.308260
3.806798 185.246743
3.806798 185.090329
3.181143 184.933915
2.868315 184.621088
3.650384 185.559570
3.650384 185.403156
2.711902 184.777501
3.337557 185.715984
3.493970 185.872398
3.024729 186.028811
3.337557 186.341639
3.181143 186.185225
3.024729 186.498053
2.868315 186.654466
3.337557 187.280121
3.181143 186.967294
3.024729 186.810880
3.024729 187.436535
2.868315 187.123708
3.337557 187.905776
3.024729 187.749363
3.181143 187.592949
3.181143 188.218604
3.181143 188.062190
3.181143 188.687845
2.868315 188.375018
3.493970 189.626328
3.337557 189.313500
2.868315 189.157086
3.650384 189.782741
3.181143 189.469914
3.181143 189.000673
3.650384 190.251983
3.493970 190.095569
3.337557 189.939155
2.711902 188.844259
2.242660 188.531431
3.181143 190.408396
3.337557 190.877638
3.024729 190.564810
3.337557 191.034051
3.181143 190.721224
3.181143 191.190465
2.868315 191.346879
2.868315 191.503293
3.337557 191.972534
3.024729 191.816120
3.024729 191.659706
3.024729 192.128947
3.493970 192.911016
3.337557 192.754602
3.024729 192.285361
3.493970 193.067430
3.024729 192.598189
2.711902 192.441775
3.493970 193.223844
3.181143 193.380257
3.493970 194.005912
3.181143 193.693085
3.181143 193.536671
3.181143 193.849499
3.806798 194.475154
3.337557 194.318740
3.806798 194.787981
3.650384 194.631567
2.868315 194.162326
3.337557 195.100809
3.493970 194.944395
3.493970 195.257222
3.493970 196.352119
3.181143 195.413636
3.337557 195.882877
3.024729 195.726464
3.024729 195.570050
3.181143 196.195705
3.337557 196.039291
3.181143 196.508532
2.711902 196.821360
2.711902 196.664946
3.493970 197.290601
2.555488 196.977774
3.337557 197.447015
3.337557 197.916256
2.868315 197.134187
3.181143 197.759842
3.337557 198.072670
2.868315 197.603429
3.024729 198.385497
3.024729 198.229084
3.493970 198.698325
3.337557 199.011152
3.024729 198.541911
3.337557 198.854739
3.650384 199.480394
3.493970 199.167566
3.650384 199.793221
3.493970 199.636807
3.024729 199.323980
2.868315 199.949635
3.024729 200.418876
3.493970 200.262462
3.493970 200.731704
3.337557 200.575290
2.711902 200.106049
3.337557 200.888117
3.181143 201.044531
3.181143 201.513772
3.024729 201.357358
3.024729 201.200945
2.711902 201.670186
3.024729 201.983013
3.024729 201.826600
3.181143 202.295841
3.493970 203.234323
3.337557 202.921496
3.493970 202.765082
3.493970 202.452255
2.711902 202.139427
3.493970 203.390737
3.337557 203.077910
3.181143 202.608668
3.181143 203.703565
3.337557 203.859978
3.024729 203.547151
3.493970 204.172806
2.711902 204.016392
3.181143 204.329220
3.181143 204.798461
3.024729 204.485633
3.337557 205.267702
3.181143 205.111288
2.868315 204.954875
2.399074 204.642047
3.337557 205.736943
3.024729 205.424116
3.181143 205.893357
2.868315 205.580530
3.337557 206.206185
3.181143 206.049771
3.337557 206.362598
3.337557 206.519012
3.493970 206.831840
3.024729 206.675426
3.337557 206.988253
3.806798 208.083150
2.711902 207.301081
3.337557 207.770322
2.711902 207.144667
3.337557 207.926736
2.868315 207.613908
2.868315 207.457495
3.181143 208.395977
3.181143 208.239563
3.650384 209.021632
3.493970 208.865218
3.181143 208.552391
3.493970 209.490873
3.493970 209.334460
3.650384 209.178046
3.181143 208.708805
3.650384 209.803701
3.493970 209.960114
2.868315 209.647287
2.711902 210.272942
3.024729 210.116528
3.337557 210.898597
3.337557 210.742183
3.024729 210.585769
3.181143 210.429356
3.337557 211.055011
3.806798 212.306321
3.024729 212.149907
3.024729 211.680666
2.555488 211.367838
3.181143 211.211424
2.868315 211.993493
2.868315 211.837079
2.711902 211.524252
3.181143 212.775562
3.181143 212.619148
3.181143 213.088389
3.337557 213.244803
3.024729 212.931976
2.868315 212.462734
2.711902 213.557631
3.337557 213.870458
3.493970 214.496113
3.024729 213.714044
3.024729 213.401217
3.337557 214.183286
3.337557 214.652527
3.337557 214.965354
3.337557 214.339699
3.024729 214.026872
3.337557 215.591009
2.555488 214.808941
3.337557 215.747423
2.711902 215.434596
2.399074 215.278182
2.555488 215.121768
3.024729 216.060251
2.711902 216.216664
3.181143 217.155147
3.181143 216.373078
2.711902 215.903837
3.024729 217.311561
2.868315 216.998733
3.337557 216.685906
3.181143 216.529492
3.181143 217.467974
3.181143 216.842319
2.868315 218.250043
3.024729 218.093629
3.024729 217.624388
2.868315 218.406457
2.868315 217.937216
2.555488 217.780802
2.086247 219.032112
2.242660 218.875698
2.242660 218.719284
2.086247 218.562871
2.086247 219.188525
1.929833 219.344939
1.617005 219.501353
