1.617005 89.365117
2.242660 89.208703
11.940313 89.052289
11.783899 88.895875
11.783899 88.739462
2.242660 88.583048
2.399074 88.426634
11.783899 88.270220
12.096726 88.113807
12.096726 87.957393
12.253140 87.800979
11.783899 87.644565
12.096726 87.488152
12.253140 87.331738
11.940313 87.175324
11.471071 87.018910
11.940313 86.862497
12.096726 86.706083
11.940313 86.549669
11.940313 86.393255
12.096726 86.236842
12.253140 86.080428
12.565967 85.924014
12.565967 85.767600
12.565967 85.611187
12.565967 85.454773
12.253140 85.298359
2.711902 85.141945
11.471071 84.985532
12.253140 84.829118
12.253140 84.672704
12.565967 84.516290
12.722381 84.359877
12.878795 84.203463
12.722381 84.047049
12.409554 83.890636
12.722381 83.734222
12.409554 83.577808
12.565967 83.421394
12.565967 83.264981
12.565967 83.108567
12.722381 82.952153
12.565967 82.795739
12.409554 82.639326
11.627485 82.482912
12.096726 82.326498
12.722381 82.170084
11.940313 82.013671
12.253140 81.857257
11.471071 81.700843
12.409554 81.544429
11.627485 81.388016
2.086247 81.231602
12.096726 81.075188
12.722381 80.918774
12.722381 80.762361
12.565967 80.605947
12.722381 80.449533
12.253140 80.293119
12.565967 80.136706
12.409554 79.980292
11.940313 79.823878
12.722381 79.667464
12.253140 79.511051
12.096726 79.354637
12.253140 79.198223
11.471071 79.041809
11.783899 78.885396
11.314658 78.728982
11.783899 78.572568
12.409554 78.416154
11.940313 78.259741
12.722381 78.103327
12.722381 77.946913
12.722381 77.790499
12.722381 77.634086
12.565967 77.477672
11.314658 77.321258
12.565967 77.164844
12.096726 77.008431
12.096726 76.852017
12.096726 76.695603
12.409554 76.539189
11.001830 76.382776
12.096726 76.226362
11.314658 76.069948
12.409554 75.913534
11.471071 75.757121
11.314658 75.600707
12.565967 75.444293
12.722381 75.287879
12.722381 75.131466
12.722381 74.975052
12.096726 74.818638
12.878795 74.662225
12.878795 74.505811
12.878795 74.349397
12.565967 74.192983
12.096726 74.036570
12.253140 73.880156
11.314658 73.723742
12.722381 73.567328
12.253140 73.410915
12.096726 73.254501
12.096726 73.098087
11.940313 72.941673
12.096726 72.785260
11.471071 72.628846
11.627485 72.472432
12.253140 72.316018
12.253140 72.159605
12.565967 72.003191
12.565967 71.846777
12.722381 71.690363
12.253140 71.533950
11.314658 71.377536
11.783899 71.221122
12.096726 71.064708
12.722381 70.908295
12.409554 70.751881
11.471071 70.595467
3.181143 70.439053
12.253140 70.282640
12.253140 70.126226
12.096726 69.969812
11.940313 69.813398
11.471071 69.656985
11.627485 69.500571
12.878795 69.344157
12.878795 69.187743
12.253140 69.031330
11.158244 68.874916
11.627485 68.718502
12.253140 68.562088
11.940313 68.405675
12.878795 68.249261
12.878795 68.092847
13.035209 67.936433
12.878795 67.780020
11.940313 67.623606
12.253140 67.467192
12.409554 67.310778
12.409554 67.154365
12.565967 66.997951
11.314658 66.841537
12.253140 66.685123
11.940313 66.528710
12.253140 66.372296
12.409554 66.215882
11.940313 66.059469
12.722381 65.903055
11.940313 65.746641
12.878795 65.590227
12.253140 65.433814
12.253140 65.277400
12.409554 65.120986
11.314658 64.964572
12.409554 64.808159
12.253140 64.651745
12.878795 64.495331
11.783899 64.338917
12.878795 64.182504
12.565967 64.026090
12.878795 63.869676
12.253140 63.713262
12.096726 63.556849
12.096726 63.400435
12.096726 63.244021
12.253140 63.087607
11.940313 62.931194
12.722381 62.774780
13.035209 62.618366
12.722381 62.461952
12.722381 62.305539
12.722381 62.149125
12.565967 61.992711
12.096726 61.836297
12.096726 61.679884
12.878795 61.523470
11.940313 61.367056
13.035209 61.210642
12.565967 61.054229
13.035209 60.897815
11.940313 60.741401
12.878795 60.584987
12.565967 60.428574
12.878795 60.272160
13.035209 60.115746
13.035209 59.959332
11.001830 59.802919
12.878795 59.646505
12.878795 59.490091
12.878795 59.333677
13.191622 59.177264
13.035209 59.020850
13.035209 58.864436
13.191622 58.708022
11.940313 58.551609
13.035209 58.395195
13.035209 58.238781
12.722381 58.082367
12.878795 57.925954
12.253140 57.769540
12.409554 57.613126
12.878795 57.456712
12.722381 57.300299
12.878795 57.143885
12.096726 56.987471
11.471071 56.831058
13.035209 56.674644
13.035209 56.518230
10.689003 56.361816
12.878795 56.205403
12.253140 56.048989
12.409554 55.892575
12.253140 55.736161
12.878795 55.579748
12.409554 55.423334
12.253140 55.266920
13.035209 55.110506
11.627485 54.954093
13.191622 54.797679
12.878795 54.641265
13.035209 54.484851
12.253140 54.328438
12.096726 54.172024
12.409554 54.015610
12.878795 53.859196
12.409554 53.702783
12.096726 53.546369
12.409554 53.389955
12.565967 53.233541
12.253140 53.077128
13.035209 52.920714
12.409554 52.764300
12.409554 52.607886
12.565967 52.451473
12.253140 52.295059
12.253140 52.138645
12.878795 51.982231
12.253140 51.825818
12.253140 51.669404
12.878795 51.512990
13.035209 51.356576
12.878795 51.200163
11.940313 51.043749
12.878795 50.887335
13.035209 50.730921
12.722381 50.574508
11.940313 50.418094
12.096726 50.261680
12.096726 50.105266
12.565967 49.948853
12.409554 49.792439
12.565967 49.636025
12.878795 49.479611
12.878795 49.323198
11.783899 49.166784
12.409554 49.010370
12.409554 48.853956
12.409554 48.697543
12.253140 48.541129
12.565967 48.384715
12.409554 48.228302
11.940313 48.071888
12.878795 47.915474
12.722381 47.759060
12.409554 47.602647
12.409554 47.446233
11.783899 47.289819
12.565967 47.133405
12.722381 46.976992
13.035209 46.820578
12.878795 46.664164
12.409554 46.507750
12.565967 46.351337
12.878795 46.194923
11.471071 46.038509
13.035209 45.882095
13.035209 45.725682
12.722381 45.569268
13.191622 45.412854
12.253140 45.256440
12.878795 45.100027
12.878795 44.943613
12.722381 44.787199
13.035209 44.630785
12.878795 44.474372
12.409554 44.317958
12.565967 44.161544
13.035209 44.005130
12.253140 43.848717
11.940313 43.692303
12.253140 43.535889
11.940313 43.379475
12.409554 43.223062
12.878795 43.066648
13.035209 42.910234
13.035209 42.753820
12.096726 42.597407
12.565967 42.440993
13.035209 42.284579
12.253140 42.128165
12.253140 41.971752
13.035209 41.815338
12.878795 41.658924
12.722381 41.502510
12.409554 41.346097
13.035209 41.189683
12.253140 41.033269
12.878795 40.876855
13.035209 40.720442
12.878795 40.564028
12.096726 40.407614
11.940313 40.251200
13.035209 40.094787
12.253140 39.938373
12.253140 39.781959
12.253140 39.625545
12.253140 39.469132
12.565967 39.312718
13.035209 39.156304
12.722381 38.999891
13.191622 38.843477
11.783899 38.687063
12.253140 38.530649
12.878795 38.374236
13.035209 38.217822
13.191622 38.061408
13.035209 37.904994
13.035209 37.748581
13.035209 37.592167
13.035209 37.435753
13.035209 37.279339
13.035209 37.122926
13.348036 36.966512
13.504450 36.810098
13.348036 36.653684
13.191622 36.497271
11.471071 36.340857
12.722381 36.184443
13.191622 36.028029
13.348036 35.871616
13.504450 35.715202
13.660864 35.558788
13.035209 35.402374
13.504450 35.245961
12.409554 35.089547
13.348036 34.933133
13.191622 34.776719
13.348036 34.620306
13.504450 34.463892
13.035209 34.307478
13.191622 34.151064
13.348036 33.994651
12.878795 33.838237
13.035209 33.681823
13.348036 33.525409
13.191622 33.368996
13.504450 33.212582
13.348036 33.056168
13.035209 32.899754
12.253140 32.743341
13.191622 32.586927
13.504450 32.430513
13.348036 32.274099
13.035209 32.117686
13.504450 31.961272
13.191622 31.804858
13.348036 31.648444
12.565967 31.492031
13.035209 31.335617
13.035209 31.179203
13.348036 31.022789
13.191622 30.866376
13.191622 30.709962
13.660864 30.553548
13.191622 30.397135
13.191622 30.240721
13.348036 30.084307
13.348036 29.927893
13.035209 29.771480
13.191622 29.615066
13.348036 29.458652
12.565967 29.302238
13.035209 29.145825
13.348036 28.989411
12.565967 28.832997
12.565967 28.676583
13.348036 28.520170
13.035209 28.363756
12.253140 28.207342
13.035209 28.050928
13.191622 27.894515
12.565967 27.738101
13.191622 27.581687
12.409554 27.425273
13.348036 27.268860
13.191622 27.112446
13.348036 26.956032
13.035209 26.799618
12.409554 26.643205
13.504450 26.486791
12.878795 26.330377
13.191622 26.173963
13.191622 26.017550
13.191622 25.861136
12.878795 25.704722
13.191622 25.548308
13.348036 25.391895
12.878795 25.235481
12.722381 25.079067
13.191622 24.922653
13.504450 24.766240
13.348036 24.609826
13.035209 24.453412
13.035209 24.296998
13.348036 24.140585
13.660864 23.984171
13.348036 23.827757
13.348036 23.671343
13.191622 23.514930
13.504450 23.358516
13.660864 23.202102
13.504450 23.045688
13.348036 22.889275
12.878795 22.732861
13.035209 22.576447
13.191622 22.420033
13.504450 22.263620
13.348036 22.107206
13.660864 21.950792
13.348036 21.794378
13.348036 21.637965
13.660864 21.481551
13.348036 21.325137
13.348036 21.168724
13.035209 21.012310
13.348036 20.855896
13.660864 20.699482
13.660864 20.543069
13.504450 20.386655
13.191622 20.230241
13.348036 20.073827
13.035209 19.917414
13.191622 19.761000
13.035209 19.604586
13.348036 19.448172
13.660864 19.291759
13.504450 19.135345
13.348036 18.978931
13.191622 18.822517
13.035209 18.666104
13.191622 18.509690
13.035209 18.353276
13.348036 18.196862
13.348036 18.040449
12.878795 17.884035
13.348036 17.727621
13.660864 17.571207
13.191622 17.414794
12.878795 17.258380
13.817277 17.101966
13.660864 16.945552
13.504450 16.789139
12.409554 16.632725
13.348036 16.476311
13.348036 16.319897
12.878795 16.163484
13.191622 16.007070
13.348036 15.850656
13.035209 15.694242
12.253140 15.537829
13.035209 15.381415
13.191622 15.225001
13.191622 15.068587
13.035209 14.912174
13.348036 14.755760
12.409554 14.599346
13.035209 14.442932
12.878795 14.286519
13.191622 14.130105
12.409554 13.973691
13.035209 13.817277
13.035209 13.660864
12.878795 13.504450
13.035209 13.348036
13.191622 13.191622
13.191622 13.035209
13.504450 12.878795
13.348036 12.722381
12.565967 12.565967
13.191622 12.409554
11.940313 12.253140
13.035209 12.096726
13.035209 11.940313
13.191622 11.783899
13.504450 11.627485
13.504450 11.471071
13.504450 11.314658
13.504450 11.158244
13.035209 11.001830
13.035209 10.845416
13.191622 10.689003
13.348036 10.532589
13.348036 10.376175
13.348036 10.219761
13.191622 10.063348
13.660864 9.906934
13.348036 9.750520
11.158244 9.594106
10.845416 9.437693
12.722381 9.281279
12.565967 9.124865
12.722381 8.968451
12.878795 8.812038
12.722381 8.655624
12.565967 8.499210
12.722381 8.342796
12.722381 8.186383
11.783899 8.029969
12.253140 7.873555
11.940313 7.717141
12.409554 7.560728
12.096726 7.404314
11.783899 7.247900
12.096726 7.091486
12.096726 6.935073
13.973691 6.778659
15.537829 6.622245
15.381415 6.465831
17.414794 6.309418
19.448172 6.153004
17.414794 5.996590
21.168724 5.840176
22.576447 5.683763
23.202102 5.527349
24.922653 5.370935
25.079067 5.214521
26.486791 5.058108
26.956032 4.901694
27.268860 4.745280
30.240721 4.588866
30.084307 4.432453
30.084307 4.276039
34.463892 4.119625
34.620306 3.963211
34.463892 3.806798
37.904994 3.650384
38.217822 3.493970
38.217822 3.337557
38.687063 3.181143
38.687063 3.024729
38.999891 2.868315
39.156304 2.711902
39.156304 2.555488
39.469132 2.399074
39.781959 2.242660
39.469132 2.086247
39.469132 1.929833
39.781959 1.773419
