2.242660 272.212785
2.242660 272.056372
2.399074 271.899958
2.555488 271.743544
2.086247 271.587130
2.086247 269.084510
2.086247 268.146028
2.242660 267.989614
2.399074 267.051132
2.399074 266.894718
2.399074 266.738304
3.181143 263.453616
2.868315 263.297202
3.181143 263.140788
2.868315 262.984374
3.024729 262.827961
3.024729 262.671547
2.711902 262.515133
3.024729 262.358719
2.868315 262.202306
3.024729 262.045892
3.181143 261.889478
2.868315 261.733064
1.617005 261.576651
2.868315 261.420237
2.711902 261.263823
1.929833 261.107409
2.711902 260.950996
2.242660 260.794582
2.242660 260.638168
2.868315 260.481754
2.711902 260.325341
2.868315 260.168927
3.024729 260.012513
3.181143 259.856099
2.868315 259.699686
2.555488 259.543272
2.868315 259.386858
2.868315 259.230444
3.024729 259.074031
2.868315 258.917617
2.868315 258.761203
2.868315 258.604789
2.868315 258.448376
2.868315 258.291962
2.555488 258.135548
2.555488 257.979134
2.711902 257.822721
2.868315 257.666307
2.868315 257.509893
2.399074 257.353479
2.868315 257.197066
2.555488 257.040652
2.868315 256.884238
2.868315 256.727824
2.711902 256.571411
2.868315 256.414997
3.024729 256.258583
3.024729 256.102169
2.711902 255.945756
2.868315 255.789342
2.868315 255.632928
3.024729 255.476514
2.868315 255.320101
2.868315 255.163687
2.555488 255.007273
2.242660 254.850859
2.711902 254.694446
2.868315 254.538032
2.868315 254.381618
2.555488 254.225205
2.868315 254.068791
2.868315 253.912377
3.024729 253.755963
2.555488 253.599550
2.555488 253.443136
2.868315 253.286722
2.868315 253.130308
2.868315 252.973895
2.711902 252.817481
2.555488 252.661067
2.711902 252.504653
2.555488 252.348240
2.242660 252.191826
2.555488 252.035412
2.555488 251.878998
2.711902 251.722585
2.555488 251.566171
2.555488 251.409757
2.555488 251.253343
2.555488 251.096930
2.711902 250.940516
2.555488 250.784102
2.711902 250.627688
2.242660 250.471275
2.711902 250.314861
2.086247 250.158447
2.399074 250.002033
2.555488 249.845620
2.555488 249.689206
2.555488 249.532792
2.399074 249.376378
2.555488 249.219965
2.555488 249.063551
2.242660 248.907137
2.555488 248.750723
2.711902 248.594310
2.555488 248.437896
2.711902 248.281482
2.242660 248.125068
2.711902 247.968655
2.868315 247.812241
2.711902 247.655827
2.555488 247.499413
2.711902 247.343000
2.711902 247.186586
1.929833 247.030172
2.399074 246.873758
2.399074 246.717345
2.399074 246.560931
2.555488 246.404517
2.399074 246.248103
2.555488 246.091690
2.555488 245.935276
2.711902 245.778862
2.711902 245.622449
2.711902 245.466035
2.555488 245.309621
2.711902 245.153207
2.711902 244.996794
2.711902 244.840380
2.711902 244.683966
2.555488 244.527552
2.555488 244.371139
2.086247 244.214725
2.399074 244.058311
2.555488 243.901897
2.555488 243.745484
2.711902 243.589070
2.399074 243.432656
2.555488 243.276242
2.242660 243.119829
2.555488 242.963415
2.555488 242.807001
1.617005 242.650587
2.399074 242.494174
2.711902 242.337760
2.555488 242.181346
2.868315 242.024932
2.711902 241.868519
2.555488 241.712105
2.555488 241.555691
2.555488 241.399277
2.555488 241.242864
2.711902 241.086450
2.555488 240.930036
2.868315 240.773622
3.024729 240.617209
2.868315 240.460795
2.711902 240.304381
2.086247 240.147967
2.555488 239.991554
2.555488 239.835140
2.868315 239.678726
2.711902 239.522312
2.711902 239.365899
2.868315 239.209485
2.555488 239.053071
2.868315 238.896657
2.555488 238.740244
2.399074 238.583830
2.868315 238.427416
3.024729 238.271002
3.024729 238.114589
3.024729 237.958175
3.337557 237.801761
3.337557 237.645347
3.493970 237.488934
3.181143 237.332520
3.337557 237.176106
3.024729 237.019692
3.650384 236.863279
3.650384 236.706865
3.493970 236.550451
3.181143 236.394038
3.337557 236.237624
3.493970 236.081210
3.181143 235.924796
3.337557 235.768383
3.337557 235.611969
2.555488 235.455555
3.806798 235.299141
3.493970 235.142728
3.181143 234.986314
3.650384 234.829900
3.493970 234.673486
3.650384 234.517073
3.650384 234.360659
3.493970 234.204245
3.806798 234.047831
3.963211 233.891418
3.650384 233.735004
3.963211 233.578590
3.806798 233.422176
3.963211 233.265763
3.963211 233.109349
3.650384 232.952935
4.119625 232.796521
3.963211 232.640108
4.119625 232.483694
4.119625 232.327280
3.493970 232.170866
3.806798 232.014453
4.119625 231.858039
4.119625 231.701625
4.276039 231.545211
4.276039 231.388798
4.276039 231.232384
3.963211 231.075970
4.119625 230.919556
4.119625 230.763143
4.119625 230.606729
4.276039 230.450315
3.963211 230.293901
4.276039 230.137488
3.963211 229.981074
4.432453 229.824660
4.276039 229.668246
4.588866 229.511833
4.588866 229.355419
4.588866 229.199005
4.119625 229.042591
4.276039 228.886178
4.588866 228.729764
4.432453 228.573350
4.432453 228.416936
4.588866 228.260523
4.432453 228.104109
4.588866 227.947695
4.745280 227.791281
4.432453 227.634868
4.276039 227.478454
4.588866 227.322040
4.745280 227.165627
4.745280 227.009213
4.745280 226.852799
4.901694 226.696385
4.901694 226.539972
4.588866 226.383558
4.901694 226.227144
4.745280 226.070730
4.745280 225.914317
4.901694 225.757903
4.745280 225.601489
5.058108 225.445075
4.901694 225.288662
5.058108 225.132248
4.588866 224.975834
5.058108 224.819420
4.901694 224.663007
5.058108 224.506593
4.901694 224.350179
5.058108 224.193765
4.276039 224.037352
5.214521 223.880938
4.432453 223.724524
5.370935 223.568110
5.370935 223.411697
5.370935 223.255283
5.370935 223.098869
5.214521 222.942455
5.370935 222.786042
5.058108 222.629628
5.527349 222.473214
5.370935 222.316800
5.527349 222.160387
5.527349 222.003973
5.683763 221.847559
5.370935 221.691145
5.527349 221.534732
5.214521 221.378318
5.370935 221.221904
5.527349 221.065490
5.840176 220.909077
5.683763 220.752663
5.527349 220.596249
5.058108 220.439835
5.683763 220.283422
5.840176 220.127008
5.683763 219.970594
5.840176 219.814180
5.996590 219.657767
6.153004 219.501353
6.153004 219.344939
5.840176 219.188525
6.153004 219.032112
5.214521 218.875698
5.840176 218.719284
5.683763 218.562871
6.153004 218.406457
5.996590 218.250043
6.153004 218.093629
5.996590 217.937216
6.153004 217.780802
6.309418 217.624388
6.309418 217.467974
6.309418 217.311561
6.309418 217.155147
6.153004 216.998733
6.153004 216.842319
5.996590 216.685906
6.465831 216.529492
6.465831 216.373078
6.465831 216.216664
6.153004 216.060251
6.465831 215.903837
6.465831 215.747423
6.622245 215.591009
6.153004 215.434596
6.465831 215.278182
6.309418 215.121768
6.778659 214.965354
6.778659 214.808941
6.622245 214.652527
6.778659 214.496113
6.622245 214.339699
6.778659 214.183286
6.622245 214.026872
6.622245 213.870458
6.778659 213.714044
6.778659 213.557631
6.778659 213.401217
6.778659 213.244803
6.778659 213.088389
6.778659 212.931976
6.935073 212.775562
6.935073 212.619148
6.622245 212.462734
6.935073 212.306321
6.935073 212.149907
7.091486 211.993493
7.091486 211.837079
6.935073 211.680666
6.465831 211.524252
7.247900 211.367838
7.091486 211.211424
6.935073 211.055011
7.091486 210.898597
7.560728 210.742183
7.404314 210.585769
7.404314 210.429356
7.091486 210.272942
7.247900 210.116528
6.935073 209.960114
7.247900 209.803701
6.935073 209.647287
7.404314 209.490873
7.404314 209.334460
7.404314 209.178046
7.247900 209.021632
7.404314 208.865218
7.091486 208.708805
7.560728 208.552391
7.404314 208.395977
7.717141 208.239563
7.560728 208.083150
7.717141 207.926736
7.560728 207.770322
7.247900 207.613908
7.247900 207.457495
7.717141 207.301081
7.404314 207.144667
7.717141 206.988253
7.873555 206.831840
7.717141 206.675426
7.873555 206.519012
7.717141 206.362598
7.873555 206.206185
7.873555 206.049771
7.404314 205.893357
7.717141 205.736943
7.717141 205.580530
7.560728 205.424116
8.029969 205.267702
7.873555 205.111288
7.873555 204.954875
8.029969 204.798461
7.560728 204.642047
7.560728 204.485633
7.873555 204.329220
7.873555 204.172806
7.560728 204.016392
7.873555 203.859978
7.717141 203.703565
7.873555 203.547151
8.029969 203.390737
7.560728 203.234323
7.873555 203.077910
8.029969 202.921496
7.717141 202.765082
8.029969 202.608668
7.404314 202.452255
7.560728 202.295841
8.029969 202.139427
7.873555 201.983013
8.186383 201.826600
8.186383 201.670186
8.029969 201.513772
8.029969 201.357358
8.029969 201.200945
8.186383 201.044531
8.342796 200.888117
8.342796 200.731704
7.873555 200.575290
8.186383 200.418876
8.186383 200.262462
7.873555 200.106049
8.029969 199.949635
8.342796 199.793221
8.342796 199.636807
8.186383 199.480394
8.186383 199.323980
8.186383 199.167566
8.186383 199.011152
8.029969 198.854739
8.186383 198.698325
7.560728 198.541911
8.186383 198.385497
8.186383 198.229084
8.186383 198.072670
8.342796 197.916256
8.342796 197.759842
8.342796 197.603429
8.342796 197.447015
7.717141 197.290601
8.342796 197.134187
8.186383 196.977774
8.342796 196.821360
8.342796 196.664946
8.342796 196.508532
8.342796 196.352119
8.342796 196.195705
8.186383 196.039291
8.342796 195.882877
8.342796 195.726464
8.186383 195.570050
8.342796 195.413636
8.342796 195.257222
8.186383 195.100809
8.342796 194.944395
8.186383 194.787981
8.342796 194.631567
8.342796 194.475154
8.186383 194.318740
8.499210 194.162326
8.029969 194.005912
8.342796 193.849499
8.029969 193.693085
8.186383 193.536671
8.342796 193.380257
8.342796 193.223844
8.186383 193.067430
8.186383 192.911016
7.717141 192.754602
8.029969 192.598189
8.186383 192.441775
8.029969 192.285361
8.342796 192.128947
8.186383 191.972534
8.029969 191.816120
8.186383 191.659706
8.186383 191.503293
8.029969 191.346879
8.499210 191.190465
7.873555 191.034051
8.342796 190.877638
8.655624 190.721224
8.499210 190.564810
8.186383 190.408396
8.655624 190.251983
7.873555 190.095569
8.186383 189.939155
8.029969 189.782741
8.029969 189.626328
8.186383 189.469914
8.186383 189.313500
8.186383 189.157086
8.342796 189.000673
8.342796 188.844259
8.499210 188.687845
8.499210 188.531431
8.499210 188.375018
8.499210 188.218604
7.873555 188.062190
8.029969 187.905776
8.029969 187.749363
8.029969 187.592949
8.029969 187.436535
8.029969 187.280121
8.029969 187.123708
8.186383 186.967294
8.029969 186.810880
2.399074 186.654466
2.555488 186.498053
2.086247 186.341639
7.560728 186.185225
1.773419 186.028811
1.617005 185.559570
1.617005 185.246743
7.404314 185.090329
7.091486 184.933915
1.617005 184.308260
1.617005 184.151846
1.773419 183.995433
1.617005 183.839019
1.773419 183.682605
2.086247 183.526191
1.617005 183.369778
1.773419 183.213364
1.929833 183.056950
7.404314 182.900536
1.773419 182.274882
1.617005 182.118468
1.617005 181.492813
1.773419 181.336399
1.929833 181.179985
1.617005 178.990193
1.617005 178.833779
1.617005 178.208124
1.773419 178.051710
1.617005 174.767022
1.617005 174.610608
1.617005 174.297780
1.617005 172.733643
1.929833 172.577229
2.086247 172.420816
1.929833 172.264402
2.086247 172.107988
7.873555 171.951574
7.873555 171.795161
7.560728 171.638747
7.560728 171.482333
1.773419 171.325919
7.873555 171.169506
7.873555 171.013092
7.873555 170.856678
7.873555 170.700264
