40.094787 295.674847
40.251200 295.518433
40.407614 295.362020
40.564028 295.205606
40.407614 295.049192
40.407614 294.892778
40.564028 294.736365
40.094787 294.579951
40.094787 294.423537
40.251200 294.267123
40.094787 294.110710
39.938373 293.954296
39.938373 293.797882
39.469132 293.641468
40.094787 293.485055
39.625545 293.328641
40.407614 293.172227
40.094787 293.015813
39.312718 292.859400
1.617005 292.702986
40.094787 292.546572
40.407614 292.390158
40.251200 292.233745
40.407614 292.077331
40.251200 291.920917
40.564028 291.764503
40.564028 291.608090
40.251200 291.451676
40.564028 291.295262
39.938373 291.138848
40.564028 290.982435
40.564028 290.826021
40.720442 290.669607
40.407614 290.513193
40.564028 290.356780
40.720442 290.200366
40.720442 290.043952
40.720442 289.887539
40.564028 289.731125
40.251200 289.574711
40.720442 289.418297
40.564028 289.261884
40.720442 289.105470
40.564028 288.949056
40.251200 288.792642
40.564028 288.636229
40.564028 288.479815
40.251200 288.323401
40.094787 288.166987
40.251200 288.010574
40.407614 287.854160
40.564028 287.697746
40.407614 287.541332
40.720442 287.384919
40.564028 287.228505
40.564028 287.072091
40.407614 286.915677
40.407614 286.759264
40.720442 286.602850
40.720442 286.446436
40.407614 286.290022
40.564028 286.133609
40.407614 285.977195
40.407614 285.820781
40.407614 285.664367
40.407614 285.507954
40.251200 285.351540
39.469132 285.195126
40.564028 285.038712
40.094787 284.882299
40.720442 284.725885
40.407614 284.569471
40.720442 284.413057
40.564028 284.256644
40.251200 284.100230
40.564028 283.943816
40.407614 283.787402
40.564028 283.630989
40.720442 283.474575
40.564028 283.318161
40.564028 283.161747
40.564028 283.005334
40.251200 282.848920
40.407614 282.692506
40.251200 282.536092
40.564028 282.379679
40.564028 282.223265
40.720442 282.066851
40.720442 281.910437
40.564028 281.754024
40.251200 281.597610
40.094787 281.441196
40.720442 281.284783
40.251200 281.128369
40.564028 280.971955
40.251200 280.815541
40.564028 280.659128
40.251200 280.502714
40.251200 280.346300
40.720442 280.189886
40.564028 280.033473
39.938373 279.877059
40.720442 279.720645
40.564028 279.564231
40.251200 279.407818
40.564028 279.251404
40.407614 279.094990
40.407614 278.938576
40.251200 278.782163
40.094787 278.625749
40.094787 278.469335
40.251200 278.312921
40.407614 278.156508
40.407614 278.000094
40.407614 277.843680
40.251200 277.687266
40.407614 277.530853
39.938373 277.374439
40.407614 277.218025
40.564028 277.061611
40.564028 276.905198
40.251200 276.748784
39.938373 276.592370
40.407614 276.435956
40.251200 276.279543
40.251200 276.123129
40.407614 275.966715
39.938373 275.810301
40.407614 275.653888
40.094787 275.497474
40.094787 275.341060
40.094787 275.184646
40.251200 275.028233
40.094787 274.871819
40.407614 274.715405
40.407614 274.558991
40.564028 274.402578
40.564028 274.246164
40.094787 274.089750
40.407614 273.933336
40.251200 273.776923
40.251200 273.620509
40.407614 273.464095
40.720442 273.307681
39.938373 273.151268
40.094787 272.994854
40.407614 272.838440
39.938373 272.682026
39.938373 272.525613
40.094787 272.369199
39.938373 272.212785
39.625545 272.056372
2.399074 271.899958
1.773419 271.743544
2.242660 271.587130
2.242660 271.430717
2.399074 271.274303
2.086247 271.117889
2.086247 270.961475
2.242660 270.805062
2.242660 270.648648
37.122926 270.492234
2.086247 270.335820
37.435753 270.179407
37.748581 270.022993
37.279339 269.866579
2.086247 269.710165
2.086247 269.553752
2.242660 269.397338
1.617005 269.240924
1.929833 269.084510
2.399074 268.928097
2.086247 268.771683
2.399074 268.615269
1.617005 268.458855
37.904994 268.302442
37.748581 268.146028
2.242660 267.989614
1.929833 267.833200
2.086247 267.676787
1.929833 267.520373
2.399074 267.363959
2.086247 267.207545
1.929833 267.051132
37.904994 266.894718
37.592167 266.738304
38.061408 266.581890
37.904994 266.425477
38.061408 266.269063
37.904994 266.112649
38.061408 265.956235
38.217822 265.799822
38.217822 265.643408
38.061408 265.486994
38.217822 265.330580
38.217822 265.174167
38.061408 265.017753
38.061408 264.861339
38.061408 264.704925
38.061408 264.548512
2.399074 264.392098
37.904994 264.235684
38.061408 264.079270
37.904994 263.922857
39.312718 263.766443
39.312718 263.610029
39.312718 263.453616
1.929833 263.297202
1.929833 263.140788
1.929833 262.984374
1.617005 262.827961
3.181143 262.671547
1.617005 262.515133
1.617005 262.358719
1.773419 262.202306
3.024729 261.889478
1.929833 261.733064
2.086247 261.576651
1.773419 261.420237
3.024729 261.263823
3.024729 261.107409
2.242660 260.950996
2.086247 260.794582
3.024729 260.638168
2.242660 260.481754
1.929833 260.325341
2.555488 260.168927
2.711902 260.012513
3.024729 259.856099
2.555488 259.699686
3.024729 259.543272
3.024729 259.386858
3.024729 259.230444
3.181143 259.074031
3.024729 258.917617
3.024729 258.761203
2.399074 258.604789
2.711902 258.448376
2.868315 258.291962
3.024729 258.135548
3.024729 257.979134
2.868315 257.822721
2.711902 257.666307
3.024729 257.509893
2.868315 257.353479
2.868315 257.197066
3.181143 257.040652
2.868315 256.884238
3.024729 256.727824
3.024729 256.571411
3.024729 256.414997
2.868315 256.258583
3.024729 256.102169
2.868315 255.945756
3.181143 255.789342
2.868315 255.632928
2.399074 255.476514
2.868315 255.320101
2.399074 255.163687
2.555488 255.007273
2.868315 254.850859
2.711902 254.694446
2.711902 254.538032
3.024729 254.381618
2.711902 254.225205
2.399074 254.068791
2.711902 253.912377
2.868315 253.755963
2.711902 253.599550
2.868315 253.443136
2.868315 253.286722
3.181143 253.130308
3.024729 252.973895
2.868315 252.817481
2.555488 252.661067
2.555488 252.504653
2.711902 252.348240
2.868315 252.191826
2.711902 252.035412
2.555488 251.878998
2.711902 251.722585
2.711902 251.566171
2.555488 251.409757
2.868315 251.253343
2.711902 251.096930
2.555488 250.940516
2.555488 250.784102
2.555488 250.627688
2.242660 250.471275
2.711902 250.314861
2.555488 250.158447
2.555488 250.002033
2.399074 249.845620
2.555488 249.689206
2.711902 249.532792
2.711902 249.376378
2.399074 249.219965
2.711902 249.063551
2.242660 248.907137
2.555488 248.750723
2.242660 248.594310
2.399074 248.437896
2.868315 248.281482
2.868315 248.125068
2.555488 247.968655
2.711902 247.812241
2.242660 247.655827
2.711902 247.499413
2.711902 247.343000
2.868315 247.186586
2.399074 247.030172
2.711902 246.873758
2.711902 246.717345
2.711902 246.560931
2.555488 246.404517
2.399074 246.248103
2.555488 246.091690
2.555488 245.935276
2.555488 245.778862
2.399074 245.622449
2.399074 245.466035
2.242660 245.309621
2.242660 245.153207
2.399074 244.996794
2.555488 244.840380
2.242660 244.683966
2.399074 244.527552
2.399074 244.371139
2.555488 244.214725
2.399074 244.058311
2.086247 243.901897
2.242660 243.745484
2.555488 243.589070
2.555488 243.432656
2.711902 243.276242
2.711902 243.119829
2.399074 242.963415
2.399074 242.807001
2.399074 242.650587
2.086247 242.494174
2.242660 242.337760
2.399074 242.181346
2.399074 242.024932
2.711902 241.868519
2.711902 241.712105
2.711902 241.555691
2.555488 241.399277
2.399074 241.242864
2.399074 241.086450
2.242660 240.930036
2.242660 240.773622
2.711902 240.617209
2.242660 240.460795
2.711902 240.304381
2.711902 240.147967
2.711902 239.991554
2.086247 239.835140
2.711902 239.678726
2.555488 239.522312
2.711902 239.365899
2.868315 239.209485
2.711902 239.053071
3.181143 238.896657
3.181143 238.740244
3.024729 238.583830
2.868315 238.427416
2.868315 238.271002
3.024729 238.114589
2.399074 237.958175
2.242660 237.801761
2.242660 237.645347
2.086247 237.488934
2.868315 237.332520
3.181143 237.176106
3.024729 237.019692
3.181143 236.863279
1.773419 236.706865
3.024729 236.550451
3.024729 236.394038
1.929833 236.237624
2.086247 236.081210
1.773419 235.924796
1.929833 235.768383
3.337557 235.611969
3.181143 235.455555
3.493970 235.299141
3.650384 235.142728
3.650384 234.986314
3.806798 234.829900
3.337557 234.673486
3.493970 234.517073
3.337557 234.360659
2.086247 234.204245
3.650384 234.047831
3.806798 233.891418
3.963211 233.735004
4.119625 233.578590
3.806798 233.422176
4.119625 233.265763
3.650384 233.109349
3.806798 232.952935
3.963211 232.796521
3.806798 232.640108
3.963211 232.483694
4.119625 232.327280
3.963211 232.170866
4.119625 232.014453
3.963211 231.858039
3.963211 231.701625
4.119625 231.545211
3.806798 231.388798
3.806798 231.232384
3.650384 231.075970
3.963211 230.919556
3.963211 230.763143
4.119625 230.606729
3.806798 230.450315
4.276039 230.293901
4.432453 230.137488
4.119625 229.981074
4.276039 229.824660
3.963211 229.668246
4.276039 229.511833
4.276039 229.355419
4.119625 229.199005
4.276039 229.042591
3.963211 228.886178
3.963211 228.729764
4.276039 228.573350
4.588866 228.416936
4.432453 228.260523
4.432453 228.104109
4.588866 227.947695
4.276039 227.791281
4.432453 227.634868
4.432453 227.478454
4.432453 227.322040
2.555488 227.165627
4.432453 227.009213
4.432453 226.852799
4.745280 226.696385
4.588866 226.539972
4.901694 226.383558
5.058108 226.227144
4.745280 226.070730
4.745280 225.914317
4.901694 225.757903
5.058108 225.601489
4.901694 225.445075
5.058108 225.288662
5.214521 225.132248
4.745280 224.975834
5.058108 224.819420
5.058108 224.663007
5.214521 224.506593
4.901694 224.350179
4.901694 224.193765
5.370935 224.037352
5.214521 223.880938
5.058108 223.724524
5.058108 223.568110
4.901694 223.411697
5.370935 223.255283
4.901694 223.098869
5.370935 222.942455
4.745280 222.786042
5.527349 222.629628
5.370935 222.473214
5.527349 222.316800
5.370935 222.160387
5.370935 222.003973
5.683763 221.847559
5.683763 221.691145
5.840176 221.534732
5.840176 221.378318
5.683763 221.221904
5.683763 221.065490
5.370935 220.909077
5.840176 220.752663
5.683763 220.596249
5.527349 220.439835
5.683763 220.283422
5.683763 220.127008
5.840176 219.970594
5.840176 219.814180
5.840176 219.657767
5.996590 219.501353
6.153004 219.344939
5.996590 219.188525
6.153004 219.032112
6.309418 218.875698
6.153004 218.719284
5.840176 218.562871
5.996590 218.406457
5.996590 218.250043
6.153004 218.093629
6.153004 217.937216
5.840176 217.780802
5.996590 217.624388
6.309418 217.467974
6.153004 217.311561
6.309418 217.155147
6.622245 216.998733
6.153004 216.842319
6.465831 216.685906
6.622245 216.529492
5.683763 216.373078
6.309418 216.216664
6.622245 216.060251
6.309418 215.903837
6.778659 215.747423
6.935073 215.591009
6.622245 215.434596
6.778659 215.278182
6.465831 215.121768
6.778659 214.965354
6.935073 214.808941
6.935073 214.652527
6.778659 214.496113
6.465831 214.339699
6.778659 214.183286
6.465831 214.026872
6.778659 213.870458
7.091486 213.714044
7.091486 213.557631
6.778659 213.401217
7.091486 213.244803
7.091486 213.088389
7.091486 212.931976
7.091486 212.775562
6.778659 212.619148
7.091486 212.462734
7.091486 212.306321
7.091486 212.149907
7.247900 211.993493
7.091486 211.837079
7.091486 211.680666
7.404314 211.524252
7.560728 211.367838
7.404314 211.211424
7.560728 211.055011
7.091486 210.898597
7.247900 210.742183
7.247900 210.585769
7.247900 210.429356
7.560728 210.272942
7.560728 210.116528
7.247900 209.960114
7.560728 209.803701
7.091486 209.647287
7.404314 209.490873
7.717141 209.334460
7.717141 209.178046
7.873555 209.021632
7.717141 208.865218
7.717141 208.708805
7.560728 208.552391
7.560728 208.395977
7.873555 208.239563
8.029969 208.083150
7.717141 207.926736
8.029969 207.770322
7.717141 207.613908
7.717141 207.457495
8.029969 207.301081
7.873555 207.144667
8.029969 206.988253
8.186383 206.831840
8.029969 206.675426
8.186383 206.519012
7.560728 206.362598
8.186383 206.206185
8.186383 206.049771
8.186383 205.893357
8.029969 205.736943
8.186383 205.580530
7.873555 205.424116
8.342796 205.267702
8.186383 205.111288
8.499210 204.954875
8.342796 204.798461
8.186383 204.642047
8.186383 204.485633
8.342796 204.329220
8.342796 204.172806
8.186383 204.016392
8.499210 203.859978
8.342796 203.703565
8.499210 203.547151
8.342796 203.390737
8.342796 203.234323
8.655624 203.077910
8.499210 202.921496
8.499210 202.765082
8.342796 202.608668
8.655624 202.452255
8.186383 202.295841
8.186383 202.139427
8.499210 201.983013
8.342796 201.826600
8.499210 201.670186
8.499210 201.513772
8.499210 201.357358
8.499210 201.200945
8.499210 201.044531
8.499210 200.888117
8.655624 200.731704
8.499210 200.575290
8.655624 200.418876
8.499210 200.262462
8.655624 200.106049
8.812038 199.949635
8.812038 199.793221
8.499210 199.636807
8.655624 199.480394
8.499210 199.323980
8.655624 199.167566
8.812038 199.011152
8.186383 198.854739
8.812038 198.698325
8.812038 198.541911
8.499210 198.385497
8.812038 198.229084
8.812038 198.072670
8.655624 197.916256
8.499210 197.759842
8.499210 197.603429
8.029969 197.447015
8.499210 197.290601
8.499210 197.134187
8.812038 196.977774
9.124865 196.821360
8.968451 196.664946
8.655624 196.508532
8.968451 196.352119
8.968451 196.195705
8.655624 196.039291
9.124865 195.882877
8.968451 195.726464
8.968451 195.570050
8.968451 195.413636
8.968451 195.257222
8.499210 195.100809
8.968451 194.944395
8.655624 194.787981
8.968451 194.631567
8.812038 194.475154
9.124865 194.318740
8.812038 194.162326
9.124865 194.005912
8.968451 193.849499
8.655624 193.693085
8.812038 193.536671
9.124865 193.380257
9.124865 193.223844
9.124865 193.067430
8.812038 192.911016
9.124865 192.754602
8.968451 192.598189
8.812038 192.441775
9.124865 192.285361
8.968451 192.128947
8.968451 191.972534
8.812038 191.816120
8.499210 191.659706
8.812038 191.503293
8.499210 191.346879
8.812038 191.190465
8.655624 191.034051
8.342796 190.877638
8.655624 190.721224
8.655624 190.564810
8.655624 190.408396
8.655624 190.251983
8.812038 190.095569
9.281279 189.939155
9.124865 189.782741
9.281279 189.626328
9.281279 189.469914
9.281279 189.313500
8.968451 189.157086
8.655624 189.000673
8.968451 188.844259
9.124865 188.687845
8.968451 188.531431
8.812038 188.375018
8.655624 188.218604
8.812038 188.062190
9.124865 187.905776
8.655624 187.749363
8.968451 187.592949
8.968451 187.436535
8.968451 187.280121
9.124865 187.123708
8.968451 186.967294
9.124865 186.810880
8.812038 186.654466
8.968451 186.498053
8.812038 186.341639
8.499210 186.185225
2.086247 186.028811
2.242660 185.872398
2.086247 185.715984
1.773419 185.559570
1.773419 185.403156
1.617005 185.246743
1.617005 183.213364
1.773419 182.900536
1.617005 182.744123
1.773419 182.431295
1.617005 182.274882
1.617005 181.649227
1.773419 181.492813
1.773419 178.833779
1.773419 176.800400
1.617005 172.890057
1.617005 172.733643
1.773419 172.420816
1.929833 172.264402
8.029969 172.107988
1.773419 171.951574
1.617005 171.795161
8.342796 171.638747
8.029969 171.482333
8.342796 171.325919
8.499210 171.169506
8.342796 171.013092
8.186383 170.856678
8.499210 170.700264
8.499210 170.543851
8.655624 170.387437
8.342796 170.231023
8.342796 170.074609
8.342796 169.918196
8.655624 169.761782
8.186383 169.605368
8.655624 169.448954
8.812038 169.292541
11.158244 169.136127
13.660864 168.979713
14.599346 168.823299
14.599346 168.666886
17.414794 168.510472
18.509690 168.354058
19.135345 168.197644
20.543069 168.041231
20.699482 167.884817
23.827757 167.728403
23.827757 167.571989
24.140585 167.415576
25.235481 167.259162
27.425273 167.102748
28.050928 166.946334
28.676583 166.789921
29.771480 166.633507
30.866376 166.477093
33.056168 166.320679
32.743341 166.164266
34.463892 166.007852
36.184443 165.851438
37.435753 165.695024
38.061408 165.538611
38.530649 165.382197
38.530649 165.225783
38.999891 165.069369
38.999891 164.912956
39.312718 164.756542
39.312718 164.600128
39.781959 164.443715
39.156304 164.287301
38.999891 164.130887
39.312718 163.974473
39.469132 163.818060
39.156304 163.661646
39.625545 163.505232
39.625545 163.348818
39.625545 163.192405
39.938373 163.035991
39.625545 162.879577
39.312718 162.723163
39.781959 162.566750
39.781959 162.410336
39.781959 162.253922
39.938373 162.097508
39.781959 161.941095
39.781959 161.784681
39.938373 161.628267
39.625545 161.471853
39.781959 161.315440
39.625545 161.159026
39.781959 161.002612
38.999891 160.846198
39.469132 160.689785
39.625545 160.533371
39.312718 160.376957
38.843477 160.220543
38.843477 160.064130
38.687063 159.907716
38.843477 159.751302
38.374236 159.594888
38.687063 159.438475
38.530649 159.282061
38.843477 159.125647
38.530649 158.969233
38.999891 158.812820
39.156304 158.656406
38.843477 158.499992
39.469132 158.343578
39.312718 158.187165
39.156304 158.030751
39.156304 157.874337
38.530649 157.717923
38.843477 157.561510
38.061408 157.405096
2.242660 157.248682
1.773419 154.276821
2.242660 154.120407
2.399074 153.963994
2.086247 153.807580
2.242660 153.651166
2.399074 153.494752
2.399074 153.025511
2.399074 152.869097
2.555488 152.712684
2.399074 152.556270
2.711902 152.399856
2.399074 152.243442
3.024729 152.087029
3.024729 151.930615
3.181143 151.774201
3.024729 151.617787
2.868315 151.461374
3.181143 151.304960
3.181143 151.148546
3.337557 150.992132
2.711902 150.835719
3.024729 150.679305
3.181143 150.522891
3.024729 150.366477
3.181143 150.210064
3.024729 150.053650
3.024729 149.897236
2.868315 149.740822
3.650384 149.584409
3.024729 149.427995
3.181143 149.271581
2.399074 149.115167
7.560728 148.958754
7.560728 148.802340
7.404314 148.645926
7.404314 148.489512
6.935073 148.333099
7.247900 148.176685
7.404314 148.020271
7.404314 147.863857
7.247900 147.707444
7.404314 147.551030
8.186383 147.394616
8.186383 147.238202
8.029969 147.081789
7.404314 146.925375
7.247900 146.768961
7.247900 146.612548
7.873555 146.456134
8.029969 146.299720
6.778659 146.143306
9.124865 145.986893
9.750520 145.830479
9.437693 145.674065
9.750520 145.517651
9.750520 145.361238
7.717141 145.204824
8.029969 145.048410
9.124865 144.891996
8.968451 144.735583
8.812038 144.579169
7.560728 144.422755
3.493970 144.266341
3.181143 144.109928
2.711902 143.953514
2.399074 143.797100
7.091486 143.640686
2.242660 143.484273
3.806798 143.327859
4.276039 143.171445
98.280700 143.015031
98.749941 142.858618
98.749941 142.702204
98.749941 142.545790
99.062769 142.389376
99.688424 142.232963
100.157665 142.076549
100.626906 141.920135
6.465831 141.763721
6.935073 141.607308
6.465831 141.450894
7.091486 141.294480
7.091486 141.138066
7.560728 140.981653
7.717141 140.825239
7.873555 140.668825
8.342796 140.512411
8.186383 140.355998
8.968451 140.199584
8.499210 140.043170
9.281279 139.886756
8.812038 139.730343
9.750520 139.573929
9.906934 139.417515
10.063348 139.261101
10.376175 139.104688
10.219761 138.948274
10.376175 138.791860
11.001830 138.635446
11.001830 138.479033
11.314658 138.322619
11.471071 138.166205
11.783899 138.009792
11.940313 137.853378
12.409554 137.696964
12.722381 137.540550
12.409554 137.384137
12.878795 137.227723
13.504450 137.071309
13.817277 136.914895
14.130105 136.758482
14.442932 136.602068
14.442932 136.445654
14.599346 136.289240
14.912174 136.132827
15.381415 135.976413
15.225001 135.819999
15.850656 135.663585
15.537829 135.507172
16.007070 135.350758
16.319897 135.194344
16.319897 135.037930
16.632725 134.881517
16.476311 134.725103
17.414794 134.568689
17.414794 134.412275
17.727621 134.255862
18.040449 134.099448
18.196862 133.943034
18.666104 133.786620
18.666104 133.630207
18.822517 133.473793
18.978931 133.317379
19.291759 133.160965
19.604586 133.004552
20.073827 132.848138
20.386655 132.691724
20.386655 132.535310
20.855896 132.378897
20.855896 132.222483
21.012310 132.066069
21.325137 131.909655
22.107206 131.753242
22.263620 131.596828
22.263620 131.440414
22.889275 131.284000
23.045688 131.127587
22.889275 130.971173
23.045688 130.814759
23.202102 130.658345
23.202102 130.501932
23.514930 130.345518
23.671343 130.189104
23.671343 130.032690
24.140585 129.876277
24.609826 129.719863
25.079067 129.563449
25.235481 129.407035
25.235481 129.250622
25.861136 129.094208
25.391895 128.937794
25.704722 128.781381
25.861136 128.624967
26.173963 128.468553
26.799618 128.312139
27.268860 128.155726
27.112446 127.999312
27.425273 127.842898
27.425273 127.686484
27.581687 127.530071
27.425273 127.373657
27.894515 127.217243
28.050928 127.060829
28.207342 126.904416
