2.555488 280.033473
12.409554 266.894718
12.878795 266.738304
12.878795 266.581890
12.409554 266.425477
12.722381 266.269063
12.878795 266.112649
12.878795 265.956235
12.722381 265.799822
12.878795 265.643408
12.722381 265.486994
13.035209 265.330580
12.878795 265.174167
13.035209 265.017753
12.878795 264.861339
13.035209 264.704925
12.878795 264.548512
12.722381 264.392098
12.722381 264.235684
12.722381 264.079270
12.253140 263.922857
12.878795 263.766443
12.565967 263.610029
12.565967 263.453616
12.565967 263.297202
12.878795 263.140788
12.565967 262.984374
12.878795 262.827961
12.565967 262.671547
12.565967 262.515133
12.878795 262.358719
12.409554 262.202306
12.565967 262.045892
12.253140 261.889478
12.409554 261.733064
12.565967 261.576651
12.565967 261.420237
12.409554 261.263823
12.722381 261.107409
12.565967 260.950996
12.722381 260.794582
12.565967 260.638168
2.086247 260.481754
12.722381 260.325341
12.722381 260.168927
12.878795 260.012513
12.565967 259.856099
12.878795 259.699686
12.878795 259.543272
13.191622 259.386858
12.722381 259.230444
13.348036 259.074031
13.504450 258.917617
13.191622 258.761203
13.035209 258.604789
13.348036 258.448376
13.348036 258.291962
13.191622 258.135548
13.191622 257.979134
13.035209 257.822721
13.504450 257.666307
13.504450 257.509893
13.504450 257.353479
13.660864 257.197066
13.504450 257.040652
13.660864 256.884238
13.660864 256.727824
13.504450 256.571411
13.348036 256.414997
13.348036 256.258583
13.504450 256.102169
13.973691 255.945756
13.660864 255.789342
13.817277 255.632928
13.348036 255.476514
13.660864 255.320101
13.817277 255.163687
13.817277 255.007273
13.660864 254.850859
13.817277 254.694446
13.660864 254.538032
13.817277 254.381618
13.817277 254.225205
13.817277 254.068791
13.817277 253.912377
13.973691 253.755963
13.973691 253.599550
13.660864 253.443136
13.504450 253.286722
13.817277 253.130308
13.817277 252.973895
13.817277 252.817481
13.817277 252.661067
13.817277 252.504653
13.973691 252.348240
13.817277 252.191826
13.973691 252.035412
13.660864 251.878998
13.348036 251.722585
13.973691 251.566171
13.817277 251.409757
13.660864 251.253343
13.348036 251.096930
13.973691 250.940516
13.973691 250.784102
14.130105 250.627688
14.130105 250.471275
14.130105 250.314861
13.973691 250.158447
14.130105 250.002033
14.130105 249.845620
13.973691 249.689206
14.130105 249.532792
13.817277 249.376378
13.973691 249.219965
14.130105 249.063551
13.660864 248.907137
13.973691 248.750723
13.973691 248.594310
13.660864 248.437896
13.973691 248.281482
14.130105 248.125068
13.973691 247.968655
14.130105 247.812241
14.286519 247.655827
14.286519 247.499413
13.817277 247.343000
13.973691 247.186586
14.286519 247.030172
14.286519 246.873758
14.442932 246.717345
14.442932 246.560931
14.599346 246.404517
14.442932 246.248103
14.442932 246.091690
14.599346 245.935276
14.755760 245.778862
14.599346 245.622449
14.755760 245.466035
14.442932 245.309621
14.599346 245.153207
14.599346 244.996794
14.599346 244.840380
14.442932 244.683966
14.442932 244.527552
14.599346 244.371139
14.442932 244.214725
14.755760 244.058311
14.599346 243.901897
14.599346 243.745484
14.755760 243.589070
14.755760 243.432656
14.912174 243.276242
14.599346 243.119829
14.755760 242.963415
14.599346 242.807001
14.912174 242.650587
15.068587 242.494174
15.068587 242.337760
15.068587 242.181346
15.225001 242.024932
14.912174 241.868519
15.225001 241.712105
15.225001 241.555691
15.381415 241.399277
15.068587 241.242864
15.225001 241.086450
15.381415 240.930036
15.381415 240.773622
15.225001 240.617209
15.381415 240.460795
15.225001 240.304381
15.537829 240.147967
14.912174 239.991554
15.537829 239.835140
15.537829 239.678726
15.694242 239.522312
15.537829 239.365899
15.850656 239.209485
15.694242 239.053071
15.850656 238.896657
15.694242 238.740244
15.850656 238.583830
16.007070 238.427416
15.850656 238.271002
15.694242 238.114589
16.007070 237.958175
15.694242 237.801761
16.007070 237.645347
16.163484 237.488934
16.007070 237.332520
16.319897 237.176106
16.319897 237.019692
16.476311 236.863279
16.163484 236.706865
16.476311 236.550451
16.632725 236.394038
16.476311 236.237624
16.632725 236.081210
16.476311 235.924796
16.632725 235.768383
16.476311 235.611969
16.632725 235.455555
16.476311 235.299141
16.319897 235.142728
16.632725 234.986314
16.632725 234.829900
16.945552 234.673486
16.632725 234.517073
16.945552 234.360659
16.945552 234.204245
17.258380 234.047831
17.258380 233.891418
17.101966 233.735004
17.258380 233.578590
16.945552 233.422176
17.258380 233.265763
17.101966 233.109349
17.414794 232.952935
17.414794 232.796521
17.414794 232.640108
17.258380 232.483694
17.414794 232.327280
17.571207 232.170866
17.571207 232.014453
17.571207 231.858039
17.571207 231.701625
17.258380 231.545211
17.571207 231.388798
17.258380 231.232384
17.727621 231.075970
17.884035 230.919556
17.884035 230.763143
17.884035 230.606729
17.727621 230.450315
17.884035 230.293901
17.727621 230.137488
18.040449 229.981074
17.884035 229.824660
18.040449 229.668246
17.884035 229.511833
18.196862 229.355419
18.040449 229.199005
18.040449 229.042591
18.666104 228.886178
18.353276 228.729764
18.509690 228.573350
18.040449 228.416936
18.509690 228.260523
18.666104 228.104109
18.509690 227.947695
18.822517 227.791281
18.509690 227.634868
18.666104 227.478454
18.666104 227.322040
18.666104 227.165627
18.822517 227.009213
18.509690 226.852799
18.822517 226.696385
18.509690 226.539972
18.666104 226.383558
18.353276 226.227144
18.666104 226.070730
18.978931 225.914317
18.978931 225.757903
18.822517 225.601489
18.978931 225.445075
19.135345 225.288662
18.978931 225.132248
18.822517 224.975834
19.291759 224.819420
18.822517 224.663007
19.291759 224.506593
19.135345 224.350179
18.666104 224.193765
18.978931 224.037352
18.978931 223.880938
19.135345 223.724524
19.135345 223.568110
18.978931 223.411697
18.978931 223.255283
19.135345 223.098869
19.135345 222.942455
19.448172 222.786042
19.291759 222.629628
19.135345 222.473214
19.448172 222.316800
19.135345 222.160387
19.135345 222.003973
19.135345 221.847559
19.291759 221.691145
19.135345 221.534732
19.291759 221.378318
19.291759 221.221904
19.135345 221.065490
19.448172 220.909077
19.135345 220.752663
19.448172 220.596249
19.448172 220.439835
19.135345 220.283422
19.291759 220.127008
19.448172 219.970594
19.761000 219.814180
19.604586 219.657767
19.448172 219.501353
19.448172 219.344939
19.448172 219.188525
19.917414 219.032112
19.604586 218.875698
19.604586 218.719284
19.291759 218.562871
19.448172 218.406457
19.761000 218.250043
19.761000 218.093629
19.448172 217.937216
19.761000 217.780802
19.135345 217.624388
19.761000 217.467974
19.604586 217.311561
20.073827 217.155147
19.917414 216.998733
19.604586 216.842319
19.917414 216.685906
19.917414 216.529492
19.917414 216.373078
19.761000 216.216664
19.761000 216.060251
19.761000 215.903837
20.073827 215.747423
19.761000 215.591009
19.917414 215.434596
20.073827 215.278182
19.917414 215.121768
19.604586 214.965354
19.761000 214.808941
19.917414 214.652527
19.761000 214.496113
19.917414 214.339699
19.761000 214.183286
19.917414 214.026872
19.604586 213.870458
19.917414 213.714044
20.073827 213.557631
20.230241 213.401217
19.604586 213.244803
20.230241 213.088389
19.917414 212.931976
20.073827 212.775562
19.917414 212.619148
20.073827 212.462734
20.073827 212.306321
20.073827 212.149907
19.917414 211.993493
20.386655 211.837079
20.386655 211.680666
20.230241 211.524252
20.230241 211.367838
20.073827 211.211424
20.230241 211.055011
19.761000 210.898597
20.230241 210.742183
20.386655 210.585769
20.543069 210.429356
20.230241 210.272942
20.699482 210.116528
20.543069 209.960114
20.699482 209.803701
20.699482 209.647287
20.699482 209.490873
21.012310 209.334460
20.699482 209.178046
21.012310 209.021632
20.855896 208.865218
20.230241 208.708805
20.699482 208.552391
20.855896 208.395977
20.543069 208.239563
20.855896 208.083150
20.699482 207.926736
20.699482 207.770322
20.699482 207.613908
20.230241 207.457495
20.699482 207.301081
20.543069 207.144667
20.855896 206.988253
20.855896 206.831840
20.543069 206.675426
20.230241 206.519012
20.230241 206.362598
20.073827 206.206185
20.699482 206.049771
20.855896 205.893357
20.543069 205.736943
20.699482 205.580530
20.699482 205.424116
21.012310 205.267702
20.699482 205.111288
20.855896 204.954875
20.699482 204.798461
20.543069 204.642047
20.699482 204.485633
20.386655 204.329220
20.699482 204.172806
20.855896 204.016392
20.543069 203.859978
20.386655 203.703565
20.386655 203.547151
20.230241 203.390737
20.230241 203.234323
20.230241 203.077910
19.917414 202.921496
19.761000 202.765082
19.761000 202.608668
19.604586 202.452255
19.604586 202.295841
19.917414 202.139427
19.604586 201.983013
19.448172 201.826600
19.761000 201.670186
19.604586 201.513772
19.761000 201.357358
19.604586 201.200945
19.291759 201.044531
19.761000 200.888117
19.917414 200.731704
19.604586 200.575290
19.761000 200.418876
19.761000 200.262462
19.761000 200.106049
19.604586 199.949635
19.604586 199.793221
19.448172 199.636807
19.604586 199.480394
19.604586 199.323980
19.761000 199.167566
19.448172 199.011152
19.761000 198.854739
19.448172 198.698325
18.978931 198.541911
19.448172 198.385497
19.448172 198.229084
19.448172 198.072670
19.604586 197.916256
19.291759 197.759842
19.448172 197.603429
19.604586 197.447015
18.666104 197.290601
19.604586 197.134187
19.604586 196.977774
19.291759 196.821360
19.604586 196.664946
19.604586 196.508532
19.135345 196.352119
19.448172 196.195705
19.761000 196.039291
19.135345 195.882877
19.291759 195.726464
19.135345 195.570050
18.978931 195.413636
18.666104 195.257222
19.135345 195.100809
18.666104 194.944395
19.448172 194.787981
19.135345 194.631567
19.291759 194.475154
19.448172 194.318740
19.135345 194.162326
19.291759 194.005912
19.448172 193.849499
19.291759 193.693085
19.135345 193.536671
19.448172 193.380257
19.291759 193.223844
19.135345 193.067430
18.978931 192.911016
19.135345 192.754602
18.978931 192.598189
18.978931 192.441775
18.822517 192.285361
19.135345 192.128947
19.135345 191.972534
19.135345 191.816120
19.135345 191.659706
19.135345 191.503293
18.978931 191.346879
19.291759 191.190465
19.135345 191.034051
18.978931 190.877638
19.135345 190.721224
18.666104 190.564810
18.822517 190.408396
19.135345 190.251983
19.135345 190.095569
18.666104 189.939155
18.509690 189.782741
2.711902 189.626328
19.135345 189.469914
18.978931 189.313500
18.666104 189.157086
18.509690 189.000673
2.555488 188.844259
2.242660 188.687845
2.242660 188.531431
2.711902 188.375018
2.399074 188.218604
2.711902 188.062190
18.666104 187.905776
18.822517 187.749363
18.666104 187.592949
2.242660 187.436535
2.711902 187.280121
18.509690 187.123708
2.399074 186.967294
2.242660 186.810880
2.086247 186.654466
18.353276 186.498053
18.509690 186.341639
18.353276 186.185225
2.555488 186.028811
18.353276 185.872398
18.666104 185.715984
2.399074 185.559570
18.822517 185.403156
18.978931 185.246743
18.509690 185.090329
2.086247 184.933915
2.555488 184.777501
2.711902 184.621088
2.711902 184.464674
2.868315 184.308260
2.868315 184.151846
2.399074 183.995433
2.711902 183.839019
2.399074 183.682605
2.555488 183.526191
2.242660 183.369778
2.399074 183.213364
2.399074 183.056950
2.242660 182.900536
2.242660 182.744123
2.086247 182.587709
2.242660 182.431295
2.555488 182.274882
2.242660 182.118468
2.242660 181.962054
2.242660 181.805640
18.353276 181.649227
18.040449 181.492813
18.196862 181.336399
18.666104 181.179985
18.196862 181.023572
18.822517 180.867158
18.822517 180.710744
18.353276 180.554330
18.509690 180.397917
18.509690 180.241503
18.040449 180.085089
18.040449 179.928675
2.242660 179.772262
18.509690 179.615848
18.196862 179.459434
18.196862 179.303020
18.040449 179.146607
2.242660 178.990193
1.929833 178.833779
2.399074 178.677365
2.242660 178.520952
1.773419 178.364538
2.086247 178.208124
1.929833 178.051710
2.555488 177.895297
1.617005 177.738883
2.086247 177.582469
2.086247 177.426055
2.086247 177.269642
2.086247 177.113228
2.242660 176.956814
2.086247 176.800400
1.929833 176.643987
2.242660 176.487573
2.086247 176.331159
2.399074 176.174745
2.242660 176.018332
1.929833 175.861918
1.929833 175.705504
2.399074 175.549090
2.399074 175.392677
2.242660 175.236263
2.399074 175.079849
2.242660 174.923435
2.555488 174.767022
2.555488 174.610608
2.555488 174.454194
2.399074 174.297780
17.884035 174.141367
17.727621 173.984953
17.727621 173.828539
18.196862 173.672126
18.040449 173.515712
18.196862 173.359298
17.884035 173.202884
17.727621 173.046471
18.196862 172.890057
18.196862 172.733643
18.196862 172.577229
2.242660 172.420816
17.727621 172.264402
2.086247 172.107988
17.884035 171.951574
17.727621 171.795161
1.929833 171.638747
17.884035 171.482333
17.727621 171.325919
17.727621 171.169506
17.571207 171.013092
18.040449 170.856678
17.414794 170.700264
