2.868315 294.736365
3.024729 293.641468
2.555488 273.620509
1.929833 270.492234
2.086247 270.335820
1.773419 270.179407
1.929833 268.615269
2.399074 267.676787
1.773419 267.207545
1.773419 266.269063
2.086247 266.112649
2.242660 265.799822
2.399074 265.017753
1.773419 262.515133
1.929833 262.358719
2.086247 262.202306
1.929833 262.045892
2.086247 261.889478
1.617005 261.733064
1.929833 261.576651
1.929833 261.420237
3.650384 261.263823
3.493970 261.107409
3.650384 260.950996
3.806798 260.794582
3.806798 260.638168
3.650384 260.481754
2.086247 260.325341
3.337557 260.168927
3.493970 260.012513
3.181143 259.856099
3.024729 259.699686
3.337557 259.543272
3.337557 259.386858
3.181143 259.230444
3.181143 259.074031
2.868315 258.917617
3.181143 258.761203
3.181143 258.604789
2.711902 258.448376
3.181143 258.291962
3.493970 258.135548
3.337557 257.979134
3.181143 257.822721
3.181143 257.666307
3.493970 257.509893
1.617005 257.353479
2.399074 257.197066
3.650384 257.040652
3.493970 256.884238
3.337557 256.727824
3.493970 256.571411
3.493970 256.414997
3.493970 256.258583
3.337557 256.102169
2.242660 255.945756
2.242660 255.789342
2.555488 255.632928
2.555488 255.476514
2.868315 255.320101
3.337557 255.163687
3.024729 255.007273
3.024729 254.850859
3.181143 254.694446
3.181143 254.538032
3.024729 254.381618
2.868315 254.225205
2.555488 254.068791
2.086247 253.912377
2.086247 253.755963
1.617005 253.599550
2.086247 253.443136
2.086247 253.286722
3.024729 253.130308
3.024729 252.973895
2.711902 252.817481
2.555488 252.661067
2.399074 252.504653
1.617005 252.348240
2.242660 252.191826
2.555488 252.035412
2.711902 251.878998
2.555488 251.722585
2.868315 251.566171
2.399074 251.409757
2.399074 251.253343
2.868315 251.096930
2.711902 250.940516
1.929833 250.784102
2.868315 250.627688
2.711902 250.471275
2.399074 250.314861
2.242660 250.158447
2.711902 250.002033
2.399074 249.845620
2.555488 249.689206
2.555488 249.532792
2.399074 249.376378
1.773419 249.219965
2.555488 249.063551
2.868315 248.907137
3.024729 248.750723
3.024729 248.594310
2.711902 248.437896
2.868315 248.281482
2.868315 248.125068
2.711902 247.968655
2.868315 247.812241
2.868315 247.655827
2.868315 247.499413
2.555488 247.343000
2.399074 247.186586
2.711902 247.030172
2.399074 246.873758
2.555488 246.717345
3.024729 246.560931
3.024729 246.404517
2.868315 246.248103
2.555488 246.091690
2.555488 245.935276
2.711902 245.778862
2.868315 245.622449
2.868315 245.466035
2.711902 245.309621
2.711902 245.153207
2.711902 244.996794
2.555488 244.840380
2.555488 244.683966
2.399074 244.527552
2.399074 244.371139
2.242660 244.214725
2.555488 244.058311
2.555488 243.901897
2.711902 243.745484
2.242660 243.589070
2.399074 243.432656
2.242660 243.276242
2.711902 243.119829
2.555488 242.963415
2.711902 242.807001
2.555488 242.650587
2.555488 242.494174
2.242660 242.337760
1.929833 242.181346
2.399074 242.024932
2.399074 241.868519
2.399074 241.712105
2.555488 241.555691
2.555488 241.399277
2.555488 241.242864
2.399074 241.086450
2.086247 240.930036
2.242660 240.773622
2.399074 240.617209
2.086247 240.460795
2.399074 240.304381
2.555488 240.147967
2.399074 239.991554
2.086247 239.835140
2.086247 239.678726
2.086247 239.522312
1.617005 239.365899
1.617005 239.209485
1.773419 239.053071
1.617005 238.896657
1.773419 238.740244
1.773419 238.583830
2.086247 238.427416
1.929833 238.271002
2.086247 238.114589
1.929833 237.958175
2.242660 237.801761
2.086247 237.645347
2.711902 237.488934
3.493970 237.332520
3.337557 237.176106
3.337557 237.019692
3.024729 236.863279
3.337557 236.706865
3.181143 236.550451
3.493970 236.394038
3.181143 236.237624
3.806798 236.081210
3.806798 235.924796
3.650384 235.768383
3.650384 235.611969
1.773419 235.455555
3.650384 235.299141
3.650384 235.142728
1.773419 234.986314
2.242660 234.829900
1.929833 234.673486
2.242660 234.517073
3.493970 234.360659
3.806798 234.204245
3.806798 234.047831
1.929833 233.891418
2.399074 233.735004
2.086247 233.578590
2.555488 233.422176
1.929833 233.265763
3.963211 233.109349
3.806798 232.952935
2.086247 232.796521
1.773419 232.640108
1.773419 232.483694
2.086247 232.327280
1.929833 232.170866
2.242660 232.014453
1.773419 231.858039
1.773419 231.701625
1.929833 231.545211
4.432453 231.388798
4.432453 231.232384
4.588866 231.075970
4.588866 230.919556
4.119625 230.763143
2.086247 230.606729
2.086247 230.450315
2.242660 230.293901
2.242660 230.137488
4.588866 229.981074
4.588866 229.824660
4.745280 229.668246
4.901694 229.511833
4.901694 229.355419
4.901694 229.199005
5.058108 229.042591
5.214521 228.886178
5.214521 228.729764
4.901694 228.573350
5.214521 228.416936
5.214521 228.260523
5.214521 228.104109
5.058108 227.947695
5.370935 227.791281
5.370935 227.634868
5.214521 227.478454
5.214521 227.322040
5.370935 227.165627
5.370935 227.009213
5.527349 226.852799
5.370935 226.696385
5.683763 226.539972
5.840176 226.383558
5.058108 226.227144
5.214521 226.070730
5.683763 225.914317
5.683763 225.757903
5.840176 225.601489
5.996590 225.445075
5.840176 225.288662
6.153004 225.132248
5.840176 224.975834
5.996590 224.819420
5.840176 224.663007
5.527349 224.506593
5.996590 224.350179
5.996590 224.193765
6.153004 224.037352
5.840176 223.880938
5.527349 223.724524
5.996590 223.568110
6.153004 223.411697
5.840176 223.255283
6.309418 223.098869
6.465831 222.942455
6.622245 222.786042
6.622245 222.629628
6.465831 222.473214
6.465831 222.316800
6.622245 222.160387
6.465831 222.003973
6.778659 221.847559
6.778659 221.691145
6.465831 221.534732
6.778659 221.378318
6.935073 221.221904
6.778659 221.065490
6.935073 220.909077
6.465831 220.752663
6.778659 220.596249
6.935073 220.439835
6.935073 220.283422
7.091486 220.127008
6.778659 219.970594
6.778659 219.814180
7.247900 219.657767
7.091486 219.501353
7.247900 219.344939
7.404314 219.188525
7.560728 219.032112
7.560728 218.875698
7.404314 218.719284
6.935073 218.562871
7.404314 218.406457
7.404314 218.250043
7.560728 218.093629
7.404314 217.937216
7.247900 217.780802
7.717141 217.624388
7.560728 217.467974
7.873555 217.311561
7.404314 217.155147
7.717141 216.998733
7.873555 216.842319
7.873555 216.685906
8.029969 216.529492
7.404314 216.373078
8.029969 216.216664
7.560728 216.060251
7.873555 215.903837
7.873555 215.747423
8.186383 215.591009
8.342796 215.434596
8.342796 215.278182
8.342796 215.121768
8.186383 214.965354
8.499210 214.808941
8.655624 214.652527
8.655624 214.496113
8.812038 214.339699
8.968451 214.183286
8.812038 214.026872
8.812038 213.870458
9.124865 213.714044
8.655624 213.557631
9.281279 213.401217
9.124865 213.244803
9.281279 213.088389
9.281279 212.931976
9.594106 212.775562
9.437693 212.619148
9.437693 212.462734
9.281279 212.306321
8.812038 212.149907
8.968451 211.993493
9.594106 211.837079
9.594106 211.680666
8.968451 211.524252
9.437693 211.367838
9.906934 211.211424
9.906934 211.055011
9.594106 210.898597
10.063348 210.742183
9.906934 210.585769
9.906934 210.429356
10.063348 210.272942
9.906934 210.116528
10.376175 209.960114
10.376175 209.803701
10.219761 209.647287
10.376175 209.490873
10.532589 209.334460
10.376175 209.178046
10.532589 209.021632
10.845416 208.865218
11.001830 208.708805
10.689003 208.552391
10.845416 208.395977
11.001830 208.239563
11.314658 208.083150
11.314658 207.926736
11.471071 207.770322
11.471071 207.613908
11.471071 207.457495
11.314658 207.301081
11.471071 207.144667
11.314658 206.988253
11.158244 206.831840
11.314658 206.675426
11.158244 206.519012
11.471071 206.362598
11.314658 206.206185
11.940313 206.049771
11.783899 205.893357
11.940313 205.736943
11.940313 205.580530
11.783899 205.424116
11.783899 205.267702
11.940313 205.111288
11.940313 204.954875
12.096726 204.798461
12.096726 204.642047
12.253140 204.485633
12.253140 204.329220
12.253140 204.172806
12.565967 204.016392
12.565967 203.859978
12.253140 203.703565
12.253140 203.547151
12.722381 203.390737
12.565967 203.234323
12.722381 203.077910
12.878795 202.921496
13.035209 202.765082
12.722381 202.608668
13.035209 202.452255
13.035209 202.295841
12.878795 202.139427
13.035209 201.983013
13.035209 201.826600
13.191622 201.670186
13.035209 201.513772
12.878795 201.357358
13.191622 201.200945
13.504450 201.044531
13.504450 200.888117
13.504450 200.731704
13.348036 200.575290
12.878795 200.418876
13.348036 200.262462
13.660864 200.106049
13.660864 199.949635
13.660864 199.793221
13.660864 199.636807
13.973691 199.480394
14.130105 199.323980
13.504450 199.167566
13.973691 199.011152
14.286519 198.854739
14.286519 198.698325
13.817277 198.541911
13.973691 198.385497
13.973691 198.229084
14.286519 198.072670
14.286519 197.916256
14.286519 197.759842
14.599346 197.603429
14.599346 197.447015
14.599346 197.290601
14.442932 197.134187
14.599346 196.977774
14.286519 196.821360
14.286519 196.664946
14.599346 196.508532
14.599346 196.352119
14.755760 196.195705
14.599346 196.039291
14.286519 195.882877
14.755760 195.726464
14.912174 195.570050
14.599346 195.413636
14.755760 195.257222
15.068587 195.100809
15.068587 194.944395
14.912174 194.787981
15.068587 194.631567
15.068587 194.475154
15.225001 194.318740
15.381415 194.162326
15.225001 194.005912
15.381415 193.849499
15.225001 193.693085
15.068587 193.536671
15.068587 193.380257
15.381415 193.223844
15.381415 193.067430
15.381415 192.911016
15.381415 192.754602
15.068587 192.598189
15.381415 192.441775
15.068587 192.285361
15.537829 192.128947
15.225001 191.972534
15.537829 191.816120
15.381415 191.659706
15.537829 191.503293
15.694242 191.346879
15.381415 191.190465
15.537829 191.034051
15.537829 190.877638
15.537829 190.721224
15.537829 190.564810
15.537829 190.408396
15.537829 190.251983
15.381415 190.095569
15.381415 189.939155
15.537829 189.782741
2.242660 189.626328
15.381415 189.469914
15.381415 189.313500
15.537829 189.157086
15.225001 189.000673
15.537829 188.844259
15.694242 188.687845
15.850656 188.531431
15.694242 188.375018
15.850656 188.218604
15.694242 188.062190
15.381415 187.905776
15.537829 187.749363
15.537829 187.592949
15.694242 187.436535
15.694242 187.280121
15.537829 187.123708
15.850656 186.967294
15.694242 186.810880
15.068587 186.654466
15.537829 186.498053
15.225001 186.341639
15.850656 186.185225
15.694242 186.028811
15.381415 185.872398
15.537829 185.715984
15.850656 185.559570
15.381415 185.403156
15.694242 185.246743
16.007070 185.090329
16.007070 184.933915
15.850656 184.777501
2.399074 184.621088
15.694242 184.464674
15.694242 184.308260
16.007070 184.151846
1.617005 183.995433
2.086247 183.839019
15.850656 183.682605
15.850656 183.526191
1.617005 183.369778
15.537829 183.213364
15.225001 183.056950
1.773419 182.900536
1.773419 182.587709
1.929833 182.431295
1.773419 181.492813
1.929833 181.336399
1.617005 180.397917
1.773419 180.241503
1.929833 180.085089
1.617005 179.928675
2.086247 179.772262
2.086247 179.615848
2.086247 179.459434
1.773419 179.303020
2.086247 179.146607
1.929833 178.990193
1.929833 178.833779
1.773419 178.677365
1.773419 178.520952
1.617005 178.364538
1.773419 175.705504
1.773419 175.236263
1.617005 174.767022
1.617005 174.454194
1.773419 174.297780
2.242660 174.141367
15.225001 173.984953
1.617005 173.828539
1.773419 173.672126
1.617005 173.202884
1.773419 173.046471
2.242660 172.890057
2.242660 172.733643
1.929833 172.577229
1.617005 172.420816
2.086247 172.264402
2.086247 172.107988
2.242660 171.951574
2.086247 171.795161
2.399074 171.638747
15.068587 171.482333
14.755760 171.325919
15.537829 171.169506
15.381415 171.013092
15.537829 170.856678
15.537829 170.700264
