13.660864 90.772840
13.817277 90.616427
13.817277 90.460013
13.660864 90.303599
13.348036 90.147185
13.973691 89.990772
13.973691 89.834358
13.973691 89.677944
13.660864 89.521530
13.817277 89.365117
13.660864 89.208703
13.973691 89.052289
13.660864 88.895875
13.817277 88.739462
13.817277 88.583048
13.504450 88.426634
13.504450 88.270220
13.817277 88.113807
13.504450 87.957393
13.660864 87.800979
13.504450 87.644565
12.878795 87.488152
13.660864 87.331738
13.504450 87.175324
13.973691 87.018910
13.348036 86.862497
13.817277 86.706083
13.817277 86.549669
13.817277 86.393255
13.817277 86.236842
13.504450 86.080428
13.348036 85.924014
13.817277 85.767600
13.817277 85.611187
13.504450 85.454773
13.973691 85.298359
13.817277 85.141945
13.973691 84.985532
13.973691 84.829118
13.660864 84.672704
13.973691 84.516290
13.817277 84.359877
13.504450 84.203463
13.348036 84.047049
13.191622 83.890636
13.817277 83.734222
13.817277 83.577808
13.973691 83.421394
13.973691 83.264981
13.817277 83.108567
13.504450 82.952153
13.973691 82.795739
13.660864 82.639326
13.973691 82.482912
13.817277 82.326498
13.817277 82.170084
13.817277 82.013671
13.348036 81.857257
13.504450 81.700843
2.711902 81.544429
13.973691 81.388016
13.973691 81.231602
13.817277 81.075188
13.817277 80.918774
13.660864 80.762361
13.973691 80.605947
13.348036 80.449533
13.191622 80.293119
13.348036 80.136706
13.035209 79.980292
13.348036 79.823878
13.817277 79.667464
13.973691 79.511051
13.660864 79.354637
13.973691 79.198223
13.504450 79.041809
13.973691 78.885396
13.973691 78.728982
13.817277 78.572568
13.035209 78.416154
13.817277 78.259741
13.817277 78.103327
13.660864 77.946913
13.348036 77.790499
13.348036 77.634086
13.191622 77.477672
12.878795 77.321258
13.817277 77.164844
13.973691 77.008431
13.973691 76.852017
13.973691 76.695603
13.817277 76.539189
13.973691 76.382776
13.973691 76.226362
13.817277 76.069948
13.973691 75.913534
13.973691 75.757121
13.817277 75.600707
13.348036 75.444293
13.348036 75.287879
13.817277 75.131466
13.973691 74.975052
12.878795 74.818638
13.660864 74.662225
13.973691 74.505811
13.191622 74.349397
13.817277 74.192983
13.191622 74.036570
13.973691 73.880156
13.504450 73.723742
13.817277 73.567328
13.660864 73.410915
13.191622 73.254501
12.878795 73.098087
14.130105 72.941673
13.973691 72.785260
13.504450 72.628846
13.191622 72.472432
12.878795 72.316018
13.191622 72.159605
2.711902 72.003191
13.973691 71.846777
14.130105 71.690363
14.130105 71.533950
13.348036 71.377536
13.504450 71.221122
13.660864 71.064708
13.191622 70.908295
13.973691 70.751881
13.660864 70.595467
13.817277 70.439053
13.348036 70.282640
13.504450 70.126226
13.660864 69.969812
13.348036 69.813398
13.817277 69.656985
13.504450 69.500571
14.130105 69.344157
13.973691 69.187743
14.130105 69.031330
14.130105 68.874916
13.817277 68.718502
13.660864 68.562088
13.504450 68.405675
13.817277 68.249261
13.660864 68.092847
13.817277 67.936433
12.878795 67.780020
13.348036 67.623606
13.348036 67.467192
13.035209 67.310778
2.555488 67.154365
13.035209 66.997951
14.130105 66.841537
12.722381 66.685123
13.973691 66.528710
12.878795 66.372296
13.504450 66.215882
13.973691 66.059469
13.817277 65.903055
13.817277 65.746641
13.973691 65.590227
13.817277 65.433814
13.817277 65.277400
13.035209 65.120986
13.660864 64.964572
13.035209 64.808159
13.191622 64.651745
13.191622 64.495331
13.504450 64.338917
12.878795 64.182504
12.878795 64.026090
13.504450 63.869676
13.191622 63.713262
13.660864 63.556849
13.817277 63.400435
13.660864 63.244021
13.035209 63.087607
12.878795 62.931194
13.817277 62.774780
12.565967 62.618366
13.035209 62.461952
13.191622 62.305539
14.130105 62.149125
1.617005 61.992711
12.878795 61.836297
13.504450 61.679884
13.660864 61.523470
13.348036 61.367056
13.348036 61.210642
13.348036 61.054229
13.504450 60.897815
13.660864 60.741401
13.504450 60.584987
13.660864 60.428574
13.660864 60.272160
13.035209 60.115746
13.035209 59.959332
13.348036 59.802919
13.035209 59.646505
14.130105 59.490091
13.348036 59.333677
13.504450 59.177264
13.504450 59.020850
13.035209 58.864436
12.722381 58.708022
13.660864 58.551609
13.504450 58.395195
12.096726 58.238781
13.973691 58.082367
14.130105 57.925954
13.660864 57.769540
13.660864 57.613126
13.191622 57.456712
13.660864 57.300299
13.660864 57.143885
12.409554 56.987471
13.660864 56.831058
13.504450 56.674644
13.504450 56.518230
12.878795 56.361816
12.878795 56.205403
13.817277 56.048989
13.504450 55.892575
13.504450 55.736161
13.191622 55.579748
13.504450 55.423334
14.286519 55.266920
13.817277 55.110506
13.035209 54.954093
13.660864 54.641265
13.660864 54.484851
12.565967 54.328438
13.348036 54.172024
13.504450 54.015610
12.722381 53.859196
13.035209 53.702783
13.035209 53.546369
13.660864 53.389955
14.130105 53.233541
13.660864 53.077128
12.722381 52.920714
13.817277 52.764300
13.504450 52.607886
13.660864 52.451473
13.660864 52.295059
13.348036 52.138645
13.660864 51.982231
13.504450 51.825818
13.660864 51.669404
2.711902 51.512990
13.660864 51.356576
12.878795 51.200163
2.086247 51.043749
13.660864 50.887335
13.191622 50.730921
13.348036 50.574508
13.817277 50.418094
13.660864 50.261680
13.660864 50.105266
13.817277 49.948853
13.191622 49.792439
13.973691 49.636025
13.817277 49.479611
13.817277 49.323198
13.817277 49.166784
12.722381 49.010370
13.035209 48.853956
14.130105 48.697543
13.504450 48.541129
13.973691 48.384715
2.399074 48.228302
13.817277 48.071888
13.504450 47.915474
13.660864 47.759060
13.191622 47.602647
13.973691 47.446233
13.504450 47.289819
12.096726 47.133405
13.817277 46.976992
13.660864 46.820578
13.817277 46.664164
13.348036 46.507750
13.660864 46.351337
13.035209 46.194923
13.348036 46.038509
1.617005 45.725682
13.817277 45.569268
13.817277 45.412854
13.348036 45.256440
14.130105 45.100027
14.286519 44.943613
13.504450 44.787199
13.348036 44.630785
13.504450 44.474372
14.130105 44.317958
13.973691 44.161544
3.024729 44.005130
13.817277 43.848717
13.348036 43.692303
13.504450 43.535889
13.348036 43.379475
14.130105 43.223062
13.817277 43.066648
13.817277 42.910234
14.130105 42.753820
13.660864 42.597407
13.035209 42.440993
13.504450 42.284579
13.504450 42.128165
13.817277 41.971752
13.348036 41.815338
13.191622 41.658924
12.722381 41.502510
13.191622 41.346097
13.660864 41.189683
13.348036 41.033269
12.096726 40.876855
2.399074 40.720442
13.504450 40.564028
13.660864 40.407614
13.973691 40.251200
13.660864 40.094787
14.130105 39.938373
14.286519 39.781959
13.348036 39.625545
13.504450 39.469132
13.660864 39.312718
13.191622 39.156304
11.627485 38.999891
12.878795 38.843477
13.817277 38.687063
13.660864 38.530649
14.130105 38.374236
14.130105 38.217822
14.130105 38.061408
13.348036 37.904994
13.035209 37.748581
13.035209 37.592167
13.660864 37.435753
13.348036 37.279339
13.035209 37.122926
13.660864 36.966512
14.286519 36.810098
14.286519 36.653684
12.722381 36.497271
14.286519 36.340857
12.878795 36.184443
13.817277 36.028029
13.504450 35.871616
13.191622 35.715202
12.722381 35.558788
13.817277 35.402374
13.817277 35.245961
13.973691 35.089547
14.286519 34.933133
13.660864 34.776719
13.660864 34.620306
13.817277 34.463892
14.286519 34.307478
13.817277 34.151064
13.504450 33.994651
14.286519 33.838237
13.817277 33.681823
13.973691 33.525409
13.504450 33.368996
12.565967 33.212582
13.504450 33.056168
13.035209 32.899754
13.035209 32.743341
13.035209 32.586927
14.286519 32.430513
14.286519 32.274099
13.660864 32.117686
13.817277 31.961272
14.286519 31.804858
13.348036 31.648444
13.348036 31.492031
14.286519 31.335617
14.130105 31.179203
13.817277 31.022789
13.035209 30.866376
14.286519 30.709962
14.286519 30.553548
13.660864 30.397135
13.817277 30.240721
12.565967 30.084307
12.565967 29.927893
13.191622 29.771480
13.660864 29.615066
13.191622 29.458652
13.035209 29.302238
13.348036 29.145825
12.565967 28.989411
13.035209 28.832997
13.660864 28.676583
13.504450 28.520170
13.348036 28.363756
13.348036 28.207342
13.660864 28.050928
13.973691 27.894515
13.348036 27.738101
14.130105 27.581687
13.504450 27.425273
13.348036 27.268860
14.130105 27.112446
14.130105 26.956032
14.130105 26.799618
13.817277 26.643205
13.660864 26.486791
13.348036 26.330377
13.504450 26.173963
13.191622 26.017550
13.660864 25.861136
13.504450 25.704722
13.504450 25.548308
13.035209 25.391895
13.660864 25.235481
13.348036 25.079067
13.660864 24.922653
13.660864 24.766240
13.348036 24.609826
13.504450 24.453412
13.191622 24.296998
13.504450 24.140585
13.973691 23.984171
13.191622 23.827757
13.348036 23.671343
13.035209 23.514930
13.504450 23.358516
13.660864 23.202102
13.348036 23.045688
14.130105 22.889275
14.130105 22.732861
13.035209 22.576447
14.130105 22.420033
13.817277 22.263620
14.130105 22.107206
14.130105 21.950792
13.660864 21.794378
13.504450 21.637965
13.660864 21.481551
13.504450 21.325137
13.817277 21.168724
13.973691 21.012310
14.130105 20.855896
13.973691 20.699482
14.286519 20.543069
14.130105 20.386655
13.973691 20.230241
13.348036 20.073827
13.191622 19.917414
14.599346 19.761000
14.286519 19.604586
13.660864 19.448172
13.660864 19.291759
13.817277 19.135345
14.286519 18.978931
14.442932 18.822517
13.817277 18.666104
14.286519 18.509690
14.442932 18.353276
14.442932 18.196862
14.130105 18.040449
13.504450 17.884035
14.130105 17.727621
13.817277 17.571207
14.286519 17.414794
14.442932 17.258380
14.442932 17.101966
14.286519 16.945552
14.286519 16.789139
13.973691 16.632725
13.660864 16.476311
13.504450 16.319897
13.660864 16.163484
12.878795 16.007070
14.286519 15.850656
14.442932 15.694242
13.973691 15.537829
13.504450 15.381415
13.348036 15.225001
13.504450 15.068587
13.660864 14.912174
14.442932 14.755760
13.504450 14.599346
13.660864 14.442932
13.660864 14.286519
13.504450 14.130105
13.660864 13.973691
13.660864 13.817277
13.660864 13.660864
14.286519 13.504450
13.504450 13.348036
13.504450 13.191622
13.348036 13.035209
13.191622 12.878795
13.191622 12.722381
13.348036 12.565967
13.035209 12.409554
14.286519 12.253140
12.409554 12.096726
13.660864 11.940313
13.348036 11.783899
12.878795 11.627485
13.660864 11.471071
13.660864 11.314658
13.348036 11.158244
12.878795 11.001830
13.504450 10.845416
13.348036 10.689003
13.973691 10.532589
13.348036 10.376175
13.817277 10.219761
13.504450 10.063348
13.504450 9.906934
12.878795 9.750520
13.660864 9.594106
13.504450 9.437693
13.348036 9.281279
13.973691 9.124865
13.817277 8.968451
13.817277 8.812038
13.504450 8.655624
13.817277 8.499210
13.817277 8.342796
13.817277 8.186383
13.504450 8.029969
13.504450 7.873555
13.191622 7.717141
13.504450 7.560728
13.035209 7.404314
13.348036 7.247900
13.817277 7.091486
13.817277 6.935073
12.409554 6.778659
12.409554 6.622245
13.973691 6.465831
13.817277 6.309418
14.755760 6.153004
17.727621 5.996590
3.024729 5.840176
20.073827 5.683763
21.325137 5.527349
21.950792 5.370935
22.889275 5.214521
23.514930 5.058108
23.984171 4.901694
23.827757 4.745280
23.045688 4.588866
22.732861 4.432453
27.738101 4.276039
27.581687 4.119625
28.520170 3.963211
27.894515 3.806798
3.181143 3.650384
3.181143 3.493970
3.181143 3.337557
34.463892 3.181143
36.184443 3.024729
37.122926 2.868315
37.904994 2.711902
38.374236 2.555488
38.687063 2.399074
38.687063 2.242660
38.843477 2.086247
38.999891 1.929833
39.469132 1.773419
