2.555488 270.492234
2.711902 270.335820
2.555488 270.179407
2.555488 266.112649
2.242660 265.956235
1.773419 265.486994
1.617005 265.330580
1.773419 265.174167
1.617005 264.861339
1.617005 264.704925
1.929833 264.548512
1.773419 264.392098
1.929833 264.235684
1.617005 264.079270
2.086247 263.922857
2.086247 263.766443
1.929833 263.610029
1.773419 263.453616
1.617005 263.297202
1.617005 263.140788
1.929833 262.984374
1.773419 262.827961
1.929833 262.671547
1.773419 262.515133
1.929833 262.358719
2.242660 262.202306
2.242660 262.045892
2.086247 261.889478
2.242660 261.733064
2.242660 261.576651
1.617005 261.420237
1.929833 261.263823
1.929833 261.107409
2.242660 260.950996
2.399074 260.794582
1.773419 260.638168
2.086247 260.481754
2.242660 260.325341
2.086247 260.168927
2.086247 260.012513
2.086247 259.856099
2.242660 259.699686
2.399074 259.543272
2.242660 259.386858
2.086247 259.230444
2.399074 259.074031
2.086247 258.917617
2.086247 258.761203
2.242660 258.604789
3.181143 258.448376
3.181143 258.291962
2.399074 258.135548
1.929833 257.979134
2.711902 257.822721
3.024729 257.666307
2.868315 257.509893
1.773419 257.353479
1.617005 256.884238
3.963211 254.381618
3.963211 254.225205
3.650384 254.068791
3.963211 253.912377
2.242660 253.755963
4.119625 253.599550
4.119625 253.443136
2.711902 253.286722
2.711902 253.130308
2.711902 252.973895
3.963211 252.817481
3.650384 252.661067
2.242660 252.504653
3.963211 252.348240
3.806798 252.191826
3.806798 252.035412
3.806798 251.878998
3.806798 251.722585
2.242660 251.566171
3.806798 251.409757
2.242660 251.253343
2.086247 251.096930
2.242660 250.940516
2.086247 250.784102
3.806798 250.627688
3.806798 250.471275
3.806798 250.314861
3.650384 250.158447
3.806798 250.002033
3.493970 249.845620
3.650384 249.689206
3.806798 249.532792
3.493970 249.376378
3.806798 249.219965
3.493970 249.063551
3.650384 248.907137
3.337557 248.750723
2.086247 248.594310
3.181143 248.437896
3.493970 248.281482
3.650384 248.125068
3.493970 247.968655
3.650384 247.812241
3.493970 247.655827
3.493970 247.499413
3.650384 247.343000
3.493970 247.186586
3.337557 247.030172
3.337557 246.873758
3.650384 246.717345
3.806798 246.560931
3.650384 246.404517
3.650384 246.248103
3.650384 246.091690
3.806798 245.935276
3.650384 245.778862
3.963211 245.622449
3.650384 245.466035
3.963211 245.309621
3.650384 245.153207
3.806798 244.996794
3.963211 244.840380
3.650384 244.683966
3.963211 244.527552
3.806798 244.371139
3.963211 244.214725
3.806798 244.058311
3.493970 243.901897
3.650384 243.745484
3.650384 243.589070
3.963211 243.432656
3.806798 243.276242
3.963211 243.119829
3.650384 242.963415
3.806798 242.807001
3.650384 242.650587
3.963211 242.494174
3.806798 242.337760
3.963211 242.181346
3.806798 242.024932
4.119625 241.868519
3.963211 241.712105
4.119625 241.555691
3.963211 241.399277
3.963211 241.242864
3.806798 241.086450
4.119625 240.930036
4.276039 240.773622
4.276039 240.617209
4.119625 240.460795
3.806798 240.304381
4.119625 240.147967
4.119625 239.991554
3.806798 239.835140
4.119625 239.678726
4.276039 239.522312
4.432453 239.365899
4.432453 239.209485
4.432453 239.053071
4.432453 238.896657
4.432453 238.740244
4.432453 238.583830
4.119625 238.427416
4.432453 238.271002
4.588866 238.114589
4.276039 237.958175
4.276039 237.801761
4.432453 237.645347
4.119625 237.488934
4.432453 237.332520
4.588866 237.176106
4.432453 237.019692
4.432453 236.863279
4.588866 236.706865
4.119625 236.550451
4.588866 236.394038
4.276039 236.237624
4.432453 236.081210
4.432453 235.924796
4.432453 235.768383
4.432453 235.611969
4.588866 235.455555
4.588866 235.299141
4.745280 235.142728
4.745280 234.986314
4.119625 234.829900
4.588866 234.673486
4.745280 234.517073
4.745280 234.360659
4.588866 234.204245
4.901694 234.047831
4.432453 233.891418
4.745280 233.735004
4.432453 233.578590
4.901694 233.422176
4.901694 233.265763
4.901694 233.109349
4.901694 232.952935
4.745280 232.796521
4.745280 232.640108
4.901694 232.483694
4.901694 232.327280
4.745280 232.170866
4.901694 232.014453
4.901694 231.858039
5.058108 231.701625
5.058108 231.545211
5.058108 231.388798
4.901694 231.232384
4.901694 231.075970
5.214521 230.919556
5.058108 230.763143
4.901694 230.606729
5.058108 230.450315
4.901694 230.293901
4.901694 230.137488
5.214521 229.981074
4.901694 229.824660
5.058108 229.668246
5.058108 229.511833
5.214521 229.355419
5.370935 229.199005
5.214521 229.042591
5.214521 228.886178
5.214521 228.729764
5.058108 228.573350
5.214521 228.416936
5.370935 228.260523
5.370935 228.104109
5.370935 227.947695
5.214521 227.791281
5.370935 227.634868
5.058108 227.478454
5.370935 227.322040
5.370935 227.165627
5.370935 227.009213
5.527349 226.852799
5.370935 226.696385
5.214521 226.539972
5.527349 226.383558
5.370935 226.227144
5.527349 226.070730
5.527349 225.914317
5.527349 225.757903
5.683763 225.601489
5.683763 225.445075
5.527349 225.288662
5.527349 225.132248
5.370935 224.975834
5.527349 224.819420
5.683763 224.663007
5.527349 224.506593
5.527349 224.350179
5.840176 224.193765
5.683763 224.037352
5.370935 223.880938
5.840176 223.724524
5.840176 223.568110
5.683763 223.411697
5.683763 223.255283
5.683763 223.098869
5.214521 222.942455
5.996590 222.786042
5.527349 222.629628
5.840176 222.473214
5.527349 222.316800
5.996590 222.160387
5.996590 222.003973
5.996590 221.847559
5.840176 221.691145
5.840176 221.534732
5.840176 221.378318
5.683763 221.221904
5.683763 221.065490
5.996590 220.909077
6.153004 220.752663
6.153004 220.596249
5.370935 220.439835
5.840176 220.283422
5.840176 220.127008
5.996590 219.970594
5.370935 219.814180
5.996590 219.657767
6.309418 219.501353
6.153004 219.344939
5.996590 219.188525
5.840176 219.032112
5.996590 218.875698
5.840176 218.719284
6.309418 218.562871
5.996590 218.406457
5.840176 218.250043
6.153004 218.093629
6.153004 217.937216
5.840176 217.780802
6.153004 217.624388
6.153004 217.467974
6.309418 217.311561
6.153004 217.155147
6.309418 216.998733
6.309418 216.842319
6.153004 216.685906
6.309418 216.529492
6.153004 216.373078
6.309418 216.216664
6.465831 216.060251
6.465831 215.903837
6.622245 215.747423
6.465831 215.591009
6.465831 215.434596
6.465831 215.278182
6.309418 215.121768
6.465831 214.965354
6.622245 214.808941
6.622245 214.652527
6.622245 214.496113
6.622245 214.339699
6.153004 214.183286
6.622245 214.026872
6.778659 213.870458
5.996590 213.714044
6.935073 213.557631
6.622245 213.401217
6.778659 213.244803
6.622245 213.088389
6.622245 212.931976
6.778659 212.775562
6.622245 212.619148
6.622245 212.462734
6.935073 212.306321
6.935073 212.149907
7.091486 211.993493
7.091486 211.837079
7.091486 211.680666
7.091486 211.524252
7.091486 211.367838
6.622245 211.211424
7.091486 211.055011
6.622245 210.898597
6.935073 210.742183
6.935073 210.585769
7.091486 210.429356
7.091486 210.272942
6.622245 210.116528
7.091486 209.960114
7.247900 209.803701
6.935073 209.647287
7.247900 209.490873
7.247900 209.334460
7.404314 209.178046
6.935073 209.021632
7.247900 208.865218
7.247900 208.708805
6.935073 208.552391
7.404314 208.395977
7.247900 208.239563
7.560728 208.083150
7.404314 207.926736
7.560728 207.770322
7.560728 207.613908
7.560728 207.457495
7.247900 207.301081
7.404314 207.144667
7.404314 206.988253
7.560728 206.831840
7.560728 206.675426
7.717141 206.519012
7.560728 206.362598
7.247900 206.206185
7.560728 206.049771
7.091486 205.893357
7.560728 205.736943
7.247900 205.580530
7.560728 205.424116
7.404314 205.267702
7.404314 205.111288
7.091486 204.954875
7.560728 204.798461
7.404314 204.642047
7.404314 204.485633
7.404314 204.329220
7.560728 204.172806
7.560728 204.016392
7.560728 203.859978
7.717141 203.703565
7.404314 203.547151
7.717141 203.390737
7.560728 203.234323
7.717141 203.077910
7.404314 202.921496
7.560728 202.765082
7.560728 202.608668
7.404314 202.452255
7.560728 202.295841
7.404314 202.139427
7.560728 201.983013
7.404314 201.826600
7.560728 201.670186
7.560728 201.513772
7.247900 201.357358
7.560728 201.200945
7.404314 201.044531
7.404314 200.888117
7.404314 200.731704
7.404314 200.575290
7.247900 200.418876
7.404314 200.262462
7.404314 200.106049
7.560728 199.949635
7.247900 199.793221
7.247900 199.636807
7.404314 199.480394
7.404314 199.323980
7.404314 199.167566
7.091486 199.011152
7.247900 198.854739
7.091486 198.698325
7.091486 198.541911
7.247900 198.385497
7.091486 198.229084
7.091486 198.072670
6.465831 197.916256
7.247900 197.759842
7.247900 197.603429
7.247900 197.447015
7.247900 197.290601
7.091486 197.134187
7.247900 196.977774
7.091486 196.821360
7.247900 196.664946
7.091486 196.508532
6.935073 196.352119
6.935073 196.195705
7.404314 196.039291
7.560728 195.882877
7.560728 195.726464
7.404314 195.570050
7.560728 195.413636
7.404314 195.257222
7.091486 195.100809
6.935073 194.944395
7.247900 194.787981
7.091486 194.631567
7.404314 194.475154
7.091486 194.318740
7.560728 194.162326
6.778659 194.005912
7.091486 193.849499
7.247900 193.693085
7.404314 193.536671
7.247900 193.380257
7.247900 193.223844
7.247900 193.067430
6.935073 192.911016
7.247900 192.754602
7.247900 192.598189
6.935073 192.441775
6.935073 192.285361
7.091486 192.128947
7.091486 191.972534
6.935073 191.816120
6.935073 191.659706
7.247900 191.503293
6.935073 191.346879
6.778659 191.190465
6.465831 191.034051
6.309418 190.877638
6.465831 190.721224
6.622245 190.564810
6.465831 190.408396
6.465831 190.251983
6.622245 190.095569
6.622245 189.939155
6.153004 189.782741
6.309418 189.626328
6.465831 189.469914
6.465831 189.313500
6.778659 189.157086
6.622245 189.000673
6.935073 188.844259
6.935073 188.687845
6.778659 188.531431
6.935073 188.375018
6.465831 188.218604
6.778659 188.062190
6.465831 187.905776
6.778659 187.749363
6.309418 187.592949
6.465831 187.436535
6.778659 187.280121
6.778659 187.123708
6.622245 186.967294
6.622245 186.810880
6.465831 186.654466
6.778659 186.498053
6.622245 186.341639
6.778659 186.185225
6.778659 186.028811
6.935073 185.872398
6.622245 185.715984
6.935073 185.559570
6.622245 185.403156
6.153004 185.246743
6.778659 185.090329
6.465831 184.933915
6.465831 184.777501
6.465831 184.621088
6.778659 184.464674
6.622245 184.308260
6.778659 184.151846
6.935073 183.995433
6.153004 183.839019
6.778659 183.682605
6.465831 183.526191
6.622245 183.369778
6.465831 183.213364
6.778659 183.056950
6.622245 182.900536
6.622245 182.744123
6.622245 182.587709
6.778659 182.431295
6.622245 182.274882
6.622245 182.118468
6.622245 181.962054
6.465831 181.805640
6.309418 181.649227
6.622245 181.492813
6.622245 181.336399
6.778659 181.179985
6.935073 181.023572
6.778659 180.867158
6.778659 180.710744
6.778659 180.554330
6.622245 180.397917
6.935073 180.241503
6.465831 180.085089
6.309418 179.928675
6.778659 179.772262
6.153004 179.615848
6.622245 179.459434
6.778659 179.303020
6.465831 179.146607
6.778659 178.990193
6.465831 178.833779
6.778659 178.677365
6.465831 178.520952
6.309418 178.364538
6.465831 178.208124
6.465831 178.051710
6.622245 177.895297
6.622245 177.738883
6.778659 177.582469
6.778659 177.426055
6.778659 177.269642
6.778659 177.113228
6.465831 176.956814
6.622245 176.800400
6.465831 176.643987
6.465831 176.487573
6.465831 176.331159
6.778659 176.174745
6.622245 176.018332
6.465831 175.861918
6.465831 175.705504
6.465831 175.549090
6.778659 175.392677
6.622245 175.236263
6.153004 175.079849
5.996590 174.923435
6.309418 174.767022
6.309418 174.610608
6.309418 174.454194
6.309418 174.297780
6.153004 174.141367
6.465831 173.984953
6.309418 173.828539
6.778659 173.672126
6.309418 173.515712
6.622245 173.359298
6.465831 173.202884
6.622245 173.046471
6.465831 172.890057
6.622245 172.733643
6.465831 172.577229
6.622245 172.420816
6.622245 172.264402
6.465831 172.107988
6.465831 171.951574
2.711902 171.795161
2.399074 171.638747
2.555488 171.482333
2.242660 171.325919
2.555488 171.169506
2.555488 171.013092
2.086247 170.856678
2.555488 170.700264
