40.876855 295.674847
40.564028 295.518433
40.720442 295.362020
40.720442 295.205606
40.720442 295.049192
40.720442 294.892778
40.876855 294.736365
40.876855 294.579951
40.564028 294.423537
40.564028 294.267123
40.251200 294.110710
40.564028 293.954296
40.564028 293.797882
40.720442 293.641468
40.720442 293.485055
40.564028 293.328641
40.720442 293.172227
40.564028 293.015813
40.251200 292.859400
40.407614 292.702986
40.407614 292.546572
40.876855 292.390158
40.720442 292.233745
40.251200 292.077331
40.407614 291.920917
40.876855 291.764503
40.251200 291.608090
40.876855 291.451676
40.876855 291.295262
40.876855 291.138848
40.251200 290.982435
40.720442 290.826021
40.720442 290.669607
40.564028 290.513193
40.876855 290.356780
40.564028 290.200366
40.876855 290.043952
40.720442 289.887539
40.876855 289.731125
40.876855 289.574711
40.720442 289.418297
40.876855 289.261884
40.876855 289.105470
40.564028 288.949056
40.564028 288.792642
40.564028 288.636229
40.564028 288.479815
40.876855 288.323401
40.876855 288.166987
40.407614 288.010574
40.720442 287.854160
40.720442 287.697746
40.876855 287.541332
40.720442 287.384919
40.720442 287.228505
40.564028 287.072091
40.876855 286.915677
40.720442 286.759264
41.033269 286.602850
40.720442 286.446436
41.033269 286.290022
40.876855 286.133609
40.876855 285.977195
40.876855 285.820781
40.720442 285.664367
40.876855 285.507954
40.720442 285.351540
40.564028 285.195126
40.876855 285.038712
40.876855 284.882299
40.720442 284.725885
40.876855 284.569471
40.876855 284.413057
40.720442 284.256644
40.407614 284.100230
40.876855 283.943816
40.407614 283.787402
40.564028 283.630989
40.564028 283.474575
40.720442 283.318161
40.251200 283.161747
40.564028 283.005334
40.564028 282.848920
40.720442 282.692506
39.938373 282.536092
41.033269 282.379679
40.876855 282.223265
40.720442 282.066851
40.876855 281.910437
40.564028 281.754024
40.720442 281.597610
40.720442 281.441196
41.033269 281.284783
41.033269 281.128369
40.564028 280.971955
41.033269 280.815541
40.720442 280.659128
40.876855 280.502714
40.876855 280.346300
40.876855 280.189886
2.555488 280.033473
2.399074 279.877059
2.399074 279.720645
2.399074 279.564231
2.086247 279.407818
39.781959 279.251404
42.284579 279.094990
41.971752 278.938576
41.815338 278.782163
2.399074 278.625749
2.242660 278.469335
1.773419 278.312921
2.242660 278.156508
2.086247 278.000094
1.617005 277.843680
41.971752 277.687266
41.815338 277.530853
2.399074 277.374439
2.086247 277.218025
2.086247 277.061611
2.399074 276.905198
2.399074 276.748784
2.399074 276.592370
2.399074 276.435956
2.399074 276.279543
2.399074 276.123129
41.971752 275.966715
2.399074 275.810301
2.555488 275.653888
2.086247 275.497474
2.242660 275.341060
2.242660 275.184646
2.242660 275.028233
2.242660 274.871819
2.555488 274.715405
2.555488 274.558991
2.242660 274.402578
2.086247 274.246164
2.399074 274.089750
2.242660 273.933336
2.242660 273.776923
2.399074 273.620509
2.399074 273.464095
2.711902 273.307681
2.711902 273.151268
2.399074 272.994854
41.658924 272.838440
42.128165 272.682026
42.128165 272.525613
42.284579 272.369199
42.128165 272.212785
2.399074 272.056372
2.399074 271.899958
2.399074 271.743544
1.773419 271.587130
2.555488 271.430717
2.555488 271.274303
42.128165 271.117889
42.128165 270.961475
2.555488 270.805062
2.399074 270.648648
1.773419 270.492234
2.242660 270.335820
2.086247 270.179407
1.617005 269.866579
1.617005 269.710165
1.929833 269.553752
1.617005 269.397338
1.617005 268.928097
1.617005 267.989614
1.773419 267.833200
1.617005 267.676787
1.617005 267.520373
1.617005 267.363959
1.773419 267.207545
2.086247 267.051132
1.773419 266.894718
1.929833 266.738304
1.773419 266.581890
1.617005 266.425477
1.617005 266.269063
1.617005 266.112649
1.773419 265.017753
1.929833 264.861339
1.617005 264.704925
2.086247 264.548512
1.929833 264.392098
1.773419 264.235684
1.773419 264.079270
2.086247 263.922857
2.086247 263.766443
1.929833 263.610029
1.929833 263.453616
4.588866 263.297202
4.432453 263.140788
2.242660 262.984374
2.086247 262.827961
2.242660 262.671547
1.617005 262.515133
1.929833 262.358719
4.119625 262.202306
2.086247 262.045892
2.086247 261.889478
1.617005 261.733064
1.929833 261.576651
1.773419 261.420237
1.929833 261.263823
1.617005 261.107409
1.773419 260.794582
4.432453 260.638168
1.617005 260.481754
1.929833 260.325341
1.617005 260.168927
1.617005 259.856099
2.086247 259.543272
1.617005 259.386858
2.086247 259.230444
2.242660 259.074031
2.242660 258.917617
1.617005 258.761203
2.086247 258.604789
3.963211 258.448376
4.432453 258.291962
4.588866 258.135548
4.588866 257.979134
4.745280 257.822721
5.058108 257.666307
4.745280 257.509893
2.086247 257.353479
2.242660 257.197066
5.058108 257.040652
4.901694 256.884238
2.399074 256.727824
4.901694 256.571411
4.901694 256.414997
4.901694 256.258583
4.901694 256.102169
4.901694 255.945756
2.242660 255.789342
4.745280 255.632928
1.929833 255.476514
4.745280 255.320101
2.242660 255.163687
2.399074 255.007273
4.901694 254.850859
5.058108 254.694446
5.058108 254.538032
2.086247 254.381618
2.242660 254.225205
2.242660 254.068791
1.929833 253.912377
5.058108 253.755963
4.901694 253.599550
5.527349 253.443136
4.901694 253.286722
5.058108 253.130308
4.901694 252.973895
5.058108 252.817481
4.901694 252.661067
5.058108 252.504653
2.086247 252.348240
2.242660 252.191826
2.399074 252.035412
2.242660 251.878998
5.058108 251.722585
4.901694 251.566171
5.370935 251.409757
5.214521 251.253343
4.901694 251.096930
5.058108 250.940516
5.214521 250.784102
5.370935 250.627688
5.370935 250.471275
5.214521 250.314861
4.901694 250.158447
5.370935 250.002033
5.527349 249.845620
5.683763 249.689206
5.527349 249.532792
5.840176 249.376378
5.683763 249.219965
5.683763 249.063551
5.527349 248.907137
5.214521 248.750723
2.086247 248.594310
5.058108 248.437896
5.683763 248.281482
5.527349 248.125068
5.370935 247.968655
5.214521 247.812241
5.527349 247.655827
5.683763 247.499413
5.370935 247.343000
5.527349 247.186586
5.683763 247.030172
5.527349 246.873758
5.527349 246.717345
5.683763 246.560931
5.527349 246.404517
5.840176 246.248103
5.370935 246.091690
5.683763 245.935276
5.840176 245.778862
5.683763 245.622449
5.840176 245.466035
5.840176 245.309621
5.996590 245.153207
5.996590 244.996794
5.840176 244.840380
5.996590 244.683966
5.996590 244.527552
5.683763 244.371139
5.996590 244.214725
5.840176 244.058311
5.996590 243.901897
5.996590 243.745484
5.996590 243.589070
6.309418 243.432656
6.309418 243.276242
2.242660 243.119829
5.996590 242.963415
6.309418 242.807001
2.242660 242.650587
6.153004 242.494174
6.153004 242.337760
6.465831 242.181346
6.465831 242.024932
6.778659 241.868519
6.465831 241.712105
6.465831 241.555691
6.622245 241.399277
6.778659 241.242864
6.309418 241.086450
6.465831 240.930036
6.465831 240.773622
6.622245 240.617209
6.622245 240.460795
6.465831 240.304381
6.622245 240.147967
6.622245 239.991554
6.778659 239.835140
6.778659 239.678726
6.935073 239.522312
6.778659 239.365899
6.622245 239.209485
6.935073 239.053071
6.935073 238.896657
6.778659 238.740244
6.778659 238.583830
6.778659 238.427416
7.091486 238.271002
7.091486 238.114589
7.091486 237.958175
7.091486 237.801761
7.091486 237.645347
7.091486 237.488934
7.091486 237.332520
7.091486 237.176106
7.091486 237.019692
6.935073 236.863279
6.778659 236.706865
7.091486 236.550451
6.935073 236.394038
6.935073 236.237624
7.091486 236.081210
6.778659 235.924796
7.247900 235.768383
7.091486 235.611969
6.778659 235.455555
7.247900 235.299141
7.091486 235.142728
7.247900 234.986314
7.247900 234.829900
7.091486 234.673486
7.247900 234.517073
7.091486 234.360659
6.465831 234.204245
7.404314 234.047831
6.778659 233.891418
7.247900 233.735004
6.935073 233.578590
7.404314 233.422176
7.091486 233.265763
7.404314 233.109349
7.247900 232.952935
7.404314 232.796521
7.560728 232.640108
7.404314 232.483694
7.560728 232.327280
7.404314 232.170866
7.560728 232.014453
7.404314 231.858039
6.935073 231.701625
7.560728 231.545211
7.091486 231.388798
7.560728 231.232384
7.404314 231.075970
7.717141 230.919556
7.717141 230.763143
7.560728 230.606729
7.717141 230.450315
7.404314 230.293901
7.873555 230.137488
7.873555 229.981074
7.873555 229.824660
7.717141 229.668246
7.873555 229.511833
7.717141 229.355419
7.717141 229.199005
7.873555 229.042591
7.717141 228.886178
7.717141 228.729764
7.717141 228.573350
7.404314 228.416936
7.717141 228.260523
7.560728 228.104109
7.560728 227.947695
7.717141 227.791281
8.029969 227.634868
7.873555 227.478454
7.404314 227.322040
7.873555 227.165627
7.717141 227.009213
8.029969 226.852799
8.029969 226.696385
7.873555 226.539972
8.029969 226.383558
8.186383 226.227144
8.029969 226.070730
7.404314 225.914317
7.873555 225.757903
7.873555 225.601489
8.029969 225.445075
8.186383 225.288662
7.873555 225.132248
8.029969 224.975834
8.186383 224.819420
8.342796 224.663007
8.186383 224.506593
8.342796 224.350179
8.186383 224.193765
8.186383 224.037352
8.186383 223.880938
8.342796 223.724524
8.029969 223.568110
8.342796 223.411697
8.186383 223.255283
8.499210 223.098869
8.499210 222.942455
8.499210 222.786042
8.499210 222.629628
8.499210 222.473214
8.499210 222.316800
8.499210 222.160387
8.499210 222.003973
8.499210 221.847559
8.186383 221.691145
8.499210 221.534732
8.655624 221.378318
8.029969 221.221904
8.655624 221.065490
8.499210 220.909077
8.499210 220.752663
8.655624 220.596249
8.655624 220.439835
8.655624 220.283422
8.655624 220.127008
8.655624 219.970594
8.655624 219.814180
8.655624 219.657767
8.655624 219.501353
8.655624 219.344939
8.655624 219.188525
8.655624 219.032112
8.812038 218.875698
8.812038 218.719284
8.655624 218.562871
8.812038 218.406457
8.812038 218.250043
8.812038 218.093629
8.812038 217.937216
8.812038 217.780802
8.812038 217.624388
8.812038 217.467974
8.968451 217.311561
8.812038 217.155147
8.968451 216.998733
8.499210 216.842319
8.655624 216.685906
9.124865 216.529492
8.655624 216.373078
8.812038 216.216664
8.655624 216.060251
8.655624 215.903837
8.655624 215.747423
8.655624 215.591009
8.812038 215.434596
8.968451 215.278182
8.968451 215.121768
9.124865 214.965354
8.968451 214.808941
9.124865 214.652527
9.124865 214.496113
9.124865 214.339699
9.124865 214.183286
8.968451 214.026872
9.124865 213.870458
9.124865 213.714044
9.124865 213.557631
8.968451 213.401217
8.812038 213.244803
8.968451 213.088389
9.124865 212.931976
8.499210 212.775562
8.968451 212.619148
8.968451 212.462734
9.281279 212.306321
9.124865 212.149907
9.281279 211.993493
9.281279 211.837079
9.124865 211.680666
8.655624 211.524252
9.281279 211.367838
9.437693 211.211424
9.437693 211.055011
8.968451 210.898597
9.124865 210.742183
9.281279 210.585769
9.281279 210.429356
9.281279 210.272942
9.281279 210.116528
9.281279 209.960114
9.281279 209.803701
9.437693 209.647287
9.281279 209.490873
9.124865 209.334460
9.281279 209.178046
9.281279 209.021632
9.281279 208.865218
9.124865 208.708805
9.281279 208.552391
9.124865 208.395977
9.437693 208.239563
9.437693 208.083150
9.437693 207.926736
9.437693 207.770322
9.281279 207.613908
9.281279 207.457495
9.437693 207.301081
9.594106 207.144667
9.281279 206.988253
9.437693 206.831840
9.437693 206.675426
9.281279 206.519012
9.281279 206.362598
9.124865 206.206185
9.124865 206.049771
8.968451 205.893357
9.281279 205.736943
9.437693 205.580530
9.124865 205.424116
9.281279 205.267702
8.812038 205.111288
9.281279 204.954875
9.124865 204.798461
9.437693 204.642047
9.124865 204.485633
8.968451 204.329220
9.124865 204.172806
9.124865 204.016392
8.655624 203.859978
9.124865 203.703565
8.655624 203.547151
9.124865 203.390737
9.437693 203.234323
9.437693 203.077910
9.281279 202.921496
9.281279 202.765082
8.968451 202.608668
9.281279 202.452255
9.437693 202.295841
9.124865 202.139427
9.281279 201.983013
9.124865 201.826600
8.812038 201.670186
8.812038 201.513772
8.812038 201.357358
9.124865 201.200945
9.124865 201.044531
9.124865 200.888117
8.968451 200.731704
9.124865 200.575290
8.812038 200.418876
8.812038 200.262462
8.968451 200.106049
8.655624 199.949635
9.124865 199.793221
8.655624 199.636807
8.968451 199.480394
8.812038 199.323980
8.812038 199.167566
8.655624 199.011152
8.968451 198.854739
8.499210 198.698325
8.968451 198.541911
8.968451 198.385497
8.812038 198.229084
8.655624 198.072670
8.812038 197.916256
8.655624 197.759842
8.499210 197.603429
8.342796 197.447015
8.499210 197.290601
8.812038 197.134187
8.499210 196.977774
8.655624 196.821360
8.499210 196.664946
8.342796 196.508532
8.499210 196.352119
8.342796 196.195705
8.499210 196.039291
8.499210 195.882877
8.499210 195.726464
8.499210 195.570050
8.029969 195.413636
7.873555 195.257222
8.186383 195.100809
8.029969 194.944395
8.029969 194.787981
8.186383 194.631567
8.186383 194.475154
8.186383 194.318740
8.186383 194.162326
7.873555 194.005912
8.186383 193.849499
8.029969 193.693085
7.873555 193.536671
8.029969 193.380257
8.029969 193.223844
8.029969 193.067430
7.560728 192.911016
7.560728 192.754602
7.717141 192.598189
7.404314 192.441775
7.717141 192.285361
7.560728 192.128947
7.873555 191.972534
7.560728 191.816120
7.404314 191.659706
7.717141 191.503293
7.560728 191.346879
7.717141 191.190465
7.717141 191.034051
7.873555 190.877638
7.560728 190.721224
7.717141 190.564810
8.029969 190.408396
7.873555 190.251983
7.560728 190.095569
7.560728 189.939155
7.247900 189.782741
7.560728 189.626328
7.873555 189.469914
7.717141 189.313500
7.717141 189.157086
7.404314 189.000673
7.717141 188.844259
7.717141 188.687845
7.560728 188.531431
7.560728 188.375018
7.560728 188.218604
7.717141 188.062190
7.560728 187.905776
7.247900 187.749363
7.560728 187.592949
7.404314 187.436535
2.242660 187.280121
2.242660 187.123708
2.555488 186.967294
2.555488 186.810880
2.242660 186.654466
7.091486 186.498053
7.091486 186.341639
1.617005 186.185225
1.617005 186.028811
6.465831 185.559570
6.622245 185.403156
1.929833 185.246743
2.086247 185.090329
6.465831 184.933915
6.465831 184.777501
6.309418 184.621088
1.929833 184.464674
1.617005 184.308260
6.309418 184.151846
6.309418 183.995433
6.622245 183.839019
6.465831 183.682605
6.465831 183.526191
1.773419 183.369778
6.465831 183.213364
6.465831 183.056950
6.465831 182.900536
6.153004 182.744123
1.617005 182.587709
1.929833 182.431295
5.840176 182.274882
6.153004 182.118468
6.465831 181.962054
6.309418 181.805640
1.929833 181.649227
1.929833 181.492813
1.773419 181.336399
1.617005 181.179985
6.153004 181.023572
6.153004 180.867158
6.153004 180.710744
5.996590 180.554330
1.617005 180.397917
1.617005 180.241503
6.465831 179.928675
1.773419 179.772262
2.086247 179.615848
1.617005 179.459434
1.929833 179.303020
1.773419 179.146607
1.929833 178.990193
1.617005 178.833779
5.996590 178.677365
1.617005 178.520952
6.465831 178.364538
6.465831 178.208124
5.996590 178.051710
6.465831 177.895297
5.683763 177.738883
6.153004 177.582469
6.153004 177.426055
5.996590 177.269642
5.996590 177.113228
1.617005 176.800400
1.617005 176.643987
1.929833 176.487573
1.773419 176.331159
1.773419 176.174745
1.617005 176.018332
1.929833 175.861918
1.929833 175.705504
1.929833 175.549090
1.617005 175.392677
1.773419 175.236263
1.617005 175.079849
2.242660 174.923435
1.773419 174.767022
1.929833 174.610608
1.929833 174.454194
1.929833 174.297780
1.929833 174.141367
1.617005 173.984953
5.996590 173.828539
1.617005 173.672126
1.617005 173.515712
1.617005 173.359298
1.617005 173.202884
1.929833 173.046471
6.153004 172.890057
6.309418 172.733643
6.153004 172.577229
5.996590 172.420816
5.996590 172.264402
2.086247 172.107988
2.086247 171.951574
2.242660 171.795161
1.773419 171.638747
5.840176 171.482333
6.153004 171.325919
6.309418 171.169506
6.465831 171.013092
6.465831 170.856678
1.929833 170.700264
2.086247 170.543851
2.086247 170.387437
1.929833 170.231023
1.929833 170.074609
1.773419 169.918196
2.086247 169.761782
6.465831 169.605368
5.996590 169.448954
6.622245 169.292541
6.465831 169.136127
6.153004 168.979713
6.465831 168.823299
6.778659 168.666886
7.404314 168.510472
8.186383 168.354058
9.281279 168.197644
9.594106 168.041231
10.689003 167.884817
10.689003 167.728403
11.627485 167.571989
12.565967 167.415576
13.035209 167.259162
13.660864 167.102748
14.755760 166.946334
15.381415 166.789921
16.163484 166.633507
16.319897 166.477093
17.414794 166.320679
18.353276 166.164266
18.666104 166.007852
19.448172 165.851438
20.386655 165.695024
20.543069 165.538611
21.325137 165.382197
22.263620 165.225783
22.576447 165.069369
23.202102 164.912956
23.671343 164.756542
24.922653 164.600128
26.017550 164.443715
26.799618 164.287301
27.268860 164.130887
27.581687 163.974473
27.894515 163.818060
28.989411 163.661646
29.145825 163.505232
30.084307 163.348818
30.240721 163.192405
31.492031 163.035991
31.648444 162.879577
32.743341 162.723163
33.056168 162.566750
33.994651 162.410336
34.151064 162.253922
35.245961 162.097508
35.715202 161.941095
36.653684 161.784681
37.279339 161.628267
37.748581 161.471853
37.904994 161.315440
39.156304 161.159026
38.999891 161.002612
39.469132 160.846198
40.094787 160.689785
40.251200 160.533371
40.407614 160.376957
40.407614 160.220543
39.938373 160.064130
40.251200 159.907716
40.564028 159.751302
40.251200 159.594888
40.251200 159.438475
40.251200 159.282061
40.251200 159.125647
39.625545 158.969233
39.781959 158.812820
39.938373 158.656406
40.251200 158.499992
40.251200 158.343578
40.407614 158.187165
40.407614 158.030751
40.094787 157.874337
40.564028 157.717923
40.876855 157.561510
41.033269 157.405096
40.876855 157.248682
41.033269 157.092268
41.502510 156.935855
41.815338 156.779441
41.502510 156.623027
41.033269 156.466613
41.189683 156.310200
40.720442 156.153786
40.876855 155.997372
40.407614 155.840959
40.407614 155.684545
40.407614 155.528131
40.407614 155.371717
40.094787 155.215304
39.938373 155.058890
39.938373 154.902476
40.094787 154.746062
133.160965 154.589649
133.004552 154.433235
133.004552 154.276821
132.848138 154.120407
132.848138 153.963994
132.691724 153.807580
132.848138 153.651166
133.004552 153.494752
132.691724 153.338339
132.848138 153.181925
132.848138 153.025511
133.004552 152.869097
132.691724 152.712684
39.781959 152.556270
39.469132 152.399856
38.999891 152.243442
2.555488 152.087029
1.617005 151.930615
1.617005 151.774201
2.242660 147.707444
2.399074 147.551030
2.711902 147.394616
2.868315 147.238202
2.711902 147.081789
2.711902 146.925375
2.711902 146.768961
3.337557 146.612548
5.370935 146.456134
5.527349 146.299720
3.963211 146.143306
5.527349 145.986893
5.840176 145.830479
5.527349 145.674065
5.683763 145.517651
4.901694 145.361238
4.745280 145.204824
5.214521 145.048410
4.901694 144.891996
5.214521 144.735583
4.588866 144.579169
4.588866 144.422755
5.527349 144.266341
3.963211 144.109928
3.806798 143.953514
4.276039 143.797100
3.806798 143.640686
3.024729 143.484273
3.024729 143.327859
2.868315 143.171445
2.555488 143.015031
3.963211 142.858618
99.062769 142.702204
99.062769 142.545790
99.688424 142.389376
99.688424 142.232963
99.688424 142.076549
100.157665 141.920135
6.465831 141.763721
6.465831 141.607308
6.935073 141.450894
6.622245 141.294480
7.247900 141.138066
7.091486 140.981653
7.873555 140.825239
8.029969 140.668825
8.499210 140.512411
8.655624 140.355998
8.655624 140.199584
8.968451 140.043170
9.437693 139.886756
9.281279 139.730343
9.750520 139.573929
9.906934 139.417515
10.219761 139.261101
9.750520 139.104688
10.376175 138.948274
10.063348 138.791860
10.376175 138.635446
3.181143 138.479033
3.181143 138.322619
11.314658 138.166205
11.471071 138.009792
11.783899 137.853378
11.940313 137.696964
12.253140 137.540550
12.878795 137.384137
13.035209 137.227723
13.348036 137.071309
13.504450 136.914895
13.973691 136.758482
13.660864 136.602068
14.442932 136.445654
14.755760 136.289240
14.755760 136.132827
14.912174 135.976413
15.068587 135.819999
15.537829 135.663585
15.694242 135.507172
15.381415 135.350758
16.163484 135.194344
16.163484 135.037930
16.789139 134.881517
16.476311 134.725103
17.101966 134.568689
17.414794 134.412275
17.884035 134.255862
17.414794 134.099448
18.196862 133.943034
18.666104 133.786620
18.666104 133.630207
18.978931 133.473793
18.978931 133.317379
19.448172 133.160965
19.448172 133.004552
20.073827 132.848138
20.386655 132.691724
20.386655 132.535310
20.386655 132.378897
20.386655 132.222483
20.855896 132.066069
21.012310 131.909655
21.325137 131.753242
21.950792 131.596828
22.576447 131.440414
22.732861 131.284000
22.732861 131.127587
22.889275 130.971173
22.889275 130.814759
23.045688 130.658345
23.202102 130.501932
23.671343 130.345518
23.827757 130.189104
23.671343 130.032690
23.984171 129.876277
24.609826 129.719863
24.296998 129.563449
25.079067 129.407035
25.235481 129.250622
25.704722 129.094208
25.391895 128.937794
24.922653 128.781381
25.861136 128.624967
25.861136 128.468553
26.643205 128.312139
26.799618 128.155726
27.112446 127.999312
27.268860 127.842898
27.581687 127.686484
27.581687 127.530071
27.894515 127.373657
27.581687 127.217243
28.207342 127.060829
28.520170 126.904416
