2.086247 293.485055
3.181143 274.558991
3.337557 274.402578
3.337557 274.246164
3.181143 274.089750
3.337557 273.933336
3.493970 273.776923
3.493970 273.620509
3.337557 273.464095
3.181143 273.307681
3.181143 273.151268
3.181143 272.994854
3.181143 272.838440
3.337557 272.682026
3.024729 272.525613
3.024729 272.369199
3.181143 272.212785
3.493970 272.056372
3.181143 271.899958
3.337557 271.743544
3.337557 271.587130
3.493970 271.430717
3.493970 271.274303
3.181143 271.117889
3.806798 270.961475
4.119625 270.805062
3.181143 270.648648
2.399074 270.492234
1.773419 270.335820
1.617005 270.179407
1.773419 269.553752
1.617005 268.771683
1.617005 268.615269
1.617005 267.051132
1.617005 265.643408
1.773419 265.486994
1.773419 265.330580
1.617005 262.984374
1.617005 262.827961
1.773419 262.671547
1.929833 262.515133
1.773419 262.358719
1.929833 262.202306
1.929833 262.045892
2.086247 261.889478
1.929833 261.733064
1.773419 261.576651
2.086247 261.420237
2.086247 261.263823
2.242660 261.107409
2.086247 260.950996
1.929833 260.794582
1.617005 260.638168
1.929833 260.481754
1.773419 260.325341
2.086247 260.168927
1.929833 260.012513
1.773419 259.856099
1.929833 259.699686
1.617005 259.543272
1.773419 259.386858
1.929833 258.917617
1.773419 258.761203
1.929833 258.604789
1.617005 258.448376
1.617005 258.291962
1.617005 258.135548
1.617005 257.979134
1.617005 257.666307
1.929833 257.509893
2.086247 257.353479
1.929833 257.197066
1.617005 257.040652
1.773419 256.727824
2.242660 256.571411
1.929833 256.414997
1.617005 256.258583
1.773419 256.102169
1.617005 255.632928
1.929833 255.476514
2.086247 255.320101
2.086247 255.163687
1.773419 255.007273
2.086247 254.850859
2.399074 254.694446
1.929833 254.538032
1.929833 254.381618
1.929833 254.225205
1.617005 254.068791
1.773419 253.912377
1.929833 253.755963
2.086247 253.599550
1.929833 253.443136
1.929833 253.286722
2.086247 253.130308
1.773419 252.973895
2.086247 252.817481
2.086247 252.661067
1.773419 252.504653
2.086247 252.348240
2.242660 252.191826
2.242660 252.035412
2.086247 251.878998
2.086247 251.722585
2.086247 251.566171
2.242660 251.409757
1.929833 251.253343
2.086247 251.096930
1.929833 250.940516
2.086247 250.784102
2.242660 250.627688
2.242660 250.471275
2.399074 250.314861
2.242660 250.158447
2.242660 250.002033
2.399074 249.845620
2.242660 249.689206
2.242660 249.532792
2.399074 249.376378
2.399074 249.219965
2.399074 249.063551
2.086247 248.907137
2.399074 248.750723
2.242660 248.594310
2.242660 248.437896
2.086247 248.281482
2.086247 248.125068
1.617005 247.968655
2.242660 247.812241
2.086247 247.655827
2.555488 247.499413
2.555488 247.343000
2.399074 247.186586
2.399074 247.030172
2.242660 246.873758
2.242660 246.717345
1.773419 246.560931
2.399074 246.404517
2.086247 246.248103
2.399074 246.091690
1.929833 245.935276
2.555488 245.778862
2.399074 245.622449
2.086247 245.466035
2.399074 245.309621
2.242660 245.153207
2.399074 244.996794
2.399074 244.840380
2.086247 244.683966
2.086247 244.527552
2.399074 244.371139
2.242660 244.214725
1.929833 244.058311
1.773419 243.901897
1.617005 243.589070
1.617005 243.432656
1.929833 243.276242
1.929833 243.119829
1.617005 242.963415
1.617005 242.650587
1.929833 241.555691
1.773419 241.399277
1.773419 240.930036
3.493970 240.773622
3.493970 240.617209
3.337557 240.460795
3.806798 240.304381
3.806798 240.147967
3.650384 239.991554
3.650384 239.835140
4.119625 239.678726
4.276039 239.522312
3.806798 239.365899
3.806798 239.209485
3.650384 239.053071
1.773419 238.740244
1.617005 238.583830
1.773419 238.114589
2.086247 237.958175
2.086247 237.801761
4.745280 237.645347
4.745280 237.488934
4.745280 237.332520
4.745280 237.176106
1.929833 237.019692
1.617005 236.863279
1.773419 236.706865
2.086247 236.550451
1.929833 236.394038
2.242660 236.237624
5.058108 236.081210
1.617005 235.924796
1.617005 235.768383
2.086247 235.611969
2.242660 235.455555
1.773419 235.299141
1.929833 235.142728
1.929833 234.986314
5.683763 234.829900
5.683763 234.673486
1.773419 234.517073
2.242660 234.360659
1.929833 234.204245
1.929833 234.047831
2.086247 233.891418
2.086247 233.735004
1.617005 233.578590
6.465831 233.422176
6.465831 233.265763
6.622245 233.109349
6.778659 232.952935
6.622245 232.796521
6.465831 232.640108
1.617005 232.483694
1.773419 232.327280
1.617005 232.170866
2.086247 232.014453
7.091486 231.858039
7.091486 231.701625
7.247900 231.545211
7.404314 231.388798
7.091486 231.232384
7.717141 231.075970
7.873555 230.919556
7.404314 230.763143
7.873555 230.606729
7.873555 230.450315
8.029969 230.293901
8.342796 230.137488
8.186383 229.981074
8.499210 229.824660
8.342796 229.668246
8.499210 229.511833
8.499210 229.355419
8.499210 229.199005
8.655624 229.042591
8.499210 228.886178
8.655624 228.729764
8.029969 228.573350
8.655624 228.416936
8.655624 228.260523
8.812038 228.104109
9.124865 227.947695
8.655624 227.791281
9.281279 227.634868
9.437693 227.478454
9.437693 227.322040
9.281279 227.165627
9.594106 227.009213
9.594106 226.852799
9.124865 226.696385
9.750520 226.539972
9.594106 226.383558
10.063348 226.227144
10.063348 226.070730
9.906934 225.914317
10.376175 225.757903
10.376175 225.601489
10.063348 225.445075
10.532589 225.288662
10.376175 225.132248
10.689003 224.975834
10.689003 224.819420
10.532589 224.663007
10.845416 224.506593
10.845416 224.350179
11.001830 224.193765
11.158244 224.037352
11.158244 223.880938
11.158244 223.724524
11.314658 223.568110
11.314658 223.411697
11.314658 223.255283
11.627485 223.098869
11.158244 222.942455
11.783899 222.786042
11.627485 222.629628
11.940313 222.473214
11.471071 222.316800
11.940313 222.160387
11.314658 222.003973
12.096726 221.847559
11.940313 221.691145
12.253140 221.534732
12.565967 221.378318
12.565967 221.221904
12.722381 221.065490
12.722381 220.909077
12.878795 220.752663
12.878795 220.596249
12.878795 220.439835
13.660864 220.283422
13.660864 220.127008
13.973691 219.970594
14.286519 219.814180
14.599346 219.657767
14.755760 219.501353
14.755760 219.344939
14.599346 219.188525
15.225001 219.032112
14.130105 218.875698
15.068587 218.719284
14.912174 218.562871
14.912174 218.406457
15.068587 218.250043
15.537829 218.093629
2.711902 217.937216
2.555488 217.780802
2.711902 217.624388
2.711902 217.467974
2.711902 217.311561
2.868315 217.155147
2.868315 216.998733
2.711902 216.842319
2.711902 216.685906
2.555488 216.529492
2.868315 216.373078
2.711902 216.216664
2.868315 216.060251
2.711902 215.903837
2.711902 215.747423
2.711902 215.591009
2.868315 215.434596
2.868315 215.278182
2.399074 215.121768
2.868315 214.965354
31.648444 214.808941
32.117686 214.652527
32.117686 214.496113
32.430513 214.339699
32.899754 214.183286
33.056168 214.026872
33.212582 213.870458
32.899754 213.714044
3.024729 176.800400
3.024729 176.643987
33.368996 175.079849
33.212582 174.923435
32.743341 174.767022
32.586927 174.610608
32.117686 174.454194
31.961272 174.297780
31.648444 174.141367
31.492031 173.984953
31.179203 173.828539
2.399074 173.672126
27.268860 173.515712
29.927893 173.359298
30.240721 173.202884
28.050928 173.046471
28.207342 172.890057
28.050928 172.733643
28.207342 172.577229
28.050928 172.420816
27.894515 172.264402
27.894515 172.107988
27.581687 171.951574
25.704722 171.795161
25.391895 171.638747
25.704722 171.482333
25.548308 171.325919
25.704722 171.169506
24.766240 171.013092
2.242660 170.856678
2.242660 170.700264
