2.086247 295.674847
1.929833 294.110710
2.711902 290.513193
3.337557 281.284783
2.399074 272.525613
2.086247 272.369199
2.399074 272.212785
2.555488 272.056372
2.242660 271.899958
2.399074 271.743544
1.929833 271.587130
2.242660 271.430717
2.399074 271.274303
2.242660 271.117889
2.242660 270.648648
2.399074 270.492234
2.399074 270.335820
1.617005 270.179407
2.086247 270.022993
2.242660 269.866579
2.086247 269.397338
1.617005 269.240924
1.773419 269.084510
2.399074 268.928097
2.086247 268.771683
2.086247 267.520373
1.929833 267.363959
2.086247 267.207545
2.555488 267.051132
1.929833 266.894718
2.242660 266.738304
2.086247 266.581890
2.242660 266.425477
2.399074 266.269063
2.242660 265.956235
2.086247 265.799822
1.929833 265.643408
2.555488 265.486994
2.242660 265.330580
2.242660 265.174167
2.399074 265.017753
2.399074 264.861339
2.555488 264.704925
2.086247 264.079270
2.086247 263.922857
1.929833 263.766443
2.086247 263.610029
1.929833 263.453616
1.929833 263.297202
2.086247 263.140788
1.773419 262.984374
1.617005 262.827961
1.617005 262.515133
1.617005 262.358719
1.617005 260.638168
1.773419 260.481754
1.617005 260.325341
1.617005 260.168927
1.617005 259.543272
1.617005 259.386858
1.617005 259.230444
1.617005 258.761203
1.773419 258.604789
1.617005 258.448376
1.617005 258.291962
1.773419 258.135548
1.773419 257.666307
1.773419 257.509893
1.617005 257.353479
1.773419 257.197066
1.929833 257.040652
1.929833 256.884238
1.773419 256.727824
1.617005 256.571411
1.773419 256.414997
1.929833 256.258583
1.929833 256.102169
1.929833 255.945756
2.242660 255.789342
2.242660 255.632928
2.242660 255.476514
2.242660 255.320101
1.929833 255.163687
1.773419 255.007273
1.617005 254.225205
1.929833 254.068791
2.086247 253.912377
1.773419 253.755963
1.617005 253.599550
2.086247 253.443136
2.086247 253.286722
2.086247 253.130308
2.242660 252.973895
2.086247 252.817481
1.929833 252.661067
2.242660 252.504653
2.086247 252.348240
2.399074 252.191826
2.242660 252.035412
2.086247 251.878998
1.929833 251.722585
1.773419 251.566171
1.929833 251.253343
1.773419 251.096930
1.617005 250.940516
1.617005 250.784102
1.617005 250.627688
1.773419 250.158447
8.499210 250.002033
8.342796 249.845620
8.655624 249.689206
8.655624 249.532792
1.929833 249.376378
1.929833 249.219965
1.929833 249.063551
1.929833 248.907137
1.617005 248.750723
2.086247 248.594310
2.086247 248.437896
1.617005 248.281482
1.617005 248.125068
1.929833 247.968655
1.617005 247.812241
1.617005 247.655827
8.655624 246.873758
8.655624 246.717345
1.773419 246.560931
8.655624 246.404517
8.655624 246.248103
2.242660 246.091690
8.812038 245.935276
8.812038 245.778862
8.655624 245.622449
2.242660 245.466035
2.086247 245.309621
1.773419 245.153207
1.929833 244.996794
1.617005 244.840380
2.086247 244.683966
1.929833 244.527552
1.929833 244.371139
1.617005 244.214725
1.617005 244.058311
2.086247 243.901897
1.929833 243.745484
8.186383 243.589070
8.342796 243.432656
8.499210 243.276242
8.499210 243.119829
8.186383 242.963415
8.655624 242.807001
1.773419 242.650587
1.929833 242.494174
1.773419 242.337760
2.399074 242.181346
2.242660 242.024932
2.399074 241.868519
2.086247 241.712105
2.399074 241.555691
2.086247 241.399277
2.555488 241.242864
8.655624 241.086450
8.812038 240.930036
8.812038 240.773622
8.968451 240.617209
8.655624 240.460795
8.342796 240.304381
8.655624 240.147967
8.655624 239.991554
1.929833 239.835140
2.242660 239.678726
2.086247 239.522312
1.773419 239.365899
2.242660 239.209485
2.086247 239.053071
1.617005 238.896657
2.086247 238.740244
2.242660 238.583830
1.929833 238.427416
2.086247 238.271002
1.929833 238.114589
1.617005 237.958175
1.773419 237.801761
8.968451 237.645347
9.437693 237.488934
9.124865 237.332520
9.437693 237.176106
9.281279 237.019692
1.929833 236.863279
1.773419 236.706865
1.773419 236.550451
1.773419 236.237624
1.617005 236.081210
1.773419 235.924796
1.617005 235.768383
1.929833 235.611969
2.086247 235.455555
2.086247 235.299141
1.929833 235.142728
1.773419 234.986314
1.929833 234.829900
2.242660 234.673486
2.086247 234.517073
2.086247 234.360659
1.773419 234.204245
1.929833 234.047831
1.773419 233.891418
2.086247 233.735004
2.086247 233.578590
1.617005 233.422176
2.242660 233.265763
1.929833 233.109349
1.929833 232.952935
1.929833 232.796521
1.773419 232.640108
1.773419 232.483694
1.929833 232.327280
2.399074 232.170866
1.929833 232.014453
2.086247 231.858039
1.929833 231.701625
2.086247 231.545211
1.773419 231.232384
1.617005 231.075970
2.242660 230.919556
1.929833 230.763143
1.929833 230.606729
2.086247 230.450315
1.929833 230.293901
1.929833 230.137488
2.242660 229.981074
2.399074 229.824660
1.617005 229.668246
2.086247 229.511833
2.086247 229.355419
1.929833 229.199005
2.086247 229.042591
2.242660 228.886178
2.086247 228.729764
1.929833 228.573350
1.773419 228.416936
2.086247 228.260523
1.929833 228.104109
2.242660 227.947695
2.086247 227.791281
2.242660 227.634868
2.242660 227.478454
2.086247 227.322040
2.086247 227.165627
2.086247 227.009213
2.086247 226.852799
2.242660 226.696385
11.471071 226.539972
11.627485 226.383558
11.314658 226.227144
11.158244 226.070730
2.086247 225.914317
2.242660 225.757903
2.242660 225.601489
1.929833 225.445075
2.086247 225.288662
1.773419 225.132248
2.086247 224.975834
2.399074 224.819420
1.929833 224.663007
1.773419 224.506593
1.617005 224.350179
1.617005 224.193765
1.617005 224.037352
1.773419 223.880938
2.086247 223.724524
1.773419 223.568110
2.086247 223.411697
2.242660 223.255283
1.929833 223.098869
1.929833 222.942455
2.086247 222.786042
1.929833 222.629628
12.409554 222.473214
11.940313 222.316800
12.565967 222.160387
12.409554 222.003973
12.409554 221.847559
2.242660 221.691145
12.565967 221.534732
12.409554 221.378318
1.773419 221.221904
2.399074 221.065490
2.399074 220.909077
2.086247 220.752663
2.399074 220.596249
2.555488 220.439835
2.242660 220.283422
2.399074 220.127008
12.878795 219.970594
2.242660 219.814180
2.399074 219.657767
2.555488 219.501353
2.555488 219.344939
2.399074 219.188525
2.555488 219.032112
2.868315 218.875698
2.555488 218.719284
2.555488 218.562871
2.555488 218.406457
2.555488 218.250043
13.504450 218.093629
13.817277 217.937216
13.504450 217.780802
13.660864 217.624388
2.399074 217.467974
2.399074 217.311561
13.660864 217.155147
13.817277 216.998733
13.660864 216.842319
2.242660 216.685906
13.817277 216.529492
13.504450 216.373078
2.555488 216.216664
2.242660 216.060251
13.973691 215.903837
13.660864 215.747423
2.086247 215.591009
13.504450 215.434596
14.130105 215.278182
13.973691 215.121768
14.130105 214.965354
13.817277 214.808941
14.286519 214.652527
13.817277 214.496113
14.130105 214.339699
14.130105 214.183286
14.130105 214.026872
2.086247 213.870458
13.973691 213.714044
13.973691 213.557631
2.399074 213.401217
14.130105 213.244803
14.286519 213.088389
14.286519 212.931976
13.817277 212.775562
14.130105 212.619148
14.130105 212.462734
14.130105 212.306321
14.286519 212.149907
14.130105 211.993493
14.286519 211.837079
13.973691 211.680666
14.286519 211.524252
13.973691 211.367838
14.130105 211.211424
14.130105 211.055011
14.286519 210.898597
13.817277 210.742183
13.973691 210.585769
13.973691 210.429356
2.711902 210.272942
2.555488 210.116528
14.442932 209.960114
14.130105 209.803701
14.286519 209.647287
13.973691 209.490873
14.286519 209.334460
13.817277 209.178046
14.130105 209.021632
14.130105 208.865218
14.286519 208.708805
14.130105 208.552391
13.973691 208.395977
14.286519 208.239563
14.286519 208.083150
14.130105 207.926736
13.973691 207.770322
2.711902 207.613908
2.868315 207.457495
2.555488 207.301081
13.660864 207.144667
13.660864 206.988253
13.973691 206.831840
13.817277 206.675426
14.130105 206.519012
14.130105 206.362598
13.504450 206.206185
14.599346 206.049771
13.817277 205.893357
14.599346 205.736943
14.442932 205.580530
14.755760 205.424116
14.599346 205.267702
14.286519 205.111288
14.599346 204.954875
2.555488 204.798461
13.973691 204.642047
14.599346 204.485633
14.286519 204.329220
14.286519 204.172806
14.442932 204.016392
14.599346 203.859978
14.442932 203.703565
14.442932 203.547151
14.599346 203.390737
13.973691 203.234323
14.442932 203.077910
14.442932 202.921496
14.599346 202.765082
14.286519 202.608668
14.442932 202.452255
14.286519 202.295841
14.599346 202.139427
14.286519 201.983013
2.399074 201.826600
2.242660 201.670186
13.817277 201.513772
14.130105 201.357358
14.286519 201.200945
14.130105 201.044531
14.442932 200.888117
14.130105 200.731704
14.286519 200.575290
13.973691 200.418876
13.504450 200.262462
13.348036 200.106049
1.773419 199.949635
13.660864 199.793221
1.617005 199.011152
12.878795 198.854739
1.929833 198.698325
1.929833 198.541911
1.617005 198.385497
1.773419 198.229084
12.409554 197.916256
12.409554 197.759842
12.565967 197.603429
2.086247 197.447015
1.929833 197.290601
2.086247 197.134187
2.242660 196.977774
2.242660 196.821360
2.242660 196.664946
2.086247 196.508532
2.399074 196.352119
2.242660 196.195705
2.086247 196.039291
2.086247 195.726464
1.929833 195.570050
2.086247 195.413636
1.929833 195.257222
2.086247 195.100809
2.086247 194.944395
1.929833 194.787981
1.617005 194.631567
12.096726 194.475154
1.773419 194.318740
1.773419 194.162326
1.617005 194.005912
1.929833 193.380257
2.086247 193.223844
1.929833 193.067430
1.617005 192.911016
1.773419 192.754602
1.929833 192.598189
1.929833 191.972534
1.617005 191.816120
1.617005 191.659706
1.617005 189.313500
1.773419 186.185225
1.617005 186.028811
1.617005 185.872398
1.617005 185.715984
1.617005 184.151846
1.617005 183.995433
1.617005 180.241503
1.773419 179.615848
1.929833 179.459434
1.617005 179.303020
1.617005 179.146607
1.773419 178.990193
1.929833 178.833779
10.689003 178.677365
1.929833 178.520952
1.617005 178.364538
1.617005 178.208124
1.773419 177.895297
1.617005 177.738883
1.929833 177.582469
1.929833 177.426055
1.773419 177.269642
1.929833 177.113228
1.617005 176.956814
1.617005 176.800400
1.617005 176.643987
1.773419 175.705504
1.929833 175.549090
1.773419 175.392677
1.617005 175.079849
1.617005 174.923435
1.617005 173.984953
1.929833 173.828539
1.617005 173.672126
1.773419 172.890057
2.086247 172.733643
1.929833 172.577229
2.399074 172.420816
1.929833 172.264402
10.376175 172.107988
10.689003 171.951574
10.689003 171.795161
10.845416 171.638747
11.001830 171.482333
10.845416 171.325919
10.845416 171.169506
10.689003 171.013092
10.845416 170.856678
10.845416 170.700264
