15.537829 90.772840
15.537829 90.616427
15.537829 90.460013
15.537829 90.303599
15.537829 90.147185
15.381415 89.990772
15.537829 89.834358
15.850656 89.677944
15.850656 89.521530
15.694242 89.365117
15.850656 89.208703
15.537829 89.052289
15.694242 88.895875
15.537829 88.739462
15.381415 88.583048
15.850656 88.426634
15.537829 88.270220
15.694242 88.113807
15.537829 87.957393
15.694242 87.800979
15.850656 87.644565
15.850656 87.488152
15.850656 87.331738
15.537829 87.175324
15.694242 87.018910
15.225001 86.862497
15.068587 86.706083
15.381415 86.549669
15.694242 86.393255
15.694242 86.236842
15.850656 86.080428
15.850656 85.924014
15.850656 85.767600
15.850656 85.611187
15.381415 85.454773
15.694242 85.298359
15.537829 85.141945
15.381415 84.985532
15.694242 84.829118
15.694242 84.672704
15.225001 84.516290
14.286519 84.359877
15.850656 84.203463
15.537829 84.047049
15.694242 83.890636
15.381415 83.734222
15.694242 83.577808
15.694242 83.421394
15.694242 83.264981
15.694242 83.108567
15.381415 82.952153
14.755760 82.795739
15.537829 82.639326
16.007070 82.482912
15.537829 82.326498
15.850656 82.170084
15.068587 82.013671
15.850656 81.857257
15.225001 81.700843
15.381415 81.544429
15.537829 81.388016
15.381415 81.231602
15.537829 81.075188
15.694242 80.918774
15.381415 80.762361
15.381415 80.605947
15.068587 80.449533
15.694242 80.293119
15.225001 80.136706
14.599346 79.980292
15.694242 79.823878
15.694242 79.667464
15.381415 79.511051
2.242660 79.354637
1.929833 79.198223
15.381415 79.041809
14.912174 78.885396
15.850656 78.728982
13.817277 78.572568
15.694242 78.416154
15.381415 78.259741
15.068587 78.103327
15.850656 77.946913
15.850656 77.790499
15.381415 77.634086
15.068587 77.477672
15.537829 77.321258
14.599346 77.164844
15.068587 77.008431
15.694242 76.852017
15.537829 76.695603
1.929833 76.539189
15.537829 76.382776
15.537829 76.226362
2.086247 76.069948
15.694242 75.913534
15.850656 75.757121
15.850656 75.600707
15.694242 75.444293
14.599346 75.287879
15.850656 75.131466
15.381415 74.975052
15.225001 74.818638
15.225001 74.662225
15.225001 74.505811
15.694242 74.349397
14.755760 74.192983
15.694242 74.036570
15.850656 73.880156
15.225001 73.723742
15.225001 73.567328
1.617005 73.410915
15.225001 73.254501
16.007070 73.098087
14.442932 72.941673
15.850656 72.785260
15.225001 72.628846
15.225001 72.472432
15.225001 72.316018
15.694242 72.159605
15.694242 72.003191
15.850656 71.846777
14.755760 71.690363
15.068587 71.533950
14.599346 71.377536
15.068587 71.221122
15.225001 71.064708
15.694242 70.908295
15.225001 70.751881
15.537829 70.595467
15.225001 70.439053
15.537829 70.282640
15.068587 70.126226
15.537829 69.969812
15.225001 69.813398
15.381415 69.656985
15.694242 69.500571
14.912174 69.344157
15.694242 69.187743
15.694242 69.031330
15.225001 68.874916
13.817277 68.718502
15.381415 68.562088
14.130105 68.405675
2.868315 68.249261
15.537829 68.092847
15.225001 67.936433
3.024729 67.780020
14.599346 67.623606
15.068587 67.467192
15.381415 67.310778
15.225001 67.154365
14.912174 66.997951
15.381415 66.841537
16.007070 66.685123
15.537829 66.528710
15.850656 66.372296
15.850656 66.215882
15.225001 66.059469
15.381415 65.903055
15.537829 65.746641
15.381415 65.590227
15.068587 65.433814
15.694242 65.277400
15.381415 65.120986
15.850656 64.964572
15.381415 64.808159
14.599346 64.651745
15.850656 64.495331
15.694242 64.338917
16.007070 64.182504
15.850656 64.026090
16.163484 63.869676
15.068587 63.713262
15.381415 63.556849
15.068587 63.400435
15.068587 63.244021
15.068587 63.087607
15.850656 62.931194
16.163484 62.774780
16.163484 62.618366
15.850656 62.461952
15.694242 62.305539
16.007070 62.149125
16.007070 61.992711
15.694242 61.836297
16.007070 61.679884
15.850656 61.523470
15.068587 61.367056
16.007070 61.210642
15.381415 61.054229
16.007070 60.897815
15.225001 60.741401
15.225001 60.584987
15.381415 60.428574
15.537829 60.272160
15.537829 60.115746
16.007070 59.959332
15.381415 59.802919
15.225001 59.646505
15.225001 59.490091
16.163484 59.333677
15.381415 59.177264
15.537829 59.020850
15.537829 58.864436
15.381415 58.708022
15.537829 58.551609
15.694242 58.395195
16.163484 58.238781
15.225001 58.082367
16.007070 57.925954
15.225001 57.769540
15.537829 57.613126
14.599346 57.456712
15.694242 57.300299
16.163484 57.143885
15.381415 56.987471
16.163484 56.831058
16.163484 56.674644
2.711902 56.518230
16.007070 56.361816
15.225001 56.205403
15.850656 56.048989
15.537829 55.892575
16.163484 55.736161
16.007070 55.579748
15.850656 55.423334
16.163484 55.266920
15.694242 55.110506
15.694242 54.954093
16.163484 54.797679
16.007070 54.641265
15.537829 54.484851
15.537829 54.328438
15.225001 54.172024
15.381415 54.015610
15.225001 53.859196
15.537829 53.702783
15.225001 53.546369
15.537829 53.389955
15.694242 53.233541
15.537829 53.077128
15.225001 52.920714
15.381415 52.764300
15.381415 52.607886
15.225001 52.451473
15.225001 52.295059
15.225001 52.138645
15.537829 51.982231
15.694242 51.825818
15.694242 51.669404
15.537829 51.512990
16.007070 51.356576
15.850656 51.200163
15.694242 51.043749
16.007070 50.887335
15.850656 50.730921
16.007070 50.574508
16.007070 50.418094
15.850656 50.261680
16.007070 50.105266
15.694242 49.948853
15.537829 49.792439
15.850656 49.636025
16.163484 49.479611
15.381415 49.323198
16.007070 49.166784
16.007070 49.010370
15.381415 48.853956
15.068587 48.697543
16.007070 48.541129
15.850656 48.384715
15.537829 48.228302
15.225001 48.071888
15.381415 47.915474
15.381415 47.759060
15.381415 47.602647
15.850656 47.446233
15.225001 47.289819
15.694242 47.133405
16.007070 46.976992
15.694242 46.820578
16.163484 46.664164
2.868315 46.507750
14.755760 46.351337
14.912174 46.194923
15.537829 46.038509
16.163484 45.882095
15.694242 45.725682
14.912174 45.569268
14.912174 45.412854
15.068587 45.256440
15.381415 45.100027
15.537829 44.943613
15.381415 44.787199
14.912174 44.630785
16.163484 44.474372
16.007070 44.317958
15.537829 44.161544
16.007070 44.005130
16.007070 43.848717
15.381415 43.692303
15.381415 43.535889
15.068587 43.379475
15.225001 43.223062
16.007070 43.066648
16.163484 42.910234
15.225001 42.753820
15.537829 42.597407
15.694242 42.440993
15.068587 42.284579
15.381415 42.128165
15.537829 41.971752
15.381415 41.815338
15.068587 41.658924
15.694242 41.502510
15.381415 41.346097
16.319897 41.189683
16.163484 41.033269
16.007070 40.876855
16.007070 40.720442
16.007070 40.564028
15.225001 40.407614
15.694242 40.251200
15.381415 40.094787
16.163484 39.938373
16.319897 39.781959
15.537829 39.625545
15.537829 39.469132
15.537829 39.312718
15.381415 39.156304
16.163484 38.999891
16.163484 38.843477
15.381415 38.687063
16.007070 38.530649
15.381415 38.374236
16.163484 38.217822
16.007070 38.061408
15.537829 37.904994
15.694242 37.748581
16.319897 37.592167
15.537829 37.435753
16.319897 37.279339
16.007070 37.122926
15.381415 36.966512
15.225001 36.810098
16.319897 36.653684
15.850656 36.497271
15.850656 36.340857
15.068587 36.184443
15.694242 36.028029
16.319897 35.871616
16.319897 35.715202
16.007070 35.558788
16.163484 35.402374
16.319897 35.245961
16.007070 35.089547
16.163484 34.933133
16.163484 34.776719
16.476311 34.620306
15.850656 34.463892
16.319897 34.307478
15.694242 34.151064
16.163484 33.994651
15.850656 33.838237
16.163484 33.681823
15.694242 33.525409
16.007070 33.368996
15.537829 33.212582
15.694242 33.056168
15.225001 32.899754
16.319897 32.743341
15.537829 32.586927
15.694242 32.430513
16.163484 32.274099
16.163484 32.117686
16.007070 31.961272
16.007070 31.804858
16.319897 31.648444
15.850656 31.492031
16.163484 31.335617
15.537829 31.179203
15.850656 31.022789
15.694242 30.866376
15.537829 30.709962
15.381415 30.553548
14.912174 30.397135
16.007070 30.240721
15.850656 30.084307
16.319897 29.927893
16.007070 29.771480
16.007070 29.615066
16.163484 29.458652
14.599346 29.302238
15.381415 29.145825
16.319897 28.989411
15.381415 28.832997
16.163484 28.676583
16.007070 28.520170
16.007070 28.363756
15.850656 28.207342
15.850656 28.050928
15.694242 27.894515
16.163484 27.738101
15.694242 27.581687
16.163484 27.425273
15.537829 27.268860
15.850656 27.112446
15.537829 26.956032
15.225001 26.799618
16.007070 26.643205
16.007070 26.486791
16.163484 26.330377
16.319897 26.173963
15.694242 26.017550
16.319897 25.861136
15.537829 25.704722
15.850656 25.548308
15.694242 25.391895
15.694242 25.235481
16.319897 25.079067
15.694242 24.922653
15.537829 24.766240
16.319897 24.609826
16.319897 24.453412
16.319897 24.296998
15.850656 24.140585
16.319897 23.984171
16.163484 23.827757
16.476311 23.671343
16.476311 23.514930
16.319897 23.358516
16.319897 23.202102
16.007070 23.045688
16.319897 22.889275
15.694242 22.732861
16.163484 22.576447
16.007070 22.420033
15.850656 22.263620
15.694242 22.107206
15.381415 21.950792
16.476311 21.794378
16.319897 21.637965
16.319897 21.481551
16.476311 21.325137
16.319897 21.168724
16.007070 21.012310
16.632725 20.855896
15.850656 20.699482
16.319897 20.543069
16.163484 20.386655
16.007070 20.230241
16.319897 20.073827
16.319897 19.917414
15.850656 19.761000
16.319897 19.604586
16.476311 19.448172
16.319897 19.291759
16.163484 19.135345
16.007070 18.978931
15.850656 18.822517
16.319897 18.666104
16.007070 18.509690
16.007070 18.353276
16.319897 18.196862
16.476311 18.040449
16.319897 17.884035
16.007070 17.727621
15.381415 17.571207
15.537829 17.414794
16.319897 17.258380
16.163484 17.101966
16.163484 16.945552
16.163484 16.789139
15.537829 16.632725
16.007070 16.476311
15.694242 16.319897
16.163484 16.163484
16.163484 16.007070
16.007070 15.850656
15.694242 15.694242
16.163484 15.537829
16.476311 15.381415
16.319897 15.225001
15.850656 15.068587
16.319897 14.912174
16.319897 14.755760
15.381415 14.599346
15.537829 14.442932
16.163484 14.286519
15.537829 14.130105
16.319897 13.973691
16.007070 13.817277
16.163484 13.660864
16.319897 13.504450
16.319897 13.348036
16.319897 13.191622
16.163484 13.035209
16.007070 12.878795
16.163484 12.722381
16.163484 12.565967
16.319897 12.409554
15.225001 12.253140
15.381415 12.096726
16.007070 11.940313
15.225001 11.783899
15.537829 11.627485
15.225001 11.471071
16.163484 11.314658
16.163484 11.158244
15.225001 11.001830
15.381415 10.845416
15.381415 10.689003
15.537829 10.532589
15.381415 10.376175
16.163484 10.219761
15.850656 10.063348
16.163484 9.906934
15.537829 9.750520
15.068587 9.594106
15.381415 9.437693
15.225001 9.281279
16.163484 9.124865
15.850656 8.968451
16.163484 8.812038
16.007070 8.655624
15.381415 8.499210
14.912174 8.342796
15.850656 8.186383
16.007070 8.029969
16.163484 7.873555
16.007070 7.717141
16.007070 7.560728
14.599346 7.404314
15.381415 7.247900
15.225001 7.091486
15.068587 6.935073
15.850656 6.778659
15.694242 6.622245
15.694242 6.465831
15.225001 6.309418
22.732861 6.153004
22.576447 5.996590
22.732861 5.840176
24.609826 5.683763
22.420033 5.527349
3.181143 5.370935
31.335617 5.214521
34.776719 5.058108
34.620306 4.901694
36.340857 4.745280
38.530649 4.588866
39.156304 4.432453
39.156304 4.276039
39.469132 4.119625
39.625545 3.963211
39.625545 3.806798
39.625545 3.650384
39.938373 3.493970
39.781959 3.337557
39.625545 3.181143
39.312718 3.024729
39.469132 2.868315
39.469132 2.711902
39.625545 2.555488
39.156304 2.399074
39.469132 2.242660
39.781959 2.086247
38.999891 1.929833
39.156304 1.773419
