39.781959 295.674847
39.781959 295.518433
40.251200 295.362020
40.407614 295.205606
40.251200 295.049192
40.564028 294.892778
40.564028 294.736365
40.564028 294.579951
40.251200 294.423537
40.407614 294.267123
40.720442 294.110710
40.564028 293.954296
40.876855 293.797882
40.564028 293.641468
40.876855 293.485055
40.094787 293.328641
40.564028 293.172227
40.094787 293.015813
40.094787 292.859400
40.720442 292.702986
40.720442 292.546572
40.407614 292.390158
40.407614 292.233745
40.720442 292.077331
40.720442 291.920917
40.720442 291.764503
40.564028 291.608090
40.720442 291.451676
40.720442 291.295262
40.564028 291.138848
40.564028 290.982435
40.407614 290.826021
40.720442 290.669607
40.564028 290.513193
40.564028 290.356780
40.720442 290.200366
40.251200 290.043952
40.564028 289.887539
40.251200 289.731125
40.564028 289.574711
40.876855 289.418297
40.720442 289.261884
41.033269 289.105470
40.720442 288.949056
40.876855 288.792642
40.876855 288.636229
40.094787 288.479815
40.720442 288.323401
40.720442 288.166987
40.720442 288.010574
40.876855 287.854160
39.938373 287.697746
40.407614 287.541332
40.251200 287.384919
40.720442 287.228505
40.564028 287.072091
40.564028 286.915677
40.720442 286.759264
40.251200 286.602850
40.720442 286.446436
40.720442 286.290022
40.407614 286.133609
40.876855 285.977195
40.720442 285.820781
40.876855 285.664367
40.720442 285.507954
40.564028 285.351540
40.720442 285.195126
40.876855 285.038712
40.564028 284.882299
40.720442 284.725885
40.876855 284.569471
40.720442 284.413057
40.564028 284.256644
40.720442 284.100230
40.720442 283.943816
40.720442 283.787402
40.407614 283.630989
40.251200 283.474575
40.564028 283.318161
40.251200 283.161747
40.564028 283.005334
40.720442 282.848920
40.720442 282.692506
40.251200 282.536092
40.564028 282.379679
40.564028 282.223265
40.720442 282.066851
40.720442 281.910437
40.564028 281.754024
40.564028 281.597610
40.564028 281.441196
40.720442 281.284783
40.407614 281.128369
40.407614 280.971955
40.720442 280.815541
40.720442 280.659128
40.407614 280.502714
40.407614 280.346300
40.720442 280.189886
40.720442 280.033473
40.876855 279.877059
40.720442 279.720645
40.720442 279.564231
40.720442 279.407818
40.720442 279.251404
40.564028 279.094990
40.564028 278.938576
40.564028 278.782163
40.564028 278.625749
40.564028 278.469335
40.564028 278.312921
40.564028 278.156508
40.564028 278.000094
40.251200 277.843680
40.407614 277.687266
40.564028 277.530853
40.407614 277.374439
40.720442 277.218025
40.564028 277.061611
40.564028 276.905198
40.564028 276.748784
40.251200 276.592370
40.407614 276.435956
40.720442 276.279543
39.938373 276.123129
40.407614 275.966715
40.094787 275.810301
40.564028 275.653888
40.251200 275.497474
40.564028 275.341060
40.407614 275.184646
40.407614 275.028233
39.938373 274.871819
40.564028 274.715405
40.251200 274.558991
40.094787 274.402578
40.564028 274.246164
40.407614 274.089750
40.251200 273.933336
40.407614 273.776923
40.720442 273.620509
40.094787 273.464095
40.720442 273.307681
40.564028 273.151268
40.564028 272.994854
40.251200 272.838440
40.407614 272.682026
40.251200 272.525613
40.251200 272.369199
40.251200 272.212785
40.094787 272.056372
40.407614 271.899958
40.564028 271.743544
40.407614 271.587130
40.564028 271.430717
40.407614 271.274303
40.251200 271.117889
40.251200 270.961475
40.251200 270.805062
40.251200 270.648648
40.251200 270.492234
39.938373 270.335820
39.781959 270.179407
2.399074 270.022993
2.555488 269.866579
2.399074 269.710165
2.555488 269.553752
2.555488 269.397338
2.555488 269.240924
2.399074 269.084510
41.971752 268.928097
41.815338 268.771683
42.128165 268.615269
41.971752 268.458855
42.128165 268.302442
41.971752 268.146028
41.815338 267.989614
41.971752 267.833200
2.399074 267.676787
2.242660 267.520373
2.242660 267.363959
42.128165 267.207545
42.128165 267.051132
42.128165 266.894718
2.555488 266.738304
2.555488 266.581890
2.555488 266.425477
2.555488 266.269063
2.555488 266.112649
2.555488 265.956235
2.555488 265.799822
2.555488 265.643408
2.399074 265.486994
2.555488 265.330580
2.086247 265.174167
2.555488 265.017753
2.399074 264.704925
2.711902 264.548512
2.555488 264.392098
1.929833 264.235684
2.555488 264.079270
2.555488 263.922857
2.399074 263.766443
42.284579 263.610029
2.242660 263.453616
42.440993 263.297202
42.440993 263.140788
42.284579 262.984374
42.284579 262.827961
42.128165 262.671547
42.284579 262.515133
41.502510 262.358719
42.284579 262.202306
42.284579 262.045892
42.284579 261.889478
42.284579 261.733064
42.440993 261.576651
42.128165 261.420237
42.284579 261.263823
41.971752 261.107409
42.128165 260.950996
41.971752 260.794582
42.128165 260.638168
1.929833 260.481754
2.086247 260.325341
1.929833 260.168927
1.929833 259.856099
2.086247 259.699686
2.086247 259.543272
2.086247 259.386858
2.086247 259.230444
1.617005 259.074031
1.773419 258.917617
1.773419 258.135548
1.773419 257.822721
5.058108 257.666307
4.745280 257.509893
4.901694 257.353479
4.901694 257.197066
1.617005 257.040652
2.086247 256.884238
1.773419 256.727824
2.242660 256.571411
1.773419 256.414997
2.086247 256.258583
2.086247 256.102169
1.773419 255.945756
1.617005 255.789342
1.617005 255.632928
1.773419 255.476514
1.929833 255.320101
1.773419 255.163687
1.617005 255.007273
5.058108 254.850859
5.214521 254.694446
1.929833 254.538032
1.929833 254.381618
1.617005 254.225205
1.773419 254.068791
1.773419 253.912377
1.773419 253.755963
2.086247 253.599550
1.773419 253.443136
1.929833 253.286722
2.086247 253.130308
2.086247 252.973895
1.929833 252.817481
2.242660 252.661067
5.214521 252.504653
5.527349 252.348240
5.058108 252.191826
5.527349 252.035412
1.929833 251.878998
2.086247 251.722585
2.242660 251.566171
2.242660 251.409757
5.527349 251.253343
5.214521 251.096930
5.370935 250.940516
5.214521 250.784102
5.214521 250.627688
5.527349 250.471275
5.370935 250.314861
5.370935 250.158447
5.370935 250.002033
5.370935 249.845620
5.370935 249.689206
5.683763 249.532792
5.370935 249.376378
5.683763 249.219965
5.370935 249.063551
5.214521 248.907137
5.370935 248.750723
5.058108 248.594310
1.773419 248.437896
5.214521 248.281482
5.370935 248.125068
5.527349 247.968655
5.370935 247.812241
5.527349 247.655827
5.214521 247.499413
5.214521 247.343000
2.399074 247.186586
2.399074 247.030172
2.242660 246.873758
2.242660 246.717345
2.242660 246.560931
2.086247 246.404517
5.370935 246.091690
5.058108 245.935276
1.773419 245.778862
5.527349 245.622449
5.370935 245.466035
5.527349 245.309621
5.683763 245.153207
5.527349 244.996794
5.527349 244.840380
5.370935 244.683966
2.242660 244.527552
5.527349 244.371139
5.370935 244.214725
5.214521 244.058311
5.527349 243.901897
5.527349 243.745484
5.058108 243.589070
5.527349 243.432656
5.370935 243.276242
2.086247 243.119829
1.929833 242.963415
1.929833 242.807001
2.086247 242.650587
2.555488 242.494174
1.773419 242.337760
1.929833 242.181346
2.242660 242.024932
1.617005 241.868519
1.929833 241.712105
5.683763 241.555691
5.840176 241.399277
6.153004 241.242864
5.840176 241.086450
5.996590 240.930036
5.996590 240.773622
6.153004 240.617209
5.840176 240.460795
2.555488 240.304381
2.399074 240.147967
5.683763 239.991554
5.683763 239.835140
5.996590 239.678726
5.840176 239.522312
5.840176 239.365899
5.683763 239.209485
5.683763 239.053071
6.153004 238.896657
5.996590 238.740244
6.309418 238.583830
5.996590 238.427416
5.996590 238.271002
5.996590 238.114589
5.683763 237.958175
5.683763 237.801761
5.683763 237.645347
6.153004 237.488934
6.153004 237.332520
6.465831 237.176106
5.840176 237.019692
5.996590 236.863279
6.309418 236.706865
6.153004 236.550451
5.683763 236.394038
6.153004 236.237624
6.153004 236.081210
6.309418 235.924796
5.996590 235.768383
2.399074 235.611969
2.086247 235.455555
5.840176 235.299141
6.153004 235.142728
2.086247 234.986314
2.086247 234.829900
2.555488 234.673486
5.996590 234.517073
5.840176 234.360659
5.840176 234.204245
6.153004 234.047831
6.153004 233.891418
6.153004 233.735004
5.683763 233.578590
2.399074 233.422176
2.242660 233.265763
2.399074 233.109349
6.153004 232.952935
2.242660 232.796521
6.309418 232.640108
2.399074 232.483694
6.153004 232.327280
2.555488 232.170866
2.399074 232.014453
2.399074 231.858039
2.555488 231.701625
6.465831 231.545211
6.309418 231.388798
2.242660 231.232384
5.840176 231.075970
6.465831 230.919556
6.622245 230.763143
6.622245 230.606729
6.778659 230.450315
6.622245 230.293901
5.840176 230.137488
6.465831 229.981074
6.153004 229.824660
2.399074 229.668246
2.399074 229.511833
2.399074 229.355419
2.399074 229.199005
2.399074 229.042591
2.399074 228.886178
2.399074 228.729764
2.399074 228.573350
2.399074 228.416936
6.778659 228.260523
6.778659 228.104109
6.778659 227.947695
6.622245 227.791281
6.778659 227.634868
6.465831 227.478454
2.399074 227.322040
2.086247 227.165627
2.399074 227.009213
2.555488 226.852799
2.086247 226.696385
2.242660 226.539972
2.086247 226.383558
2.399074 226.227144
2.242660 226.070730
6.778659 225.914317
6.778659 225.757903
6.778659 225.601489
2.399074 225.445075
7.091486 225.288662
6.935073 225.132248
7.247900 224.975834
7.091486 224.819420
7.560728 224.663007
7.404314 224.506593
7.560728 224.350179
7.404314 224.193765
7.247900 224.037352
7.560728 223.880938
2.399074 223.724524
2.086247 223.568110
2.399074 223.411697
2.399074 223.255283
7.560728 223.098869
7.404314 222.942455
7.091486 222.786042
7.717141 222.629628
7.560728 222.473214
7.247900 222.316800
7.560728 222.160387
7.247900 222.003973
7.560728 221.847559
7.560728 221.691145
7.404314 221.534732
7.873555 221.378318
7.873555 221.221904
8.029969 221.065490
7.873555 220.909077
8.029969 220.752663
8.029969 220.596249
8.029969 220.439835
7.873555 220.283422
7.873555 220.127008
7.873555 219.970594
7.873555 219.814180
7.717141 219.657767
8.029969 219.501353
8.186383 219.344939
7.717141 219.188525
8.186383 219.032112
8.186383 218.875698
8.029969 218.719284
8.029969 218.562871
8.342796 218.406457
8.499210 218.250043
8.342796 218.093629
8.342796 217.937216
8.342796 217.780802
8.499210 217.624388
8.499210 217.467974
8.342796 217.311561
8.186383 217.155147
8.342796 216.998733
2.399074 216.842319
8.342796 216.685906
8.499210 216.529492
1.929833 216.373078
2.242660 216.216664
1.617005 216.060251
2.086247 215.903837
8.499210 215.747423
8.655624 215.591009
8.812038 215.434596
8.499210 215.278182
8.655624 215.121768
8.655624 214.965354
8.655624 214.808941
8.342796 214.652527
8.968451 214.496113
9.124865 214.339699
9.124865 214.183286
8.812038 214.026872
8.968451 213.870458
8.812038 213.714044
8.968451 213.557631
8.655624 213.401217
8.812038 213.244803
8.968451 213.088389
8.968451 212.931976
8.655624 212.775562
8.812038 212.619148
8.655624 212.462734
8.812038 212.306321
9.124865 212.149907
9.124865 211.993493
9.281279 211.837079
9.124865 211.680666
9.124865 211.524252
8.342796 211.367838
8.655624 211.211424
8.655624 211.055011
8.812038 210.898597
9.281279 210.742183
9.281279 210.585769
8.968451 210.429356
9.437693 210.272942
9.124865 210.116528
8.968451 209.960114
8.968451 209.803701
8.968451 209.647287
8.968451 209.490873
9.281279 209.334460
8.968451 209.178046
8.968451 209.021632
9.281279 208.865218
9.437693 208.708805
9.437693 208.552391
9.124865 208.395977
9.437693 208.239563
9.437693 208.083150
9.594106 207.926736
9.437693 207.770322
9.437693 207.613908
9.594106 207.457495
9.281279 207.301081
9.437693 207.144667
9.437693 206.988253
9.437693 206.831840
9.594106 206.675426
9.437693 206.519012
9.437693 206.362598
9.437693 206.206185
9.437693 206.049771
9.281279 205.893357
9.437693 205.736943
9.437693 205.580530
9.594106 205.424116
9.437693 205.267702
8.968451 205.111288
8.968451 204.954875
9.750520 204.798461
9.750520 204.642047
9.437693 204.485633
9.594106 204.329220
9.437693 204.172806
9.281279 204.016392
9.281279 203.859978
8.968451 203.703565
9.437693 203.547151
9.124865 203.390737
2.555488 203.234323
9.124865 203.077910
9.124865 202.921496
8.812038 202.765082
9.281279 202.608668
9.281279 202.452255
9.281279 202.295841
9.281279 202.139427
9.124865 201.983013
9.437693 201.826600
9.281279 201.670186
9.281279 201.513772
9.124865 201.357358
8.968451 201.200945
8.968451 201.044531
8.968451 200.888117
8.968451 200.731704
8.968451 200.575290
8.968451 200.418876
8.655624 200.262462
9.124865 200.106049
9.124865 199.949635
9.281279 199.793221
8.968451 199.636807
9.281279 199.480394
9.437693 199.323980
8.968451 199.167566
9.281279 199.011152
9.281279 198.854739
9.124865 198.698325
8.812038 198.541911
9.124865 198.385497
9.281279 198.229084
9.281279 198.072670
9.281279 197.916256
8.812038 197.759842
9.124865 197.603429
8.655624 197.447015
9.124865 197.290601
9.124865 197.134187
9.124865 196.977774
8.968451 196.821360
8.812038 196.664946
9.124865 196.508532
2.399074 196.352119
8.655624 196.195705
8.655624 196.039291
8.968451 195.882877
8.499210 195.726464
8.655624 195.570050
8.655624 195.413636
8.655624 195.257222
8.342796 195.100809
8.499210 194.944395
8.186383 194.787981
8.499210 194.631567
8.342796 194.475154
7.873555 194.318740
7.873555 194.162326
7.560728 194.005912
7.873555 193.849499
2.086247 193.693085
7.717141 193.536671
2.086247 193.380257
2.242660 193.223844
2.086247 193.067430
2.399074 192.911016
7.404314 192.754602
1.773419 192.598189
2.086247 192.441775
1.929833 192.285361
7.717141 192.128947
7.717141 191.972534
7.247900 191.816120
7.404314 191.659706
7.247900 191.503293
7.404314 191.346879
2.242660 191.190465
1.929833 191.034051
2.086247 190.877638
1.929833 190.721224
7.091486 190.564810
7.247900 190.408396
7.247900 190.251983
1.617005 190.095569
7.091486 189.939155
1.617005 189.782741
1.617005 189.626328
7.560728 189.313500
1.617005 189.157086
1.773419 189.000673
1.929833 188.844259
1.617005 188.687845
7.404314 188.531431
1.773419 188.375018
7.717141 188.218604
7.717141 188.062190
7.404314 187.905776
7.247900 187.749363
1.929833 187.592949
1.617005 187.436535
1.617005 187.280121
1.929833 187.123708
1.773419 186.967294
1.773419 186.810880
1.929833 186.654466
1.929833 186.498053
2.086247 186.341639
2.086247 186.185225
1.929833 185.872398
1.617005 185.715984
1.617005 185.559570
1.773419 185.403156
1.617005 185.246743
1.617005 185.090329
1.617005 184.464674
1.617005 184.308260
1.617005 184.151846
1.617005 183.839019
1.929833 183.682605
2.086247 183.526191
1.773419 183.369778
1.773419 183.213364
1.773419 183.056950
1.617005 182.900536
1.773419 182.744123
1.617005 182.431295
1.617005 182.274882
1.617005 182.118468
6.935073 181.492813
6.935073 181.336399
7.091486 181.179985
2.086247 181.023572
1.617005 180.867158
7.560728 180.710744
1.617005 180.554330
1.773419 180.397917
1.929833 180.241503
2.086247 180.085089
2.086247 179.928675
1.773419 179.772262
1.773419 179.615848
2.086247 179.459434
2.086247 179.303020
1.773419 179.146607
6.778659 178.833779
2.086247 178.677365
1.773419 178.520952
1.773419 178.364538
2.086247 178.208124
2.086247 178.051710
1.773419 177.895297
1.773419 177.738883
1.617005 177.582469
1.617005 177.426055
1.773419 177.269642
1.773419 177.113228
1.773419 176.956814
1.617005 176.800400
1.617005 176.643987
1.617005 176.487573
1.617005 176.331159
1.617005 175.861918
1.617005 175.705504
7.091486 175.549090
7.091486 175.392677
1.929833 175.236263
1.617005 174.923435
1.617005 174.767022
1.929833 174.610608
1.929833 174.454194
1.773419 174.297780
1.773419 174.141367
2.086247 173.984953
6.935073 173.828539
7.247900 173.672126
1.929833 173.515712
2.086247 173.359298
2.242660 173.202884
1.773419 173.046471
1.617005 172.890057
1.773419 172.733643
7.247900 172.577229
7.247900 172.420816
7.091486 172.264402
2.399074 172.107988
7.091486 171.951574
7.091486 171.795161
7.091486 171.638747
7.247900 171.482333
7.404314 171.325919
7.404314 171.169506
7.560728 171.013092
7.247900 170.856678
7.404314 170.700264
7.091486 170.543851
7.091486 170.387437
7.404314 170.231023
7.404314 170.074609
7.560728 169.918196
7.717141 169.761782
7.717141 169.605368
9.906934 169.448954
10.219761 169.292541
12.565967 169.136127
13.973691 168.979713
15.381415 168.823299
16.319897 168.666886
17.414794 168.510472
22.107206 168.354058
25.079067 168.197644
25.391895 168.041231
26.330377 167.884817
28.989411 167.728403
30.084307 167.571989
32.274099 167.415576
34.463892 167.259162
35.402374 167.102748
38.999891 166.946334
39.469132 166.789921
39.781959 166.633507
39.781959 166.477093
40.564028 166.320679
40.876855 166.164266
41.189683 166.007852
41.658924 165.851438
41.502510 165.695024
41.658924 165.538611
41.346097 165.382197
40.251200 165.225783
40.564028 165.069369
40.407614 164.912956
40.407614 164.756542
40.094787 164.600128
39.938373 164.443715
39.781959 164.287301
39.781959 164.130887
39.938373 163.974473
40.251200 163.818060
40.407614 163.661646
40.407614 163.505232
41.033269 163.348818
41.189683 163.192405
41.502510 163.035991
41.502510 162.879577
41.815338 162.723163
41.346097 162.566750
41.502510 162.410336
41.658924 162.253922
41.502510 162.097508
41.658924 161.941095
42.128165 161.784681
42.440993 161.628267
42.910234 161.471853
42.753820 161.315440
41.815338 161.159026
41.658924 161.002612
41.033269 160.846198
41.189683 160.689785
41.033269 160.533371
41.033269 160.376957
40.564028 160.220543
40.876855 160.064130
40.407614 159.907716
40.564028 159.751302
40.564028 159.594888
40.407614 159.438475
40.564028 159.282061
39.938373 159.125647
40.251200 158.969233
40.720442 158.812820
40.720442 158.656406
40.564028 158.499992
40.564028 158.343578
40.876855 158.187165
40.876855 158.030751
41.033269 157.874337
40.407614 157.717923
40.094787 157.561510
39.312718 157.405096
2.868315 157.248682
2.242660 157.092268
1.617005 156.935855
1.929833 154.746062
2.555488 154.589649
2.711902 154.433235
2.086247 154.276821
2.399074 154.120407
2.242660 153.963994
2.086247 153.807580
2.711902 153.651166
2.711902 153.494752
2.242660 153.338339
99.844838 153.181925
100.001251 153.025511
100.157665 152.869097
100.157665 152.712684
2.555488 152.556270
2.868315 152.399856
2.555488 152.243442
3.024729 152.087029
100.470493 151.930615
100.626906 151.774201
100.314079 151.617787
3.181143 151.461374
3.650384 151.304960
3.493970 151.148546
3.181143 150.992132
3.650384 150.835719
3.337557 150.679305
3.337557 150.522891
2.868315 150.366477
3.181143 150.210064
2.711902 150.053650
3.181143 149.897236
2.868315 149.740822
2.711902 149.584409
3.337557 149.427995
3.181143 149.271581
2.711902 149.115167
3.337557 148.958754
3.024729 148.802340
3.181143 148.645926
3.337557 148.489512
7.247900 148.333099
7.560728 148.176685
7.560728 148.020271
7.404314 147.863857
6.935073 147.707444
7.404314 147.551030
7.247900 147.394616
7.404314 147.238202
7.560728 147.081789
8.968451 146.925375
8.812038 146.768961
8.499210 146.612548
8.342796 146.456134
8.655624 146.299720
8.655624 146.143306
8.812038 145.986893
9.124865 145.830479
10.376175 145.674065
10.376175 145.517651
10.376175 145.361238
10.063348 145.204824
9.906934 145.048410
9.906934 144.891996
9.750520 144.735583
9.906934 144.579169
10.063348 144.422755
9.750520 144.266341
9.750520 144.109928
9.437693 143.953514
4.588866 143.797100
3.963211 143.640686
3.806798 143.484273
3.024729 143.327859
100.470493 143.171445
100.939734 143.015031
5.214521 142.858618
5.527349 142.702204
5.683763 142.545790
5.683763 142.389376
6.309418 142.232963
5.996590 142.076549
6.622245 141.920135
6.935073 141.763721
7.247900 141.607308
7.247900 141.450894
7.091486 141.294480
7.717141 141.138066
8.186383 140.981653
8.029969 140.825239
8.342796 140.668825
8.812038 140.512411
8.499210 140.355998
8.968451 140.199584
9.594106 140.043170
9.594106 139.886756
10.063348 139.730343
10.376175 139.573929
10.532589 139.417515
10.689003 139.261101
10.532589 139.104688
10.532589 138.948274
11.158244 138.791860
11.001830 138.635446
11.314658 138.479033
11.783899 138.322619
12.096726 138.166205
12.565967 138.009792
12.409554 137.853378
12.878795 137.696964
12.878795 137.540550
13.348036 137.384137
13.191622 137.227723
13.973691 137.071309
13.973691 136.914895
14.442932 136.758482
14.599346 136.602068
14.912174 136.445654
14.912174 136.289240
15.225001 136.132827
15.381415 135.976413
15.381415 135.819999
16.007070 135.663585
16.007070 135.507172
16.319897 135.350758
16.789139 135.194344
16.945552 135.037930
17.571207 134.881517
17.414794 134.725103
17.571207 134.568689
18.196862 134.412275
18.353276 134.255862
18.353276 134.099448
18.666104 133.943034
18.509690 133.786620
18.822517 133.630207
18.822517 133.473793
19.448172 133.317379
19.917414 133.160965
20.386655 133.004552
20.230241 132.848138
20.386655 132.691724
20.699482 132.535310
21.012310 132.378897
21.325137 132.222483
21.637965 132.066069
22.576447 131.909655
22.420033 131.753242
22.732861 131.596828
22.732861 131.440414
22.889275 131.284000
22.889275 131.127587
23.358516 130.971173
23.358516 130.814759
23.827757 130.658345
23.671343 130.501932
23.984171 130.345518
24.296998 130.189104
23.671343 130.032690
24.453412 129.876277
24.766240 129.719863
25.235481 129.563449
25.391895 129.407035
25.548308 129.250622
25.861136 129.094208
25.861136 128.937794
26.173963 128.781381
26.486791 128.624967
26.486791 128.468553
27.112446 128.312139
27.268860 128.155726
27.425273 127.999312
27.425273 127.842898
27.738101 127.686484
27.894515 127.530071
28.363756 127.373657
28.676583 127.217243
28.832997 127.060829
28.832997 126.904416
