40.564028 295.674847
40.876855 295.518433
40.720442 295.362020
40.876855 295.205606
41.033269 295.049192
40.720442 294.892778
40.876855 294.736365
40.876855 294.579951
41.033269 294.423537
41.033269 294.267123
40.876855 294.110710
40.720442 293.954296
41.033269 293.797882
40.564028 293.641468
41.189683 293.485055
41.189683 293.328641
41.033269 293.172227
40.876855 293.015813
41.033269 292.859400
41.033269 292.702986
41.033269 292.546572
41.189683 292.390158
41.033269 292.233745
40.876855 292.077331
40.720442 291.920917
40.876855 291.764503
40.720442 291.608090
41.033269 291.451676
40.720442 291.295262
41.033269 291.138848
40.407614 290.982435
40.876855 290.826021
40.720442 290.669607
40.564028 290.513193
40.564028 290.356780
40.720442 290.200366
40.876855 290.043952
40.720442 289.887539
40.720442 289.731125
40.564028 289.574711
41.033269 289.418297
40.876855 289.261884
41.189683 289.105470
41.033269 288.949056
40.720442 288.792642
40.876855 288.636229
40.407614 288.479815
40.251200 288.323401
40.720442 288.166987
40.876855 288.010574
40.720442 287.854160
41.033269 287.697746
40.720442 287.541332
40.876855 287.384919
40.876855 287.228505
41.033269 287.072091
40.876855 286.915677
40.876855 286.759264
40.876855 286.602850
41.033269 286.446436
40.876855 286.290022
41.033269 286.133609
40.876855 285.977195
41.033269 285.820781
41.033269 285.664367
40.720442 285.507954
40.876855 285.351540
41.033269 285.195126
40.876855 285.038712
40.720442 284.882299
40.720442 284.725885
40.720442 284.569471
40.720442 284.413057
40.720442 284.256644
41.033269 284.100230
40.720442 283.943816
40.876855 283.787402
40.564028 283.630989
40.876855 283.474575
40.876855 283.318161
40.876855 283.161747
40.876855 283.005334
41.033269 282.848920
40.720442 282.692506
40.876855 282.536092
40.720442 282.379679
40.876855 282.223265
40.720442 282.066851
40.564028 281.910437
40.876855 281.754024
40.407614 281.597610
40.876855 281.441196
40.720442 281.284783
40.720442 281.128369
40.564028 280.971955
40.407614 280.815541
40.720442 280.659128
40.720442 280.502714
40.720442 280.346300
40.564028 280.189886
40.720442 280.033473
40.720442 279.877059
40.720442 279.720645
40.876855 279.564231
40.720442 279.407818
40.720442 279.251404
40.251200 279.094990
40.564028 278.938576
40.564028 278.782163
40.564028 278.625749
40.564028 278.469335
40.876855 278.312921
40.564028 278.156508
40.876855 278.000094
40.564028 277.843680
40.720442 277.687266
40.720442 277.530853
40.720442 277.374439
40.720442 277.218025
40.876855 277.061611
40.876855 276.905198
40.720442 276.748784
40.720442 276.592370
40.720442 276.435956
40.564028 276.279543
39.938373 276.123129
40.564028 275.966715
40.564028 275.810301
40.564028 275.653888
40.564028 275.497474
40.407614 275.341060
40.251200 275.184646
40.094787 275.028233
40.564028 274.871819
40.094787 274.715405
40.251200 274.558991
40.407614 274.402578
40.251200 274.246164
39.781959 274.089750
39.938373 273.933336
38.217822 273.776923
38.530649 273.620509
38.530649 273.464095
38.374236 273.307681
38.687063 273.151268
38.687063 272.994854
38.374236 272.838440
38.687063 272.682026
38.687063 272.525613
2.555488 272.369199
2.399074 272.212785
2.555488 272.056372
2.555488 271.899958
38.061408 271.743544
38.530649 271.587130
38.530649 271.430717
38.530649 271.274303
38.843477 271.117889
38.843477 270.961475
38.530649 270.805062
38.843477 270.648648
38.687063 270.492234
38.530649 270.335820
39.312718 270.179407
39.625545 270.022993
38.687063 269.866579
39.469132 269.710165
39.312718 269.553752
39.156304 269.397338
39.156304 269.240924
38.999891 269.084510
39.156304 268.928097
38.999891 268.771683
39.312718 268.615269
39.312718 268.458855
39.156304 268.302442
39.156304 268.146028
39.469132 267.989614
39.469132 267.833200
39.469132 267.676787
39.312718 267.520373
39.312718 267.363959
39.625545 267.207545
39.312718 267.051132
39.781959 266.894718
39.625545 266.738304
39.625545 266.581890
39.625545 266.425477
39.625545 266.269063
39.469132 266.112649
39.469132 265.956235
39.625545 265.799822
39.469132 265.643408
39.312718 265.486994
39.156304 265.330580
39.156304 265.174167
38.687063 265.017753
38.999891 264.861339
2.086247 264.704925
1.929833 264.548512
2.086247 264.392098
2.399074 264.235684
2.399074 264.079270
2.086247 263.922857
2.242660 263.766443
2.242660 263.610029
2.555488 263.453616
2.555488 263.297202
2.555488 263.140788
2.399074 262.984374
2.399074 262.827961
2.242660 262.671547
1.929833 262.515133
2.555488 262.358719
2.399074 262.202306
2.242660 262.045892
2.399074 261.889478
2.711902 261.733064
2.711902 261.576651
2.555488 261.420237
2.711902 261.263823
2.555488 261.107409
2.399074 260.950996
2.555488 260.794582
2.399074 260.638168
2.399074 260.481754
2.399074 260.325341
2.242660 260.168927
2.399074 260.012513
2.555488 259.856099
2.555488 259.699686
2.555488 259.543272
2.399074 259.386858
2.399074 259.230444
2.399074 259.074031
2.399074 258.917617
2.399074 258.761203
2.399074 258.604789
2.399074 258.448376
2.399074 258.291962
2.555488 258.135548
2.399074 257.979134
2.086247 257.822721
2.399074 257.666307
2.399074 257.509893
2.399074 257.353479
2.242660 257.197066
2.399074 257.040652
2.086247 256.884238
2.555488 256.727824
1.929833 256.571411
2.399074 256.414997
2.399074 256.258583
1.929833 256.102169
2.399074 255.945756
2.399074 255.789342
2.399074 255.632928
2.086247 255.476514
2.555488 255.320101
2.555488 255.163687
2.242660 255.007273
2.555488 254.850859
2.399074 254.694446
2.555488 254.538032
2.242660 254.381618
2.555488 254.225205
2.399074 254.068791
2.242660 253.912377
2.555488 253.755963
2.555488 253.599550
2.242660 253.443136
2.555488 253.286722
2.711902 253.130308
2.555488 252.973895
2.711902 252.817481
2.555488 252.661067
2.555488 252.504653
2.555488 252.348240
2.555488 252.191826
2.555488 252.035412
2.711902 251.878998
2.711902 251.722585
1.929833 251.566171
2.555488 251.409757
2.086247 251.253343
2.242660 251.096930
2.086247 250.940516
2.399074 250.784102
2.399074 250.627688
2.555488 250.471275
2.399074 250.314861
2.399074 250.158447
2.399074 250.002033
2.711902 249.845620
2.242660 249.689206
2.555488 249.532792
2.399074 249.376378
2.399074 249.219965
2.399074 249.063551
2.242660 248.907137
2.555488 248.750723
2.868315 248.594310
2.399074 248.437896
2.868315 248.281482
2.868315 248.125068
2.711902 247.968655
2.711902 247.812241
2.711902 247.655827
2.711902 247.499413
2.711902 247.343000
2.711902 247.186586
2.868315 247.030172
2.868315 246.873758
2.868315 246.717345
2.711902 246.560931
3.024729 246.404517
3.024729 246.248103
2.711902 246.091690
2.555488 245.935276
3.024729 245.778862
3.024729 245.622449
2.711902 245.466035
2.868315 245.309621
2.711902 245.153207
3.024729 244.996794
2.868315 244.840380
3.024729 244.683966
2.868315 244.527552
3.024729 244.371139
3.024729 244.214725
3.024729 244.058311
3.024729 243.901897
3.024729 243.745484
3.024729 243.589070
3.024729 243.432656
3.024729 243.276242
2.868315 243.119829
2.868315 242.963415
3.181143 242.807001
3.024729 242.650587
2.868315 242.494174
3.181143 242.337760
3.337557 242.181346
3.337557 242.024932
3.181143 241.868519
3.181143 241.712105
3.181143 241.555691
3.181143 241.399277
3.181143 241.242864
3.337557 241.086450
3.493970 240.930036
3.493970 240.773622
3.337557 240.617209
3.493970 240.460795
3.181143 240.304381
3.493970 240.147967
3.493970 239.991554
3.337557 239.835140
3.337557 239.678726
3.493970 239.522312
3.650384 239.365899
3.650384 239.209485
3.650384 239.053071
3.650384 238.896657
3.650384 238.740244
3.650384 238.583830
3.650384 238.427416
3.650384 238.271002
3.493970 238.114589
3.806798 237.958175
3.650384 237.801761
3.806798 237.645347
3.806798 237.488934
3.650384 237.332520
3.806798 237.176106
3.493970 237.019692
3.650384 236.863279
3.650384 236.706865
3.806798 236.550451
3.963211 236.394038
3.963211 236.237624
3.963211 236.081210
3.806798 235.924796
3.963211 235.768383
3.963211 235.611969
3.963211 235.455555
4.119625 235.299141
4.119625 235.142728
4.119625 234.986314
3.963211 234.829900
4.119625 234.673486
4.119625 234.517073
3.963211 234.360659
4.119625 234.204245
3.963211 234.047831
3.963211 233.891418
3.963211 233.735004
4.119625 233.578590
4.276039 233.422176
4.276039 233.265763
4.276039 233.109349
4.432453 232.952935
4.276039 232.796521
4.119625 232.640108
4.119625 232.483694
3.963211 232.327280
4.432453 232.170866
4.119625 232.014453
4.432453 231.858039
4.119625 231.701625
4.432453 231.545211
4.588866 231.388798
4.432453 231.232384
4.432453 231.075970
4.588866 230.919556
4.588866 230.763143
4.588866 230.606729
3.963211 230.450315
4.588866 230.293901
4.432453 230.137488
4.588866 229.981074
4.276039 229.824660
4.588866 229.668246
4.588866 229.511833
4.432453 229.355419
4.745280 229.199005
4.901694 229.042591
4.745280 228.886178
4.901694 228.729764
4.901694 228.573350
5.058108 228.416936
4.901694 228.260523
4.901694 228.104109
4.745280 227.947695
4.588866 227.791281
4.745280 227.634868
5.058108 227.478454
5.058108 227.322040
5.058108 227.165627
4.901694 227.009213
4.745280 226.852799
4.901694 226.696385
4.745280 226.539972
4.745280 226.383558
4.901694 226.227144
4.432453 226.070730
5.058108 225.914317
5.058108 225.757903
5.058108 225.601489
4.901694 225.445075
5.058108 225.288662
4.745280 225.132248
5.058108 224.975834
5.214521 224.819420
5.214521 224.663007
5.214521 224.506593
5.058108 224.350179
5.370935 224.193765
5.370935 224.037352
5.214521 223.880938
4.745280 223.724524
5.214521 223.568110
5.370935 223.411697
5.214521 223.255283
4.901694 223.098869
5.214521 222.942455
5.527349 222.786042
5.370935 222.629628
5.370935 222.473214
5.058108 222.316800
5.370935 222.160387
5.527349 222.003973
5.683763 221.847559
5.370935 221.691145
5.683763 221.534732
5.527349 221.378318
5.683763 221.221904
5.683763 221.065490
5.370935 220.909077
5.683763 220.752663
5.370935 220.596249
5.840176 220.439835
5.840176 220.283422
5.214521 220.127008
5.370935 219.970594
5.683763 219.814180
5.683763 219.657767
5.996590 219.501353
5.996590 219.344939
5.683763 219.188525
5.840176 219.032112
5.840176 218.875698
5.683763 218.719284
5.527349 218.562871
5.840176 218.406457
5.683763 218.250043
5.840176 218.093629
5.683763 217.937216
5.996590 217.780802
5.527349 217.624388
5.996590 217.467974
5.840176 217.311561
5.996590 217.155147
5.996590 216.998733
6.153004 216.842319
5.996590 216.685906
6.153004 216.529492
6.153004 216.373078
6.153004 216.216664
5.840176 216.060251
6.153004 215.903837
5.840176 215.747423
6.153004 215.591009
6.309418 215.434596
6.309418 215.278182
6.309418 215.121768
6.309418 214.965354
6.309418 214.808941
6.309418 214.652527
6.465831 214.496113
6.465831 214.339699
6.465831 214.183286
6.309418 214.026872
6.622245 213.870458
6.465831 213.714044
6.622245 213.557631
6.622245 213.401217
6.465831 213.244803
6.465831 213.088389
6.622245 212.931976
6.309418 212.775562
6.465831 212.619148
6.622245 212.462734
6.622245 212.306321
6.778659 212.149907
6.778659 211.993493
6.935073 211.837079
6.309418 211.680666
6.778659 211.524252
6.309418 211.367838
6.935073 211.211424
6.622245 211.055011
6.778659 210.898597
6.778659 210.742183
6.935073 210.585769
6.778659 210.429356
6.778659 210.272942
6.465831 210.116528
6.935073 209.960114
6.778659 209.803701
6.935073 209.647287
6.935073 209.490873
6.778659 209.334460
6.778659 209.178046
6.778659 209.021632
7.091486 208.865218
6.465831 208.708805
7.091486 208.552391
6.622245 208.395977
7.247900 208.239563
7.247900 208.083150
6.622245 207.926736
7.247900 207.770322
6.935073 207.613908
6.935073 207.457495
7.091486 207.301081
6.935073 207.144667
6.778659 206.988253
6.935073 206.831840
6.935073 206.675426
7.247900 206.519012
7.247900 206.362598
7.091486 206.206185
6.778659 206.049771
6.935073 205.893357
7.091486 205.736943
7.247900 205.580530
6.935073 205.424116
7.091486 205.267702
7.404314 205.111288
6.935073 204.954875
7.404314 204.798461
7.404314 204.642047
7.404314 204.485633
7.404314 204.329220
7.404314 204.172806
7.091486 204.016392
7.404314 203.859978
7.404314 203.703565
7.247900 203.547151
7.404314 203.390737
7.247900 203.234323
7.404314 203.077910
7.404314 202.921496
7.091486 202.765082
7.560728 202.608668
7.404314 202.452255
7.091486 202.295841
6.935073 202.139427
7.091486 201.983013
7.404314 201.826600
7.404314 201.670186
7.091486 201.513772
7.404314 201.357358
7.091486 201.200945
7.404314 201.044531
7.247900 200.888117
7.560728 200.731704
7.560728 200.575290
7.404314 200.418876
7.560728 200.262462
7.560728 200.106049
7.560728 199.949635
7.247900 199.793221
7.247900 199.636807
7.560728 199.480394
7.560728 199.323980
7.247900 199.167566
7.560728 199.011152
7.560728 198.854739
7.560728 198.698325
7.247900 198.541911
7.247900 198.385497
7.404314 198.229084
7.404314 198.072670
6.935073 197.916256
7.560728 197.759842
7.404314 197.603429
7.091486 197.447015
7.404314 197.290601
7.247900 197.134187
7.404314 196.977774
7.247900 196.821360
7.404314 196.664946
7.404314 196.508532
7.247900 196.352119
7.404314 196.195705
7.247900 196.039291
7.404314 195.882877
7.091486 195.726464
7.247900 195.570050
7.404314 195.413636
7.247900 195.257222
7.091486 195.100809
6.935073 194.944395
6.778659 194.787981
7.091486 194.631567
6.935073 194.475154
7.091486 194.318740
6.935073 194.162326
7.247900 194.005912
7.404314 193.849499
6.935073 193.693085
7.091486 193.536671
7.247900 193.380257
7.091486 193.223844
7.091486 193.067430
7.091486 192.911016
7.091486 192.754602
7.404314 192.598189
6.778659 192.441775
7.091486 192.285361
6.935073 192.128947
7.247900 191.972534
7.247900 191.816120
7.091486 191.659706
6.935073 191.503293
6.935073 191.346879
6.935073 191.190465
6.935073 191.034051
6.622245 190.877638
7.247900 190.721224
7.404314 190.564810
7.247900 190.408396
6.935073 190.251983
7.091486 190.095569
7.247900 189.939155
7.247900 189.782741
7.091486 189.626328
7.247900 189.469914
7.091486 189.313500
6.465831 189.157086
6.935073 189.000673
5.996590 188.844259
6.622245 188.687845
6.622245 188.531431
6.778659 188.375018
5.996590 188.218604
6.778659 188.062190
6.309418 187.905776
6.622245 187.749363
6.465831 187.592949
6.465831 187.436535
6.309418 187.280121
2.242660 187.123708
2.242660 186.967294
2.242660 186.810880
1.929833 186.654466
6.622245 186.498053
6.153004 186.341639
6.465831 186.185225
6.309418 186.028811
5.996590 185.872398
2.086247 185.715984
2.242660 185.559570
6.153004 185.403156
6.309418 185.246743
6.465831 185.090329
2.399074 184.933915
1.773419 184.777501
2.242660 184.621088
1.929833 184.464674
2.086247 184.308260
6.309418 184.151846
6.309418 183.995433
5.840176 183.839019
2.086247 183.682605
2.086247 183.526191
2.242660 183.369778
2.242660 183.213364
6.309418 183.056950
6.309418 182.900536
6.153004 182.744123
6.153004 182.587709
5.683763 182.431295
1.773419 182.274882
2.086247 182.118468
1.929833 181.962054
1.773419 181.805640
6.153004 181.649227
6.465831 181.492813
5.996590 181.336399
6.153004 181.179985
6.153004 181.023572
6.153004 180.867158
6.309418 180.710744
6.622245 180.554330
6.622245 180.397917
6.465831 180.241503
6.622245 180.085089
2.086247 179.928675
2.242660 179.772262
2.242660 179.615848
6.465831 179.459434
1.929833 179.303020
6.622245 179.146607
6.465831 178.990193
6.309418 178.833779
6.465831 178.677365
6.309418 178.520952
6.153004 178.364538
1.929833 178.208124
1.617005 178.051710
1.617005 177.895297
2.086247 177.738883
2.086247 177.582469
2.086247 177.426055
2.086247 177.269642
1.773419 177.113228
2.086247 176.956814
1.929833 176.800400
1.617005 176.643987
2.086247 176.487573
1.617005 176.331159
1.929833 176.174745
1.773419 176.018332
2.086247 175.861918
6.153004 175.705504
2.086247 175.549090
1.617005 175.392677
1.929833 175.236263
6.309418 175.079849
6.309418 174.923435
6.309418 174.767022
6.153004 174.610608
6.153004 174.454194
1.773419 174.297780
2.086247 174.141367
2.242660 173.984953
2.086247 173.828539
2.399074 173.672126
6.309418 173.515712
6.622245 173.359298
6.465831 173.202884
2.086247 173.046471
6.622245 172.890057
6.622245 172.733643
6.465831 172.577229
6.465831 172.420816
6.465831 172.264402
6.309418 172.107988
6.622245 171.951574
6.309418 171.795161
6.622245 171.638747
6.778659 171.482333
6.465831 171.325919
6.778659 171.169506
6.622245 171.013092
6.935073 170.856678
6.465831 170.700264
7.091486 170.543851
6.935073 170.387437
6.935073 170.231023
6.465831 170.074609
5.996590 169.918196
7.091486 169.761782
7.404314 169.605368
9.124865 169.448954
12.253140 169.292541
13.348036 169.136127
14.130105 168.979713
15.850656 168.823299
17.571207 168.666886
19.135345 168.510472
19.448172 168.354058
19.917414 168.197644
21.637965 168.041231
22.107206 167.884817
23.514930 167.728403
24.296998 167.571989
25.235481 167.415576
25.548308 167.259162
27.738101 167.102748
28.207342 166.946334
29.302238 166.789921
30.397135 166.633507
31.648444 166.477093
31.961272 166.320679
34.620306 166.164266
35.402374 166.007852
36.497271 165.851438
37.435753 165.695024
37.904994 165.538611
38.843477 165.382197
38.843477 165.225783
39.469132 165.069369
39.625545 164.912956
39.781959 164.756542
39.938373 164.600128
39.625545 164.443715
40.251200 164.287301
40.407614 164.130887
40.720442 163.974473
40.407614 163.818060
40.407614 163.661646
40.251200 163.505232
40.407614 163.348818
40.251200 163.192405
40.407614 163.035991
40.251200 162.879577
40.407614 162.723163
40.407614 162.566750
40.094787 162.410336
39.938373 162.253922
40.094787 162.097508
40.251200 161.941095
40.564028 161.784681
40.564028 161.628267
40.407614 161.471853
40.564028 161.315440
40.564028 161.159026
40.720442 161.002612
40.564028 160.846198
40.720442 160.689785
40.564028 160.533371
40.251200 160.376957
40.407614 160.220543
40.251200 160.064130
40.094787 159.907716
39.312718 159.751302
39.938373 159.594888
39.469132 159.438475
39.625545 159.282061
39.625545 159.125647
39.312718 158.969233
39.312718 158.812820
39.469132 158.656406
39.469132 158.499992
39.938373 158.343578
40.251200 158.187165
40.251200 158.030751
39.938373 157.874337
39.469132 157.717923
40.251200 157.561510
40.094787 157.405096
39.781959 157.248682
39.312718 157.092268
39.156304 156.935855
2.711902 156.779441
1.617005 155.371717
1.617005 155.215304
1.773419 155.058890
1.773419 154.902476
2.555488 154.120407
2.555488 153.963994
2.242660 153.807580
1.617005 153.651166
1.617005 153.025511
2.242660 152.869097
100.001251 152.712684
99.844838 152.556270
100.157665 152.399856
100.314079 152.243442
100.157665 152.087029
100.157665 151.930615
2.555488 151.774201
3.181143 151.617787
100.470493 151.461374
3.181143 151.304960
101.096148 151.148546
3.650384 150.992132
3.650384 150.835719
3.806798 150.679305
3.806798 150.522891
3.337557 150.366477
3.806798 150.210064
4.119625 150.053650
3.963211 149.897236
3.650384 149.740822
3.650384 149.584409
3.963211 149.427995
3.963211 149.271581
4.119625 149.115167
4.119625 148.958754
3.963211 148.802340
7.717141 148.645926
7.560728 148.489512
7.873555 148.333099
7.873555 148.176685
8.655624 148.020271
9.594106 147.863857
9.437693 147.707444
9.437693 147.551030
9.281279 147.394616
9.281279 147.238202
9.437693 147.081789
10.063348 146.925375
10.376175 146.768961
10.689003 146.612548
10.376175 146.456134
10.532589 146.299720
10.063348 146.143306
10.376175 145.986893
10.845416 145.830479
11.158244 145.674065
11.001830 145.517651
11.001830 145.361238
10.689003 145.204824
10.532589 145.048410
10.376175 144.891996
10.219761 144.735583
10.219761 144.579169
9.750520 144.422755
9.124865 144.266341
4.745280 144.109928
5.058108 143.953514
4.432453 143.797100
7.091486 143.640686
6.778659 143.484273
4.119625 143.327859
4.119625 143.171445
4.901694 143.015031
8.342796 142.858618
8.186383 142.702204
8.342796 142.545790
99.375596 142.389376
99.688424 142.232963
6.465831 142.076549
6.465831 141.920135
6.935073 141.763721
6.935073 141.607308
7.247900 141.450894
7.404314 141.294480
7.404314 141.138066
7.873555 140.981653
8.186383 140.825239
8.342796 140.668825
8.812038 140.512411
8.655624 140.355998
9.124865 140.199584
9.437693 140.043170
9.750520 139.886756
10.063348 139.730343
9.906934 139.573929
10.063348 139.417515
10.219761 139.261101
10.845416 139.104688
10.845416 138.948274
11.001830 138.791860
11.314658 138.635446
11.158244 138.479033
11.783899 138.322619
12.096726 138.166205
12.253140 138.009792
12.565967 137.853378
12.878795 137.696964
12.722381 137.540550
12.878795 137.384137
13.191622 137.227723
13.348036 137.071309
13.973691 136.914895
14.286519 136.758482
14.286519 136.602068
14.755760 136.445654
14.755760 136.289240
14.755760 136.132827
15.537829 135.976413
15.850656 135.819999
16.007070 135.663585
16.163484 135.507172
16.163484 135.350758
16.476311 135.194344
16.789139 135.037930
16.945552 134.881517
17.414794 134.725103
17.414794 134.568689
17.727621 134.412275
18.353276 134.255862
18.509690 134.099448
18.822517 133.943034
18.666104 133.786620
19.291759 133.630207
19.135345 133.473793
19.135345 133.317379
19.448172 133.160965
19.917414 133.004552
20.386655 132.848138
20.543069 132.691724
20.543069 132.535310
21.012310 132.378897
21.168724 132.222483
21.481551 132.066069
21.481551 131.909655
22.263620 131.753242
22.576447 131.596828
22.576447 131.440414
22.889275 131.284000
22.576447 131.127587
23.202102 130.971173
23.045688 130.814759
23.671343 130.658345
23.514930 130.501932
23.984171 130.345518
23.984171 130.189104
24.296998 130.032690
24.922653 129.876277
24.766240 129.719863
25.079067 129.563449
25.235481 129.407035
25.704722 129.250622
25.861136 129.094208
25.704722 128.937794
26.017550 128.781381
26.643205 128.624967
26.956032 128.468553
27.112446 128.312139
27.112446 128.155726
27.581687 127.999312
27.581687 127.842898
27.894515 127.686484
28.050928 127.530071
28.050928 127.373657
28.050928 127.217243
28.520170 127.060829
28.676583 126.904416
