40.564028 295.674847
40.564028 295.518433
40.564028 295.362020
40.720442 295.205606
40.564028 295.049192
40.876855 294.892778
40.407614 294.736365
40.251200 294.579951
40.876855 294.423537
40.876855 294.267123
40.720442 294.110710
40.876855 293.954296
41.033269 293.797882
40.876855 293.641468
40.720442 293.485055
40.720442 293.328641
40.564028 293.172227
40.720442 293.015813
40.876855 292.859400
41.033269 292.702986
40.720442 292.546572
40.564028 292.390158
40.720442 292.233745
40.564028 292.077331
40.876855 291.920917
40.876855 291.764503
40.876855 291.608090
41.033269 291.451676
40.876855 291.295262
40.876855 291.138848
40.876855 290.982435
40.876855 290.826021
40.876855 290.669607
40.876855 290.513193
40.876855 290.356780
41.033269 290.200366
40.876855 290.043952
41.033269 289.887539
41.033269 289.731125
41.033269 289.574711
41.189683 289.418297
41.033269 289.261884
41.189683 289.105470
41.033269 288.949056
40.564028 288.792642
41.033269 288.636229
40.720442 288.479815
40.720442 288.323401
40.720442 288.166987
41.033269 288.010574
40.407614 287.854160
40.564028 287.697746
40.876855 287.541332
40.720442 287.384919
40.876855 287.228505
40.876855 287.072091
41.033269 286.915677
41.033269 286.759264
41.033269 286.602850
41.033269 286.446436
41.033269 286.290022
41.033269 286.133609
41.033269 285.977195
41.033269 285.820781
41.189683 285.664367
40.876855 285.507954
41.189683 285.351540
40.876855 285.195126
40.876855 285.038712
41.033269 284.882299
41.033269 284.725885
40.876855 284.569471
40.876855 284.413057
40.876855 284.256644
40.876855 284.100230
40.720442 283.943816
40.876855 283.787402
40.876855 283.630989
40.720442 283.474575
40.876855 283.318161
40.876855 283.161747
40.876855 283.005334
40.720442 282.848920
40.564028 282.692506
43.692303 282.536092
40.720442 282.379679
40.876855 282.223265
44.005130 282.066851
44.005130 281.910437
44.005130 281.754024
43.692303 281.597610
40.720442 281.441196
40.407614 281.284783
40.251200 281.128369
39.938373 280.971955
39.781959 280.815541
43.848717 280.659128
44.317958 280.502714
44.161544 280.346300
44.161544 280.189886
44.005130 280.033473
44.005130 279.877059
44.161544 279.720645
44.005130 279.564231
44.161544 279.407818
44.005130 279.251404
43.535889 279.094990
43.848717 278.938576
43.848717 278.782163
43.692303 278.625749
44.005130 278.469335
43.692303 278.312921
43.848717 278.156508
43.692303 278.000094
43.535889 277.843680
43.535889 277.687266
43.535889 277.530853
44.005130 277.374439
43.848717 277.218025
44.005130 277.061611
44.005130 276.905198
44.005130 276.748784
43.848717 276.592370
44.005130 276.435956
43.535889 276.279543
43.692303 276.123129
39.938373 275.966715
43.848717 275.810301
43.692303 275.653888
43.848717 275.497474
43.692303 275.341060
43.379475 275.184646
43.848717 275.028233
43.848717 274.871819
43.692303 274.715405
43.848717 274.558991
43.692303 274.402578
43.535889 274.246164
43.692303 274.089750
43.535889 273.933336
43.848717 273.776923
43.535889 273.620509
43.692303 273.464095
43.223062 273.307681
43.223062 273.151268
1.929833 272.994854
1.617005 272.838440
43.066648 272.682026
5.527349 272.525613
5.683763 272.369199
5.527349 272.212785
5.840176 272.056372
5.840176 271.899958
1.929833 271.743544
5.840176 271.587130
5.214521 271.430717
5.683763 271.274303
5.683763 271.117889
5.683763 270.961475
5.840176 270.805062
5.683763 270.648648
5.840176 270.492234
5.683763 270.335820
5.683763 270.179407
5.527349 270.022993
5.840176 269.866579
5.527349 269.710165
5.840176 269.553752
5.683763 269.397338
5.840176 269.240924
5.996590 269.084510
5.683763 268.928097
5.683763 268.771683
5.683763 268.615269
5.840176 268.458855
5.840176 268.302442
5.840176 268.146028
5.840176 267.989614
5.683763 267.833200
5.840176 267.676787
5.996590 267.520373
5.996590 267.363959
5.996590 267.207545
5.840176 267.051132
5.840176 266.894718
5.996590 266.738304
5.683763 266.581890
5.370935 266.112649
5.840176 265.956235
5.996590 265.799822
6.153004 265.643408
5.683763 265.486994
5.840176 265.330580
5.683763 265.174167
5.527349 265.017753
5.840176 264.861339
6.153004 264.704925
6.153004 264.548512
5.683763 264.392098
6.309418 264.235684
5.996590 264.079270
5.683763 263.922857
5.840176 263.766443
6.153004 263.610029
6.309418 263.453616
1.773419 263.297202
5.996590 263.140788
5.840176 262.984374
6.153004 262.827961
6.153004 262.671547
6.309418 262.515133
6.309418 262.358719
6.153004 262.202306
6.153004 262.045892
6.309418 261.889478
6.465831 261.733064
5.996590 261.576651
5.840176 261.420237
6.309418 261.263823
5.996590 261.107409
1.929833 260.950996
5.840176 260.794582
5.840176 260.638168
6.309418 260.481754
6.153004 260.325341
5.996590 260.168927
5.996590 260.012513
6.309418 259.856099
6.153004 259.699686
6.309418 259.543272
6.465831 259.386858
6.465831 259.230444
6.309418 259.074031
6.465831 258.917617
6.309418 258.761203
6.465831 258.604789
6.465831 258.448376
6.309418 258.291962
5.996590 258.135548
6.309418 257.979134
5.996590 257.822721
6.153004 257.666307
6.465831 257.509893
6.309418 257.353479
6.465831 257.197066
6.622245 257.040652
6.465831 256.884238
6.309418 256.727824
6.465831 256.571411
6.778659 256.414997
6.465831 256.258583
6.465831 256.102169
6.622245 255.945756
6.778659 255.789342
6.778659 255.632928
6.622245 255.476514
6.622245 255.320101
6.935073 255.163687
6.935073 255.007273
6.778659 254.850859
6.622245 254.694446
6.778659 254.538032
6.935073 254.381618
6.465831 254.225205
6.935073 254.068791
6.778659 253.912377
7.091486 253.755963
6.778659 253.599550
6.778659 253.443136
6.778659 253.286722
6.778659 253.130308
6.935073 252.973895
6.622245 252.817481
6.935073 252.661067
6.778659 252.504653
6.778659 252.348240
7.247900 252.191826
6.935073 252.035412
7.091486 251.878998
6.778659 251.722585
7.091486 251.566171
7.091486 251.409757
6.935073 251.253343
6.778659 251.096930
7.091486 250.940516
7.247900 250.784102
7.404314 250.627688
7.247900 250.471275
7.091486 250.314861
6.778659 250.158447
6.778659 250.002033
6.935073 249.845620
7.247900 249.689206
6.935073 249.532792
7.247900 249.376378
7.404314 249.219965
7.404314 249.063551
7.404314 248.907137
7.404314 248.750723
7.247900 248.594310
7.404314 248.437896
7.404314 248.281482
7.091486 248.125068
7.404314 247.968655
7.247900 247.812241
7.247900 247.655827
7.404314 247.499413
7.560728 247.343000
7.560728 247.186586
7.404314 247.030172
7.560728 246.873758
7.404314 246.717345
7.404314 246.560931
7.404314 246.404517
7.404314 246.248103
7.717141 246.091690
7.560728 245.935276
7.404314 245.778862
7.404314 245.622449
7.247900 245.466035
7.717141 245.309621
7.717141 245.153207
7.560728 244.996794
7.560728 244.840380
7.717141 244.683966
7.560728 244.527552
7.717141 244.371139
7.247900 244.214725
7.717141 244.058311
7.560728 243.901897
7.717141 243.745484
7.560728 243.589070
7.717141 243.432656
7.717141 243.276242
7.717141 243.119829
7.404314 242.963415
7.560728 242.807001
7.717141 242.650587
7.560728 242.494174
7.091486 242.337760
7.091486 242.181346
7.404314 242.024932
7.560728 241.868519
7.091486 241.712105
7.717141 241.555691
7.560728 241.399277
7.717141 241.242864
7.873555 241.086450
7.560728 240.930036
7.560728 240.773622
7.717141 240.617209
7.717141 240.460795
7.717141 240.304381
7.717141 240.147967
7.717141 239.991554
7.717141 239.835140
7.717141 239.678726
7.717141 239.522312
7.717141 239.365899
7.560728 239.209485
7.717141 239.053071
7.717141 238.896657
7.873555 238.740244
7.717141 238.583830
7.873555 238.427416
7.560728 238.271002
7.717141 238.114589
7.560728 237.958175
7.717141 237.801761
7.091486 237.645347
7.717141 237.488934
7.560728 237.332520
7.717141 237.176106
7.717141 237.019692
7.717141 236.863279
7.404314 236.706865
7.717141 236.550451
7.873555 236.394038
7.560728 236.237624
8.029969 236.081210
7.560728 235.924796
8.029969 235.768383
7.873555 235.611969
7.873555 235.455555
7.717141 235.299141
7.873555 235.142728
7.717141 234.986314
7.560728 234.829900
7.560728 234.673486
7.873555 234.517073
7.873555 234.360659
8.029969 234.204245
7.717141 234.047831
7.717141 233.891418
7.717141 233.735004
7.873555 233.578590
8.029969 233.422176
8.186383 233.265763
8.029969 233.109349
8.186383 232.952935
8.029969 232.796521
7.873555 232.640108
8.029969 232.483694
8.186383 232.327280
8.029969 232.170866
7.873555 232.014453
8.029969 231.858039
8.029969 231.701625
8.029969 231.545211
8.029969 231.388798
7.717141 231.232384
8.029969 231.075970
8.029969 230.919556
7.873555 230.763143
8.029969 230.606729
7.873555 230.450315
8.186383 230.293901
7.873555 230.137488
8.029969 229.981074
7.717141 229.824660
8.029969 229.668246
8.029969 229.511833
8.029969 229.355419
8.029969 229.199005
8.029969 229.042591
8.186383 228.886178
8.029969 228.729764
8.186383 228.573350
7.717141 228.416936
8.029969 228.260523
8.186383 228.104109
8.186383 227.947695
8.186383 227.791281
8.186383 227.634868
8.186383 227.478454
8.186383 227.322040
8.186383 227.165627
8.186383 227.009213
8.342796 226.852799
8.342796 226.696385
8.029969 226.539972
8.186383 226.383558
7.873555 226.227144
8.186383 226.070730
7.873555 225.914317
8.186383 225.757903
8.029969 225.601489
8.342796 225.445075
8.342796 225.288662
8.186383 225.132248
8.342796 224.975834
8.029969 224.819420
8.342796 224.663007
8.342796 224.506593
8.342796 224.350179
8.342796 224.193765
8.499210 224.037352
8.499210 223.880938
8.499210 223.724524
8.499210 223.568110
8.342796 223.411697
8.342796 223.255283
8.499210 223.098869
8.029969 222.942455
8.655624 222.786042
8.342796 222.629628
8.186383 222.473214
8.342796 222.316800
8.186383 222.160387
8.342796 222.003973
8.499210 221.847559
8.499210 221.691145
8.499210 221.534732
8.342796 221.378318
7.873555 221.221904
8.342796 221.065490
8.342796 220.909077
8.186383 220.752663
8.342796 220.596249
8.342796 220.439835
8.186383 220.283422
7.873555 220.127008
8.499210 219.970594
8.499210 219.814180
8.655624 219.657767
8.499210 219.501353
8.342796 219.344939
8.342796 219.188525
7.717141 219.032112
8.342796 218.875698
8.186383 218.719284
8.186383 218.562871
8.342796 218.406457
8.186383 218.250043
8.342796 218.093629
8.499210 217.937216
8.499210 217.780802
1.929833 217.624388
8.342796 217.467974
8.029969 217.311561
8.186383 217.155147
8.342796 216.998733
8.342796 216.842319
8.342796 216.685906
8.342796 216.529492
8.342796 216.373078
8.342796 216.216664
8.342796 216.060251
8.499210 215.903837
8.499210 215.747423
8.499210 215.591009
8.655624 215.434596
8.342796 215.278182
8.655624 215.121768
8.342796 214.965354
8.342796 214.808941
8.499210 214.652527
8.342796 214.496113
8.342796 214.339699
8.186383 214.183286
8.342796 214.026872
8.499210 213.870458
8.342796 213.714044
8.499210 213.557631
8.342796 213.401217
8.499210 213.244803
8.342796 213.088389
8.342796 212.931976
8.499210 212.775562
8.499210 212.619148
13.191622 212.462734
14.286519 212.306321
14.130105 212.149907
13.817277 211.993493
8.499210 211.837079
10.376175 211.680666
10.689003 211.524252
10.532589 211.367838
10.376175 211.211424
8.186383 211.055011
8.342796 210.898597
8.342796 210.742183
8.186383 210.585769
8.186383 210.429356
8.342796 210.272942
8.342796 210.116528
7.873555 209.960114
8.186383 209.803701
8.342796 209.647287
8.342796 209.490873
8.499210 209.334460
8.499210 209.178046
8.499210 209.021632
8.342796 208.865218
8.186383 208.708805
8.186383 208.552391
8.342796 208.395977
8.342796 208.239563
8.342796 208.083150
8.186383 207.926736
7.717141 207.770322
8.342796 207.613908
8.186383 207.457495
8.029969 207.301081
8.186383 207.144667
7.873555 206.988253
8.342796 206.831840
8.186383 206.675426
8.342796 206.519012
8.499210 206.362598
8.499210 206.206185
8.342796 206.049771
8.186383 205.893357
8.342796 205.736943
8.342796 205.580530
8.186383 205.424116
8.029969 205.267702
8.342796 205.111288
8.186383 204.954875
8.029969 204.798461
8.186383 204.642047
8.186383 204.485633
8.342796 204.329220
8.186383 204.172806
8.029969 204.016392
8.186383 203.859978
8.342796 203.703565
8.029969 203.547151
7.717141 203.390737
8.029969 203.234323
8.029969 203.077910
7.560728 202.921496
7.873555 202.765082
8.029969 202.608668
7.717141 202.452255
7.717141 202.295841
7.717141 202.139427
8.186383 201.983013
8.029969 201.826600
8.029969 201.670186
7.717141 201.513772
7.717141 201.357358
8.029969 201.200945
8.029969 201.044531
7.717141 200.888117
8.029969 200.731704
7.873555 200.575290
7.717141 200.418876
8.029969 200.262462
7.717141 200.106049
8.029969 199.949635
7.717141 199.793221
7.873555 199.636807
7.717141 199.480394
7.873555 199.323980
7.404314 199.167566
7.717141 199.011152
7.560728 198.854739
7.717141 198.698325
7.560728 198.541911
7.560728 198.385497
7.560728 198.229084
7.560728 198.072670
7.560728 197.916256
7.247900 197.759842
7.247900 197.603429
7.560728 197.447015
7.560728 197.290601
7.560728 197.134187
7.247900 196.977774
7.404314 196.821360
7.247900 196.664946
7.091486 196.508532
6.622245 196.352119
6.778659 196.195705
6.935073 196.039291
7.091486 195.882877
6.935073 195.726464
6.778659 195.570050
6.935073 195.413636
6.622245 195.257222
6.935073 195.100809
5.996590 194.944395
6.935073 194.787981
6.935073 194.631567
6.778659 194.475154
6.935073 194.318740
7.091486 194.162326
7.091486 194.005912
6.778659 193.849499
7.247900 193.693085
7.091486 193.536671
7.247900 193.380257
7.247900 193.223844
7.404314 193.067430
6.935073 192.911016
6.935073 192.754602
6.622245 192.598189
7.091486 192.441775
6.778659 192.285361
7.091486 192.128947
6.778659 191.972534
6.935073 191.816120
7.247900 191.659706
6.778659 191.503293
6.778659 191.346879
6.935073 191.190465
6.778659 191.034051
7.247900 190.877638
6.778659 190.721224
6.778659 190.564810
6.935073 190.408396
6.935073 190.251983
6.622245 190.095569
2.555488 189.939155
2.555488 189.782741
6.778659 189.626328
6.935073 189.469914
6.465831 189.313500
6.153004 189.157086
6.153004 189.000673
1.773419 188.844259
5.840176 188.687845
5.996590 188.531431
5.996590 188.375018
6.153004 188.218604
6.622245 188.062190
5.996590 187.905776
6.309418 187.749363
5.840176 187.592949
6.309418 187.436535
6.309418 187.280121
5.996590 187.123708
6.153004 186.967294
6.153004 186.810880
6.309418 186.654466
6.465831 186.498053
6.309418 186.341639
6.153004 186.185225
6.309418 186.028811
5.996590 185.872398
6.153004 185.715984
5.996590 185.559570
5.996590 185.403156
6.153004 185.246743
6.153004 185.090329
5.840176 184.933915
6.153004 184.777501
5.996590 184.621088
6.153004 184.464674
6.309418 184.308260
5.996590 184.151846
5.996590 183.995433
6.153004 183.839019
5.996590 183.682605
5.840176 183.526191
5.996590 183.369778
6.153004 183.213364
6.309418 183.056950
5.840176 182.900536
6.309418 182.744123
6.153004 182.587709
6.153004 182.431295
5.996590 182.274882
5.996590 182.118468
6.153004 181.962054
6.153004 181.805640
6.153004 181.649227
5.683763 181.492813
6.153004 181.336399
6.153004 181.179985
5.683763 181.023572
6.153004 180.867158
5.840176 180.710744
6.153004 180.554330
6.153004 180.397917
5.996590 180.241503
6.309418 180.085089
6.309418 179.928675
6.153004 179.772262
5.996590 179.615848
6.153004 179.459434
5.996590 179.303020
6.153004 179.146607
5.840176 178.990193
5.840176 178.833779
6.153004 178.677365
5.840176 178.520952
5.840176 178.364538
6.153004 178.208124
5.996590 178.051710
5.840176 177.895297
5.840176 177.738883
5.214521 177.582469
5.840176 177.426055
5.527349 177.269642
5.996590 177.113228
5.996590 176.956814
5.840176 176.800400
5.996590 176.643987
6.153004 176.487573
5.840176 176.331159
5.996590 176.174745
5.683763 176.018332
5.996590 175.861918
5.996590 175.705504
5.996590 175.549090
5.527349 175.392677
5.996590 175.236263
5.683763 175.079849
6.153004 174.923435
5.840176 174.767022
5.996590 174.610608
6.153004 174.454194
5.840176 174.297780
5.996590 174.141367
5.996590 173.984953
5.840176 173.828539
5.683763 173.672126
5.996590 173.515712
5.840176 173.359298
5.996590 173.202884
5.996590 173.046471
5.840176 172.890057
5.840176 172.733643
5.683763 172.577229
5.214521 172.420816
5.840176 172.264402
5.840176 172.107988
5.683763 171.951574
5.840176 171.795161
5.683763 171.638747
5.840176 171.482333
5.683763 171.325919
5.840176 171.169506
5.214521 171.013092
1.773419 170.856678
5.683763 170.700264
5.683763 170.543851
5.527349 170.387437
5.840176 170.231023
5.996590 170.074609
5.683763 169.918196
5.996590 169.761782
6.153004 169.605368
6.153004 169.448954
5.840176 169.292541
6.935073 169.136127
8.029969 168.979713
8.812038 168.823299
10.063348 168.666886
10.689003 168.510472
11.314658 168.354058
12.253140 168.197644
13.191622 168.041231
13.660864 167.884817
13.660864 167.728403
14.286519 167.571989
14.442932 167.415576
15.381415 167.259162
16.476311 167.102748
16.789139 166.946334
18.040449 166.789921
18.353276 166.633507
18.978931 166.477093
19.761000 166.320679
20.386655 166.164266
21.012310 166.007852
21.168724 165.851438
21.794378 165.695024
23.045688 165.538611
23.358516 165.382197
23.984171 165.225783
24.766240 165.069369
25.548308 164.912956
25.391895 164.756542
26.330377 164.600128
26.799618 164.443715
27.581687 164.287301
28.050928 164.130887
28.989411 163.974473
29.302238 163.818060
30.240721 163.661646
30.397135 163.505232
31.179203 163.348818
31.179203 163.192405
33.056168 163.035991
33.681823 162.879577
34.307478 162.723163
34.933133 162.566750
35.402374 162.410336
35.402374 162.253922
36.497271 162.097508
37.435753 161.941095
38.061408 161.784681
38.217822 161.628267
39.312718 161.471853
39.156304 161.315440
39.312718 161.159026
40.094787 161.002612
40.564028 160.846198
39.781959 160.689785
40.251200 160.533371
40.251200 160.376957
40.564028 160.220543
40.251200 160.064130
40.407614 159.907716
39.938373 159.751302
40.407614 159.594888
39.938373 159.438475
40.251200 159.282061
40.407614 159.125647
40.564028 158.969233
40.407614 158.812820
39.938373 158.656406
40.407614 158.499992
40.720442 158.343578
40.876855 158.187165
41.189683 158.030751
41.502510 157.874337
41.658924 157.717923
41.502510 157.561510
42.128165 157.405096
42.284579 157.248682
42.128165 157.092268
42.284579 156.935855
133.317379 156.779441
134.412275 156.623027
134.255862 156.466613
134.725103 156.310200
134.881517 156.153786
134.881517 155.997372
134.725103 155.840959
134.412275 155.684545
133.943034 155.528131
133.943034 155.371717
133.630207 155.215304
133.786620 155.058890
134.099448 154.902476
133.943034 154.746062
133.630207 154.589649
134.099448 154.433235
133.943034 154.276821
133.786620 154.120407
133.004552 153.963994
133.943034 153.807580
133.473793 153.651166
133.786620 153.494752
134.099448 153.338339
133.943034 153.181925
134.099448 153.025511
134.099448 152.869097
133.160965 152.712684
133.943034 152.556270
133.317379 152.399856
133.004552 152.243442
1.617005 152.087029
1.773419 151.774201
1.773419 151.617787
1.773419 151.461374
1.773419 148.176685
1.929833 148.020271
2.242660 147.863857
2.399074 147.707444
4.119625 147.551030
4.588866 147.394616
4.901694 147.238202
4.432453 147.081789
5.840176 146.925375
5.683763 146.768961
5.996590 146.612548
6.153004 146.456134
6.465831 146.299720
6.309418 146.143306
6.622245 145.986893
6.153004 145.830479
6.465831 145.674065
6.778659 145.517651
6.153004 145.361238
6.153004 145.204824
6.309418 145.048410
5.840176 144.891996
5.214521 144.735583
6.309418 144.579169
6.309418 144.422755
5.996590 144.266341
4.901694 144.109928
102.503871 143.953514
102.347457 143.797100
102.660285 143.640686
102.347457 143.484273
102.973112 143.327859
102.816699 143.171445
102.973112 143.015031
102.347457 142.858618
102.191044 142.702204
99.844838 142.545790
6.935073 142.389376
7.091486 142.232963
7.404314 142.076549
7.404314 141.920135
7.560728 141.763721
7.873555 141.607308
8.342796 141.450894
8.499210 141.294480
8.499210 141.138066
8.499210 140.981653
8.186383 140.825239
8.812038 140.668825
9.437693 140.512411
9.750520 140.355998
9.906934 140.199584
10.063348 140.043170
9.750520 139.886756
10.376175 139.730343
10.063348 139.573929
10.532589 139.417515
10.689003 139.261101
10.845416 139.104688
6.153004 138.948274
11.314658 138.791860
11.783899 138.635446
11.940313 138.479033
12.253140 138.322619
12.722381 138.166205
12.878795 138.009792
12.878795 137.853378
13.504450 137.696964
13.660864 137.540550
13.660864 137.384137
14.130105 137.227723
14.286519 137.071309
14.599346 136.914895
14.599346 136.758482
15.068587 136.602068
15.068587 136.445654
15.537829 136.289240
15.694242 136.132827
15.850656 135.976413
16.163484 135.819999
16.476311 135.663585
16.632725 135.507172
16.632725 135.350758
16.945552 135.194344
17.414794 135.037930
17.727621 134.881517
17.727621 134.725103
18.040449 134.568689
18.509690 134.412275
18.822517 134.255862
18.978931 134.099448
19.291759 133.943034
19.448172 133.786620
19.604586 133.630207
19.917414 133.473793
20.230241 133.317379
20.230241 133.160965
20.543069 133.004552
20.230241 132.848138
21.012310 132.691724
20.855896 132.535310
21.481551 132.378897
22.420033 132.222483
22.732861 132.066069
22.732861 131.909655
23.045688 131.753242
22.889275 131.596828
23.202102 131.440414
23.045688 131.284000
23.045688 131.127587
23.827757 130.971173
23.984171 130.814759
24.453412 130.658345
24.453412 130.501932
24.140585 130.345518
25.235481 130.189104
25.235481 130.032690
25.079067 129.876277
25.391895 129.719863
25.391895 129.563449
25.704722 129.407035
26.173963 129.250622
26.173963 129.094208
26.486791 128.937794
26.956032 128.781381
26.799618 128.624967
27.268860 128.468553
27.425273 128.312139
27.894515 128.155726
28.050928 127.999312
28.207342 127.842898
28.363756 127.686484
28.520170 127.530071
28.676583 127.373657
29.302238 127.217243
29.145825 127.060829
29.615066 126.904416
