40.720442 295.674847
40.876855 295.518433
40.407614 295.362020
40.564028 295.205606
40.720442 295.049192
40.876855 294.892778
40.564028 294.736365
40.876855 294.579951
40.876855 294.423537
40.720442 294.267123
40.251200 294.110710
40.564028 293.954296
40.720442 293.797882
40.876855 293.641468
41.033269 293.485055
41.033269 293.328641
40.876855 293.172227
40.251200 293.015813
40.720442 292.859400
40.251200 292.702986
40.720442 292.546572
40.720442 292.390158
40.720442 292.233745
40.564028 292.077331
40.720442 291.920917
40.720442 291.764503
40.720442 291.608090
40.720442 291.451676
40.720442 291.295262
40.720442 291.138848
40.720442 290.982435
40.720442 290.826021
40.720442 290.669607
40.720442 290.513193
40.720442 290.356780
40.720442 290.200366
40.720442 290.043952
40.720442 289.887539
40.720442 289.731125
40.720442 289.574711
40.720442 289.418297
40.720442 289.261884
40.876855 289.105470
40.876855 288.949056
40.564028 288.792642
40.876855 288.636229
40.876855 288.479815
40.876855 288.323401
40.720442 288.166987
40.720442 288.010574
40.720442 287.854160
40.407614 287.697746
40.720442 287.541332
40.564028 287.384919
40.876855 287.228505
40.564028 287.072091
41.033269 286.915677
41.033269 286.759264
41.033269 286.602850
40.251200 286.446436
40.876855 286.290022
40.720442 286.133609
40.876855 285.977195
41.033269 285.820781
41.033269 285.664367
41.033269 285.507954
41.033269 285.351540
41.033269 285.195126
41.033269 285.038712
41.033269 284.882299
41.033269 284.725885
41.033269 284.569471
40.720442 284.413057
41.033269 284.256644
40.876855 284.100230
40.564028 283.943816
40.876855 283.787402
40.876855 283.630989
40.720442 283.474575
40.564028 283.318161
40.720442 283.161747
40.720442 283.005334
40.720442 282.848920
40.720442 282.692506
40.720442 282.536092
40.720442 282.379679
40.720442 282.223265
40.720442 282.066851
40.876855 281.910437
40.876855 281.754024
40.407614 281.597610
40.876855 281.441196
40.564028 281.284783
40.720442 281.128369
40.564028 280.971955
40.564028 280.815541
40.407614 280.659128
40.564028 280.502714
40.876855 280.346300
40.720442 280.189886
40.564028 280.033473
40.564028 279.877059
40.876855 279.720645
40.876855 279.564231
40.720442 279.407818
40.720442 279.251404
40.720442 279.094990
40.720442 278.938576
40.720442 278.782163
40.720442 278.625749
40.720442 278.469335
40.720442 278.312921
40.876855 278.156508
40.720442 278.000094
40.720442 277.843680
40.720442 277.687266
40.720442 277.530853
40.720442 277.374439
40.720442 277.218025
40.720442 277.061611
40.564028 276.905198
40.876855 276.748784
40.876855 276.592370
40.251200 276.435956
40.564028 276.279543
40.720442 276.123129
40.720442 275.966715
40.876855 275.810301
40.720442 275.653888
40.564028 275.497474
40.564028 275.341060
40.720442 275.184646
40.720442 275.028233
40.564028 274.871819
40.720442 274.715405
40.876855 274.558991
40.720442 274.402578
40.564028 274.246164
40.720442 274.089750
40.564028 273.933336
40.251200 273.776923
40.407614 273.620509
40.720442 273.464095
40.251200 273.307681
40.720442 273.151268
40.720442 272.994854
40.564028 272.838440
40.094787 272.682026
40.094787 272.525613
40.564028 272.369199
40.720442 272.212785
40.720442 272.056372
40.876855 271.899958
40.876855 271.743544
40.720442 271.587130
40.564028 271.430717
40.564028 271.274303
40.094787 271.117889
40.564028 270.961475
40.720442 270.805062
40.564028 270.648648
40.720442 270.492234
40.564028 270.335820
40.720442 270.179407
40.720442 270.022993
40.564028 269.866579
40.407614 269.710165
40.407614 269.553752
40.564028 269.397338
40.564028 269.240924
40.720442 269.084510
40.720442 268.928097
40.876855 268.771683
40.251200 268.615269
41.189683 268.458855
41.189683 268.302442
40.876855 268.146028
40.876855 267.989614
41.033269 267.833200
40.876855 267.676787
41.189683 267.520373
40.876855 267.363959
40.876855 267.207545
41.189683 267.051132
41.346097 266.894718
2.711902 266.738304
41.189683 266.581890
41.189683 266.425477
41.189683 266.269063
40.876855 266.112649
41.189683 265.956235
41.346097 265.799822
41.346097 265.643408
41.189683 265.486994
41.189683 265.330580
41.189683 265.174167
2.711902 265.017753
41.346097 264.861339
41.189683 264.704925
41.346097 264.548512
41.346097 264.392098
41.189683 264.235684
41.189683 264.079270
2.711902 263.922857
41.189683 263.766443
41.033269 263.610029
41.346097 263.453616
41.502510 263.297202
41.502510 263.140788
41.346097 262.984374
41.346097 262.827961
41.502510 262.671547
41.346097 262.515133
41.502510 262.358719
41.346097 262.202306
41.658924 262.045892
41.658924 261.889478
41.502510 261.733064
41.658924 261.576651
41.502510 261.420237
41.502510 261.263823
41.658924 261.107409
41.658924 260.950996
39.469132 260.794582
39.625545 260.638168
41.502510 260.481754
41.033269 260.325341
41.502510 260.168927
41.502510 260.012513
41.658924 259.856099
41.346097 259.699686
41.502510 259.543272
41.658924 259.386858
41.346097 259.230444
41.346097 259.074031
41.189683 258.917617
41.033269 258.761203
1.929833 258.604789
3.963211 258.448376
3.963211 258.291962
3.963211 258.135548
4.119625 257.979134
1.773419 257.822721
4.119625 257.666307
2.399074 257.509893
4.119625 257.353479
3.963211 257.197066
4.276039 257.040652
4.432453 256.884238
4.276039 256.727824
3.963211 256.571411
1.929833 256.414997
2.242660 256.258583
2.086247 256.102169
1.929833 255.945756
3.963211 255.789342
3.650384 255.632928
4.276039 255.476514
1.929833 255.320101
4.119625 255.163687
4.276039 255.007273
4.119625 254.850859
4.276039 254.694446
4.276039 254.538032
4.432453 254.381618
4.432453 254.225205
2.242660 254.068791
2.086247 253.912377
2.242660 253.755963
3.806798 253.599550
4.432453 253.443136
4.276039 253.286722
4.588866 253.130308
4.119625 252.973895
4.276039 252.817481
4.276039 252.661067
4.432453 252.504653
4.432453 252.348240
2.399074 252.191826
2.399074 252.035412
4.276039 251.878998
4.432453 251.722585
4.432453 251.566171
4.276039 251.409757
4.432453 251.253343
4.588866 251.096930
4.432453 250.940516
4.432453 250.784102
4.745280 250.627688
4.901694 250.471275
4.119625 250.314861
4.745280 250.158447
4.745280 250.002033
4.588866 249.845620
4.432453 249.689206
4.745280 249.532792
4.588866 249.376378
4.588866 249.219965
3.806798 249.063551
4.432453 248.907137
4.588866 248.750723
4.745280 248.594310
4.901694 248.437896
4.745280 248.281482
4.588866 248.125068
4.276039 247.968655
4.745280 247.812241
4.901694 247.655827
4.745280 247.499413
4.432453 247.343000
4.588866 247.186586
4.432453 247.030172
4.745280 246.873758
4.901694 246.717345
4.745280 246.560931
4.119625 246.404517
4.588866 246.248103
3.963211 246.091690
4.588866 245.935276
4.745280 245.778862
4.901694 245.622449
4.745280 245.466035
2.242660 245.309621
4.588866 245.153207
4.901694 244.996794
4.276039 244.840380
4.901694 244.683966
4.745280 244.527552
5.058108 244.371139
4.901694 244.214725
5.058108 244.058311
5.214521 243.901897
5.058108 243.745484
5.214521 243.589070
5.058108 243.432656
5.214521 243.276242
4.901694 243.119829
4.901694 242.963415
4.745280 242.807001
4.901694 242.650587
4.745280 242.494174
4.745280 242.337760
5.058108 242.181346
4.745280 242.024932
4.901694 241.868519
4.745280 241.712105
4.901694 241.555691
4.901694 241.399277
5.058108 241.242864
5.058108 241.086450
4.745280 240.930036
5.214521 240.773622
5.058108 240.617209
5.058108 240.460795
5.058108 240.304381
4.901694 240.147967
5.058108 239.991554
5.058108 239.835140
5.214521 239.678726
5.214521 239.522312
4.901694 239.365899
4.745280 239.209485
4.901694 239.053071
4.901694 238.896657
4.432453 238.740244
5.370935 238.583830
4.901694 238.427416
2.242660 238.271002
5.370935 238.114589
5.058108 237.958175
4.745280 237.801761
5.370935 237.645347
5.370935 237.488934
5.370935 237.332520
5.527349 237.176106
5.370935 237.019692
5.058108 236.863279
5.058108 236.706865
5.214521 236.550451
5.214521 236.394038
5.058108 236.237624
4.901694 236.081210
4.588866 235.924796
5.058108 235.768383
4.901694 235.611969
5.214521 235.455555
5.214521 235.299141
5.370935 235.142728
5.058108 234.986314
5.370935 234.829900
5.370935 234.673486
5.527349 234.517073
5.370935 234.360659
5.527349 234.204245
5.683763 234.047831
5.683763 233.891418
5.370935 233.735004
5.527349 233.578590
5.683763 233.422176
5.683763 233.265763
5.840176 233.109349
5.527349 232.952935
5.683763 232.796521
5.058108 232.640108
5.683763 232.483694
5.527349 232.327280
5.840176 232.170866
5.683763 232.014453
5.527349 231.858039
5.527349 231.701625
5.683763 231.545211
5.840176 231.388798
5.683763 231.232384
5.370935 231.075970
5.527349 230.919556
5.683763 230.763143
5.683763 230.606729
5.370935 230.450315
5.996590 230.293901
5.840176 230.137488
5.996590 229.981074
5.840176 229.824660
5.996590 229.668246
5.996590 229.511833
5.840176 229.355419
6.153004 229.199005
5.996590 229.042591
5.996590 228.886178
6.153004 228.729764
5.996590 228.573350
5.996590 228.416936
5.840176 228.260523
5.996590 228.104109
5.840176 227.947695
6.153004 227.791281
5.840176 227.634868
6.153004 227.478454
5.996590 227.322040
6.309418 227.165627
6.309418 227.009213
6.309418 226.852799
6.309418 226.696385
6.309418 226.539972
6.309418 226.383558
6.309418 226.227144
6.309418 226.070730
6.309418 225.914317
6.309418 225.757903
6.465831 225.601489
6.465831 225.445075
6.465831 225.288662
6.309418 225.132248
6.309418 224.975834
6.465831 224.819420
6.465831 224.663007
6.465831 224.506593
6.309418 224.350179
6.309418 224.193765
6.622245 224.037352
6.465831 223.880938
6.465831 223.724524
6.153004 223.568110
6.465831 223.411697
6.465831 223.255283
6.622245 223.098869
6.622245 222.942455
6.309418 222.786042
6.778659 222.629628
6.778659 222.473214
6.778659 222.316800
6.309418 222.160387
6.935073 222.003973
6.935073 221.847559
6.778659 221.691145
6.935073 221.534732
6.622245 221.378318
7.091486 221.221904
6.778659 221.065490
6.778659 220.909077
6.778659 220.752663
7.091486 220.596249
6.778659 220.439835
6.935073 220.283422
7.091486 220.127008
6.935073 219.970594
6.935073 219.814180
7.091486 219.657767
6.778659 219.501353
7.247900 219.344939
7.091486 219.188525
6.935073 219.032112
6.778659 218.875698
7.091486 218.719284
6.935073 218.562871
7.560728 218.406457
7.091486 218.250043
7.091486 218.093629
7.247900 217.937216
7.404314 217.780802
7.247900 217.624388
7.247900 217.467974
6.465831 217.311561
7.247900 217.155147
7.247900 216.998733
7.404314 216.842319
7.404314 216.685906
6.935073 216.529492
7.404314 216.373078
7.560728 216.216664
7.404314 216.060251
7.404314 215.903837
7.091486 215.747423
7.560728 215.591009
7.717141 215.434596
7.560728 215.278182
7.404314 215.121768
7.560728 214.965354
7.560728 214.808941
7.717141 214.652527
7.560728 214.496113
7.560728 214.339699
6.935073 214.183286
7.560728 214.026872
7.560728 213.870458
7.404314 213.714044
7.873555 213.557631
7.717141 213.401217
8.029969 213.244803
8.029969 213.088389
8.029969 212.931976
7.873555 212.775562
8.029969 212.619148
7.717141 212.462734
8.186383 212.306321
7.873555 212.149907
8.186383 211.993493
8.186383 211.837079
8.029969 211.680666
8.186383 211.524252
8.186383 211.367838
7.717141 211.211424
8.029969 211.055011
7.717141 210.898597
8.029969 210.742183
7.717141 210.585769
7.717141 210.429356
8.186383 210.272942
7.717141 210.116528
8.342796 209.960114
8.342796 209.803701
8.029969 209.647287
8.186383 209.490873
8.342796 209.334460
8.186383 209.178046
7.560728 209.021632
8.186383 208.865218
7.717141 208.708805
8.029969 208.552391
8.342796 208.395977
8.499210 208.239563
8.186383 208.083150
8.342796 207.926736
7.873555 207.770322
8.342796 207.613908
8.186383 207.457495
7.717141 207.301081
8.342796 207.144667
7.873555 206.988253
8.499210 206.831840
8.499210 206.675426
8.342796 206.519012
8.342796 206.362598
8.029969 206.206185
8.186383 206.049771
8.186383 205.893357
8.499210 205.736943
8.186383 205.580530
8.029969 205.424116
8.186383 205.267702
8.342796 205.111288
8.342796 204.954875
8.342796 204.798461
8.499210 204.642047
8.499210 204.485633
8.499210 204.329220
8.499210 204.172806
8.342796 204.016392
8.186383 203.859978
8.499210 203.703565
8.499210 203.547151
8.342796 203.390737
8.499210 203.234323
8.499210 203.077910
7.717141 202.921496
8.342796 202.765082
8.342796 202.608668
7.560728 202.452255
8.186383 202.295841
7.717141 202.139427
8.186383 201.983013
8.342796 201.826600
8.186383 201.670186
8.499210 201.513772
8.186383 201.357358
8.029969 201.200945
7.873555 201.044531
8.342796 200.888117
8.342796 200.731704
8.186383 200.575290
8.342796 200.418876
8.342796 200.262462
8.186383 200.106049
8.186383 199.949635
8.029969 199.793221
8.186383 199.636807
8.029969 199.480394
8.186383 199.323980
7.873555 199.167566
8.029969 199.011152
8.186383 198.854739
8.186383 198.698325
7.873555 198.541911
8.186383 198.385497
8.186383 198.229084
8.342796 198.072670
8.499210 197.916256
8.342796 197.759842
8.186383 197.603429
8.342796 197.447015
8.186383 197.290601
8.499210 197.134187
8.186383 196.977774
8.186383 196.821360
8.186383 196.664946
8.029969 196.508532
8.342796 196.352119
7.717141 196.195705
7.873555 196.039291
7.717141 195.882877
7.873555 195.726464
8.029969 195.570050
7.873555 195.413636
7.560728 195.257222
7.717141 195.100809
7.873555 194.944395
7.717141 194.787981
8.029969 194.631567
8.186383 194.475154
8.029969 194.318740
8.029969 194.162326
8.029969 194.005912
7.404314 193.849499
7.560728 193.693085
7.247900 193.536671
7.560728 193.380257
7.247900 193.223844
7.404314 193.067430
7.091486 192.911016
7.247900 192.754602
6.935073 192.598189
6.935073 192.441775
7.247900 192.285361
7.091486 192.128947
6.778659 191.972534
7.091486 191.816120
6.935073 191.659706
6.309418 191.503293
7.091486 191.346879
6.622245 191.190465
6.935073 191.034051
6.778659 190.877638
6.935073 190.721224
7.091486 190.564810
7.091486 190.408396
6.778659 190.251983
7.091486 190.095569
7.247900 189.939155
7.247900 189.782741
7.247900 189.626328
7.091486 189.469914
7.091486 189.313500
7.091486 189.157086
7.091486 189.000673
6.622245 188.844259
6.935073 188.687845
6.935073 188.531431
7.247900 188.375018
6.778659 188.218604
7.247900 188.062190
6.935073 187.905776
6.622245 187.749363
6.778659 187.592949
6.622245 187.436535
6.778659 187.280121
6.309418 187.123708
6.778659 186.967294
6.935073 186.810880
6.935073 186.654466
6.935073 186.498053
7.091486 186.341639
6.622245 186.185225
6.309418 186.028811
6.778659 185.872398
6.778659 185.715984
6.622245 185.559570
6.622245 185.403156
6.778659 185.246743
6.465831 185.090329
6.778659 184.933915
6.778659 184.777501
6.778659 184.621088
6.778659 184.464674
6.465831 184.308260
6.465831 184.151846
6.778659 183.995433
6.309418 183.839019
6.778659 183.682605
6.309418 183.526191
6.622245 183.369778
6.778659 183.213364
6.778659 183.056950
6.778659 182.900536
6.622245 182.744123
6.622245 182.587709
6.778659 182.431295
6.465831 182.274882
6.778659 182.118468
6.309418 181.962054
6.778659 181.805640
6.778659 181.649227
6.935073 181.492813
6.622245 181.336399
1.929833 181.179985
6.465831 181.023572
6.778659 180.867158
6.935073 180.710744
6.935073 180.554330
6.935073 180.397917
6.778659 180.241503
6.778659 180.085089
6.622245 179.928675
6.778659 179.772262
6.465831 179.615848
6.778659 179.459434
6.935073 179.303020
6.622245 179.146607
7.091486 178.990193
6.465831 178.833779
6.465831 178.677365
6.465831 178.520952
6.465831 178.364538
6.465831 178.208124
6.465831 178.051710
6.465831 177.895297
6.465831 177.738883
6.778659 177.582469
6.935073 177.426055
7.091486 177.269642
6.935073 177.113228
6.778659 176.956814
6.935073 176.800400
6.622245 176.643987
6.778659 176.487573
6.778659 176.331159
6.622245 176.174745
6.465831 176.018332
6.465831 175.861918
6.778659 175.705504
6.622245 175.549090
6.935073 175.392677
6.935073 175.236263
6.778659 175.079849
6.778659 174.923435
6.935073 174.767022
6.935073 174.610608
6.935073 174.454194
6.778659 174.297780
6.935073 174.141367
6.935073 173.984953
6.935073 173.828539
6.622245 173.672126
5.996590 173.515712
6.622245 173.359298
6.309418 173.202884
6.465831 173.046471
6.778659 172.890057
6.935073 172.733643
6.935073 172.577229
6.622245 172.420816
6.622245 172.264402
7.091486 172.107988
7.091486 171.951574
6.935073 171.795161
6.935073 171.638747
7.091486 171.482333
6.778659 171.325919
7.091486 171.169506
7.091486 171.013092
7.247900 170.856678
7.091486 170.700264
6.935073 170.543851
7.091486 170.387437
6.935073 170.231023
7.247900 170.074609
6.778659 169.918196
7.404314 169.761782
7.404314 169.605368
8.342796 169.448954
9.437693 169.292541
13.348036 169.136127
15.694242 168.979713
16.007070 168.823299
19.291759 168.666886
19.604586 168.510472
21.950792 168.354058
22.263620 168.197644
25.391895 168.041231
26.017550 167.884817
28.989411 167.728403
29.615066 167.571989
31.961272 167.415576
34.151064 167.259162
34.933133 167.102748
36.966512 166.946334
38.374236 166.789921
39.469132 166.633507
39.781959 166.477093
40.407614 166.320679
40.876855 166.164266
41.033269 166.007852
40.720442 165.851438
41.971752 165.695024
41.971752 165.538611
41.658924 165.382197
41.502510 165.225783
40.564028 165.069369
41.033269 164.912956
40.720442 164.756542
40.564028 164.600128
40.251200 164.443715
40.094787 164.287301
39.938373 164.130887
40.094787 163.974473
40.094787 163.818060
40.251200 163.661646
39.781959 163.505232
40.564028 163.348818
40.876855 163.192405
40.876855 163.035991
41.502510 162.879577
41.346097 162.723163
41.658924 162.566750
41.971752 162.410336
41.815338 162.253922
41.658924 162.097508
42.128165 161.941095
41.971752 161.784681
42.128165 161.628267
42.128165 161.471853
42.597407 161.315440
42.284579 161.159026
42.284579 161.002612
41.971752 160.846198
41.189683 160.689785
41.346097 160.533371
40.876855 160.376957
40.876855 160.220543
41.033269 160.064130
41.189683 159.907716
40.876855 159.751302
40.876855 159.594888
41.189683 159.438475
40.720442 159.282061
40.876855 159.125647
40.564028 158.969233
40.876855 158.812820
40.876855 158.656406
41.033269 158.499992
40.564028 158.343578
41.033269 158.187165
41.033269 158.030751
41.033269 157.874337
41.033269 157.717923
40.407614 157.561510
40.407614 157.405096
40.094787 157.248682
39.781959 157.092268
1.617005 156.153786
1.617005 155.997372
2.086247 155.840959
2.555488 155.684545
3.181143 155.528131
2.242660 155.215304
2.242660 155.058890
2.242660 154.902476
2.711902 154.746062
2.868315 154.589649
2.868315 154.433235
3.493970 154.276821
3.181143 154.120407
3.181143 153.963994
3.181143 153.807580
2.711902 153.651166
2.868315 153.494752
2.399074 153.338339
100.314079 153.181925
99.688424 153.025511
100.001251 152.869097
100.470493 152.712684
100.783320 152.556270
100.783320 152.399856
100.157665 152.243442
100.314079 152.087029
100.470493 151.930615
100.783320 151.774201
100.626906 151.617787
100.314079 151.461374
3.337557 151.304960
3.337557 151.148546
3.181143 150.992132
3.337557 150.835719
3.650384 150.679305
3.337557 150.522891
3.493970 150.366477
3.650384 150.210064
4.119625 150.053650
4.432453 149.897236
5.370935 149.740822
5.058108 149.584409
5.214521 149.427995
5.214521 149.271581
4.276039 149.115167
3.963211 148.958754
3.650384 148.802340
3.337557 148.645926
7.404314 148.489512
8.029969 148.333099
8.186383 148.176685
8.499210 148.020271
8.186383 147.863857
8.812038 147.707444
9.750520 147.551030
10.376175 147.394616
10.689003 147.238202
10.532589 147.081789
10.689003 146.925375
10.845416 146.768961
10.063348 146.612548
10.376175 146.456134
10.376175 146.299720
10.532589 146.143306
9.906934 145.986893
10.532589 145.830479
11.001830 145.674065
10.532589 145.517651
11.158244 145.361238
11.158244 145.204824
10.845416 145.048410
11.001830 144.891996
11.158244 144.735583
10.845416 144.579169
10.845416 144.422755
9.906934 144.266341
9.594106 144.109928
8.968451 143.953514
9.437693 143.797100
8.812038 143.640686
8.655624 143.484273
8.029969 143.327859
100.939734 143.171445
101.096148 143.015031
101.878216 142.858618
99.844838 142.702204
99.844838 142.545790
100.626906 142.389376
100.626906 142.232963
6.309418 142.076549
6.778659 141.920135
7.247900 141.763721
7.560728 141.607308
7.717141 141.450894
8.029969 141.294480
8.029969 141.138066
8.499210 140.981653
8.655624 140.825239
8.655624 140.668825
9.124865 140.512411
9.437693 140.355998
9.594106 140.199584
9.906934 140.043170
9.750520 139.886756
9.750520 139.730343
10.063348 139.573929
10.219761 139.417515
10.689003 139.261101
10.689003 139.104688
10.845416 138.948274
5.683763 138.791860
11.001830 138.635446
11.471071 138.479033
11.783899 138.322619
12.409554 138.166205
12.565967 138.009792
12.409554 137.853378
12.722381 137.696964
13.191622 137.540550
13.191622 137.384137
13.660864 137.227723
13.348036 137.071309
14.442932 136.914895
14.286519 136.758482
14.912174 136.602068
15.225001 136.445654
15.068587 136.289240
15.225001 136.132827
15.537829 135.976413
15.537829 135.819999
16.319897 135.663585
16.319897 135.507172
16.319897 135.350758
16.789139 135.194344
16.945552 135.037930
17.414794 134.881517
17.571207 134.725103
18.040449 134.568689
18.196862 134.412275
18.353276 134.255862
18.353276 134.099448
18.822517 133.943034
18.978931 133.786620
19.135345 133.630207
19.448172 133.473793
19.448172 133.317379
20.230241 133.160965
20.386655 133.004552
19.917414 132.848138
20.699482 132.691724
20.855896 132.535310
21.325137 132.378897
21.325137 132.222483
21.481551 132.066069
22.732861 131.909655
22.889275 131.753242
22.889275 131.596828
23.045688 131.440414
22.732861 131.284000
23.202102 131.127587
23.202102 130.971173
23.202102 130.814759
23.827757 130.658345
24.140585 130.501932
24.140585 130.345518
24.453412 130.189104
24.296998 130.032690
24.609826 129.876277
24.609826 129.719863
25.235481 129.563449
25.235481 129.407035
25.861136 129.250622
25.548308 129.094208
26.017550 128.937794
26.173963 128.781381
26.330377 128.624967
26.643205 128.468553
26.956032 128.312139
27.268860 128.155726
27.738101 127.999312
27.894515 127.842898
27.894515 127.686484
28.363756 127.530071
28.676583 127.373657
28.520170 127.217243
28.989411 127.060829
28.989411 126.904416
