531 5
489 239
133 236
212 236
484 241
506 242
786 12
207 236
437 8
441 7
226 232
463 241
561 6
467 9
583 244
587 245
394 238
490 239
518 3
244 235
248 234
535 5
201 236
623 3
240 236
735 237
44 4
575 241
136 237
473 7
170 235
101 238
693 243
508 241
832 251
193 236
474 239
366 6
845 249
797 244
710 242
819 248
841 249
242 236
479 241
284 6
271 227
223 236
776 11
177 239
789 14
116 237
635 249
586 245
237 236
612 5
354 235
781 11
142 239
643 247
475 239
186 238
759 233
172 235
543 4
547 242
843 250
61 5
731 237
647 245
821 247
382 6
273 6
200 237
558 246
239 237
813 246
256 232
174 238
588 244
594 247
818 249
92 237
421 7
351 0
227 235
527 4
537 4
370 0
98 238
483 241
546 6
188 237
478 242
634 247
482 241
724 238
297 5
764 236
121 234
837 251
806 248
160 237
103 237
197 238
834 250
68 235
682 245
337 3
48 3
513 243
592 247
129 237
155 238
838 246
800 246
687 239
143 238
840 250
674 6
334 233
135 236
139 239
100 239
253 233
796 246
157 238
637 248
58 4
111 235
427 8
245 234
283 6
606 6
185 8
132 237
775 10
763 237
491 241
388 6
430 8
436 8
254 232
440 236
538 244
780 9
169 236
777 12
104 238
217 236
215 236
509 243
798 247
150 238
815 247
267 229
324 235
311 2
420 6
173 238
464 8
159 236
660 3
187 237
481 8
812 247
726 238
605 4
627 247
670 5
438 238
770 8
683 243
830 252
452 8
219 238
456 7
827 251
109 4
166 239
176 238
598 242
231 235
269 229
608 242
681 245
448 7
175 239
823 249
667 241
814 247
301 4
656 3
55 5
85 238
730 237
752 235
262 228
122 237
454 7
181 237
762 236
117 238
161 235
697 242
191 238
641 248
568 5
249 232
214 236
839 250
737 238
213 237
701 244
727 239
205 237
671 242
326 4
655 2
140 239
659 242
73 236
600 243
638 246
609 245
733 238
816 246
584 243
108 237
151 238
319 0
604 4
263 230
631 247
782 12
804 245
238 233
118 236
579 246
614 245
361 3
469 8
836 252
228 237
746 237
250 232
202 236
620 4
146 237
517 4
842 249
220 238
113 236
578 244
794 242
846 248
363 5
539 244
803 246
243 234
553 6
639 247
268 230
162 237
266 230
835 249
54 3
783 13
793 243
831 251
555 245
119 236
626 247
642 249
258 231
825 249
734 4
433 8
285 3
208 236
680 244
593 248
182 236
257 232
62 3
387 5
754 235
115 237
426 8
145 236
189 237
439 239
760 234
65 5
599 242
820 249
198 237
504 242
359 6
765 7
848 251
52 4
745 235
499 4
461 242
128 238
396 240
336 3
512 6
168 238
203 236
335 233
428 8
325 0
130 237
386 9
192 235
826 251
774 10
63 4
158 238
270 228
824 248
703 0
163 236
224 236
785 11
272 226
829 250
147 237
204 234
153 238
199 238
455 7
80 236
274 5
645 247
300 5
616 247
56 7
362 4
480 7
716 242
738 237
229 237
808 247
74 234
847 249
148 238
700 243
562 6
156 235
792 243
698 243
353 235
788 13
241 236
707 241
383 6
67 236
380 3
715 241
59 4
293 4
246 234
347 5
624 2
585 244
296 4
149 237
811 246
742 4
209 234
766 10
717 242
528 3
500 4
453 6
828 250
234 235
94 236
431 8
281 2
346 4
822 250
236 237
398 239
413 2
417 6
171 234
564 4
551 244
78 236
493 240
190 236
114 236
339 4
442 8
628 246
672 4
120 236
124 235
676 2
401 6
522 241
807 246
89 238
340 0
801 246
399 7
771 10
393 239
432 7
694 241
769 237
294 4
795 245
218 236
791 240
646 243
521 2
107 234
747 236
756 233
195 228
230 237
753 236
532 7
688 242
649 247
662 245
390 5
179 233
802 247
573 5
657 2
255 233
686 244
429 8
70 237
468 240
809 247
373 0
72 236
849 251
465 6
758 235
392 238
559 243
767 10
805 245
833 250
206 236
355 235
259 233
91 237
633 245
723 237
81 236
720 242
152 238
235 236
778 11
84 238
278 5
590 5
457 5
576 3
498 239
286 229
46 1
534 6
601 6
88 238
696 241
260 230
580 246
41 1
164 235
610 8
450 9
755 233
691 244
514 243
494 238
408 0
76 233
422 238
385 8
125 238
443 237
799 247
549 244
644 247
459 7
305 2
844 249
288 2
625 0
137 236
810 244
663 244
289 3
751 235
384 9
651 245
743 237
784 11
409 1
529 5
216 237
790 17
618 245
640 248
589 244
492 239
725 239
556 245
817 247
309 2
487 240
154 237
402 3
581 246
298 5
582 243
144 238
381 5
523 241
709 241
395 240
356 3
194 236
525 239
167 238
548 239
761 5
458 6
476 7
705 240
423 240
689 243
486 240
93 237
287 231
501 7
96 237
304 1
69 238
485 241
183 237
79 235
275 7
750 234
629 244
668 240
773 12
123 235
447 7
279 2
141 239
566 5
308 0
550 243
341 6
704 239
768 10
630 245
591 241
282 5
666 245
577 4
554 4
519 5
621 3
602 6
261 230
675 6
524 239
434 8
71 235
435 239
510 4
47 5
403 5
718 242
505 243
470 3
90 238
449 6
574 4
414 4
126 234
495 5
779 12
106 238
560 6
400 5
327 4
276 6
595 247
290 0
83 238
695 242
736 237
425 8
533 5
729 239
721 241
706 241
331 2
75 235
64 5
728 240
180 235
86 239
496 4
42 1
102 238
342 5
110 238
542 242
712 242
332 233
711 241
232 237
338 0
105 238
622 5
112 237
530 4
648 246
312 1
95 236
748 234
358 3
82 236
424 8
540 245
97 236
787 12
348 2
184 236
679 241
367 5
178 236
53 3
451 8
607 4
211 235
739 237
757 234
247 232
567 5
732 238
99 238
277 6
502 243
333 236
57 4
165 236
45 5
515 241
196 236
488 241
702 3
617 246
302 3
330 3
708 241
138 237
669 244
615 246
462 8
685 242
357 2
379 4
569 5
251 232
632 248
744 235
650 243
466 7
265 231
49 5
131 235
684 5
673 7
233 236
316 0
677 2
352 1
444 238
772 8
544 4
460 8
127 237
292 5
611 6
552 4
719 241
526 1
596 3
713 241
471 239
690 242
636 247
225 234
565 4
264 230
397 238
661 3
571 4
378 1
221 234
252 233
749 237
60 4
652 3
472 7
87 239
210 236
344 5
349 0
328 2
350 2
619 1
536 5
222 236
445 238
699 244
66 3
364 234
418 6
557 243
291 3
541 243
545 7
563 5
658 1
692 239
310 0
419 7
77 2
295 2
664 243
299 2
391 4
722 238
740 3
572 3
368 3
43 4
597 6
503 242
497 6
345 4
134 235
375 0
511 5
446 8
507 6
741 4
603 4
415 4
343 4
516 6
570 5
51 3
360 4
303 0
477 6
365 237
714 240
404 2
416 5
389 2
317 1
520 3
50 2
678 1
613 4
654 2
280 4
665 241
411 3
410 0
329 1
412 1
369 0
