799 9
830 524
823 589
833 492
825 586
813 625
841 330
819 614
822 608
845 235
838 403
837 403
828 549
827 562
810 628
816 619
836 423
821 613
772 11
749 7
818 615
844 237
807 629
826 582
834 473
831 501
829 533
682 4
773 9
849 110
824 587
832 499
751 9
815 621
817 619
706 8
835 450
692 9
800 9
808 630
806 629
847 175
820 612
812 624
848 168
811 627
843 308
764 9
690 9
730 11
804 614
840 357
846 215
710 11
778 9
754 10
709 10
839 371
732 10
814 623
809 627
842 307
729 9
786 11
789 10
724 12
761 12
699 9
805 621
740 9
766 10
691 10
743 10
680 5
725 10
785 7
802 604
712 12
757 9
788 10
728 11
716 8
763 10
769 8
783 10
739 11
696 8
731 9
704 10
760 11
727 9
693 10
782 9
774 7
793 8
714 5
720 11
747 8
794 9
703 10
707 10
768 10
719 9
796 9
748 10
736 9
695 8
777 9
759 11
744 9
767 9
803 612
792 11
687 5
722 8
718 9
702 9
689 8
683 2
752 9
733 11
750 8
776 9
753 6
688 7
758 9
711 10
708 10
713 10
701 9
791 10
726 7
787 10
679 4
756 11
780 9
721 11
801 600
700 7
790 9
738 9
762 9
681 5
745 10
715 10
771 11
797 9
746 9
795 9
781 7
742 9
798 7
694 6
755 10
775 8
735 12
717 11
779 10
698 9
737 9
723 9
686 3
697 9
741 10
784 10
765 8
770 10
734 10
705 10
678 4
677 0
685 1
684 0
