569 11
568 12
566 11
567 11
565 9
560 12
561 12
564 10
562 9
559 8
551 13
553 13
554 11
555 9
557 6
558 8
563 7
552 11
556 6
550 8
548 13
549 12
547 9
542 12
543 11
546 6
540 14
541 12
544 11
545 9
537 8
539 11
533 13
534 9
538 11
535 7
536 7
531 10
528 10
532 10
529 9
530 7
527 10
526 7
523 10
525 9
524 10
522 11
521 13
518 10
519 9
520 11
513 12
515 7
516 6
517 4
511 11
512 8
510 9
514 10
509 8
502 10
503 10
505 12
507 9
508 5
506 7
504 9
500 6
501 7
494 8
495 8
497 7
498 8
493 7
499 7
496 6
491 4
490 1
489 2
486 0
487 0
488 0
