759 132
777 164
833 213
792 166
681 73
845 229
813 190
817 189
686 53
796 165
837 225
811 174
821 200
685 57
836 222
749 132
830 209
794 168
763 138
781 160
784 158
769 154
756 136
782 157
807 174
835 211
848 240
761 149
824 195
823 200
780 152
737 103
843 232
838 215
684 47
785 152
772 158
754 133
767 157
766 142
844 231
797 165
745 121
752 144
800 182
803 177
839 223
788 161
680 74
757 138
776 159
805 173
840 232
682 54
786 151
831 213
826 209
847 229
771 146
760 142
819 195
787 156
814 186
743 125
812 196
820 200
849 230
834 210
804 177
750 127
799 183
775 150
762 152
827 206
822 192
846 231
816 196
828 206
818 186
790 166
809 190
829 209
789 166
783 156
770 144
825 200
801 168
774 161
842 224
810 185
773 158
795 166
802 173
791 160
806 172
764 139
808 180
815 202
753 135
747 127
778 154
746 124
690 40
751 140
832 209
798 169
741 127
765 143
793 164
744 128
841 231
748 133
678 44
689 48
679 73
779 150
687 57
755 141
742 125
758 137
768 144
683 49
659 32
