181 8
846 147
807 11
490 6
200 11
588 8
147 180
614 7
161 9
240 11
735 5
745 6
575 8
641 155
135 8
214 178
839 147
737 7
832 19
136 9
474 1
184 11
128 9
645 6
671 7
841 148
492 7
776 4
68 7
638 9
626 8
789 5
116 8
815 15
60 7
561 9
781 139
643 155
786 142
186 11
130 8
647 8
821 15
610 5
511 6
545 7
105 9
256 9
826 20
446 5
818 11
76 9
483 7
503 6
533 150
188 11
746 7
724 5
681 7
707 7
51 9
530 6
197 10
146 11
642 156
764 7
547 6
163 8
272 168
501 4
785 140
467 5
103 10
582 8
803 11
570 5
95 10
514 7
342 6
78 11
840 147
731 7
508 7
518 7
134 10
658 154
443 4
412 3
788 137
274 164
253 173
496 5
572 5
185 9
132 10
775 3
763 4
180 179
634 151
271 170
254 9
780 139
258 10
777 3
104 10
825 20
150 7
708 7
686 6
548 5
843 147
159 11
238 12
666 155
182 10
627 8
770 6
644 154
849 148
106 8
257 8
447 4
532 148
120 9
615 7
231 12
89 8
210 181
616 7
550 5
166 3
560 9
250 172
529 7
63 9
760 5
646 151
752 7
573 7
794 9
262 8
164 10
212 177
534 151
207 176
669 8
804 12
226 5
268 171
765 4
585 153
519 7
249 173
693 8
495 6
520 149
440 3
797 5
819 11
458 1
242 6
237 11
587 154
172 9
481 1
834 18
442 3
263 171
273 168
239 9
813 12
631 5
779 138
87 11
623 154
836 145
331 0
586 151
466 6
828 20
211 178
441 1
155 11
842 145
510 5
246 173
281 5
420 2
536 151
61 9
726 6
204 10
230 11
88 10
199 9
477 2
283 3
684 5
637 7
193 180
266 169
793 6
137 7
457 0
845 148
371 2
738 9
358 3
734 4
173 10
574 8
736 7
709 8
114 9
619 8
546 6
75 10
835 144
379 3
241 10
754 6
758 7
672 6
223 10
145 7
189 9
280 6
470 4
439 3
175 10
820 19
215 177
77 9
133 9
49 8
191 9
170 6
455 2
149 10
559 8
177 10
74 9
192 9
464 4
118 7
774 5
84 10
79 11
288 163
270 171
824 19
202 11
323 2
682 6
535 150
151 9
352 0
165 2
688 7
491 7
50 8
350 1
190 10
812 10
381 0
847 147
148 180
830 19
827 18
563 7
176 11
289 162
715 8
505 6
711 6
327 1
673 4
122 9
369 3
201 177
801 9
650 7
590 7
699 6
596 6
742 7
522 150
138 7
338 1
152 10
411 2
657 6
848 147
831 15
524 7
612 6
228 9
677 5
121 9
55 9
40 6
248 175
753 5
213 177
162 9
157 11
727 7
179 178
219 178
712 7
111 9
376 1
279 8
229 10
255 171
468 4
628 7
41 8
115 9
823 19
224 177
431 2
453 2
739 6
419 1
562 8
52 7
209 180
44 7
662 151
80 9
421 1
620 7
771 6
54 10
427 4
380 2
37 1
203 11
700 6
817 15
782 139
39 7
527 8
487 7
506 6
107 9
432 2
798 10
65 8
800 9
661 7
844 143
171 10
521 147
64 9
90 9
663 152
525 6
544 8
428 2
809 10
92 11
373 0
465 2
267 169
293 0
264 171
259 9
600 1
837 145
91 10
674 4
243 9
305 152
697 4
723 7
486 6
93 10
676 7
102 9
578 7
94 10
144 7
701 4
589 6
53 9
500 4
154 10
497 6
651 154
703 4
113 8
838 144
454 0
549 4
370 3
689 9
438 1
659 6
783 140
805 12
46 7
751 8
696 6
493 2
678 5
459 5
649 153
66 8
260 7
308 1
67 9
449 4
220 177
829 19
601 4
117 8
57 8
252 172
695 6
640 8
336 6
119 7
236 10
660 153
217 176
713 9
304 1
576 4
278 9
140 11
667 6
808 10
48 4
415 5
810 12
733 7
607 5
694 6
38 6
139 12
714 7
593 2
482 5
698 5
716 6
630 9
43 7
747 4
351 1
335 3
96 11
70 7
706 5
275 10
413 5
750 5
287 1
160 10
523 4
244 174
566 7
123 9
822 18
564 8
759 5
141 10
552 6
761 4
743 7
591 2
313 3
577 6
542 7
833 18
206 178
284 4
790 7
526 9
618 6
290 161
83 7
705 7
762 5
473 4
537 147
143 9
460 4
340 5
444 3
604 3
485 3
300 0
778 4
429 2
317 2
205 8
732 8
328 3
251 175
648 153
312 2
471 3
247 175
515 7
81 7
488 8
802 11
42 8
354 2
617 4
56 8
551 3
462 3
235 11
216 10
816 16
108 10
282 0
178 9
579 4
507 6
602 3
806 10
509 6
516 8
656 7
791 6
110 10
261 9
606 4
469 5
629 10
592 4
208 178
540 151
683 7
687 5
498 3
597 6
679 7
276 11
69 9
316 2
59 4
729 3
690 7
632 7
343 2
513 5
756 6
543 8
748 8
766 6
603 0
314 0
538 3
198 11
355 2
142 11
795 5
97 10
356 153
378 0
728 6
72 9
218 178
710 6
484 1
433 1
565 7
528 8
417 4
153 9
232 12
567 7
124 8
702 7
99 8
245 174
553 7
416 4
555 4
112 10
86 12
47 7
126 10
717 7
784 142
361 0
167 9
517 7
480 1
472 5
605 4
675 7
58 5
339 1
499 4
796 9
127 9
512 7
608 5
475 2
773 7
269 170
539 6
414 4
609 6
635 7
277 9
502 7
580 3
109 11
168 6
448 4
720 6
71 8
639 6
195 177
653 156
814 12
755 3
721 6
225 9
489 5
583 7
418 1
333 0
463 4
131 9
445 5
691 6
100 6
156 10
622 154
668 6
158 10
811 11
478 2
621 153
772 5
234 11
718 5
183 10
85 9
129 10
169 10
82 9
664 156
194 9
704 5
221 9
636 8
652 151
744 7
584 6
749 8
292 3
767 6
306 151
799 9
557 3
101 7
624 7
558 8
541 150
73 9
265 170
320 1
787 141
286 4
554 5
740 5
633 7
568 5
62 8
377 0
233 13
425 0
722 5
461 6
556 5
174 9
337 0
725 5
423 2
36 2
291 3
594 5
654 8
769 6
187 9
357 5
318 1
598 2
310 0
665 154
504 7
321 2
692 7
222 10
98 8
768 6
299 0
719 7
125 7
45 7
581 3
329 2
611 4
424 2
730 7
569 4
375 0
341 5
531 1
295 0
319 1
494 2
625 8
434 1
322 1
422 0
372 2
571 5
670 6
757 4
227 10
741 3
595 2
330 3
792 4
685 6
334 4
613 5
426 0
655 7
451 0
680 7
430 1
362 0
307 2
360 0
196 7
599 3
315 2
35 1
285 3
452 0
479 0
311 0
476 0
296 0
