325 80
510 84
326 79
131 78
296 83
559 214
414 82
522 78
49 81
64 81
349 80
58 81
515 84
243 80
352 83
395 80
456 86
423 83
135 83
336 82
356 84
252 79
485 83
286 79
533 80
265 83
507 84
241 80
441 83
285 83
403 80
321 78
524 79
517 79
165 83
387 81
540 77
264 83
146 84
132 79
375 84
70 82
481 83
46 81
501 82
168 81
429 83
245 82
415 78
490 83
529 79
553 173
400 82
486 84
129 82
163 83
385 77
45 82
508 83
437 83
186 83
425 80
238 79
24 81
545 79
351 82
228 82
568 241
531 78
38 83
8 7
502 77
569 241
119 76
179 83
398 78
316 78
65 79
13 3
74 82
430 84
36 82
72 77
543 79
333 83
96 81
267 81
328 79
171 78
105 78
101 83
413 83
474 84
494 81
247 79
345 78
28 82
193 75
542 79
379 78
497 83
478 84
294 79
541 76
37 81
327 77
331 83
223 79
136 5
530 82
279 78
468 82
480 83
127 83
466 78
272 79
453 85
139 78
454 85
257 80
305 80
69 81
44 80
152 83
314 80
277 79
462 80
380 84
366 83
495 83
460 85
390 84
465 85
91 82
261 80
556 10
365 80
242 78
370 83
39 83
564 234
450 81
75 82
374 79
341 83
509 84
378 80
496 83
292 83
457 86
273 79
477 78
438 83
164 84
499 84
310 79
372 78
461 79
432 79
157 81
172 81
536 72
208 78
134 82
455 85
14 6
251 81
469 84
565 239
237 84
306 78
527 77
435 82
353 79
302 79
250 79
221 79
525 81
467 80
2 6
79 79
373 83
489 80
338 83
384 84
87 77
417 78
81 82
519 80
203 76
399 79
354 80
47 83
227 80
249 80
487 82
492 84
117 80
520 79
144 82
234 77
348 75
282 80
371 84
409 81
566 240
513 84
128 82
80 81
482 83
113 80
309 77
449 83
270 72
33 81
214 78
143 83
392 79
330 83
174 78
444 79
197 75
315 80
484 84
244 79
60 82
452 85
358 85
291 82
538 76
161 80
393 80
170 83
360 83
512 83
86 79
109 78
23 81
521 77
491 83
424 83
534 79
476 79
255 80
405 81
140 80
281 78
567 241
511 83
546 78
30 82
147 82
518 82
389 77
122 83
458 85
383 84
198 79
71 83
207 77
41 82
504 84
116 77
514 84
471 84
442 85
182 81
299 77
416 82
488 80
503 83
473 86
212 81
516 86
121 82
427 81
145 84
280 78
560 212
191 80
158 10
313 76
181 81
89 82
554 11
293 76
56 80
483 79
4 3
505 83
130 80
263 79
428 79
433 85
177 78
229 81
68 83
275 78
493 82
479 84
464 81
137 79
307 77
226 81
448 84
377 74
549 9
561 221
320 80
539 77
258 79
335 78
125 83
239 83
319 80
205 81
63 79
142 78
271 77
422 80
123 79
166 83
459 86
355 81
445 79
235 80
155 79
526 80
268 82
256 78
31 82
289 83
369 76
50 78
220 82
367 80
97 82
557 188
215 80
470 86
218 78
297 82
562 231
187 83
106 79
381 77
54 77
19 6
295 80
440 82
419 84
408 78
446 81
209 83
436 84
551 162
150 79
443 84
340 82
35 81
475 85
200 82
196 80
276 79
260 74
283 80
62 81
420 82
401 83
230 75
463 80
253 78
59 81
248 82
447 74
195 84
434 83
363 79
192 74
324 79
210 80
404 77
29 81
104 80
112 75
40 81
558 190
206 78
500 79
92 82
21 6
451 79
288 78
555 9
85 78
141 79
17 7
107 78
402 83
357 84
0 6
9 7
431 82
126 83
48 82
34 81
498 83
284 80
27 79
183 8
57 79
426 80
318 76
98 79
391 79
362 78
472 85
178 81
154 78
343 77
190 78
151 83
506 84
406 75
90 77
167 83
213 76
95 79
535 73
544 84
78 79
300 80
43 83
262 81
548 133
25 80
176 80
382 84
523 81
388 78
323 80
219 80
346 81
156 80
421 80
410 83
407 80
376 79
55 80
204 79
240 79
216 76
386 79
26 82
312 78
246 78
175 83
51 3
550 133
254 80
120 77
337 82
133 77
53 78
202 83
552 164
304 81
185 83
232 80
342 84
184 76
412 79
32 83
334 83
111 79
394 79
76 77
199 80
278 76
153 83
396 77
88 6
103 81
162 79
224 77
547 76
563 234
169 83
222 80
83 79
138 79
290 79
274 80
188 84
10 6
173 79
411 72
159 80
118 74
73 76
149 77
332 83
303 82
67 82
217 80
102 83
82 7
287 80
20 6
308 80
61 83
42 81
439 83
269 78
528 81
266 83
180 79
329 80
397 75
350 83
22 8
15 3
52 75
1 6
66 83
108 81
211 83
201 74
148 75
99 82
115 81
236 81
16 6
259 80
347 83
418 83
110 80
339 79
359 84
11 4
344 82
124 80
100 81
532 80
94 76
6 7
231 81
12 7
537 74
5 6
114 78
7 6
322 77
311 81
233 81
225 79
93 82
298 72
84 76
317 81
368 79
194 84
364 83
77 6
189 83
301 80
160 79
361 82
3 5
18 1
