730 3
643 5
133 5
604 9
207 6
372 6
226 6
282 130
765 78
507 4
456 7
614 5
818 88
240 134
735 78
482 101
641 4
257 135
170 7
249 133
693 2
839 9
440 0
250 134
841 10
458 5
776 74
559 6
626 6
789 80
242 136
272 132
561 5
781 78
752 79
264 132
172 7
262 132
450 7
273 131
787 80
813 85
256 134
826 86
174 7
460 102
801 85
295 124
227 7
253 133
793 82
296 125
483 4
533 5
824 87
780 77
759 77
284 130
197 6
547 5
655 4
479 103
846 8
777 77
103 5
592 6
798 85
838 7
803 83
751 6
790 81
420 0
799 85
352 4
840 9
134 6
157 7
805 85
849 82
637 6
521 6
283 127
185 6
457 5
175 139
297 120
634 6
254 134
215 137
738 79
150 5
173 138
548 4
159 7
238 134
187 5
666 5
812 86
726 4
428 103
627 7
463 4
619 6
792 83
532 4
754 78
615 7
231 8
788 80
810 81
763 78
560 5
145 5
280 130
760 76
267 132
764 75
181 5
453 5
769 78
351 5
697 4
575 4
191 138
585 0
135 7
214 138
737 79
455 7
474 1
775 75
189 139
638 3
116 2
481 101
151 7
263 5
821 82
631 5
118 4
446 3
222 137
188 138
362 2
331 4
586 6
146 5
466 3
368 5
258 132
828 88
501 4
794 83
467 2
842 7
221 136
588 7
204 4
213 138
162 6
835 9
412 0
274 130
266 129
750 78
572 5
137 7
371 6
642 5
104 3
358 3
229 6
686 3
493 5
574 3
285 127
593 6
770 77
830 88
745 4
546 6
353 3
115 4
616 7
746 5
223 8
166 4
470 3
825 87
293 3
599 5
600 5
786 80
534 4
234 135
804 85
161 5
464 102
796 83
136 6
177 6
587 7
186 5
465 100
545 2
270 130
716 0
506 6
510 6
281 127
536 2
199 7
101 5
778 77
688 4
741 5
832 85
662 4
404 0
758 78
783 78
219 138
823 86
815 86
268 132
350 4
800 85
756 79
381 2
244 136
563 7
400 3
210 138
715 77
814 87
246 133
820 88
192 137
369 6
361 3
201 138
620 8
797 84
819 89
335 117
699 3
596 5
138 4
385 4
847 80
774 74
524 5
612 6
228 7
785 78
747 5
601 5
535 5
230 6
334 117
370 7
757 77
603 8
491 3
255 135
190 138
148 5
373 2
628 6
313 1
120 4
384 4
149 3
729 0
590 3
380 2
480 101
220 138
338 0
817 86
657 0
589 5
831 85
732 76
202 6
107 1
163 5
113 4
454 6
848 79
508 3
549 4
727 3
111 5
376 2
663 4
279 129
525 4
551 5
208 137
459 6
468 3
822 88
176 139
327 0
742 5
673 2
630 5
259 133
809 86
265 131
740 78
486 4
495 4
836 9
767 78
102 5
768 77
298 120
203 6
522 4
152 7
411 2
286 3
576 4
782 79
269 132
323 0
497 5
651 6
211 138
605 7
701 3
179 7
193 138
271 131
324 1
498 4
678 4
260 132
645 4
332 4
646 4
315 3
212 137
290 5
807 85
562 5
744 5
762 78
640 4
119 4
771 76
427 103
816 88
359 3
217 136
294 125
511 4
827 84
278 5
667 2
808 84
288 4
132 1
301 0
354 2
607 6
289 0
696 2
206 6
164 4
477 2
243 135
421 0
682 2
674 1
700 5
239 133
773 75
429 102
105 0
317 118
784 79
500 3
487 2
121 5
252 135
644 4
731 4
123 3
300 3
167 6
694 4
761 76
462 6
139 6
591 6
426 1
577 1
449 7
618 7
705 0
723 4
689 2
602 7
93 0
676 3
287 3
509 5
444 2
96 1
843 9
485 3
718 3
275 131
629 6
367 6
312 0
248 134
471 2
709 2
753 78
687 2
566 5
844 10
802 85
617 6
552 5
209 136
378 2
394 0
649 5
235 6
241 136
251 134
526 5
743 5
178 7
695 4
736 78
382 4
386 0
374 4
806 84
475 2
656 4
304 119
632 6
791 81
779 76
261 4
606 6
469 2
236 136
683 2
496 6
314 1
733 78
141 5
837 7
795 83
749 77
829 86
302 121
484 1
461 102
721 2
690 3
527 5
140 6
724 1
413 1
328 1
833 84
112 5
513 4
377 2
582 2
165 6
659 0
538 2
401 5
355 1
540 2
597 5
218 136
276 6
476 2
316 117
579 3
528 7
567 4
366 4
245 8
553 4
247 131
205 4
555 4
171 7
435 1
580 3
766 78
488 4
97 0
106 2
447 2
448 7
710 4
679 4
755 80
712 2
216 135
108 2
565 4
402 103
613 8
473 3
499 5
407 2
452 7
512 6
598 5
94 0
410 2
408 3
537 4
110 2
706 0
772 74
155 5
648 3
126 5
95 2
502 0
515 1
564 6
198 7
834 9
472 3
675 2
728 1
318 118
811 82
653 3
608 6
99 5
129 4
489 99
583 0
154 7
578 3
609 4
635 5
277 130
156 6
383 5
445 3
691 4
182 6
183 5
720 1
478 101
621 7
639 3
143 5
232 8
623 5
340 1
194 5
416 0
664 3
539 4
333 0
594 6
650 4
652 4
142 5
636 4
122 1
153 6
124 3
292 5
225 6
557 5
356 3
180 6
529 7
320 2
233 7
168 6
554 6
584 3
399 0
568 5
581 5
611 6
713 0
325 0
109 2
398 0
622 6
326 0
128 1
224 7
349 5
387 1
337 3
319 2
518 0
541 3
160 7
661 1
624 4
409 0
158 5
734 5
531 3
665 5
195 6
144 6
725 1
169 6
558 7
595 6
330 3
196 5
569 4
125 5
451 7
357 3
698 1
375 3
516 1
329 0
321 3
98 3
625 4
845 8
739 6
364 0
291 1
131 1
348 3
422 1
717 1
519 4
184 6
396 3
633 6
127 3
748 5
544 2
424 104
114 3
303 120
505 4
711 4
517 4
571 4
722 1
672 1
556 2
647 2
423 3
523 2
702 0
403 4
719 0
573 5
147 4
406 2
692 3
520 5
237 5
360 4
200 7
504 0
365 4
681 1
530 5
654 1
514 4
395 0
550 4
685 0
680 3
707 0
363 0
415 1
658 2
397 2
430 0
570 5
714 0
494 1
490 2
100 1
336 0
492 2
130 2
610 5
708 2
299 0
393 0
405 0
