676 4
846 501
830 598
834 587
841 559
837 568
822 600
823 604
828 599
724 9
712 9
687 9
824 604
749 10
839 566
698 8
835 583
845 529
838 568
829 600
807 9
843 544
759 10
847 486
833 590
827 601
779 7
844 529
826 603
756 9
842 558
831 595
781 11
836 571
821 588
832 593
694 8
727 9
825 603
849 477
787 9
840 563
706 9
702 7
819 582
793 9
732 10
721 9
729 7
710 8
682 9
717 10
766 10
848 484
786 9
691 8
768 9
806 10
730 8
802 8
684 12
680 10
757 8
744 11
728 10
745 11
755 10
763 10
820 589
760 12
726 8
818 584
774 8
803 8
720 9
747 11
733 7
762 11
758 8
794 8
814 9
782 8
772 10
711 9
761 11
679 10
746 9
784 10
701 7
777 8
674 5
796 8
812 9
704 8
722 9
734 10
689 9
741 10
770 8
677 5
754 10
673 5
699 9
792 7
799 8
681 13
811 9
678 7
775 5
771 9
808 7
683 9
719 10
797 9
778 7
716 9
696 8
740 7
686 11
714 8
671 5
709 6
780 9
767 10
817 501
739 9
801 7
804 9
790 9
764 11
813 10
743 9
736 9
690 6
675 5
718 9
715 6
789 11
765 9
776 9
707 7
769 9
788 9
753 10
800 9
705 8
805 11
713 6
773 9
688 10
742 10
672 4
692 8
697 9
737 7
738 8
748 9
693 9
798 10
816 6
703 8
751 8
810 7
685 9
752 9
795 9
783 9
723 10
750 5
785 9
815 9
695 7
700 7
725 8
708 8
731 6
735 9
791 8
809 9
