569 9
566 13
567 13
565 11
568 8
564 10
560 13
561 13
563 12
562 11
554 13
559 9
552 13
553 11
555 10
556 9
557 9
558 7
551 10
549 9
550 10
548 9
547 9
546 7
544 10
545 9
543 10
536 11
538 12
542 9
533 14
534 11
537 7
539 11
535 8
540 8
541 6
528 13
530 10
532 10
529 10
531 9
526 14
527 11
523 11
524 12
525 8
521 14
522 12
520 13
518 12
517 7
519 8
515 8
516 6
511 10
512 7
514 7
509 11
510 7
513 6
502 11
503 10
504 11
506 11
508 8
507 7
501 7
505 9
494 8
495 7
497 8
499 8
500 8
493 7
496 7
498 6
492 4
490 2
491 3
486 2
484 1
485 0
487 0
489 0
