325 80
326 81
491 77
131 75
559 10
553 167
405 76
477 77
64 77
349 72
335 80
515 78
78 78
352 74
543 9
125 76
461 78
395 70
423 75
385 81
171 72
336 80
157 76
43 75
205 71
507 77
241 77
0 77
441 77
15 76
321 76
458 78
264 78
306 78
17 78
23 76
445 78
547 136
435 80
481 79
250 77
530 76
41 78
505 75
2 78
3 77
429 75
514 75
359 77
486 82
129 77
384 81
45 78
417 76
509 75
314 74
252 77
366 79
54 78
182 74
370 73
488 77
242 71
228 78
568 239
531 74
38 79
399 75
137 80
503 69
569 242
123 80
151 6
487 76
535 78
424 76
544 118
192 77
126 77
348 81
244 76
282 78
499 74
500 75
72 79
243 78
524 78
333 78
191 76
275 77
80 78
101 79
413 76
19 77
474 79
5 79
33 78
193 76
497 75
478 72
540 78
541 84
482 76
70 75
353 71
525 76
444 76
197 73
340 73
51 79
130 78
315 71
480 82
376 78
373 81
60 79
272 5
400 75
453 74
263 79
428 74
489 77
176 77
305 78
408 80
106 78
256 74
277 79
442 76
200 80
161 79
68 75
238 73
479 81
532 76
100 78
450 80
293 81
109 76
564 235
84 75
378 75
296 76
164 73
258 78
267 71
456 77
172 76
536 78
533 73
375 77
403 75
63 78
517 76
518 72
389 70
95 79
71 78
467 80
168 74
391 77
548 140
437 80
81 78
380 81
522 79
455 81
502 81
143 76
374 81
316 74
132 76
434 80
249 76
65 79
492 77
362 78
50 76
127 74
12 77
58 76
414 74
566 237
485 77
196 73
361 81
546 130
309 73
313 75
247 75
52 77
542 103
214 77
550 142
392 74
136 76
198 75
468 78
79 73
324 77
454 83
257 75
358 77
44 74
187 77
229 73
357 81
538 69
210 80
6 79
545 126
21 72
495 76
390 74
91 78
365 78
512 75
86 72
37 79
398 76
47 79
122 80
521 75
421 77
121 79
396 73
565 237
510 72
534 75
476 76
463 82
310 76
291 75
372 73
76 79
39 77
156 72
251 7
425 74
459 81
141 78
146 78
207 76
255 77
116 76
268 73
471 82
280 78
508 77
90 79
24 79
167 74
203 76
212 77
377 81
420 75
520 76
334 77
97 78
560 210
513 79
484 76
128 79
449 81
181 73
8 77
483 75
331 64
223 76
383 73
410 78
145 77
169 76
279 67
466 76
452 75
537 69
462 81
381 80
393 73
426 76
170 72
299 9
412 75
516 76
549 143
457 77
561 221
140 80
567 238
319 67
356 79
233 70
265 78
133 77
75 76
422 77
165 77
202 76
407 80
155 79
87 78
290 78
219 76
369 76
297 80
213 74
506 72
220 72
557 10
34 76
432 77
300 78
209 79
345 81
360 78
218 76
28 78
85 74
379 75
227 81
292 80
501 73
177 73
276 74
427 79
295 75
307 80
556 168
55 78
22 77
371 73
96 79
92 79
498 74
286 75
551 137
387 78
355 78
443 77
504 77
74 79
529 76
526 78
382 78
163 78
289 78
260 77
354 78
119 74
401 77
118 72
49 78
409 80
253 72
31 75
158 79
469 81
62 78
527 78
4 75
430 73
433 75
215 77
10 77
273 78
103 77
206 77
416 76
270 76
294 76
302 76
107 74
338 75
475 77
237 73
490 76
438 78
36 78
53 79
511 76
27 78
82 77
404 80
57 75
29 78
112 74
98 75
40 79
281 77
343 73
239 77
224 76
451 79
337 80
30 76
113 72
142 77
271 79
99 75
190 75
46 78
16 76
35 79
367 76
147 72
284 77
204 73
9 78
179 78
473 81
386 77
111 77
346 81
89 79
554 166
363 76
563 232
539 79
26 78
562 227
104 79
523 78
419 77
347 71
152 73
77 79
56 78
232 77
342 75
464 82
274 76
555 172
388 70
341 77
415 77
330 74
150 73
174 77
173 74
440 80
195 77
240 80
32 78
465 80
208 67
269 80
149 75
493 77
304 80
48 79
11 79
446 79
323 79
261 78
14 78
308 77
448 79
199 73
552 135
418 73
318 75
108 79
303 75
246 77
175 78
178 72
558 10
154 71
447 80
394 75
320 5
1 78
117 74
439 80
236 71
278 76
183 80
328 76
312 78
66 75
368 70
283 75
411 77
139 80
162 78
226 76
397 77
327 75
496 76
406 75
245 77
185 72
160 78
188 75
234 75
67 74
262 74
285 73
235 76
102 72
402 79
317 77
216 69
20 76
61 79
42 76
73 77
351 76
225 74
248 77
217 77
436 73
350 78
266 78
470 82
431 76
114 80
472 81
528 78
7 79
184 0
88 79
329 77
134 75
189 75
339 73
186 76
222 78
311 76
124 75
322 77
259 77
153 80
83 75
494 81
201 75
25 75
519 77
59 7
344 77
159 78
194 77
332 72
231 77
301 75
364 81
211 77
138 79
144 78
148 75
115 79
105 74
110 78
120 7
166 73
93 79
460 82
94 78
135 78
254 3
221 72
13 78
18 76
298 79
69 73
180 70
288 0
