842 185
825 625
731 32
735 30
824 628
836 20
821 654
814 707
722 26
805 20
746 33
737 33
781 28
818 701
784 28
728 32
776 25
800 23
835 20
819 680
849 175
768 31
828 586
772 29
820 658
817 704
822 650
844 187
787 28
766 29
797 23
745 34
788 24
777 34
840 18
763 28
730 33
753 29
742 32
747 33
744 33
838 19
732 32
826 620
823 631
739 32
750 36
813 708
778 28
789 26
752 32
792 25
770 36
804 24
696 28
801 27
773 30
761 35
812 743
816 706
756 33
697 21
831 248
795 31
723 23
790 31
733 30
783 24
808 781
758 31
754 31
832 244
815 707
727 31
736 29
791 28
760 37
724 24
807 784
771 26
751 33
786 28
798 26
775 29
743 33
827 617
767 30
748 29
811 748
720 28
741 35
762 33
726 26
785 28
698 29
780 27
749 31
829 548
757 38
759 36
830 488
834 22
846 185
810 768
837 19
764 28
774 31
848 176
833 239
779 27
847 179
769 27
794 29
729 35
782 25
799 20
740 34
725 30
839 20
738 29
793 28
765 31
755 30
845 186
721 26
843 191
802 24
809 747
734 28
803 21
806 837
796 29
841 188
