849 564
846 576
799 11
845 576
841 585
842 583
837 594
838 590
840 588
749 8
830 595
762 11
834 591
839 588
843 583
807 8
736 11
824 10
847 575
751 9
821 10
779 8
844 579
848 569
827 593
835 590
692 10
756 9
836 591
832 593
825 584
792 9
677 1
829 596
833 594
764 9
690 11
706 10
723 6
720 10
831 596
782 9
732 11
729 10
786 9
724 7
691 9
798 10
743 10
814 8
806 8
802 9
744 8
828 594
817 12
757 10
737 11
713 7
788 7
716 10
745 9
826 594
763 9
740 11
769 7
750 8
783 11
731 10
760 10
681 6
727 9
793 8
714 8
698 8
686 7
747 7
733 9
818 9
703 11
772 8
761 9
768 8
810 9
719 10
753 10
734 11
748 8
695 10
777 9
759 10
767 9
815 11
796 9
707 9
687 8
735 10
795 10
741 10
781 8
718 12
700 7
813 9
699 7
776 5
715 8
746 8
765 11
752 10
680 5
784 12
811 10
678 3
758 10
775 10
725 8
771 9
805 10
808 8
683 6
820 11
742 9
778 10
787 9
739 10
696 9
709 8
711 7
754 8
710 8
823 13
712 8
701 9
697 7
812 10
816 11
704 10
685 7
791 9
702 11
797 10
780 9
809 8
770 10
804 10
705 8
822 12
819 11
728 7
694 12
789 9
773 9
774 8
785 7
801 7
794 10
730 8
688 8
800 9
803 11
738 9
682 4
790 7
766 9
755 9
679 5
726 8
717 8
708 9
684 5
722 9
693 9
721 8
689 5
