849 552
799 9
749 8
845 10
839 9
682 9
807 9
824 9
751 7
821 10
779 8
848 554
692 4
800 11
825 10
792 8
677 10
829 8
764 10
730 9
782 7
729 9
789 8
746 7
694 9
724 10
761 12
699 9
740 6
691 8
822 11
680 10
725 8
785 8
806 10
802 8
817 10
712 9
757 8
810 8
788 8
728 9
716 8
841 9
763 11
686 11
783 8
739 10
696 8
731 11
760 12
791 9
727 9
693 8
706 9
774 9
698 10
720 8
826 8
747 9
758 9
676 7
847 547
721 8
703 9
707 9
772 9
768 10
750 7
796 9
828 9
684 8
736 10
732 9
695 9
844 9
777 8
759 9
744 9
767 12
815 8
812 8
687 10
837 10
722 11
781 7
718 9
838 8
702 8
689 10
834 10
813 10
776 6
683 5
814 8
715 9
765 9
846 10
753 8
688 10
678 10
811 9
835 10
711 9
805 10
708 8
713 10
704 8
701 9
833 10
786 8
726 9
742 10
778 7
681 9
679 11
719 5
808 7
780 8
685 10
754 7
775 8
823 11
700 9
790 6
738 9
816 8
762 10
843 10
771 9
797 9
804 10
743 10
770 9
710 7
705 6
756 9
675 6
745 6
798 8
734 9
755 8
733 11
690 6
773 8
769 10
752 7
735 10
842 9
784 7
818 6
737 10
714 8
748 9
840 9
766 8
827 10
830 9
787 8
697 9
723 8
793 7
803 8
801 9
831 9
741 7
794 8
820 9
836 10
809 8
832 9
819 8
717 9
795 8
709 7
674 0
