643 262
786 283
604 250
713 269
113 8
12 119
798 283
364 52
751 277
627 259
807 284
765 282
44 10
614 255
735 275
821 280
754 278
683 266
749 278
693 268
737 272
495 5
520 5
76 11
2 113
645 264
11 119
819 278
841 266
492 2
785 284
20 115
811 283
738 275
703 266
667 264
64 11
806 282
682 268
789 284
3 118
781 285
587 7
704 269
481 2
829 277
9 119
360 3
35 9
790 284
652 266
631 259
66 12
826 278
75 10
594 248
623 260
615 256
14 116
19 116
6 117
824 279
755 278
663 264
724 270
720 270
707 269
51 6
767 282
8 119
764 282
506 5
547 2
794 282
600 251
780 284
696 269
842 14
582 3
592 247
694 267
570 4
588 6
818 281
840 268
731 273
827 276
523 2
508 2
114 9
36 7
443 3
5 118
766 282
745 275
496 4
379 6
775 285
763 282
845 259
758 280
634 261
380 6
771 283
750 277
642 261
668 267
25 118
601 250
17 119
38 10
756 279
7 118
708 269
734 275
725 271
686 267
493 4
640 260
369 52
726 271
736 274
463 1
709 267
593 246
619 255
770 282
644 263
849 258
830 274
836 271
813 283
370 53
793 285
779 282
788 285
774 284
23 118
760 282
752 277
833 273
769 280
630 260
795 283
761 282
669 266
507 5
456 1
351 1
697 270
662 262
24 119
839 270
715 269
455 2
801 282
650 266
440 0
797 284
671 267
776 285
559 3
638 260
37 9
815 281
34 10
561 5
476 2
687 268
740 276
602 249
782 284
616 256
810 285
483 3
746 276
832 274
673 266
710 267
466 0
68 12
828 277
441 2
467 2
733 273
846 261
759 282
678 265
510 2
714 267
809 284
799 284
352 2
61 8
334 2
784 285
70 11
666 262
698 266
684 268
572 0
50 8
606 254
413 1
603 251
768 283
371 51
626 259
719 269
777 283
803 275
574 6
688 266
838 267
723 269
792 286
546 2
308 2
67 11
447 4
532 1
353 2
62 10
658 265
15 116
439 2
711 267
599 249
800 275
808 282
285 0
804 285
49 6
347 0
115 0
783 284
28 113
335 0
73 10
26 114
307 0
661 265
847 254
835 273
622 259
831 276
533 1
814 282
345 0
677 267
21 117
494 3
79 10
796 283
822 278
820 280
525 3
605 253
373 53
41 10
637 262
505 4
16 115
656 263
453 0
816 281
639 261
773 284
585 5
80 7
374 52
620 258
589 244
825 276
393 2
699 268
648 265
596 249
742 275
674 268
700 268
657 263
39 7
503 79
382 1
524 3
368 48
762 282
30 6
753 276
22 116
10 116
549 4
679 265
701 265
727 271
404 1
712 268
521 3
551 4
705 268
778 284
812 280
468 3
394 1
27 114
672 264
33 10
823 280
267 2
646 262
562 2
787 284
54 5
590 246
609 254
4 117
817 278
13 119
499 0
689 264
446 3
692 265
641 260
729 271
741 274
837 268
0 118
48 9
40 9
844 13
72 12
401 2
111 3
459 0
563 4
400 3
721 270
690 266
332 2
327 0
377 2
52 8
695 269
486 0
607 253
578 7
685 263
522 3
359 3
791 286
331 0
497 0
651 265
454 1
659 265
805 285
457 2
376 50
46 10
289 1
358 2
772 284
498 0
628 259
392 2
402 1
632 260
290 0
509 6
730 270
485 4
576 4
53 5
706 270
55 2
757 280
802 285
743 275
78 11
482 4
618 256
1 116
18 118
361 3
460 0
664 263
611 253
112 7
635 261
843 14
716 270
65 11
653 266
313 1
608 254
366 52
69 12
43 10
747 278
676 266
617 257
444 3
375 52
660 262
511 5
31 9
834 270
566 2
42 9
354 0
591 247
343 0
378 5
598 250
365 51
732 273
309 0
77 10
744 277
412 2
624 260
739 277
527 2
469 0
629 258
717 269
552 1
670 268
649 265
32 9
597 248
484 0
595 250
579 6
567 1
681 264
63 11
513 4
367 50
47 10
748 276
580 6
445 4
74 12
728 268
71 13
411 3
610 254
526 4
848 257
478 0
458 2
475 0
583 6
275 1
500 80
328 1
312 1
333 0
515 3
348 0
564 1
586 7
612 256
355 2
448 1
654 265
577 2
621 259
512 5
442 2
356 3
555 3
702 269
722 269
625 258
665 265
691 266
462 1
29 8
565 0
613 255
342 0
528 3
675 267
410 1
306 0
414 2
636 260
680 265
633 258
60 4
45 11
408 0
557 0
518 4
529 1
647 264
554 3
292 1
287 0
718 265
581 4
516 3
319 0
479 71
655 264
501 80
357 1
556 3
464 3
407 0
269 0
568 5
553 1
491 3
398 0
383 0
584 5
399 1
329 2
558 4
502 80
330 2
322 0
363 47
519 5
461 0
310 1
381 3
530 3
372 51
268 0
531 4
283 0
571 3
438 1
109 1
465 2
434 0
550 5
449 3
517 2
346 0
575 3
276 0
110 1
514 2
395 0
311 0
291 0
573 6
326 0
396 0
504 1
548 0
81 0
569 2
534 0
450 2
452 1
321 1
397 0
480 3
437 2
451 0
477 72
288 0
436 0
277 0
560 0
