849 539
847 551
839 585
843 576
846 554
776 9
838 589
845 563
824 11
834 591
844 576
837 588
842 580
780 9
674 0
848 545
836 590
835 589
828 12
733 9
840 585
723 9
712 8
746 9
832 590
731 7
805 10
841 584
810 9
788 10
756 8
833 589
692 5
819 10
685 9
763 8
680 4
760 11
722 9
807 8
759 10
738 7
750 8
821 9
703 8
754 10
689 7
779 10
796 9
737 8
753 9
820 11
808 8
784 8
714 9
708 5
781 10
829 10
725 9
748 6
745 9
728 7
734 8
804 8
761 10
690 8
801 10
786 8
787 8
730 9
695 5
702 8
706 7
697 8
755 9
749 7
778 10
720 10
736 6
758 10
815 11
797 9
747 9
744 8
729 4
700 8
691 9
710 7
687 7
682 6
724 6
698 7
826 10
823 8
701 6
777 8
721 8
795 9
822 10
814 11
768 8
830 496
802 10
818 11
798 7
806 9
762 7
711 7
789 9
683 4
757 9
741 8
831 575
765 9
751 9
793 8
794 8
678 7
817 8
769 8
803 9
716 7
799 8
809 5
696 8
705 7
726 8
740 8
694 4
811 9
792 9
752 9
679 8
717 8
770 8
812 8
704 8
825 10
800 9
775 9
816 10
718 7
709 8
791 7
827 11
764 8
693 7
783 8
790 10
774 9
732 8
727 6
686 10
771 7
742 5
767 7
782 8
772 10
715 8
707 4
773 8
813 8
743 7
719 9
735 11
739 10
766 9
713 6
699 9
677 6
688 5
681 6
785 8
684 7
676 0
675 2
