419 196
350 184
437 198
490 205
476 204
579 200
201 178
394 193
735 7
390 190
71 184
440 199
278 176
427 197
475 204
237 176
587 202
273 178
450 200
161 179
481 202
485 205
464 202
256 178
537 203
295 179
408 195
357 185
503 207
270 176
435 199
555 205
197 182
506 206
547 205
501 205
129 179
578 204
570 205
95 3
420 196
415 195
87 186
557 207
395 193
452 199
681 189
497 205
185 179
457 199
297 179
480 206
376 190
463 203
686 10
319 180
498 206
378 190
412 195
253 179
465 203
257 179
563 205
120 179
32 187
392 192
550 205
529 203
141 174
685 186
431 196
315 179
262 180
216 182
468 204
571 204
473 204
240 177
89 182
693 184
455 199
577 206
332 183
29 182
458 199
60 184
225 181
172 175
433 198
234 180
522 205
152 174
553 205
511 207
545 205
399 194
365 185
491 204
530 206
50 185
368 188
393 190
363 183
441 198
155 174
272 177
25 5
290 176
311 177
592 205
30 186
286 175
304 177
213 180
342 180
323 179
90 183
525 206
271 177
552 205
471 205
484 206
493 205
207 180
285 178
255 178
277 176
546 205
308 180
75 183
400 194
448 201
560 205
64 182
447 201
569 205
439 199
739 6
526 205
330 183
403 192
209 179
499 205
351 185
191 181
170 172
520 205
326 181
76 182
461 200
559 205
68 185
699 7
329 183
411 195
486 205
105 1
446 200
568 205
228 180
527 205
188 179
469 206
401 194
226 180
454 199
373 185
502 205
536 205
61 184
229 178
40 184
494 203
459 199
300 179
523 206
182 179
477 205
518 207
508 206
404 195
288 177
521 206
541 205
544 205
601 203
301 178
462 200
208 181
574 203
709 180
321 179
187 178
309 179
422 197
449 199
38 1
534 205
91 179
361 187
697 6
519 206
336 183
492 205
542 204
284 176
85 186
396 193
59 182
561 205
146 177
259 180
556 206
138 178
186 179
442 199
421 197
128 180
296 179
79 183
374 190
331 183
466 203
180 178
258 179
539 205
121 180
514 206
352 185
549 205
580 204
266 179
344 183
572 205
712 5
397 192
472 205
299 177
36 185
114 176
434 198
219 182
145 179
176 176
56 184
505 207
380 189
405 193
384 192
565 205
282 176
49 184
268 179
369 188
723 5
554 205
136 6
102 2
242 178
372 189
432 197
6 5
19 187
524 205
533 203
275 177
362 186
202 181
337 184
371 184
312 178
726 5
157 177
438 200
274 178
27 2
538 205
47 5
215 181
190 180
515 207
425 197
67 185
488 205
267 177
254 177
276 177
562 206
135 4
175 175
119 177
4 1
385 191
701 9
169 174
738 4
513 207
22 187
736 6
305 176
328 182
111 5
173 174
381 190
507 206
313 178
260 180
379 190
231 180
206 178
711 6
150 172
55 6
531 203
83 185
243 177
214 182
495 204
676 10
509 206
436 198
203 179
742 7
359 184
151 176
144 178
263 179
528 203
576 205
382 190
183 177
298 179
113 4
244 179
496 204
564 207
224 180
551 206
302 178
164 177
428 195
339 184
474 203
241 177
33 189
127 181
688 184
725 7
200 182
294 177
84 182
303 177
109 180
500 205
279 176
377 189
535 203
31 188
53 184
689 187
289 176
677 11
517 206
700 7
252 179
57 181
287 176
483 206
335 184
516 207
743 6
217 181
154 177
73 186
721 179
3 2
703 8
48 184
230 180
370 188
134 4
162 178
443 198
137 4
720 179
353 182
194 182
675 187
10 187
72 186
77 183
402 194
347 183
460 198
741 8
366 185
478 206
358 183
682 188
346 184
118 179
724 8
413 196
367 187
398 193
227 178
733 8
479 206
246 178
383 192
249 178
307 180
316 178
705 7
504 207
62 184
261 178
416 197
265 176
317 177
107 181
543 204
683 189
566 201
356 185
482 206
179 175
354 184
78 180
117 180
218 181
189 179
470 205
430 196
86 181
199 182
386 187
567 203
158 177
702 9
581 201
318 180
429 197
204 182
706 6
487 205
414 195
21 190
489 205
238 178
280 176
314 179
445 200
424 196
13 189
193 179
679 189
409 193
178 177
355 186
417 195
232 178
292 177
340 181
54 186
349 185
729 7
247 178
558 206
343 182
222 181
387 191
264 178
406 195
168 176
540 205
532 205
710 4
223 180
142 178
130 177
512 207
245 179
410 195
177 177
248 178
126 180
205 182
451 199
338 183
456 198
341 183
195 181
93 180
690 185
391 189
548 205
70 185
418 194
160 178
69 186
43 6
453 197
116 178
407 192
80 184
684 187
236 178
28 186
586 204
388 189
444 199
467 201
744 4
389 190
327 181
510 207
174 175
44 183
212 180
66 182
24 5
46 3
74 185
159 178
16 2
320 179
184 178
423 196
670 12
250 175
691 186
728 5
198 182
325 178
165 176
58 184
181 176
163 179
220 182
35 186
51 6
82 185
334 183
65 184
221 182
333 183
196 180
283 176
233 179
133 1
235 176
426 197
694 184
251 177
110 180
171 174
88 185
45 6
364 186
156 177
718 7
81 184
740 3
293 178
269 178
695 7
730 5
148 175
322 180
167 175
106 182
698 7
310 179
360 185
122 178
112 6
748 5
115 176
63 184
324 177
722 177
714 4
239 8
348 182
123 178
680 189
737 5
12 189
291 177
211 181
98 179
5 4
692 186
149 174
375 191
306 178
281 175
707 6
704 5
745 6
11 186
125 179
103 181
192 180
719 181
17 4
708 179
734 4
210 179
92 3
41 185
18 3
345 181
34 187
14 187
7 187
696 7
0 0
23 187
166 176
94 179
52 5
9 187
15 5
727 6
143 180
747 6
20 188
153 177
99 4
732 7
731 6
131 173
39 184
2 2
108 181
124 177
746 4
96 3
147 173
132 0
8 3
140 176
26 1
139 176
42 6
37 1
101 1
97 3
104 177
100 0
