510 86
326 87
491 89
480 89
131 81
490 88
414 89
476 89
386 88
477 89
522 83
49 83
64 84
433 90
258 85
58 82
371 87
125 84
461 90
224 88
338 88
267 87
432 85
456 88
423 87
484 89
135 86
356 87
157 85
485 87
536 80
426 89
494 89
519 87
375 89
15 82
181 84
346 89
156 86
63 83
425 87
392 87
516 87
165 87
458 87
237 87
540 97
294 87
17 81
146 87
151 85
95 84
70 78
435 88
339 87
302 87
325 88
530 83
41 84
118 84
501 88
505 88
79 84
168 86
245 88
415 90
529 86
553 166
400 87
268 87
349 87
263 85
304 86
489 89
305 87
486 87
291 86
382 86
500 89
177 81
59 7
45 83
106 85
437 86
81 85
186 87
314 82
366 87
182 85
115 84
24 80
265 85
523 85
262 83
299 86
427 87
455 90
242 85
321 87
228 87
563 228
38 84
399 86
28 81
411 85
503 87
251 84
569 240
354 87
374 90
179 86
160 86
316 87
132 85
542 115
377 89
65 84
250 86
481 88
520 86
144 87
535 84
424 88
13 82
296 87
539 78
192 86
126 82
499 83
409 90
72 84
253 80
163 86
394 86
196 87
471 88
171 85
495 87
393 86
128 83
298 86
101 84
30 84
413 88
19 83
113 85
247 86
270 86
345 89
33 84
218 84
110 86
8 4
193 85
379 87
497 84
550 152
478 86
434 91
483 88
37 83
327 88
331 87
223 87
136 84
363 87
527 84
202 80
23 79
376 87
378 88
278 87
353 87
169 85
221 86
272 85
428 86
452 86
140 77
358 87
69 83
44 84
229 84
509 90
277 86
442 89
200 84
381 88
252 87
68 84
275 86
460 87
554 178
261 86
556 197
365 87
241 86
170 84
388 84
479 90
295 86
360 88
137 84
450 88
75 84
204 87
307 88
109 84
226 87
122 84
564 234
341 88
4 7
84 84
249 86
559 211
420 89
421 88
496 87
292 87
457 87
273 87
320 87
534 84
255 87
463 91
55 86
438 87
164 85
548 145
310 87
243 86
172 87
390 84
286 87
205 86
465 89
524 85
469 89
459 89
306 88
71 83
410 88
504 86
384 86
475 86
280 86
87 84
328 89
380 88
238 87
54 85
370 84
488 88
555 191
568 240
369 88
264 87
227 85
492 88
454 89
544 122
397 88
74 83
234 85
362 86
50 84
220 87
453 87
127 84
282 87
12 81
97 83
352 88
333 88
560 219
566 237
80 84
482 89
474 88
5 6
293 86
387 89
422 87
330 86
141 84
150 85
525 84
340 87
468 87
51 85
315 86
207 84
429 87
244 88
60 84
139 83
254 86
538 81
210 87
215 87
347 88
152 86
6 6
385 86
21 82
161 86
493 79
464 89
39 84
98 84
547 140
121 83
444 86
561 215
565 234
405 90
257 87
543 115
281 87
511 86
447 87
336 87
233 85
533 85
507 86
147 86
133 84
288 87
52 84
403 88
100 83
389 87
166 85
445 88
198 86
155 86
467 89
116 83
514 86
562 227
343 88
34 83
361 89
289 86
558 209
219 86
546 136
532 85
351 89
167 86
531 85
502 87
283 88
47 83
119 85
473 88
212 86
487 89
117 84
552 165
259 87
279 86
557 198
513 85
470 88
158 84
76 82
313 87
518 87
142 84
143 85
197 83
130 85
466 91
391 87
515 87
567 240
408 90
276 82
440 88
271 85
412 88
86 86
448 87
549 145
350 89
335 89
239 85
209 82
441 89
517 84
436 89
355 87
383 87
235 86
407 88
46 85
373 87
359 85
537 80
111 85
367 86
90 84
416 78
512 85
297 86
398 86
506 86
396 88
145 84
498 87
91 84
85 84
62 83
56 85
323 86
174 80
27 83
173 85
462 87
417 81
274 86
190 86
213 86
364 87
348 86
22 82
103 84
206 84
96 85
508 87
191 86
446 88
451 85
208 82
14 82
123 86
402 87
528 86
129 85
185 85
203 87
214 83
431 87
230 87
248 86
180 86
195 86
521 84
104 85
10 6
260 87
419 87
472 88
35 84
154 86
187 84
92 82
319 85
551 152
269 88
107 84
404 90
318 86
526 82
188 86
401 86
102 85
36 82
334 89
78 83
31 81
148 86
183 87
545 125
29 83
332 86
112 85
178 84
372 88
120 85
290 88
337 87
309 86
99 84
236 85
443 86
16 81
324 87
342 88
232 85
184 88
231 88
439 88
11 8
43 83
449 86
285 86
40 83
26 83
176 85
162 85
246 83
48 84
149 86
312 88
284 86
300 87
199 85
82 84
418 86
240 86
175 85
53 84
368 88
311 87
357 86
32 84
216 86
430 87
308 79
2 4
153 84
42 84
108 83
88 83
222 86
83 85
256 88
1 5
406 87
201 86
7 6
66 81
541 107
77 84
73 84
159 87
67 84
114 85
217 86
57 81
61 85
395 86
124 82
225 85
266 87
287 86
329 88
20 81
344 88
25 83
317 81
303 88
138 81
301 85
134 86
0 5
211 86
89 84
322 88
194 84
189 87
3 6
94 83
93 85
105 83
18 82
9 6
