341 96
513 94
559 241
472 99
55 92
350 100
276 99
64 97
234 93
349 97
48 97
531 93
352 97
567 243
511 90
437 94
423 100
456 97
235 100
252 100
536 98
43 98
244 95
265 93
407 95
241 94
205 97
494 99
441 101
15 97
400 91
41 95
321 95
409 95
389 96
287 94
555 238
223 99
331 96
540 104
478 98
202 96
435 94
302 99
211 98
310 97
255 100
168 94
429 96
529 91
272 92
510 94
481 98
372 98
543 137
13 97
414 99
177 98
229 98
45 97
87 97
81 97
186 92
66 97
238 94
54 99
386 98
522 99
508 91
460 97
174 94
395 98
519 92
488 98
404 95
448 101
38 98
326 99
399 95
550 173
143 95
237 98
374 99
418 96
377 97
516 95
487 93
492 93
520 94
436 100
535 97
3 94
358 96
430 95
335 99
12 97
371 100
263 99
528 88
394 93
328 96
256 95
70 99
390 96
523 91
262 98
527 95
275 98
19 98
474 101
5 91
218 99
8 97
392 92
93 97
132 97
413 96
327 97
316 95
284 96
466 101
470 101
23 98
431 100
56 98
475 99
353 100
337 98
525 95
530 88
221 93
424 96
373 100
410 99
26 99
428 97
562 243
489 98
95 98
557 242
463 96
385 94
277 95
462 94
247 94
398 95
196 98
378 95
68 98
477 93
118 98
157 94
393 94
465 101
249 94
53 98
274 91
184 92
421 94
62 98
564 243
318 99
307 96
292 99
560 243
90 99
16 98
4 97
521 95
547 174
491 94
320 99
534 98
433 94
438 100
311 94
147 95
442 94
451 99
432 96
446 98
549 175
382 98
106 97
115 95
278 96
100 96
63 98
551 175
193 100
565 243
301 98
181 100
526 97
129 98
59 94
417 94
499 94
361 99
380 95
75 96
257 96
558 244
512 92
369 95
28 96
179 98
227 94
121 97
289 99
480 98
192 95
362 97
453 99
450 101
91 97
72 98
360 93
163 97
199 99
566 243
330 93
79 96
542 116
102 97
483 99
422 96
175 96
150 99
444 99
197 95
505 94
468 101
296 96
125 97
127 96
419 96
355 96
217 87
498 99
178 91
357 94
215 99
30 96
152 96
6 98
314 99
366 100
21 98
80 97
261 95
556 238
545 146
569 241
210 4
120 99
502 99
401 94
98 97
122 99
496 99
242 93
348 100
493 94
164 96
291 95
243 96
484 94
336 99
546 137
504 96
343 93
214 99
425 100
158 97
146 97
497 95
439 100
445 100
198 98
155 99
325 100
250 93
73 97
486 95
338 94
213 96
443 95
354 93
501 92
169 92
97 97
139 93
524 94
537 97
313 96
85 96
500 95
224 99
141 97
145 91
281 89
240 96
191 97
412 100
219 94
228 95
479 99
454 100
69 97
83 98
18 98
39 98
345 97
306 91
383 96
20 98
108 94
319 95
553 11
333 99
22 98
204 92
457 96
47 96
473 100
107 97
420 94
220 94
334 97
1 95
471 99
533 93
180 97
76 6
449 99
33 97
231 96
270 95
452 96
379 96
363 94
27 99
35 97
88 98
58 97
131 96
156 99
37 96
60 96
251 96
490 97
116 98
154 96
96 98
447 98
209 94
469 101
52 99
563 243
99 94
149 90
375 96
34 97
185 92
568 243
297 98
119 98
427 96
268 97
130 95
31 96
381 96
482 98
166 8
293 99
51 98
552 190
7 97
561 244
104 98
10 97
370 99
495 91
538 103
315 98
113 8
140 94
103 97
206 95
133 94
294 98
94 98
506 96
46 90
340 91
151 92
485 94
351 100
464 101
137 95
279 97
539 100
406 95
36 98
518 94
434 96
111 7
548 169
391 93
507 88
295 99
195 93
299 99
65 98
40 99
49 99
176 97
304 94
182 98
347 93
426 94
416 94
309 94
142 98
190 97
273 95
402 97
105 98
232 94
84 97
455 88
544 138
230 95
78 99
323 90
201 95
123 99
459 99
258 92
187 91
515 94
388 92
86 98
509 95
25 99
324 99
44 99
532 95
216 99
112 97
312 99
144 99
332 98
160 94
415 93
397 96
405 99
11 98
403 92
14 93
171 93
458 93
396 99
440 97
67 98
384 99
254 93
50 99
280 91
476 94
376 96
126 99
172 2
365 95
226 96
17 98
245 96
32 99
71 98
298 91
514 95
136 95
517 89
267 95
74 97
260 96
283 93
541 114
212 97
117 95
271 87
356 88
282 93
77 92
248 95
286 97
148 97
339 93
300 98
162 91
167 94
503 98
554 236
308 95
2 97
359 95
188 96
269 94
344 94
236 99
368 100
288 95
246 94
138 91
173 91
57 95
367 94
189 96
303 96
285 97
165 2
290 99
89 99
124 99
42 98
411 96
342 98
222 93
233 91
194 99
203 96
0 94
305 93
207 96
208 92
183 95
461 95
364 100
161 92
253 99
159 97
266 94
101 90
408 95
200 96
329 99
92 98
135 99
153 90
467 100
170 8
82 97
239 96
317 90
259 96
61 93
128 95
387 99
134 97
225 4
346 95
322 96
29 94
9 97
264 92
109 0
24 96
110 96
114 3
