849 564
846 546
724 7
687 7
731 6
698 7
769 7
839 10
697 8
759 9
824 9
821 9
848 568
844 543
781 5
829 8
787 6
707 7
817 8
774 6
761 7
717 6
716 8
729 6
696 8
766 8
805 8
691 6
830 9
730 9
783 9
738 8
757 7
744 9
737 7
683 25
788 8
847 566
727 3
701 8
750 8
803 8
752 9
845 543
690 6
681 22
700 8
760 8
792 9
749 9
835 8
793 7
725 7
834 9
713 8
762 10
814 8
782 5
706 8
831 9
810 8
740 8
711 6
753 6
734 9
745 7
795 7
784 8
735 10
704 8
836 7
799 8
816 8
743 10
746 8
748 9
722 9
841 8
715 8
825 8
741 9
796 8
778 8
733 4
702 7
770 7
838 8
682 24
798 7
686 8
827 7
712 4
705 8
832 8
840 9
755 8
820 7
828 3
773 6
718 7
719 7
797 8
822 8
818 7
720 7
739 8
790 6
833 9
726 6
747 7
679 17
714 7
721 7
842 9
780 5
751 9
823 6
804 8
756 9
812 8
764 8
813 7
736 7
685 5
789 7
742 8
768 7
763 7
800 7
688 8
808 7
809 6
708 6
689 7
703 7
785 6
807 8
684 7
754 8
710 7
837 10
791 8
794 8
699 4
843 473
694 8
801 7
732 6
728 6
758 9
693 6
786 7
806 8
765 7
680 20
826 8
771 7
802 5
779 5
775 7
811 6
692 7
695 8
723 8
815 7
767 8
777 4
709 5
776 8
819 7
772 7
678 1
