791 13
787 13
763 15
817 12
770 9
762 15
740 12
754 12
751 13
826 14
728 15
831 11
783 14
793 13
808 13
774 13
716 14
778 12
732 15
848 13
712 14
767 18
825 15
731 13
843 12
711 15
749 12
744 13
805 12
765 17
729 16
755 13
724 13
733 13
794 9
753 14
739 12
782 15
839 13
722 13
801 15
800 12
790 10
786 15
816 13
771 13
736 14
837 11
812 10
823 14
775 11
727 15
828 11
795 12
777 13
799 13
713 13
764 16
768 15
824 15
842 11
750 13
715 11
772 14
802 12
811 9
827 12
784 13
785 14
743 14
798 13
738 13
809 11
759 14
822 12
776 12
745 13
820 12
726 13
829 12
781 11
814 13
714 15
758 15
718 16
769 14
838 13
849 13
845 14
709 12
708 10
807 13
773 13
752 13
810 12
741 11
780 14
720 13
847 13
725 14
830 11
796 13
815 14
779 13
844 12
766 18
748 15
717 14
761 16
710 12
760 14
742 14
723 12
804 13
836 9
797 11
821 13
746 13
706 5
840 12
813 13
803 13
747 12
841 12
721 11
734 12
789 12
707 7
730 13
705 6
819 12
756 15
735 13
788 14
704 5
806 13
846 12
792 14
719 15
757 14
818 12
835 13
832 12
834 12
737 12
833 13
703 2
701 0
702 1
