0 84
1 84
2 84
3 86
4 85
5 82
6 86
7 85
8 83
9 83
10 86
11 83
12 84
13 85
14 85
15 84
16 83
17 82
18 83
19 82
20 82
21 85
22 84
23 85
24 84
25 84
26 85
27 84
28 85
29 85
30 85
31 84
32 84
33 83
34 84
35 85
36 85
37 85
38 86
39 86
40 87
41 86
42 82
43 81
44 85
45 81
46 83
47 81
48 80
49 80
50 81
51 85
52 83
53 86
54 83
55 82
56 86
57 84
58 83
59 82
60 84
61 85
62 86
63 87
64 86
65 80
66 82
67 86
68 85
69 85
70 86
71 85
72 87
73 83
74 86
75 85
76 83
77 76
78 78
79 85
80 81
81 86
82 87
83 85
84 85
85 77
86 82
87 82
88 82
89 82
90 82
91 81
92 82
93 84
94 85
95 82
96 85
97 83
98 86
99 86
100 87
101 85
102 85
103 85
104 85
105 85
106 84
107 86
108 84
109 83
110 79
111 86
112 78
113 80
114 84
115 86
116 85
117 83
118 82
119 78
120 86
121 86
122 85
123 85
124 83
125 80
126 82
127 82
128 84
129 86
130 83
131 82
132 9
133 83
134 79
135 77
136 77
137 86
138 84
139 87
140 86
141 85
142 81
143 73
144 83
145 82
146 79
147 83
148 86
149 82
150 83
151 82
152 75
153 86
154 86
155 86
156 81
157 87
158 75
159 81
160 85
161 84
162 81
163 86
164 87
165 87
166 86
167 85
168 78
169 83
170 84
171 84
172 81
173 83
174 87
175 83
176 83
177 84
178 87
179 87
180 85
181 86
182 85
183 83
184 81
185 83
186 86
187 85
188 85
189 86
190 88
191 86
192 86
193 88
194 87
195 83
196 76
197 80
198 83
199 84
200 81
201 80
202 83
203 83
204 84
205 82
206 82
207 83
208 83
209 82
210 83
211 82
212 81
213 75
214 78
215 87
216 87
217 86
218 86
219 85
220 85
221 87
222 88
223 86
224 87
225 86
226 87
227 87
228 83
229 83
230 83
231 82
232 87
233 84
234 83
235 84
236 86
237 86
238 83
239 86
240 86
241 86
242 87
243 84
244 87
245 87
246 88
247 86
248 86
249 79
250 87
251 85
252 87
253 87
254 82
255 88
256 88
257 88
258 85
259 84
260 86
261 86
262 87
263 88
264 85
265 84
266 82
267 84
268 87
269 88
270 84
271 83
272 83
273 85
274 88
275 82
276 87
277 81
278 88
279 88
280 82
281 81
282 78
283 88
284 84
285 88
286 87
287 87
288 83
289 84
290 82
291 87
292 88
293 87
294 81
295 77
296 81
297 84
298 85
299 85
300 82
301 88
302 88
303 88
304 88
305 86
306 81
307 86
308 84
309 87
310 80
311 86
312 86
313 83
314 84
315 84
316 85
317 83
318 87
319 82
320 87
321 86
322 83
323 88
324 83
325 80
326 87
327 81
328 83
329 84
330 89
331 87
332 90
333 88
334 88
335 86
336 87
337 88
338 82
339 88
340 87
341 86
342 85
343 87
344 87
345 88
346 87
347 90
348 89
349 88
350 84
351 87
352 81
353 86
354 87
355 81
356 84
357 88
358 83
359 88
360 86
361 87
362 88
363 85
364 87
365 89
366 88
367 87
368 85
369 88
370 88
371 87
372 89
373 87
374 84
375 83
376 83
377 82
378 87
379 88
380 88
381 84
382 84
383 89
384 84
385 83
386 84
387 85
388 84
389 84
390 90
391 89
392 90
393 89
394 87
395 87
396 89
397 89
398 88
399 88
400 83
401 87
402 81
403 84
404 86
405 89
406 86
407 88
408 87
409 84
410 87
411 87
412 84
413 86
414 88
415 88
416 89
417 89
418 89
419 88
420 90
421 88
422 87
423 87
424 84
425 88
426 92
427 90
428 89
429 88
430 87
431 89
432 89
433 84
434 90
435 87
436 89
437 83
438 88
439 87
440 88
441 89
442 91
443 89
444 91
445 88
446 91
447 89
448 90
449 90
450 90
451 89
452 90
453 91
454 86
455 90
456 89
457 88
458 90
459 89
460 90
461 90
462 89
463 91
464 91
465 89
466 87
467 85
468 83
469 86
470 90
471 90
472 90
473 91
474 91
475 90
476 90
477 90
478 89
479 90
480 91
481 89
482 86
483 90
484 88
485 89
486 89
487 89
488 90
489 91
490 88
491 90
492 86
493 89
494 88
495 90
496 89
497 89
498 79
499 89
500 89
501 90
502 87
503 90
504 88
505 88
506 90
507 90
508 90
509 89
510 90
511 90
512 88
513 85
514 87
515 87
516 86
517 86
518 89
519 90
520 87
521 87
522 84
523 89
524 90
525 90
526 88
527 88
528 87
529 83
530 87
531 82
532 86
533 84
534 87
535 87
536 87
537 95
538 100
539 109
540 111
541 118
542 146
543 148
544 147
545 151
546 150
547 147
548 9
549 192
550 191
551 235
552 236
553 239
554 237
555 238
556 238
557 242
558 242
559 241
560 242
561 242
562 242
563 243
564 242
565 242
566 241
567 243
568 242
569 242
