55 143
69 141
524 54
127 136
76 141
34 145
237 15
73 141
116 136
493 53
485 51
256 23
39 139
27 139
110 138
129 133
95 144
96 144
22 141
134 133
185 35
132 131
297 25
64 143
17 141
93 143
7 141
311 31
30 137
54 140
257 20
53 142
120 137
67 140
63 144
530 56
125 136
35 148
48 140
52 140
87 146
135 129
14 140
70 141
37 139
150 14
108 140
207 89
481 53
526 54
31 141
157 0
541 51
114 135
166 71
272 23
203 69
82 142
536 55
111 140
78 140
115 135
56 141
28 137
38 138
26 139
100 142
400 42
23 141
210 49
62 142
513 54
83 142
10 139
191 38
106 141
33 146
335 34
366 37
68 141
117 134
12 140
101 137
174 45
6 142
51 142
323 30
163 55
94 142
113 139
186 38
1 143
40 146
395 41
491 53
98 140
146 19
25 140
544 53
121 139
529 52
81 141
131 135
4 142
187 37
226 4
119 139
176 36
492 52
215 41
122 137
61 143
49 140
147 19
84 143
11 141
15 141
46 139
535 55
266 24
143 26
91 142
182 60
41 137
80 141
380 40
327 32
384 40
88 147
74 142
350 34
369 38
44 139
136 129
123 137
102 140
242 16
13 141
503 54
85 145
8 141
501 53
104 141
145 21
47 139
130 133
200 45
142 23
241 18
165 73
267 24
77 140
57 144
511 54
21 142
60 139
2 143
385 40
118 139
519 55
45 138
128 136
284 26
516 56
107 140
141 25
103 141
338 34
139 129
43 140
538 55
90 142
173 53
140 122
364 37
192 36
308 30
75 140
20 141
97 142
180 42
393 39
522 57
66 140
105 142
5 142
305 29
0 144
137 131
293 28
298 4
65 142
548 55
72 140
404 43
496 50
50 140
539 53
489 53
189 38
301 29
18 142
290 26
3 142
523 53
79 141
151 14
16 140
387 41
36 139
92 142
317 30
504 52
287 26
217 2
144 23
179 39
19 142
362 36
149 16
162 57
205 47
480 53
190 37
373 38
495 52
396 40
264 23
543 55
326 32
329 34
408 43
303 26
471 51
148 16
398 42
488 53
328 32
42 138
525 54
313 30
546 55
506 53
316 29
499 48
278 25
374 39
212 40
178 38
527 53
261 20
86 144
302 26
494 52
58 141
32 140
71 140
470 49
276 23
359 36
528 55
89 138
99 140
112 139
367 37
138 132
126 135
500 51
354 33
377 38
282 25
347 35
240 19
331 34
542 54
124 136
59 143
360 36
193 37
177 17
159 21
109 140
370 38
160 32
517 55
343 33
383 39
532 55
512 55
294 28
209 46
515 55
292 27
346 35
498 53
386 41
372 39
269 23
509 55
508 50
133 131
392 40
195 37
378 37
218 0
407 43
236 1
29 135
196 38
24 139
170 60
540 55
332 34
161 18
299 24
289 26
194 38
306 27
153 4
334 33
9 139
275 25
250 88
337 32
181 47
248 89
238 16
394 41
183 38
531 56
273 24
545 54
315 28
356 37
533 56
211 49
270 23
168 61
342 33
345 32
175 53
510 54
260 21
521 53
184 37
476 47
330 34
280 24
336 33
341 34
363 36
505 51
371 38
321 29
520 52
368 36
251 88
537 54
268 24
307 30
348 35
314 31
375 38
344 35
171 52
279 24
252 18
199 37
490 53
223 2
295 28
197 38
249 87
487 53
304 25
312 29
247 18
502 54
164 50
309 30
518 55
283 25
484 49
324 29
507 54
167 61
365 38
281 25
397 39
271 23
340 33
255 21
361 35
286 24
389 39
152 13
201 44
245 16
300 28
486 52
216 5
390 40
219 2
254 18
204 68
355 34
277 25
402 42
381 38
382 40
202 46
291 27
320 30
358 36
349 34
206 71
296 26
208 70
514 55
379 36
169 49
318 30
198 39
244 15
388 40
310 31
339 33
285 25
243 3
351 36
357 33
262 18
376 39
214 0
259 22
258 22
352 34
325 30
188 37
288 26
322 29
353 35
497 53
246 14
391 39
319 29
265 22
274 23
172 52
333 31
224 13
239 17
213 2
253 16
232 0
220 0
154 0
228 3
221 2
263 20
227 1
235 0
225 1
229 0
222 0
