741 10
770 8
789 7
824 8
675 3
834 9
793 8
685 11
738 9
743 10
797 11
783 8
693 10
703 10
780 6
707 8
674 4
827 10
734 11
840 10
844 9
737 8
730 8
772 10
828 9
692 9
773 9
733 10
713 12
724 8
779 10
820 10
723 9
812 7
717 10
771 10
806 9
749 10
813 8
731 9
804 8
694 11
761 11
786 9
728 11
735 10
726 10
837 10
833 8
788 8
765 10
762 13
803 8
845 9
831 10
826 9
751 9
744 10
711 9
715 10
729 10
819 7
811 9
763 13
683 9
781 6
716 9
767 10
846 9
712 9
701 10
699 8
704 9
825 8
709 7
722 11
697 7
829 9
687 10
742 10
750 9
807 8
696 9
705 8
690 10
739 8
718 9
706 8
747 10
678 8
677 8
800 9
821 10
778 8
787 8
754 7
794 6
720 11
689 11
680 11
848 7
796 7
719 10
760 9
759 9
740 10
691 9
684 11
814 9
748 10
681 8
809 11
838 9
686 10
792 9
769 10
801 7
727 10
768 11
832 10
710 7
798 9
782 8
702 9
736 8
841 7
847 8
849 9
732 9
714 11
679 9
745 9
805 7
835 10
795 8
764 10
725 8
810 10
818 8
766 10
777 10
836 8
700 11
830 10
688 9
774 8
839 10
822 9
755 6
721 10
799 8
823 6
676 5
802 8
784 8
775 8
708 7
808 6
815 10
698 7
776 9
785 7
817 8
757 8
746 7
682 8
695 10
758 9
756 8
842 8
816 8
752 6
790 8
753 8
843 9
791 7
673 0
