638 64
734 76
842 73
789 70
77 10
133 118
525 55
177 118
786 72
604 65
808 70
181 119
739 79
781 73
747 78
713 8
91 10
173 118
800 75
48 118
147 121
57 117
44 118
765 71
18 117
773 75
614 66
757 78
170 119
637 63
106 120
585 63
24 120
740 76
249 3
179 119
839 73
115 120
140 120
2 116
797 73
11 116
193 112
819 63
824 60
492 2
733 78
458 46
20 118
845 79
776 74
764 78
116 119
815 68
29 117
825 62
3 113
172 120
561 57
108 120
34 114
552 56
26 117
834 69
74 7
117 119
744 80
52 118
821 60
200 4
812 72
105 117
736 81
813 69
631 66
545 3
726 76
584 61
39 116
792 73
118 119
174 119
840 73
731 75
774 78
483 2
615 65
749 79
128 119
533 3
19 118
6 116
832 68
137 118
719 64
772 76
8 117
711 65
547 3
742 81
725 74
600 65
160 120
626 65
38 117
682 2
846 79
777 75
837 71
592 62
761 77
47 117
130 118
40 118
795 71
100 119
61 120
88 9
22 117
101 120
134 118
196 10
508 5
114 117
633 64
36 117
143 119
443 43
5 115
801 73
849 81
14 116
810 70
741 80
188 120
767 75
185 119
166 119
154 120
102 120
763 77
785 69
146 121
37 118
721 69
759 78
25 117
155 119
17 112
487 48
816 67
820 61
752 79
164 119
751 81
794 72
708 66
643 4
35 115
159 119
790 72
95 117
601 66
666 2
152 120
428 43
657 64
627 66
463 1
49 119
628 67
420 3
791 73
10 116
58 118
644 65
157 120
796 73
131 118
723 72
67 115
127 119
532 3
89 10
788 69
184 120
23 120
120 118
62 119
750 81
145 119
550 54
724 74
780 74
716 62
405 42
587 61
113 118
55 119
534 3
596 64
807 71
285 5
507 5
456 45
762 73
735 79
745 81
641 64
135 119
455 44
603 66
783 73
149 118
831 68
335 9
586 61
590 63
702 64
189 119
814 68
158 117
64 117
60 120
467 48
730 78
169 119
481 48
103 120
338 35
490 49
605 65
610 66
809 72
527 55
782 73
446 44
623 65
76 8
701 64
746 79
625 66
98 119
51 116
599 65
466 48
823 61
167 120
829 65
700 64
510 4
803 74
648 63
151 120
756 78
743 80
528 54
799 76
588 62
333 6
566 58
753 81
192 115
822 57
162 119
770 76
136 115
827 63
572 60
612 66
771 74
50 119
710 64
755 80
775 73
180 116
444 46
634 67
802 75
175 118
760 76
104 119
7 116
125 118
493 50
817 67
187 118
593 64
408 42
778 73
619 65
447 46
191 114
754 79
560 4
15 116
470 45
806 71
163 119
453 47
186 119
652 63
804 71
766 76
351 0
430 42
28 118
841 72
71 109
59 119
197 9
559 5
828 62
704 66
307 0
798 76
442 46
847 80
748 81
818 63
779 74
732 77
431 44
112 119
506 5
738 80
281 0
342 32
352 1
494 50
727 76
123 117
662 64
404 2
616 64
132 117
793 71
598 63
729 76
111 120
811 71
46 116
358 2
419 43
150 120
574 59
176 120
381 0
66 114
148 120
830 66
486 50
737 80
41 117
836 71
16 115
673 4
646 63
341 33
182 120
454 47
714 67
296 2
93 117
650 4
706 66
833 68
406 40
43 116
138 119
705 67
190 118
84 10
110 120
524 54
331 33
712 65
677 3
121 118
21 117
848 81
139 117
30 115
826 61
31 118
835 69
728 77
395 41
72 110
581 59
769 74
394 3
373 0
546 3
75 10
672 4
345 2
715 67
707 68
565 57
423 43
122 118
472 47
562 57
784 67
495 50
563 56
620 65
54 117
393 0
402 38
4 117
126 119
385 2
589 61
79 11
362 0
323 0
107 117
65 117
0 115
535 3
536 3
709 69
661 61
70 110
844 78
401 2
90 9
551 55
699 61
663 64
337 34
838 72
686 1
459 48
632 65
468 47
92 8
27 116
529 52
33 117
42 118
327 0
12 115
697 61
80 11
575 60
421 42
119 119
578 62
69 112
522 53
674 3
286 5
144 120
511 5
523 54
53 114
432 2
346 0
13 114
622 66
549 54
805 73
457 47
141 117
678 4
618 66
400 2
645 66
607 65
99 119
384 1
695 61
156 121
640 63
94 117
96 117
843 74
429 43
183 121
758 76
497 49
415 42
438 2
171 118
376 0
56 120
129 118
570 59
624 66
768 75
411 0
178 120
201 1
555 55
509 4
471 48
576 61
317 1
343 0
667 64
703 63
582 60
1 116
398 0
425 1
659 3
63 117
279 1
168 120
498 1
696 60
313 1
671 2
577 59
630 65
332 4
460 46
602 66
340 34
287 5
68 114
660 4
153 121
609 65
636 63
485 0
45 116
629 67
649 64
354 1
613 67
591 62
308 0
482 48
568 58
656 65
282 2
361 0
694 1
717 62
787 66
606 65
469 2
573 60
698 62
350 0
489 49
161 120
32 118
518 52
597 65
417 41
433 3
142 120
165 118
653 64
386 2
513 3
86 11
553 55
583 61
683 2
81 8
461 44
198 7
9 117
540 2
97 118
347 1
651 1
722 72
473 1
567 59
410 43
328 1
435 0
424 42
367 0
437 3
109 120
246 0
480 48
462 47
718 66
611 66
720 71
679 4
526 53
316 0
83 6
579 61
124 117
85 8
608 65
82 9
537 4
194 109
635 64
334 7
580 60
247 1
488 49
538 1
617 65
355 0
484 0
374 2
512 3
409 42
306 0
416 39
356 2
418 43
664 63
312 0
325 0
515 2
392 0
564 56
448 45
668 4
639 64
366 0
298 0
539 3
621 63
87 10
387 1
557 57
501 0
73 108
496 49
383 1
690 0
445 43
691 0
658 66
396 40
556 56
382 0
499 0
436 3
199 7
390 0
541 4
414 0
543 2
320 0
571 59
336 7
464 2
407 41
491 2
595 63
364 0
520 51
594 63
283 2
654 65
554 55
326 0
531 4
295 0
399 0
78 9
451 46
413 0
299 1
687 0
434 2
403 41
348 0
569 56
195 7
647 63
375 1
675 3
558 3
669 3
314 0
422 40
521 51
478 0
349 0
655 65
665 63
642 64
441 0
389 1
357 0
388 0
504 3
284 3
516 0
248 1
339 5
676 3
330 0
465 2
372 1
426 1
681 2
319 0
514 3
544 0
311 0
500 1
449 2
517 1
670 0
680 2
288 3
685 0
310 0
450 46
344 3
684 0
353 0
439 0
452 0
479 2
280 0
315 1
530 0
245 0
397 1
371 0
505 0
519 0
427 0
548 0
412 0
