0 91
1 89
2 93
3 91
4 93
5 91
6 91
7 92
8 91
9 90
10 92
11 92
12 94
13 94
14 88
15 93
16 93
17 93
18 92
19 91
20 92
21 91
22 92
23 93
24 92
25 92
26 90
27 87
28 89
29 90
30 88
31 88
32 91
33 91
34 90
35 92
36 92
37 92
38 92
39 92
40 93
41 93
42 92
43 93
44 92
45 94
46 93
47 92
48 92
49 89
50 92
51 93
52 93
53 88
54 93
55 93
56 93
57 93
58 93
59 92
60 92
61 90
62 93
63 92
64 92
65 90
66 92
67 91
68 93
69 92
70 91
71 93
72 93
73 94
74 93
75 92
76 92
77 90
78 92
79 92
80 92
81 92
82 91
83 89
84 92
85 94
86 93
87 92
88 94
89 94
90 92
91 91
92 86
93 89
94 89
95 86
96 93
97 94
98 94
99 94
100 94
101 86
102 90
103 91
104 88
105 90
106 90
107 89
108 89
109 85
110 93
111 94
112 87
113 91
114 87
115 87
116 92
117 86
118 87
119 93
120 91
121 91
122 91
123 88
124 89
125 93
126 92
127 94
128 94
129 86
130 93
131 88
132 91
133 88
134 91
135 88
136 87
137 91
138 91
139 91
140 85
141 89
142 94
143 87
144 90
145 85
146 92
147 91
148 92
149 90
150 90
151 92
152 91
153 94
154 94
155 92
156 91
157 91
158 93
159 93
160 94
161 95
162 94
163 88
164 93
165 94
166 93
167 91
168 94
169 84
170 94
171 87
172 88
173 89
174 92
175 92
176 89
177 87
178 86
179 93
180 95
181 95
182 93
183 91
184 95
185 8
186 92
187 95
188 95
189 94
190 94
191 95
192 94
193 89
194 94
195 89
196 93
197 94
198 92
199 93
200 93
201 86
202 92
203 92
204 89
205 87
206 94
207 94
208 90
209 93
210 93
211 89
212 91
213 91
214 90
215 6
216 8
217 85
218 89
219 90
220 94
221 88
222 91
223 88
224 90
225 92
226 88
227 92
228 91
229 90
230 90
231 91
232 88
233 94
234 88
235 90
236 86
237 94
238 11
239 94
240 92
241 91
242 85
243 91
244 90
245 91
246 87
247 95
248 95
249 94
250 93
251 88
252 82
253 91
254 95
255 92
256 91
257 91
258 91
259 92
260 91
261 94
262 94
263 95
264 94
265 95
266 95
267 93
268 88
269 87
270 91
271 93
272 94
273 90
274 95
275 91
276 87
277 95
278 86
279 94
280 93
281 93
282 95
283 91
284 95
285 88
286 90
287 91
288 96
289 89
290 90
291 96
292 94
293 96
294 95
295 97
296 92
297 89
298 90
299 90
300 91
301 89
302 90
303 94
304 92
305 90
306 90
307 90
308 95
309 95
310 94
311 94
312 94
313 94
314 96
315 96
316 92
317 94
318 92
319 95
320 96
321 95
322 92
323 95
324 95
325 96
326 96
327 96
328 95
329 94
330 96
331 94
332 95
333 88
334 95
335 90
336 95
337 88
338 96
339 89
340 97
341 92
342 92
343 89
344 91
345 94
346 94
347 96
348 93
349 94
350 93
351 90
352 88
353 92
354 89
355 91
356 90
357 95
358 94
359 95
360 94
361 91
362 87
363 4
364 94
365 96
366 94
367 94
368 90
369 93
370 91
371 91
372 93
373 87
374 91
375 92
376 97
377 92
378 93
379 81
380 96
381 97
382 98
383 97
384 91
385 93
386 90
387 92
388 90
389 88
390 90
391 95
392 94
393 97
394 87
395 92
396 90
397 89
398 92
399 95
400 94
401 93
402 95
403 94
404 94
405 96
406 95
407 93
408 95
409 84
410 94
411 94
412 96
413 94
414 95
415 96
416 92
417 95
418 95
419 95
420 96
421 96
422 94
423 90
424 94
425 92
426 95
427 96
428 96
429 89
430 97
431 96
432 90
433 95
434 89
435 95
436 95
437 95
438 95
439 88
440 95
441 89
442 90
443 95
444 90
445 95
446 93
447 95
448 90
449 97
450 92
451 90
452 94
453 92
454 92
455 95
456 94
457 93
458 91
459 91
460 97
461 95
462 97
463 96
464 97
465 96
466 97
467 90
468 91
469 90
470 97
471 96
472 97
473 91
474 92
475 90
476 91
477 95
478 94
479 97
480 95
481 92
482 91
483 92
484 91
485 94
486 91
487 87
488 94
489 91
490 93
491 90
492 90
493 91
494 92
495 90
496 93
497 92
498 87
499 94
500 95
501 88
502 94
503 92
504 94
505 95
506 96
507 94
508 94
509 95
510 95
511 96
512 94
513 94
514 89
515 95
516 93
517 96
518 93
519 95
520 93
521 89
522 94
523 88
524 95
525 94
526 90
527 94
528 95
529 95
530 94
531 93
532 92
533 93
534 91
535 90
536 89
537 90
538 89
539 87
540 97
541 100
542 115
543 121
544 121
545 119
546 133
547 134
548 150
549 165
550 167
551 176
552 177
553 181
554 182
555 193
556 200
557 203
558 200
559 215
560 216
561 235
562 234
563 238
564 239
565 236
566 240
567 240
568 242
569 243
