759 143
777 150
833 205
792 167
681 84
845 220
740 139
813 184
817 195
686 73
796 172
837 209
811 178
791 164
685 85
836 215
831 206
779 154
832 206
829 206
830 202
794 165
763 148
781 150
643 100
784 173
840 219
741 138
769 151
756 142
782 161
767 153
788 166
807 182
848 225
800 179
761 150
835 205
823 196
843 221
688 93
797 161
838 211
684 86
821 190
785 160
772 145
754 142
766 156
844 230
780 155
745 145
803 172
839 211
657 59
680 91
757 140
776 156
805 166
825 205
751 140
682 101
826 216
790 158
847 225
771 150
747 150
760 140
787 158
814 202
849 232
812 195
820 190
786 167
834 215
804 179
750 139
768 149
799 175
775 148
762 154
822 195
846 228
816 180
828 203
641 71
818 190
809 183
658 73
789 167
752 139
819 191
783 167
827 205
774 147
801 174
842 218
773 143
652 56
795 170
802 173
806 177
764 140
770 148
808 184
841 217
798 170
815 194
692 77
627 20
753 139
637 40
810 183
778 151
755 138
746 138
824 211
690 101
655 63
661 86
694 110
765 155
648 62
630 26
649 65
793 158
748 141
679 87
650 35
687 137
691 81
659 54
644 73
639 58
758 142
683 91
645 78
629 39
656 66
749 146
647 77
633 65
653 57
638 52
623 35
600 14
625 35
642 58
660 100
634 66
635 67
640 59
654 55
617 49
611 14
646 37
651 60
590 54
621 32
618 16
628 41
593 23
632 43
586 49
