839 380
799 10
842 341
849 190
833 491
821 613
838 416
837 423
793 9
841 357
848 230
847 237
819 616
830 536
826 584
845 305
818 616
780 10
734 10
815 600
829 554
828 561
844 309
831 535
733 10
840 375
825 587
712 9
824 596
772 10
749 9
746 10
843 323
832 508
805 8
823 607
693 9
800 10
744 9
834 491
817 616
729 9
692 11
822 610
685 9
763 11
846 280
835 467
709 8
722 10
836 458
697 10
759 11
738 9
773 10
731 8
751 8
754 10
820 613
720 9
827 577
689 8
807 8
779 8
719 9
740 9
788 9
816 617
808 8
769 11
714 9
708 10
792 9
781 9
796 10
725 11
715 8
728 9
764 10
761 10
690 9
757 11
786 9
750 9
686 9
723 11
683 5
755 10
739 9
748 8
702 9
767 9
804 9
776 8
736 8
752 8
782 9
730 9
747 9
797 9
803 10
691 8
710 10
745 8
694 8
703 10
682 8
762 10
724 9
698 9
742 11
756 9
777 9
798 10
721 6
737 8
814 9
783 10
679 7
802 10
717 10
806 7
701 10
711 9
789 9
760 9
681 9
699 11
743 10
695 8
741 9
700 11
753 9
678 7
713 7
716 11
801 10
680 8
726 5
758 10
812 7
705 10
704 11
770 11
775 8
785 5
706 9
795 6
790 7
774 9
811 8
732 8
727 9
735 10
684 9
765 9
707 9
809 9
810 8
687 8
674 1
768 10
766 7
677 6
813 10
771 10
718 9
675 4
688 9
794 8
778 7
696 9
784 10
791 9
787 10
676 3
