18 0
19 1
20 56
21 53
22 56
23 55
24 5
25 5
26 4
27 57
28 4
29 4
30 57
31 57
32 57
33 58
34 58
35 58
36 59
37 59
38 57
39 58
40 58
41 59
42 59
43 57
44 58
45 59
46 60
47 59
48 60
49 60
50 61
51 60
52 60
53 60
54 58
55 60
56 59
57 60
58 60
59 61
60 60
61 55
62 61
63 61
64 60
65 59
66 60
67 62
68 52
69 57
70 60
71 60
72 58
73 57
74 56
75 59
76 58
77 58
78 58
79 59
80 61
81 59
82 59
83 4
84 59
85 59
86 54
87 56
88 60
89 60
90 59
91 60
92 59
93 56
94 60
95 60
96 60
97 56
98 51
99 57
100 59
101 53
102 59
103 61
104 60
105 57
106 61
107 60
108 57
109 55
110 55
111 60
112 60
113 61
114 61
115 55
116 54
117 58
118 52
119 55
120 59
121 61
122 58
123 58
124 56
125 58
126 55
127 57
128 56
129 54
130 60
131 60
132 51
133 59
134 55
135 54
136 57
137 61
138 61
139 60
140 56
141 58
142 59
143 59
144 54
145 52
146 61
147 61
148 59
149 60
150 59
151 57
152 60
153 57
154 61
155 53
156 60
157 60
158 60
159 58
160 57
161 52
162 0
163 52
164 59
165 58
166 54
167 61
168 62
169 56
170 52
171 58
172 53
173 58
174 54
175 60
176 53
177 55
178 60
179 59
180 58
181 58
182 55
183 52
184 57
185 56
186 58
187 58
188 50
189 55
190 59
191 59
192 53
193 59
194 55
195 9
196 58
197 58
198 55
199 47
200 57
201 57
202 58
203 59
204 51
205 0
206 59
207 56
208 63
209 62
210 60
211 56
212 54
213 58
214 59
215 51
216 58
217 58
218 56
219 52
220 60
221 62
222 59
223 62
224 60
225 60
226 59
227 56
228 55
229 59
230 58
231 61
232 56
233 58
234 57
235 55
236 63
237 62
238 60
239 60
240 59
241 57
242 62
243 62
244 61
245 60
246 62
247 59
248 62
249 58
250 60
251 60
252 55
253 56
254 61
255 62
256 62
257 61
258 52
259 56
260 56
261 58
262 57
263 62
264 60
265 58
266 55
267 57
268 59
269 54
270 57
271 1
272 58
273 57
274 57
275 54
276 54
277 58
278 60
279 56
280 58
281 58
282 57
283 55
284 53
285 59
286 60
287 56
288 61
289 58
290 62
291 61
292 58
293 58
294 56
295 54
296 52
297 61
298 61
299 53
300 56
301 59
302 59
303 54
304 60
305 59
306 58
307 55
308 58
309 57
310 58
311 61
312 60
313 58
314 53
315 58
316 55
317 56
318 54
319 58
320 58
321 54
322 60
323 60
324 52
325 61
326 57
327 63
328 58
329 58
330 55
331 55
332 52
333 57
334 58
335 55
336 6
337 5
338 54
339 54
340 55
341 60
342 48
343 57
344 59
345 51
346 58
347 59
348 56
349 55
350 53
351 55
352 60
353 58
354 57
355 58
356 60
357 51
358 59
359 60
360 59
361 62
362 62
363 59
364 61
365 53
366 59
367 57
368 63
369 62
370 63
371 51
372 55
373 52
374 53
375 62
376 62
377 50
378 58
379 57
380 58
381 60
382 59
383 57
384 61
385 61
386 58
387 56
388 59
389 56
390 57
391 56
392 58
393 60
394 62
395 60
396 59
397 61
398 60
399 57
400 56
401 61
402 62
403 58
404 56
405 51
406 61
407 61
408 58
409 51
410 54
411 54
412 57
413 54
414 62
415 60
416 61
417 61
418 62
419 60
420 62
421 61
422 62
423 62
424 62
425 64
426 63
427 63
428 64
429 62
430 58
431 61
432 57
433 58
434 64
435 58
436 60
437 59
438 62
439 58
440 59
441 56
442 63
443 59
444 63
445 56
446 55
447 62
448 62
449 58
450 59
451 59
452 56
453 60
454 63
455 60
456 55
457 63
458 63
459 57
460 59
461 63
462 58
463 57
464 59
465 63
466 61
467 63
468 59
469 55
470 57
471 63
472 63
473 59
474 63
475 57
476 58
477 57
478 58
479 59
480 63
481 56
482 59
483 57
484 57
485 62
486 59
487 57
488 61
489 62
490 61
491 61
492 57
493 59
494 63
495 62
496 59
497 64
498 63
499 63
500 53
501 61
502 62
503 57
504 63
505 61
506 61
507 57
508 55
509 62
510 64
511 60
512 63
513 60
514 62
515 55
516 62
517 57
518 59
519 56
520 51
521 7
522 50
523 59
524 57
525 55
526 56
527 57
528 56
529 54
530 59
531 4
532 54
533 55
534 56
535 56
536 53
537 54
538 9
539 6
540 7
541 8
542 7
543 8
544 8
545 8
546 9
547 8
548 10
549 10
550 8
551 8
552 11
553 11
554 230
555 233
556 238
557 238
558 237
559 237
560 240
561 239
562 240
563 240
564 240
565 240
566 238
567 236
568 236
569 236
