215 6
821 53
189 4
604 4
218 5
787 48
209 3
267 5
739 49
722 53
779 51
724 52
815 48
816 49
784 50
490 1
287 3
806 41
226 4
712 52
765 49
507 0
456 2
811 44
216 7
766 48
747 49
753 50
240 3
184 4
672 2
431 73
772 49
292 5
847 75
820 52
804 39
824 56
829 61
461 0
170 4
214 2
565 4
839 71
808 40
737 48
220 3
793 48
773 51
833 63
243 5
639 4
732 50
396 1
640 4
790 47
744 50
237 5
697 48
440 0
723 51
191 2
178 2
819 52
492 3
201 4
717 52
759 48
460 3
718 53
754 48
830 62
776 51
836 66
783 51
803 39
242 1
831 61
781 51
764 51
643 3
809 45
748 51
696 49
590 3
845 76
278 5
186 3
417 0
153 1
818 51
177 4
273 3
200 4
203 3
259 3
633 4
834 64
814 46
458 1
755 48
222 2
813 46
631 4
194 4
711 51
749 51
256 2
151 0
444 1
174 1
706 49
840 70
674 0
700 46
294 5
152 2
817 50
788 50
777 51
225 6
727 52
286 4
767 49
239 3
627 2
758 48
483 0
628 2
826 59
792 48
188 3
832 63
416 0
743 51
317 3
715 48
632 4
707 49
248 3
430 72
720 53
270 4
731 47
537 5
848 77
799 40
750 51
752 52
205 4
487 1
716 53
555 3
275 5
771 51
679 0
844 75
745 50
810 42
614 1
740 48
634 3
721 52
171 3
208 4
741 48
601 2
786 50
800 35
730 7
213 4
676 3
185 3
536 3
539 1
756 43
157 4
798 5
719 51
227 3
230 3
253 3
592 3
827 59
761 43
746 50
726 48
233 3
508 2
768 50
221 5
644 0
630 3
244 5
595 4
825 57
471 1
457 1
701 48
780 51
424 0
325 0
254 4
247 5
822 54
843 72
805 37
165 3
807 41
849 77
260 4
669 0
709 50
713 51
515 3
774 51
738 48
775 50
841 70
182 1
708 48
594 3
725 50
687 4
196 2
289 5
751 51
802 38
159 2
538 3
704 1
812 43
193 3
838 69
322 0
210 2
617 1
266 4
686 1
778 51
550 3
690 3
734 50
257 3
846 75
445 1
763 49
769 48
685 2
472 2
235 3
166 4
560 3
760 49
145 2
517 3
168 5
212 1
636 3
175 2
791 49
835 63
234 5
293 5
795 47
794 45
262 1
232 5
176 1
671 1
728 50
207 4
224 4
735 47
698 49
223 3
608 2
249 4
158 4
693 2
474 2
782 51
703 3
789 47
556 2
596 5
602 4
559 2
638 1
473 0
295 5
195 4
509 3
512 4
675 1
236 5
442 0
796 45
263 1
670 1
733 45
742 49
446 0
681 1
298 2
251 4
553 6
217 7
211 3
699 49
202 3
297 0
635 3
250 5
258 5
518 0
486 0
514 3
785 49
588 2
823 55
134 1
418 2
154 4
204 4
156 4
762 49
265 2
603 4
626 1
238 3
173 3
279 6
291 5
488 2
285 4
694 1
271 1
736 50
615 2
290 5
314 1
190 2
842 72
591 3
729 49
231 4
198 2
142 1
313 0
837 68
470 1
439 0
425 1
147 1
554 5
133 2
453 1
618 1
296 3
797 7
172 4
689 3
801 38
269 3
656 0
660 1
511 4
429 0
654 1
441 1
434 1
261 4
583 0
146 0
510 1
770 51
415 0
199 3
757 50
163 3
828 60
281 4
692 0
420 1
684 3
625 0
219 3
179 1
299 2
398 0
277 6
187 4
422 0
229 2
493 1
597 4
552 3
288 5
280 4
691 0
599 4
655 0
268 5
183 3
206 3
680 0
484 0
161 3
695 49
282 4
192 2
315 0
610 0
714 51
568 3
682 0
469 1
272 4
485 70
197 6
264 4
245 5
489 3
423 0
662 3
169 3
436 0
494 1
180 0
637 2
688 3
710 49
513 3
274 2
683 2
613 0
551 4
167 5
246 3
283 3
540 1
616 2
673 1
600 2
451 0
318 1
598 4
519 2
702 1
433 1
276 0
310 1
149 1
567 5
581 0
155 3
586 0
609 2
284 2
228 4
432 1
677 2
611 2
491 0
255 3
661 2
312 0
162 3
397 0
566 1
252 3
459 0
468 0
327 0
663 2
438 0
419 0
316 1
584 0
143 2
452 0
589 1
612 0
160 0
558 0
705 0
549 1
642 2
641 2
150 0
564 1
678 0
605 1
593 0
619 1
164 1
375 0
144 0
516 0
467 0
132 0
607 0
181 0
