74 85
117 149
490 94
339 80
735 67
193 108
427 88
34 50
229 76
450 92
364 81
485 93
386 84
464 93
483 94
503 94
500 93
328 79
35 68
420 89
316 78
157 6
728 62
457 93
306 78
721 60
391 82
377 82
61 77
342 79
736 63
378 84
257 76
563 90
120 151
67 5
392 82
529 95
542 95
431 88
573 86
310 77
169 61
441 91
52 4
471 93
745 65
382 83
458 91
475 94
60 81
207 157
172 133
481 95
239 72
554 90
429 88
253 69
45 71
365 81
335 80
530 94
368 82
487 94
155 4
203 45
234 76
165 147
174 116
213 109
478 94
376 79
242 73
509 94
349 80
86 44
358 82
39 79
75 86
407 83
231 76
210 39
422 89
439 91
436 88
739 63
467 93
557 90
170 135
326 79
42 105
559 92
68 5
393 79
699 4
130 69
411 84
235 74
555 93
188 107
323 79
362 82
367 81
445 91
536 95
40 77
518 95
474 94
488 91
46 73
734 65
48 48
442 89
106 78
447 91
232 76
732 65
33 67
180 128
301 79
340 81
116 69
272 75
406 83
43 148
526 94
226 79
477 94
361 83
697 57
176 120
492 94
175 127
387 82
259 75
337 79
186 107
243 73
527 95
296 74
258 74
742 68
535 92
385 83
514 95
543 96
519 95
87 27
412 85
179 129
560 92
366 80
255 75
91 83
263 74
468 93
182 115
240 72
278 76
533 94
715 59
466 92
413 84
380 83
327 78
384 83
167 130
122 152
350 83
433 89
683 61
369 80
196 109
92 34
727 61
127 76
102 1
201 114
19 4
539 95
726 61
437 90
746 66
568 89
128 176
465 92
72 86
115 147
421 89
544 94
424 89
315 76
121 167
38 77
57 5
285 76
571 85
473 92
36 76
455 93
397 85
212 73
319 80
159 58
152 76
83 37
701 59
191 107
132 143
724 58
363 83
562 91
30 73
286 76
209 70
353 79
495 94
538 93
111 3
173 134
493 95
381 84
321 79
390 83
313 78
260 76
123 151
357 83
716 57
206 157
432 86
181 129
304 77
143 79
405 84
565 88
82 89
151 79
713 59
114 148
124 151
409 85
453 93
113 6
454 92
88 22
687 58
244 74
299 78
496 93
288 75
564 89
287 76
714 7
204 47
534 92
248 143
476 93
507 93
688 3
305 78
149 1
280 76
94 0
561 92
125 151
268 77
294 77
190 109
325 78
520 95
449 89
345 80
146 3
479 95
217 163
549 93
417 88
202 114
56 6
334 79
566 89
150 75
69 84
700 4
579 88
49 48
218 164
317 78
516 95
352 81
333 76
537 95
110 78
524 95
275 73
270 76
435 87
497 92
551 93
703 5
177 115
312 76
162 58
309 78
438 90
41 80
64 6
480 94
355 81
44 72
394 83
31 75
314 79
698 5
346 77
192 108
84 78
741 67
522 93
208 155
489 92
511 94
545 95
118 147
134 68
344 82
266 74
216 163
459 92
398 84
515 95
222 165
189 107
246 74
552 92
498 95
290 75
546 94
341 81
374 83
690 58
501 93
359 83
416 87
261 76
1 112
354 81
302 76
237 74
462 91
307 78
428 86
348 80
295 76
250 142
164 121
276 76
722 60
463 93
153 76
399 86
80 88
227 77
702 59
28 72
505 93
706 57
219 163
274 76
37 74
225 77
414 84
0 85
351 81
689 58
81 25
223 74
245 74
251 142
553 92
682 58
472 92
66 5
347 81
303 78
482 94
89 57
452 91
247 151
32 50
720 59
136 118
85 76
47 73
717 58
370 76
494 93
443 88
265 73
330 79
710 60
194 109
4 62
460 93
512 95
205 45
401 84
55 6
126 149
523 95
289 74
525 95
264 73
100 1
27 72
158 21
129 150
12 3
531 94
499 95
184 108
318 78
224 77
375 82
510 95
65 6
13 1
324 78
50 5
569 86
423 86
195 109
451 90
58 5
547 93
696 61
178 129
78 86
76 88
119 150
107 80
215 165
331 77
506 94
277 74
131 44
550 92
141 78
168 53
372 81
171 126
491 95
214 163
332 75
708 60
574 84
221 165
54 5
254 75
320 78
336 78
469 93
532 94
541 95
16 0
3 85
540 95
371 81
267 75
402 84
199 113
718 58
62 79
283 74
410 86
418 87
504 95
63 4
230 75
108 2
20 1
198 108
238 74
144 78
166 121
236 75
356 81
329 76
139 80
692 58
558 92
249 150
430 88
71 83
396 83
556 93
269 75
96 2
252 74
273 74
109 77
137 46
388 84
147 2
408 84
446 90
486 93
322 78
185 72
284 77
403 85
77 87
26 71
404 83
293 74
360 82
200 113
70 84
444 90
343 81
434 90
308 74
233 73
73 84
680 3
461 92
419 89
502 93
508 95
51 6
211 114
521 93
98 2
25 3
528 95
156 5
426 86
145 4
79 85
448 90
300 77
693 58
707 59
517 95
440 89
29 73
704 5
256 73
705 8
241 73
281 74
103 77
292 75
90 83
271 73
17 0
379 83
2 85
456 92
572 86
53 7
470 93
484 93
18 3
548 90
577 81
513 95
298 77
220 164
425 87
161 55
197 106
395 82
297 75
389 84
135 43
400 85
10 0
338 77
163 57
133 119
228 74
311 75
154 4
22 3
148 3
93 32
279 73
262 74
183 110
5 2
99 3
383 82
142 78
101 13
140 74
282 76
8 0
676 57
104 78
291 74
415 86
59 79
24 2
112 5
373 80
187 73
160 4
105 2
14 2
15 0
23 3
138 4
11 0
21 1
9 0
95 0
97 0
6 0
