325 80
510 86
491 87
296 81
559 242
490 88
414 87
168 10
386 87
477 89
49 84
164 82
258 81
58 84
515 86
243 78
239 85
338 86
432 87
437 89
423 88
456 88
385 82
171 76
356 85
390 82
485 88
286 79
536 87
265 83
507 84
241 85
441 87
15 79
400 88
346 86
403 80
321 81
455 89
389 82
551 13
540 129
294 83
18 74
188 84
95 84
132 84
375 86
445 88
506 91
435 87
353 80
467 87
544 133
46 81
505 89
552 238
255 85
79 82
429 85
415 86
529 85
452 89
453 89
489 86
486 86
129 84
471 88
475 91
229 77
87 80
425 87
252 81
366 84
182 73
522 84
367 87
219 83
460 88
24 81
523 82
262 83
228 86
237 85
457 88
179 79
160 82
341 85
492 86
316 81
377 87
249 84
427 85
487 89
520 84
535 84
259 76
424 87
397 86
13 76
74 82
539 110
362 87
430 86
244 85
12 80
371 85
500 86
557 242
395 84
333 86
267 85
328 86
196 80
537 89
393 86
275 81
128 84
80 83
298 84
101 84
399 87
113 83
5 80
494 87
247 80
218 85
110 82
8 80
28 79
193 82
542 132
89 80
497 87
297 81
483 84
37 80
223 82
279 75
444 89
155 79
51 81
530 82
480 89
373 83
484 87
127 83
60 75
272 86
428 86
139 83
140 75
358 83
69 82
210 84
106 84
509 84
380 77
361 85
186 77
495 85
493 88
91 76
261 79
365 87
388 82
242 82
370 82
464 88
512 88
39 83
564 243
137 84
75 82
440 87
374 86
473 88
226 81
560 243
136 83
23 82
4 80
521 85
84 80
378 86
496 86
221 85
326 84
64 83
257 78
438 89
334 81
335 86
543 129
135 82
336 85
426 87
465 89
519 85
181 81
524 83
100 83
518 85
122 83
565 239
458 88
264 85
355 85
146 81
70 83
71 83
302 84
525 83
245 81
263 84
291 79
442 87
417 87
508 86
558 242
488 88
351 88
167 81
531 78
369 87
569 242
354 86
227 86
434 87
121 80
65 81
250 83
234 83
97 82
409 87
72 82
163 77
96 83
566 239
513 84
394 86
158 6
413 85
313 78
541 131
214 84
379 80
143 79
422 86
392 85
198 85
363 87
481 88
169 80
315 85
454 89
567 241
305 83
44 4
538 93
45 83
343 87
347 86
6 81
21 83
556 241
450 86
86 80
398 83
98 83
273 85
419 86
534 81
405 86
125 78
447 88
546 176
30 76
474 81
63 83
270 84
387 85
383 85
439 89
310 86
41 82
2 79
391 84
268 85
433 87
384 85
238 83
299 78
568 242
203 81
411 82
502 87
9 80
119 84
151 78
212 85
396 87
420 86
117 80
144 83
349 78
282 81
463 83
499 78
545 129
76 81
142 80
478 86
459 87
330 85
511 84
527 83
410 79
482 86
174 81
207 80
376 87
466 87
562 242
324 83
254 83
408 87
187 78
357 85
256 85
277 76
462 89
381 80
90 83
307 84
213 86
549 209
479 88
348 85
476 89
350 86
152 80
461 87
224 83
498 87
233 78
205 85
147 80
288 79
52 82
469 88
271 81
436 87
85 80
306 81
468 87
443 88
504 90
320 84
220 81
553 240
526 84
359 87
177 80
111 83
289 78
276 78
503 85
431 91
145 83
248 84
34 79
215 79
19 83
309 84
345 86
360 85
554 238
62 83
56 84
166 80
130 84
192 75
382 81
204 85
364 81
472 87
22 83
103 84
446 87
451 86
563 239
217 80
99 84
14 78
251 82
340 80
235 76
150 77
35 77
402 86
416 86
47 83
516 84
401 86
253 84
59 78
352 87
31 81
300 77
323 85
209 78
195 81
293 78
327 86
199 81
27 83
197 85
10 82
260 81
156 82
318 80
112 78
109 84
40 76
407 87
206 83
133 83
555 242
107 84
528 85
304 86
173 80
185 80
404 85
283 79
372 82
470 87
533 81
284 76
285 79
368 87
278 81
501 88
183 78
68 82
29 4
332 80
412 85
448 83
246 85
292 82
550 203
176 80
281 81
92 78
191 82
269 85
202 83
16 78
55 83
200 81
50 82
102 83
48 83
148 80
319 84
449 82
33 82
141 79
548 213
57 83
274 86
175 79
561 241
120 79
547 175
123 84
81 75
149 84
54 83
232 85
342 86
312 82
240 84
118 75
216 85
514 87
11 78
337 86
517 84
26 81
421 86
172 76
77 80
532 81
154 78
184 81
0 79
17 78
190 84
108 77
88 77
178 77
159 81
222 85
83 78
138 84
290 84
1 80
303 85
406 80
201 80
280 70
236 84
162 82
295 82
230 84
131 83
153 85
124 82
20 84
67 83
418 87
126 77
25 81
66 80
287 80
231 85
73 83
308 85
61 76
266 85
157 79
329 83
134 83
331 79
3 79
82 80
161 80
104 80
180 79
317 81
36 78
208 84
42 78
322 78
311 85
53 80
344 87
339 87
301 86
32 77
78 8
211 79
38 82
7 81
170 82
94 81
194 77
314 85
225 81
115 83
105 83
93 77
189 77
114 75
43 77
116 80
165 0
