604 108
747 115
786 115
91 7
502 1
817 119
756 116
821 117
736 114
787 114
44 7
813 118
735 113
464 85
575 103
446 81
474 85
770 116
24 10
740 115
801 110
839 121
567 4
797 112
716 105
572 102
431 0
776 114
815 118
458 87
60 10
730 107
587 0
592 106
26 9
480 88
704 98
781 116
74 8
476 87
744 111
545 3
765 114
39 8
633 105
448 83
76 10
783 116
824 119
444 84
51 6
547 2
725 107
785 115
846 121
479 87
445 85
838 121
61 10
840 121
731 105
22 9
830 120
718 105
554 1
611 106
832 120
814 118
759 116
427 81
64 8
845 121
738 114
780 116
764 113
410 1
7 9
17 9
751 115
708 101
717 107
743 109
812 116
766 113
610 106
822 119
849 120
546 1
788 114
532 2
23 9
758 116
771 115
15 9
413 1
715 106
721 111
760 114
542 95
634 106
752 116
77 9
807 113
804 114
49 7
745 115
737 110
746 116
68 9
638 1
819 118
842 121
414 2
777 115
481 86
9 9
35 8
631 1
782 116
714 107
818 113
774 115
831 119
616 108
754 111
728 110
14 8
533 3
6 6
467 85
803 110
726 112
588 105
78 10
88 9
793 111
50 7
763 114
564 2
626 107
825 120
25 9
574 3
792 113
447 82
727 111
89 10
569 103
63 11
470 84
439 81
711 103
742 115
599 108
534 0
739 109
419 2
843 120
471 85
624 107
614 3
482 84
827 119
28 10
37 8
3 7
734 114
847 120
795 114
576 104
483 87
789 115
55 10
800 114
459 83
688 1
775 114
733 112
525 3
66 9
477 85
443 85
794 112
12 9
650 3
620 108
841 120
699 6
472 85
799 116
791 112
84 10
53 10
19 9
612 3
478 86
750 111
600 107
0 9
48 9
809 118
30 8
753 115
779 115
701 5
835 120
621 109
485 87
75 9
41 3
452 84
455 1
388 0
80 11
810 118
54 9
719 108
826 120
589 107
79 11
524 3
11 9
560 3
466 85
677 0
798 115
65 8
535 2
493 0
536 3
722 111
40 7
549 1
712 104
590 108
90 8
686 0
628 3
593 104
27 7
33 9
767 112
556 0
762 108
486 86
836 121
93 6
522 2
674 0
622 109
724 111
497 2
828 120
651 0
596 105
13 8
456 0
709 101
844 121
732 108
400 0
46 9
92 9
619 106
67 11
720 108
829 119
441 0
57 8
640 0
10 7
697 2
723 110
741 111
749 116
713 103
627 105
778 116
5 8
748 116
644 105
568 4
16 8
607 104
694 4
696 4
605 106
848 122
757 112
710 103
816 119
43 9
468 4
705 99
463 2
689 0
820 117
700 4
784 116
703 98
582 0
601 3
95 3
603 106
81 10
56 9
501 2
38 4
834 119
761 110
498 1
450 4
442 3
591 105
698 6
645 105
729 110
475 84
643 0
613 0
618 108
83 10
1 7
473 85
602 4
707 100
453 3
70 9
706 98
805 107
693 100
667 1
768 115
487 87
566 100
649 1
425 0
630 3
69 10
52 6
629 4
565 3
21 8
625 106
42 7
772 112
837 120
32 9
4 9
695 3
579 3
597 106
94 7
469 84
555 3
833 120
86 10
515 3
659 0
540 95
636 107
449 83
424 0
484 86
796 110
412 1
59 10
806 115
617 107
20 10
561 2
527 2
31 9
503 0
328 1
47 8
437 81
580 0
594 108
58 10
577 3
526 4
389 0
417 81
702 5
85 10
598 108
608 106
755 112
82 10
416 80
790 113
465 86
606 106
823 117
808 112
648 0
538 3
802 113
71 9
769 108
440 2
512 2
489 5
632 1
571 103
537 4
461 0
418 1
578 1
635 106
488 87
553 3
691 100
415 1
490 4
72 8
500 86
639 1
528 2
773 114
36 8
570 99
325 1
690 0
143 1
668 1
87 10
62 9
516 3
73 9
543 3
451 84
563 0
811 108
499 85
623 108
518 1
541 94
529 3
18 7
326 1
573 104
405 0
491 85
595 107
539 2
8 10
29 6
45 7
609 107
462 2
426 1
552 4
687 3
460 3
2 7
457 1
142 0
454 0
669 2
637 106
654 2
34 6
531 0
428 3
647 0
581 0
660 0
544 3
291 0
615 108
429 0
530 1
411 0
559 2
548 0
292 0
504 86
675 0
514 2
676 1
550 1
692 99
438 82
655 0
517 0
520 2
496 0
505 0
507 0
562 0
519 0
523 0
430 0
521 0
