569 12
568 11
566 12
567 12
565 10
560 12
564 8
561 10
562 10
559 9
563 8
558 9
551 13
553 10
554 11
557 9
552 11
555 9
556 6
550 10
548 12
549 12
547 9
543 13
546 7
542 11
544 11
545 10
540 13
541 11
533 14
534 10
536 9
537 9
538 12
539 12
535 7
529 11
530 10
531 10
528 10
532 10
527 10
525 10
524 12
526 9
523 11
522 12
518 10
521 11
517 8
519 7
520 10
512 9
513 9
515 8
516 6
511 9
514 7
510 11
509 10
508 9
502 8
504 12
506 11
507 9
503 10
505 9
500 8
501 7
493 8
495 8
496 8
498 8
494 7
499 7
497 5
490 4
491 3
485 1
486 0
489 0
492 0
487 0
488 0
