799 9
830 597
849 525
838 578
846 547
841 563
837 587
842 561
845 554
828 596
844 557
687 6
749 9
731 7
698 8
834 593
848 530
831 596
847 539
839 577
736 8
759 10
824 577
751 8
821 492
827 596
807 7
826 583
835 591
825 582
829 596
836 589
833 593
730 9
840 568
706 8
723 10
702 7
778 8
832 594
843 558
709 8
732 8
721 10
797 8
729 8
786 11
682 5
717 10
740 7
766 10
814 10
691 8
768 10
806 8
802 8
783 10
744 9
822 493
810 10
788 7
728 9
716 8
745 9
769 7
747 9
750 8
752 6
681 4
791 10
726 7
693 8
760 12
774 9
793 7
720 10
757 10
762 12
794 8
818 489
809 9
703 9
761 12
679 6
795 10
784 8
695 9
701 9
746 10
748 10
796 7
722 9
764 8
684 5
817 7
733 9
770 8
781 8
724 10
823 581
754 9
673 1
699 9
792 8
755 7
763 7
820 10
775 9
771 10
808 10
708 7
719 10
737 8
782 9
742 8
678 5
696 10
787 10
753 9
714 7
711 6
772 9
780 8
767 10
710 8
801 9
804 9
812 10
790 9
816 11
743 7
692 9
727 8
675 0
718 8
707 9
715 8
789 8
683 2
756 7
725 9
776 10
705 8
819 488
773 8
803 9
800 5
777 4
779 9
738 7
674 3
785 8
694 5
685 4
798 7
758 10
765 4
813 9
811 11
741 10
815 11
734 9
700 8
688 5
672 0
697 10
704 7
680 3
713 5
805 7
686 8
739 7
712 8
689 5
735 8
676 0
690 5
677 1
