215 11
164 11
643 9
600 10
604 8
534 10
846 193
147 7
419 10
669 9
226 12
765 6
456 7
44 6
799 187
161 12
575 7
670 10
585 10
135 11
693 7
839 193
737 8
495 11
520 10
430 11
128 10
440 10
645 8
797 187
671 10
819 194
841 190
824 195
458 9
590 10
811 191
776 5
559 8
380 5
242 11
116 11
815 192
34 6
237 7
806 189
60 8
561 7
587 181
704 6
172 204
178 204
481 7
450 9
338 6
416 9
647 9
263 6
821 194
273 189
610 8
818 194
239 8
627 184
442 180
631 9
464 10
545 10
105 9
256 10
826 195
446 178
227 14
344 7
76 9
483 8
503 10
533 10
188 199
586 180
681 10
51 8
530 10
197 12
146 10
764 6
466 11
251 198
547 8
163 10
211 12
129 10
441 178
794 187
436 10
842 194
682 11
103 10
582 8
510 12
570 9
535 9
95 9
514 9
420 10
415 8
342 3
588 8
352 1
614 10
78 10
190 202
835 191
840 193
88 11
731 6
523 8
196 11
508 10
558 8
36 7
658 7
438 12
684 6
832 195
637 10
845 194
496 9
572 8
521 11
132 12
154 10
763 6
254 9
642 7
258 11
777 4
104 9
397 6
38 9
738 8
480 10
837 195
751 9
613 7
812 189
639 8
311 3
686 7
548 10
493 10
574 7
187 202
726 8
468 9
182 203
736 7
381 6
463 11
709 9
619 8
274 193
792 185
848 194
830 195
546 9
257 9
827 194
447 181
532 9
426 8
120 11
615 10
89 9
788 184
758 3
672 9
550 9
223 9
560 8
145 11
470 10
823 195
439 12
685 8
449 10
663 8
405 177
752 8
573 8
262 7
599 10
655 11
795 187
133 11
212 8
786 184
181 202
453 9
207 11
91 12
170 205
240 11
735 7
745 8
191 200
519 9
249 195
602 10
127 11
136 11
474 10
184 204
149 10
831 193
492 11
427 11
638 8
539 10
177 202
74 9
476 7
130 9
411 7
813 192
87 11
623 8
253 196
836 193
331 5
612 8
668 10
297 0
409 180
250 197
506 9
592 11
817 194
838 194
803 188
454 9
536 9
204 9
230 12
477 10
134 11
443 181
157 9
412 8
404 179
457 7
712 9
180 204
634 9
525 10
626 6
828 194
825 194
358 181
324 2
173 202
238 9
591 9
114 10
593 10
770 6
644 6
849 194
75 8
563 10
611 11
379 7
231 7
754 6
616 8
345 6
529 10
189 200
63 8
505 10
760 6
301 0
711 8
327 6
431 11
646 9
57 10
790 186
49 8
697 6
296 2
455 9
801 188
269 0
68 8
94 10
789 185
37 9
699 8
217 12
151 11
118 9
774 6
270 186
362 5
202 201
677 9
785 182
155 8
467 9
55 8
346 6
48 7
199 12
334 8
165 12
688 7
162 12
494 7
822 196
810 190
662 9
491 9
793 187
137 12
185 13
538 9
111 9
376 4
46 8
150 12
229 11
734 7
350 4
428 11
148 9
844 191
41 8
67 8
241 10
115 11
210 5
176 12
715 4
175 11
673 10
581 183
246 196
820 195
77 8
565 9
52 9
507 12
201 8
460 10
650 9
620 10
608 11
335 5
393 5
596 10
742 8
834 194
138 11
186 12
798 185
674 11
700 7
152 9
657 9
847 193
144 9
511 10
576 8
192 202
39 7
174 201
228 12
272 191
601 11
281 1
40 8
807 190
549 10
213 12
603 11
659 8
219 13
50 8
775 6
551 10
255 9
696 7
394 4
567 10
400 174
353 3
33 6
166 13
108 11
739 7
122 10
562 10
804 189
473 11
93 10
421 9
771 4
54 7
445 182
284 3
780 177
203 201
259 11
522 11
769 6
385 5
485 10
429 11
589 10
53 9
555 10
524 12
500 10
750 8
323 1
487 9
107 9
833 192
121 8
113 9
800 188
471 12
661 3
701 8
727 10
179 202
300 0
391 5
90 11
544 9
459 11
92 12
649 11
628 9
465 9
767 7
332 7
293 1
384 4
117 9
571 8
809 189
243 8
723 6
486 8
102 10
509 11
578 9
388 8
359 183
527 9
435 10
497 6
651 8
703 7
65 4
605 9
753 7
171 204
783 2
64 8
552 10
498 9
139 10
714 8
392 3
716 6
816 193
484 8
762 7
351 3
741 8
80 9
119 12
676 6
236 12
660 10
713 8
678 9
294 1
343 5
140 11
667 9
724 7
413 9
432 12
808 189
389 6
687 9
244 10
515 9
805 187
733 8
607 10
56 10
167 11
694 8
743 7
482 6
802 188
542 8
206 11
216 11
271 190
630 11
829 195
747 6
618 9
640 12
725 8
553 9
220 12
843 193
632 183
778 3
205 12
79 10
706 8
732 6
160 11
566 9
123 10
81 7
422 9
564 8
759 3
761 4
472 11
406 177
791 186
66 7
260 9
106 5
308 0
554 9
193 203
698 8
433 11
402 177
43 8
83 8
705 5
579 8
361 2
143 9
689 4
340 4
516 10
444 180
96 11
782 0
537 7
317 2
110 10
606 10
278 0
648 9
208 9
247 198
42 7
354 3
279 3
141 10
355 6
462 9
378 4
347 7
209 10
675 10
577 7
526 11
386 2
729 8
656 10
248 196
70 9
390 6
469 6
328 5
629 10
756 5
312 4
683 8
641 10
488 8
617 7
302 1
32 3
235 10
313 1
408 180
597 5
339 6
710 4
478 11
69 9
316 1
382 5
417 10
541 10
59 5
598 8
721 6
690 8
84 4
31 2
261 7
309 0
679 9
513 9
86 10
717 6
333 6
198 10
142 11
540 10
728 9
72 9
695 5
528 10
153 10
232 8
702 8
387 7
99 9
418 9
112 9
414 8
609 10
377 5
126 12
437 14
580 182
766 7
109 12
58 10
720 8
584 11
499 8
407 177
796 183
452 11
512 11
85 10
755 6
410 6
479 9
635 8
47 8
277 0
502 9
748 4
398 5
517 10
168 203
490 11
425 9
448 12
71 7
403 177
124 11
568 10
814 191
401 4
475 9
489 9
773 6
583 9
356 4
156 10
325 3
252 197
383 4
320 4
691 6
100 8
218 11
158 10
621 6
531 10
718 10
653 6
183 202
366 0
194 201
169 204
82 6
557 7
664 8
424 10
221 10
636 9
434 11
131 11
594 10
461 10
772 5
234 13
62 8
501 10
225 7
652 10
518 7
98 11
73 5
543 5
569 9
233 13
276 187
97 11
451 7
787 185
224 11
396 6
556 7
744 4
195 9
504 9
399 1
633 8
749 6
245 11
624 8
222 12
595 8
330 4
622 7
722 6
740 6
326 4
337 4
319 4
423 10
101 11
395 4
768 5
159 9
654 10
125 8
708 8
349 5
310 3
295 2
214 10
45 9
329 4
264 5
321 3
746 8
665 10
268 0
265 0
322 5
719 9
779 175
357 5
336 7
318 3
375 5
341 6
730 8
35 8
363 5
757 7
692 8
364 5
348 5
288 0
625 9
200 11
61 6
285 1
666 7
282 0
283 1
784 4
287 0
707 5
267 0
680 5
315 0
365 3
280 2
360 0
