568 11
569 9
564 11
567 10
565 11
566 10
556 14
560 12
561 13
563 12
562 12
559 9
552 13
553 12
555 12
554 10
557 10
558 8
551 11
550 10
546 9
547 10
548 11
549 7
544 10
545 9
543 9
536 11
538 12
533 14
534 11
539 11
542 8
535 8
540 9
541 6
537 7
532 11
528 13
529 11
530 9
531 9
527 11
523 12
525 12
526 10
522 13
524 12
520 13
521 12
518 13
517 6
519 8
515 7
516 5
510 11
511 9
512 10
514 8
513 8
509 10
508 10
502 11
503 10
505 10
506 11
507 9
504 10
494 8
495 7
498 7
500 8
493 7
496 7
497 7
501 5
499 6
492 4
490 2
491 3
486 2
484 1
485 0
487 0
489 0
