0 6
1 6
2 6
3 6
4 7
5 6
6 6
7 7
8 8
9 8
10 7
11 4
12 6
13 88
14 87
15 88
16 88
17 89
18 88
19 89
20 89
21 91
22 90
23 89
24 89
25 89
26 89
27 88
28 91
29 90
30 89
31 89
32 90
33 89
34 88
35 89
36 87
37 90
38 91
39 91
40 90
41 90
42 90
43 88
44 86
45 91
46 90
47 90
48 89
49 91
50 89
51 91
52 89
53 90
54 88
55 91
56 88
57 88
58 90
59 85
60 90
61 92
62 89
63 91
64 91
65 90
66 90
67 91
68 91
69 90
70 88
71 86
72 89
73 84
74 87
75 86
76 90
77 90
78 92
79 90
80 90
81 91
82 91
83 91
84 92
85 91
86 92
87 90
88 88
89 84
90 89
91 88
92 89
93 90
94 89
95 89
96 90
97 90
98 90
99 90
100 84
101 87
102 92
103 91
104 92
105 89
106 91
107 89
108 91
109 90
110 89
111 89
112 88
113 90
114 90
115 91
116 90
117 89
118 86
119 90
120 89
121 90
122 91
123 90
124 90
125 89
126 90
127 90
128 88
129 88
130 87
131 87
132 90
133 89
134 90
135 90
136 90
137 91
138 90
139 90
140 92
141 90
142 91
143 91
144 91
145 87
146 91
147 92
148 88
149 92
150 90
151 92
152 92
153 86
154 92
155 89
156 92
157 92
158 92
159 83
160 86
161 90
162 92
163 82
164 92
165 91
166 92
167 92
168 92
169 93
170 92
171 94
172 91
173 93
174 93
175 93
176 92
177 92
178 91
179 92
180 90
181 92
182 91
183 90
184 92
185 89
186 93
187 89
188 92
189 91
190 93
191 94
192 93
193 92
194 90
195 87
196 92
197 87
198 91
199 93
200 94
201 95
202 93
203 91
204 92
205 91
206 90
207 92
208 90
209 91
210 92
211 89
212 92
213 92
214 93
215 92
216 93
217 94
218 93
219 91
220 91
221 90
222 92
223 93
224 90
225 92
226 92
227 92
228 90
229 90
230 86
231 93
232 92
233 93
234 93
235 92
236 92
237 90
238 93
239 94
240 93
241 90
242 81
243 92
244 91
245 91
246 92
247 93
248 93
249 92
250 92
251 94
252 90
253 93
254 93
255 93
256 94
257 91
258 90
259 88
260 92
261 90
262 94
263 92
264 93
265 91
266 92
267 91
268 92
269 92
270 93
271 93
272 92
273 92
274 94
275 94
276 90
277 94
278 86
279 94
280 93
281 90
282 92
283 92
284 94
285 90
286 93
287 93
288 93
289 93
290 92
291 93
292 92
293 94
294 94
295 94
296 91
297 87
298 92
299 94
300 92
301 93
302 92
303 92
304 95
305 94
306 94
307 95
308 96
309 95
310 94
311 94
312 95
313 96
314 95
315 95
316 93
317 95
318 96
319 95
320 93
321 97
322 97
323 93
324 92
325 94
326 98
327 96
328 97
329 95
330 94
331 93
332 93
333 95
334 96
335 95
336 92
337 94
338 88
339 93
340 94
341 95
342 94
343 93
344 96
345 95
346 93
347 95
348 97
349 94
350 98
351 95
352 94
353 94
354 95
355 93
356 94
357 94
358 94
359 93
360 95
361 95
362 93
363 92
364 95
365 94
366 90
367 94
368 93
369 94
370 94
371 91
372 94
373 94
374 94
375 93
376 90
377 88
378 93
379 96
380 93
381 94
382 95
383 95
384 92
385 95
386 91
387 93
388 86
389 92
390 86
391 92
392 93
393 92
394 93
395 92
396 93
397 93
398 92
399 92
400 91
401 95
402 95
403 96
404 95
405 91
406 92
407 93
408 93
409 95
410 95
411 95
412 94
413 94
414 93
415 94
416 88
417 95
418 92
419 95
420 93
421 95
422 86
423 92
424 94
425 95
426 95
427 94
428 94
429 93
430 94
431 94
432 97
433 95
434 96
435 94
436 96
437 94
438 93
439 96
440 96
441 97
442 95
443 96
444 92
445 96
446 95
447 96
448 95
449 94
450 96
451 95
452 95
453 96
454 96
455 93
456 95
457 95
458 94
459 95
460 95
461 96
462 94
463 94
464 96
465 95
466 97
467 96
468 95
469 87
470 94
471 94
472 93
473 94
474 95
475 95
476 92
477 94
478 94
479 92
480 95
481 95
482 94
483 96
484 95
485 96
486 96
487 95
488 93
489 87
490 95
491 93
492 93
493 96
494 98
495 96
496 94
497 93
498 97
499 97
500 94
501 95
502 95
503 95
504 95
505 95
506 94
507 96
508 92
509 97
510 92
511 95
512 93
513 95
514 94
515 93
516 94
517 94
518 94
519 94
520 87
521 85
522 87
523 86
524 90
525 90
526 92
527 92
528 90
529 89
530 86
531 87
532 83
533 85
534 82
535 81
536 84
537 5
538 4
539 5
540 7
541 8
542 10
543 11
544 171
545 170
546 179
547 207
548 216
549 234
550 233
551 239
552 236
553 240
554 235
555 242
556 242
557 242
558 243
559 241
560 236
561 241
562 241
563 242
564 238
565 241
566 241
567 241
568 233
569 242
