676 5
847 508
694 8
835 589
845 551
824 9
834 589
838 586
844 554
780 5
839 585
840 583
801 9
733 7
842 563
724 7
712 9
749 10
746 9
735 9
805 9
698 9
762 11
843 560
756 9
846 538
744 10
817 8
729 10
819 7
685 7
763 9
680 10
836 588
841 573
743 9
837 587
709 3
722 10
766 4
759 9
754 9
738 6
693 6
751 9
807 9
779 6
848 506
788 9
719 9
740 7
753 9
849 480
820 8
808 8
714 8
781 8
796 7
725 8
745 8
728 7
734 9
699 10
727 8
690 10
786 9
787 8
730 7
702 8
686 8
760 10
681 9
706 8
697 7
737 5
755 10
739 8
827 8
767 8
804 8
778 6
720 10
736 7
758 7
823 10
793 10
815 9
832 573
731 9
797 9
687 8
703 6
761 11
682 9
717 8
742 8
826 5
701 10
748 8
677 7
822 9
814 7
833 572
710 7
768 9
806 9
831 8
818 8
802 8
711 9
757 8
741 6
700 8
765 9
810 5
776 5
794 8
716 8
803 6
799 10
809 8
708 7
821 8
696 5
684 8
726 7
769 8
750 9
811 8
752 10
679 7
816 7
812 9
828 7
789 6
770 7
800 9
792 6
785 8
692 8
764 8
795 8
718 10
783 6
705 9
774 7
830 9
732 10
790 8
683 10
747 9
829 8
798 9
782 6
721 6
791 6
772 9
773 9
715 9
825 7
691 7
704 3
707 10
695 6
689 6
771 6
688 6
674 1
813 7
673 1
775 9
723 11
784 8
713 7
678 4
777 7
675 0
