0 3
1 4
2 72
3 74
4 5
5 74
6 75
7 73
8 74
9 72
10 72
11 75
12 75
13 74
14 75
15 73
16 73
17 74
18 74
19 72
20 75
21 73
22 74
23 73
24 75
25 74
26 74
27 76
28 75
29 74
30 74
31 74
32 75
33 73
34 74
35 75
36 75
37 74
38 74
39 75
40 71
41 75
42 76
43 74
44 70
45 75
46 74
47 72
48 74
49 73
50 75
51 72
52 75
53 74
54 75
55 75
56 74
57 73
58 75
59 76
60 75
61 76
62 75
63 76
64 76
65 77
66 75
67 73
68 75
69 77
70 77
71 75
72 76
73 74
74 75
75 74
76 76
77 75
78 76
79 75
80 74
81 74
82 75
83 76
84 76
85 76
86 76
87 74
88 72
89 75
90 74
91 74
92 74
93 72
94 74
95 68
96 74
97 72
98 73
99 73
100 72
101 74
102 74
103 74
104 74
105 74
106 70
107 6
108 69
109 73
110 74
111 75
112 73
113 74
114 71
115 73
116 72
117 74
118 70
119 72
120 74
121 75
122 75
123 75
124 74
125 74
126 74
127 74
128 73
129 74
130 73
131 73
132 74
133 73
134 74
135 74
136 74
137 72
138 72
139 71
140 74
141 74
142 74
143 74
144 75
145 75
146 74
147 75
148 73
149 74
150 75
151 73
152 75
153 75
154 73
155 75
156 74
157 73
158 71
159 74
160 74
161 75
162 73
163 74
164 75
165 8
166 75
167 72
168 73
169 74
170 75
171 73
172 70
173 74
174 70
175 73
176 75
177 75
178 74
179 76
180 75
181 71
182 70
183 76
184 76
185 75
186 68
187 75
188 75
189 8
190 69
191 76
192 75
193 74
194 75
195 76
196 75
197 76
198 76
199 75
200 75
201 74
202 74
203 74
204 71
205 69
206 6
207 72
208 68
209 73
210 75
211 71
212 73
213 76
214 75
215 77
216 75
217 73
218 76
219 75
220 77
221 76
222 74
223 76
224 74
225 76
226 75
227 74
228 74
229 7
230 72
231 68
232 72
233 70
234 70
235 71
236 74
237 76
238 74
239 75
240 74
241 75
242 74
243 68
244 72
245 69
246 70
247 74
248 73
249 67
250 72
251 4
252 70
253 2
254 69
255 72
256 74
257 69
258 69
259 74
260 73
261 74
262 72
263 74
264 73
265 74
266 69
267 70
268 69
269 69
270 69
271 67
272 72
273 73
274 75
275 76
276 7
277 73
278 73
279 75
280 72
281 74
282 68
283 0
284 2
285 72
286 67
287 71
288 73
289 73
290 8
291 77
292 1
293 6
294 5
295 76
296 75
297 72
298 74
299 70
300 72
301 71
302 77
303 77
304 76
305 77
306 74
307 75
308 75
309 76
310 73
311 78
312 74
313 73
314 78
315 77
316 74
317 76
318 76
319 77
320 77
321 77
322 74
323 76
324 76
325 75
326 78
327 73
328 76
329 77
330 78
331 77
332 76
333 74
334 77
335 75
336 75
337 74
338 75
339 75
340 71
341 77
342 76
343 78
344 79
345 77
346 78
347 77
348 77
349 70
350 76
351 75
352 75
353 78
354 11
355 78
356 76
357 76
358 77
359 76
360 76
361 76
362 75
363 76
364 71
365 68
366 0
367 4
368 73
369 71
370 71
371 68
372 69
373 73
374 72
375 77
376 72
377 74
378 70
379 71
380 77
381 76
382 7
383 4
384 71
385 69
386 69
387 70
388 69
389 71
390 74
391 75
392 73
393 70
394 73
395 69
396 68
397 71
398 71
399 75
400 71
401 69
402 73
403 71
404 67
405 72
406 72
407 70
408 72
409 72
410 69
411 67
412 72
413 72
414 73
415 71
416 71
417 72
418 72
419 68
420 67
421 72
422 74
423 76
424 66
425 74
426 75
427 75
428 75
429 74
430 75
431 72
432 74
433 79
434 78
435 75
436 78
437 73
438 73
439 78
440 78
441 76
442 76
443 77
444 77
445 72
446 75
447 77
448 79
449 77
450 75
451 78
452 72
453 74
454 76
455 75
456 77
457 77
458 78
459 75
460 68
461 77
462 70
463 69
464 78
465 72
466 75
467 76
468 76
469 79
470 76
471 79
472 78
473 76
474 75
475 80
476 81
477 78
478 77
479 76
480 79
481 77
482 75
483 77
484 80
485 76
486 80
487 74
488 78
489 77
490 77
491 77
492 76
493 78
494 78
495 78
496 77
497 77
498 77
499 75
500 76
501 77
502 77
503 76
504 76
505 75
506 75
507 77
508 77
509 72
510 77
511 78
512 77
513 75
514 78
515 77
516 76
517 78
518 79
519 77
520 76
521 76
522 78
523 75
524 78
525 72
526 79
527 77
528 77
529 74
530 78
531 77
532 76
533 72
534 71
535 73
536 9
537 9
538 7
539 8
540 7
541 153
542 162
543 164
544 165
545 165
546 229
547 235
548 236
549 236
550 239
551 239
552 240
553 240
554 239
555 241
556 239
557 241
558 241
559 241
560 237
561 238
562 240
563 239
564 241
565 241
566 241
567 241
568 242
569 242
