827 10
689 4
731 11
792 9
705 10
690 4
796 9
733 11
815 9
773 9
729 9
717 11
730 8
727 9
699 10
769 8
844 8
753 7
848 10
712 9
698 10
836 9
813 9
704 11
805 9
829 9
695 8
742 10
718 10
697 11
755 11
710 11
808 8
839 10
750 10
719 10
779 8
793 8
770 9
786 11
787 9
691 5
820 11
797 10
843 8
728 10
828 9
716 11
725 10
732 11
709 12
774 7
847 7
831 8
801 9
824 10
837 7
759 12
723 9
694 9
845 8
754 8
838 7
822 12
810 10
785 8
778 10
830 9
771 11
846 8
819 10
798 9
842 10
823 11
814 8
708 10
775 8
802 9
790 8
794 8
738 8
706 11
758 9
722 9
772 9
741 10
807 10
806 9
757 10
748 7
768 9
784 8
752 9
799 9
780 12
789 10
711 9
696 8
726 11
811 9
791 8
795 9
707 11
760 12
692 6
776 8
800 9
740 9
809 8
715 8
747 12
812 5
765 10
817 11
735 9
700 12
763 12
840 9
745 13
703 9
743 9
764 10
701 10
816 10
803 6
734 9
737 9
713 10
749 9
834 10
739 9
714 8
849 8
783 10
720 10
761 10
841 4
744 11
821 11
818 7
721 11
826 9
781 11
724 9
832 10
746 12
788 9
702 10
762 11
777 7
782 9
736 10
825 8
835 9
804 6
693 7
751 10
756 7
833 8
766 8
767 10
688 0
