711 5
215 211
163 213
733 225
428 2
267 205
108 7
807 241
226 210
818 243
240 210
735 226
745 228
210 210
92 4
425 4
214 208
288 197
145 210
737 228
832 240
727 227
598 4
280 199
783 234
839 242
819 244
607 212
458 202
133 3
188 210
797 237
764 10
789 238
292 196
242 209
815 244
122 210
587 211
324 200
843 243
812 244
186 210
130 211
821 242
200 211
117 6
423 2
359 2
170 211
135 210
191 212
804 240
256 207
826 244
784 235
89 2
183 211
830 241
253 208
845 243
162 211
746 227
824 245
606 212
261 207
211 211
788 239
119 6
146 211
275 199
837 241
842 242
368 203
609 210
225 211
501 1
160 213
785 236
794 237
834 243
152 213
164 212
803 241
687 6
485 2
285 197
731 227
535 1
277 200
670 2
508 202
213 212
109 5
787 236
274 201
202 212
831 242
777 233
529 4
224 211
121 212
272 203
264 204
216 211
173 210
212 208
252 205
159 211
726 228
736 227
244 210
463 201
72 5
770 14
698 2
257 207
810 243
754 228
111 6
681 4
67 0
551 202
600 3
655 1
271 202
254 208
806 241
262 208
582 3
574 207
786 238
207 210
765 223
456 203
835 241
579 208
585 210
249 205
693 224
455 200
841 243
710 5
137 211
668 2
206 210
94 2
172 210
363 3
816 245
151 213
263 207
273 202
87 1
631 0
190 209
623 3
250 208
298 2
747 226
846 240
618 2
829 243
281 198
751 228
204 213
840 239
199 210
799 236
157 212
148 211
196 210
370 200
266 205
763 14
258 206
189 212
738 227
471 3
246 208
484 0
238 210
700 3
740 228
356 1
593 211
792 237
827 244
683 4
378 199
758 226
179 211
231 209
760 12
223 208
752 226
453 203
161 213
753 228
230 211
239 211
801 239
676 3
595 213
817 244
441 4
282 199
139 210
766 223
774 231
848 242
149 211
245 208
814 244
270 203
427 1
444 6
467 199
217 209
713 2
705 5
639 0
536 200
614 210
236 208
811 244
775 233
686 6
229 211
734 226
742 226
325 4
798 238
613 212
134 208
268 204
283 197
297 1
104 2
767 223
823 244
299 196
69 1
697 2
442 2
201 212
361 2
296 0
741 225
776 233
581 5
113 209
781 235
596 213
209 211
813 241
294 1
380 3
228 210
800 239
129 212
622 4
749 227
796 237
260 208
98 3
219 209
194 211
376 1
154 211
86 3
648 4
704 225
761 14
150 211
255 208
678 1
394 3
732 227
400 1
849 240
379 199
805 242
175 212
293 0
384 4
820 242
739 225
88 2
97 3
352 0
689 5
278 197
251 210
220 210
377 2
769 13
385 1
847 243
486 1
782 232
589 211
771 14
466 199
644 3
844 241
779 234
822 246
634 4
759 228
422 0
454 200
808 243
459 201
138 210
809 242
156 208
507 0
465 201
649 3
120 211
193 211
625 4
392 1
715 227
663 0
140 208
430 3
750 227
833 240
259 208
181 212
602 4
165 212
136 211
836 242
222 211
177 213
203 211
624 214
115 3
597 212
603 4
73 3
233 208
513 199
114 207
838 241
757 12
131 207
457 203
289 196
780 236
630 0
221 209
532 0
499 199
616 0
205 212
176 211
768 223
462 201
790 238
78 1
691 4
433 3
103 0
286 196
576 207
718 226
171 212
825 242
105 4
208 210
628 3
107 6
180 209
743 228
515 0
166 211
279 199
448 4
287 197
699 0
369 201
723 4
528 0
184 212
269 202
793 232
586 210
795 239
722 225
449 0
155 211
717 227
709 226
185 212
391 1
660 1
276 197
375 198
577 205
243 208
290 196
192 211
762 5
460 201
590 3
354 3
284 197
178 212
234 209
584 3
360 3
80 3
367 201
657 2
773 14
802 240
658 5
694 224
198 211
591 3
652 0
235 211
496 0
81 4
712 2
167 211
621 0
695 224
84 1
509 1
197 211
446 5
511 2
744 227
778 234
227 210
706 226
645 5
340 0
756 11
241 209
345 1
79 0
443 4
182 210
617 211
124 3
629 3
633 3
461 200
71 4
374 201
470 1
729 227
393 0
772 13
432 2
791 236
667 3
748 229
552 202
725 228
218 211
343 3
265 205
106 5
126 210
386 0
567 1
110 3
483 2
755 10
612 210
721 225
355 0
578 207
464 201
688 6
724 225
112 209
661 1
451 200
673 3
141 211
674 6
728 227
685 4
526 1
619 1
512 2
90 2
646 3
828 230
531 1
424 2
174 211
680 5
575 209
716 226
362 3
539 201
592 211
382 197
653 2
247 207
404 0
707 227
95 2
99 2
83 1
447 2
143 211
635 4
116 3
389 0
469 2
118 5
665 0
583 5
70 4
541 1
452 203
487 0
383 2
638 1
708 228
405 1
615 210
637 2
632 216
100 0
605 210
580 207
594 212
127 210
538 2
401 2
142 211
666 2
232 207
608 213
344 4
91 2
701 4
620 0
640 0
353 1
132 6
82 2
502 0
300 2
675 3
482 0
426 3
479 0
720 2
702 3
534 0
342 2
153 212
399 0
387 0
530 3
527 200
390 0
544 1
125 4
474 2
440 3
347 2
128 211
195 211
504 198
662 1
357 1
636 3
491 0
626 4
74 0
669 4
291 0
76 1
168 209
604 3
158 212
326 0
68 3
714 227
237 210
169 210
696 1
601 4
429 2
187 211
569 0
656 0
439 5
339 1
473 0
318 0
450 201
366 1
371 0
248 209
611 212
381 3
480 2
472 1
548 0
672 3
651 1
679 3
568 0
395 3
692 4
682 6
431 1
730 6
599 5
703 226
571 3
445 5
610 212
144 210
671 3
75 0
295 1
85 0
346 2
659 3
96 3
588 0
684 5
543 200
123 5
719 224
358 1
570 2
77 2
572 2
650 2
690 1
147 207
573 1
677 2
664 0
643 0
481 0
503 0
93 3
510 2
434 3
627 1
533 0
341 0
647 0
468 0
492 0
