569 11
566 13
567 13
568 11
564 11
562 10
563 12
565 10
560 13
561 12
559 10
554 12
555 11
556 11
558 9
551 13
553 10
557 10
552 10
550 11
548 13
549 12
547 12
542 13
545 12
546 10
540 14
543 12
544 11
541 12
533 15
534 10
536 8
539 12
537 6
535 7
538 10
529 11
530 10
531 11
528 12
532 7
525 10
526 12
527 10
524 12
523 10
522 11
515 11
519 10
517 8
518 9
520 11
521 8
516 7
511 9
512 8
513 7
514 10
510 11
509 11
502 9
508 10
504 12
506 11
507 10
505 11
501 8
503 9
494 7
495 8
496 8
498 8
500 7
493 7
499 7
497 5
492 4
490 2
491 3
486 0
487 1
489 1
485 0
488 0
