744 11
824 11
793 8
780 8
747 11
748 10
788 11
721 14
828 11
779 11
777 10
844 11
728 12
683 8
765 12
762 11
800 9
845 11
756 12
751 8
819 11
767 10
784 10
760 11
700 9
808 10
697 9
725 12
773 12
755 11
715 12
754 12
692 9
726 13
848 11
796 9
813 10
706 13
684 10
743 11
752 11
737 11
686 11
769 9
745 9
740 8
709 10
781 8
746 8
829 9
720 11
843 11
764 12
761 11
812 10
786 11
827 10
750 10
840 9
831 10
699 11
789 8
724 11
712 13
681 6
714 11
693 10
799 9
795 11
685 9
778 11
742 10
739 12
823 12
801 9
815 10
730 12
741 12
710 13
830 10
782 7
797 10
688 9
790 10
807 10
701 10
803 10
707 11
763 13
841 10
846 10
713 12
768 10
811 9
775 12
826 10
696 10
794 11
736 11
738 12
698 9
759 10
822 11
814 10
833 11
785 9
731 9
818 9
733 12
842 10
749 11
810 11
727 12
817 10
695 9
723 9
722 11
758 5
832 10
690 10
792 9
708 13
703 12
766 9
791 9
821 9
729 10
682 7
770 11
825 11
783 11
680 9
757 9
753 11
687 10
820 12
839 9
816 10
677 3
735 10
704 10
702 10
836 9
716 11
771 13
798 8
849 11
676 4
834 10
719 8
694 9
734 9
809 8
691 10
717 8
718 11
806 9
772 8
837 6
838 10
847 10
787 11
732 11
835 8
678 6
689 9
679 7
774 11
804 8
705 10
675 1
776 10
802 10
711 13
805 9
