777 157
820 194
833 219
845 221
813 210
817 197
837 220
821 192
811 180
685 51
836 223
831 218
791 155
830 219
794 165
781 147
840 218
808 171
782 161
767 135
848 218
800 173
761 133
835 215
824 197
780 151
843 222
688 70
838 222
785 164
772 135
754 120
766 130
797 166
815 192
803 171
788 155
842 219
776 148
825 220
826 215
790 158
847 219
771 151
823 207
760 123
787 152
814 205
849 219
809 195
786 163
834 210
804 182
768 139
799 172
762 140
846 216
816 182
784 155
829 219
789 163
792 166
684 60
783 157
827 216
801 164
810 186
774 149
839 216
844 216
773 141
681 54
812 190
795 166
802 169
806 177
764 135
769 136
798 172
807 201
692 62
818 206
819 198
796 175
779 143
822 205
759 128
778 140
775 149
828 203
687 71
694 57
770 132
832 220
765 140
763 141
841 218
691 54
758 128
755 117
793 166
683 72
686 61
