215 1
742 50
341 42
786 42
604 55
734 50
91 116
790 41
739 53
722 50
342 7
49 10
507 3
456 4
44 9
614 5
240 3
735 50
87 118
644 48
792 38
575 57
585 58
24 116
740 53
839 70
737 52
732 51
76 116
2 116
440 3
797 36
724 52
85 115
819 55
94 12
458 5
811 48
242 3
815 53
34 9
73 116
60 10
3 116
315 3
561 56
781 46
764 42
643 47
552 55
26 112
481 4
103 8
803 40
609 56
96 11
753 48
813 52
818 54
545 54
757 43
446 52
75 118
611 55
602 55
741 52
758 44
483 5
533 3
188 1
832 65
712 48
681 44
707 41
284 44
354 3
547 53
823 60
29 116
655 47
829 63
441 2
738 54
816 52
752 50
694 39
730 54
582 57
837 70
592 55
838 70
570 55
61 9
726 54
840 68
88 117
731 49
22 117
508 3
822 59
774 47
593 56
79 115
5 114
443 6
227 2
14 112
827 63
749 50
93 11
763 46
659 47
719 50
760 47
634 0
25 116
17 116
704 39
7 115
820 56
346 46
548 1
751 49
95 12
574 55
709 47
804 42
666 2
812 48
799 38
428 3
765 43
736 52
347 5
10 115
770 46
849 80
546 54
32 112
291 40
805 44
532 1
667 3
801 39
89 116
788 37
560 54
283 41
63 10
617 52
90 114
711 45
431 5
768 41
293 3
794 36
842 73
77 117
453 6
807 47
285 43
778 40
745 51
336 40
214 1
784 44
455 5
20 114
559 55
638 0
789 41
825 57
703 43
834 63
307 4
450 6
186 1
35 8
795 35
821 57
226 3
631 2
782 45
791 40
831 64
558 56
754 45
720 51
746 50
569 58
6 114
98 12
8 116
785 44
846 79
78 116
783 44
457 3
102 10
780 42
716 49
380 45
733 52
626 51
38 9
355 3
229 4
686 2
238 2
381 47
420 0
619 51
447 52
606 56
23 116
15 115
729 52
534 3
773 44
723 48
430 3
11 115
28 116
676 44
845 76
776 45
68 7
340 43
37 6
587 57
800 39
442 3
847 76
714 49
670 48
727 53
19 117
51 8
664 48
506 4
777 46
725 50
696 38
21 116
281 41
30 114
333 40
321 38
566 56
688 3
603 55
616 3
572 56
793 38
50 8
715 44
743 51
744 52
762 45
66 8
640 49
697 41
830 61
775 46
439 4
668 47
673 46
708 42
700 42
296 2
80 118
650 3
841 73
590 55
375 45
699 43
596 54
4 114
350 6
385 2
657 46
766 43
584 57
701 41
53 9
84 116
524 2
802 41
750 50
250 1
677 45
761 42
329 3
0 115
48 9
756 42
100 11
40 10
826 61
334 40
810 48
353 3
323 0
551 55
624 52
373 46
27 117
41 9
379 45
231 1
33 106
81 117
189 0
16 114
595 56
99 12
646 48
600 55
12 115
52 7
620 53
771 45
747 45
294 1
817 54
464 2
39 7
589 56
487 5
432 5
798 36
65 8
454 5
848 79
661 49
549 54
185 3
376 44
759 47
562 54
809 48
647 47
92 114
563 55
67 9
710 47
280 40
836 69
327 3
767 43
332 40
372 44
695 39
621 51
522 1
674 3
286 43
693 39
228 3
721 46
828 63
651 48
535 2
13 113
305 3
662 46
289 42
678 46
459 5
571 56
308 3
645 48
806 43
663 47
384 2
484 4
57 10
316 1
486 5
54 7
713 43
511 2
627 1
351 6
844 76
374 47
55 7
583 56
536 1
31 114
438 3
607 55
46 8
358 4
628 1
449 6
43 9
1 114
705 41
460 3
357 2
279 1
304 3
485 4
239 1
576 58
429 3
70 6
382 46
706 42
309 5
573 56
691 38
601 52
360 1
835 68
56 10
717 50
591 56
718 43
201 1
654 48
577 56
335 39
682 43
317 1
608 55
843 70
330 3
687 3
42 7
64 7
104 7
462 2
378 46
313 4
482 3
630 1
433 4
69 8
290 41
282 42
356 6
386 0
689 4
509 2
444 4
660 47
683 2
787 43
244 2
755 46
498 1
352 5
779 44
568 58
671 0
377 46
359 5
59 9
814 51
772 47
656 47
339 42
219 2
435 3
833 66
808 45
312 2
328 3
9 117
540 4
448 51
565 3
83 117
18 115
243 0
325 2
567 56
345 5
586 57
306 3
553 52
217 0
527 1
728 54
578 54
513 2
86 116
47 9
338 3
748 45
246 0
445 50
74 114
605 53
97 11
58 10
218 1
542 2
672 46
71 7
526 2
579 56
101 10
344 8
796 36
702 42
598 56
82 116
537 0
502 4
437 3
247 1
641 0
515 3
72 115
488 51
538 3
564 3
612 53
198 3
690 4
613 54
528 2
594 56
391 0
648 48
669 47
581 55
302 0
652 48
183 2
824 58
550 55
452 5
632 0
36 9
555 54
679 45
287 41
539 3
232 1
216 1
234 1
295 3
557 55
543 4
554 5
292 2
499 1
580 57
623 1
62 9
512 0
516 4
436 1
180 0
343 8
588 57
698 39
529 2
383 45
320 37
618 52
769 43
478 0
556 57
326 2
45 9
236 0
349 3
319 1
500 1
541 3
364 0
451 6
106 4
680 43
649 48
503 3
489 1
390 0
303 2
692 3
653 47
434 4
337 5
318 1
461 3
310 2
675 3
599 55
622 51
370 1
233 2
331 3
665 2
504 3
633 2
625 52
421 0
348 4
314 4
418 0
225 0
248 1
518 0
544 2
311 2
685 3
371 0
235 0
184 4
635 0
182 0
615 4
517 0
519 2
362 0
237 1
105 3
199 2
523 1
684 1
465 0
597 3
278 0
610 53
530 0
197 0
510 2
658 2
479 2
212 0
361 0
288 41
211 0
480 2
187 0
463 0
505 1
520 1
245 0
501 0
230 0
395 0
639 0
241 0
200 0
213 0
521 0
642 0
