568 12
569 10
567 11
566 9
560 13
565 8
561 12
564 5
558 10
559 8
562 9
563 9
551 13
554 12
555 9
556 11
553 13
557 9
552 11
550 8
547 8
548 11
549 11
541 13
542 13
543 13
544 10
545 10
546 3
533 11
534 10
537 6
538 8
539 9
536 8
540 9
535 4
530 9
531 10
532 8
528 10
527 10
529 7
526 12
523 7
524 11
525 5
522 10
519 9
520 11
521 11
518 8
516 9
517 5
515 6
511 10
512 5
514 3
509 9
513 4
508 8
510 7
502 10
503 9
507 9
505 11
504 11
506 8
501 7
494 8
495 8
498 5
499 8
500 6
496 4
490 3
493 2
497 3
489 2
491 2
492 2
487 0
488 0
