513 94
510 94
491 95
559 240
472 93
534 94
522 84
64 92
35 94
311 94
349 90
543 127
147 95
442 96
567 243
338 95
395 92
511 95
437 90
484 87
504 90
87 94
43 91
465 92
407 95
134 92
30 93
343 92
241 92
0 94
494 96
441 90
179 88
400 91
41 92
278 91
321 95
63 94
85 92
389 95
469 91
555 238
565 241
202 92
188 92
301 93
445 90
458 94
481 95
302 90
432 90
310 90
207 94
172 89
118 95
329 94
517 91
255 96
168 93
429 94
264 87
453 90
48 92
414 91
177 89
352 90
45 92
417 89
81 94
204 92
499 95
356 95
361 93
239 95
460 91
296 91
232 94
110 94
351 89
448 94
512 94
38 92
399 94
28 94
137 93
251 94
143 90
457 91
62 88
119 95
197 92
341 93
418 86
492 94
98 93
354 92
328 92
516 94
289 90
436 95
535 95
3 91
489 92
220 94
348 96
244 92
335 95
129 93
163 91
557 241
59 93
100 93
111 93
528 91
6 93
192 90
70 94
171 90
262 88
508 94
128 93
101 94
413 94
474 94
379 92
218 95
8 91
392 94
231 94
452 96
56 92
323 92
109 91
185 94
327 95
284 94
23 93
4 92
40 93
475 95
468 92
480 92
373 94
419 94
562 244
217 95
159 88
358 96
152 92
509 94
385 92
366 95
252 94
68 93
54 93
477 94
393 94
90 91
493 96
191 93
412 91
127 94
497 95
450 95
440 90
37 94
560 243
122 93
564 243
16 90
487 93
306 94
292 88
315 95
350 95
36 92
164 89
187 94
540 11
456 91
157 93
382 89
52 94
336 95
524 90
214 89
33 87
551 12
166 93
17 89
146 93
151 94
237 93
525 94
526 89
514 94
12 94
486 89
333 95
13 93
380 94
238 94
182 88
257 95
558 240
9 90
569 244
374 87
15 91
501 96
427 94
520 95
325 94
145 91
424 93
279 94
326 91
229 91
268 95
371 94
72 89
280 94
459 94
199 91
566 242
267 91
256 95
7 90
196 92
275 94
19 92
449 94
346 95
542 127
288 89
483 94
444 95
505 93
410 87
355 93
305 87
408 94
463 94
357 90
210 94
21 93
495 95
80 94
295 91
261 90
313 94
556 239
370 93
421 91
136 93
213 92
496 95
51 92
479 94
212 93
140 91
438 91
531 92
243 94
83 91
554 232
546 12
446 96
286 92
308 91
205 86
133 93
115 94
75 94
14 94
478 94
383 91
375 94
155 94
211 91
246 94
234 89
433 95
471 97
31 91
342 95
519 93
488 94
473 94
316 94
132 93
206 87
420 92
46 94
430 95
367 94
97 93
360 90
263 92
394 92
330 92
470 96
113 90
76 94
353 89
387 95
527 93
378 94
293 92
174 94
530 91
25 91
428 94
536 88
369 90
314 90
462 91
249 93
184 95
271 94
502 95
307 88
521 95
549 10
88 94
116 94
69 92
291 91
18 93
20 93
135 94
390 92
451 93
39 94
533 95
149 94
331 91
439 95
198 87
169 94
73 91
368 94
467 91
490 93
538 93
365 93
503 95
283 91
377 87
363 95
397 89
47 90
130 91
334 94
1 94
5 92
10 91
224 94
102 93
434 92
141 92
173 90
507 91
398 94
401 91
60 95
242 93
320 95
49 90
55 94
22 94
154 91
103 91
96 93
447 95
219 95
270 95
425 94
319 95
464 92
34 92
208 94
276 93
266 93
227 94
435 88
230 95
406 93
409 94
139 93
281 92
537 88
265 91
482 93
209 86
195 94
518 95
422 95
431 90
215 92
260 94
404 94
58 93
91 93
545 10
529 94
411 91
391 94
500 94
347 95
294 89
402 84
153 92
273 86
67 93
568 242
107 90
65 93
298 87
277 90
162 89
167 94
362 90
297 87
27 93
454 91
176 86
384 93
299 87
274 94
318 95
190 90
189 93
550 9
423 94
247 95
309 94
345 94
86 94
287 11
158 93
340 95
506 95
221 95
245 95
181 93
304 94
372 92
523 88
455 92
117 94
539 92
405 94
282 93
498 93
485 90
258 92
563 237
2 92
26 93
74 92
466 91
548 11
161 95
312 95
120 93
156 93
285 90
44 91
125 88
461 90
547 11
416 91
142 93
269 95
553 12
324 94
332 95
236 93
95 90
121 93
77 95
11 92
300 94
541 95
396 94
150 92
104 94
240 94
92 93
337 91
532 93
99 91
223 94
476 93
254 95
226 92
32 91
71 92
216 89
415 95
403 94
78 94
381 94
515 95
108 94
303 94
57 94
53 91
388 93
105 94
203 90
248 95
79 92
175 86
194 95
552 12
42 94
443 95
50 89
112 94
148 94
290 88
131 92
426 12
160 95
561 242
359 92
124 95
222 95
82 91
339 91
123 93
126 93
228 93
94 93
317 94
376 90
144 89
84 92
183 89
138 92
201 92
114 93
364 95
61 93
253 90
272 90
193 9
66 88
233 94
29 93
186 88
106 94
344 95
89 93
235 93
322 89
250 92
225 94
259 94
180 92
178 90
386 95
24 94
93 93
165 84
200 90
170 89
544 1
