826 793
769 11
744 8
730 11
766 13
755 12
803 10
801 11
791 13
736 11
763 14
784 7
753 12
774 12
762 14
740 12
779 10
737 8
802 12
842 7
796 11
788 13
805 10
830 12
794 12
747 11
777 13
780 11
757 12
787 9
718 9
838 10
844 10
742 12
797 10
825 804
836 11
723 12
751 11
837 12
728 10
724 10
798 11
738 11
831 11
827 779
834 10
783 11
716 11
790 11
808 12
743 11
768 12
711 8
722 12
714 11
815 12
708 3
848 10
818 9
806 12
824 806
814 11
847 11
727 12
767 11
749 12
721 11
770 8
710 8
734 7
773 13
843 11
822 810
828 11
760 12
823 809
756 11
719 12
765 13
795 11
809 11
781 10
733 8
846 9
729 11
800 12
712 11
829 11
771 12
786 11
752 11
785 12
726 12
793 11
816 12
741 11
778 9
835 11
746 10
758 11
845 10
812 12
720 12
775 10
841 11
813 12
804 9
810 9
717 12
817 11
715 12
707 2
849 10
799 10
819 11
839 10
792 11
713 13
731 8
764 10
821 11
807 11
735 8
761 13
748 13
776 10
840 10
745 10
789 12
772 10
782 8
820 11
725 11
732 10
759 12
754 11
833 7
750 11
832 10
709 6
739 10
811 9
706 0
