799 11
744 11
708 12
793 9
780 10
734 10
840 10
747 10
788 9
828 9
699 9
746 11
735 11
765 11
762 13
803 8
800 11
845 8
756 8
787 11
826 9
751 11
844 9
819 8
767 12
784 9
697 10
807 10
773 10
824 8
755 11
754 10
779 11
848 10
796 10
706 10
684 5
743 11
736 12
752 12
686 6
714 11
731 12
740 11
709 11
825 9
792 10
781 9
733 12
720 11
789 9
764 12
761 10
786 11
730 11
725 12
766 11
763 11
727 12
696 10
724 12
774 11
710 10
721 9
693 8
812 10
778 8
685 6
737 13
739 12
823 9
753 11
801 10
815 9
715 11
797 9
688 10
830 8
777 9
701 8
842 9
760 12
726 10
698 8
713 11
711 11
798 8
794 10
682 6
759 12
822 11
833 9
738 11
783 10
785 9
776 11
841 8
802 9
687 7
749 10
723 13
829 7
769 10
741 10
712 12
695 9
683 3
832 8
831 9
704 10
690 7
692 8
805 10
817 10
775 11
703 10
750 10
837 10
821 11
729 11
816 10
758 12
811 10
722 10
757 8
694 10
820 9
705 9
719 11
790 9
791 9
728 10
771 11
808 9
770 11
782 11
849 9
834 9
768 11
838 9
809 8
846 8
717 11
707 12
702 8
795 10
818 9
772 12
814 10
700 10
847 10
839 10
827 9
813 10
836 9
689 6
691 7
716 11
804 10
835 8
742 11
680 1
732 11
810 7
843 9
748 10
718 9
681 2
806 8
745 11
679 1
678 0
