732 279
720 978
765 74
728 300
718 987
731 282
735 254
747 169
722 977
746 171
726 840
737 240
730 293
763 74
719 986
781 38
784 34
792 23
721 977
776 41
759 103
723 921
750 158
772 44
734 258
766 68
780 46
745 176
748 167
729 297
764 74
788 30
777 42
753 140
742 198
725 859
760 101
787 29
744 188
786 33
739 226
740 221
768 46
778 45
789 26
752 146
770 45
724 890
741 199
761 87
756 120
795 22
757 117
790 26
733 274
783 50
758 112
773 44
754 134
727 827
767 67
769 45
736 245
771 45
775 43
743 192
749 161
774 49
762 83
785 34
738 224
791 26
751 156
797 24
782 48
794 24
755 129
796 23
793 24
799 19
779 47
798 17
