326 86
491 84
315 84
559 239
287 83
178 84
386 85
49 76
230 84
463 88
159 81
234 83
140 82
515 85
164 82
349 87
97 75
176 81
335 85
58 75
243 84
371 86
187 79
352 85
543 141
125 81
486 83
267 84
432 87
456 85
423 88
300 85
417 87
508 87
437 89
171 81
336 82
232 84
390 82
252 83
394 85
233 82
485 86
536 69
43 78
261 80
205 83
342 84
312 82
241 83
494 84
519 81
375 85
469 89
180 82
285 82
474 86
403 86
228 81
217 81
455 86
110 78
251 80
551 187
425 88
502 87
392 85
483 85
540 8
526 79
264 83
188 83
151 80
95 79
212 80
445 86
506 87
457 87
71 78
353 87
406 85
325 85
175 82
221 83
207 81
222 82
46 77
320 85
501 87
505 85
74 75
168 79
466 83
415 87
490 86
529 81
400 85
514 87
268 80
272 84
304 84
324 84
489 83
129 79
310 83
439 87
500 87
173 81
414 86
177 81
475 86
59 78
277 85
229 79
442 86
45 76
87 78
92 78
21 76
314 81
238 82
185 81
366 85
182 79
367 85
495 88
460 86
523 83
337 87
365 86
493 87
558 237
464 89
427 88
532 78
242 83
389 87
531 72
399 87
307 83
86 80
237 83
374 83
179 83
123 81
341 84
473 87
316 85
377 86
434 87
396 85
492 85
481 85
424 86
93 78
255 82
539 9
430 88
55 78
153 78
154 81
206 83
334 86
72 77
69 80
163 80
254 83
120 80
248 76
395 84
333 81
96 80
328 84
509 86
191 83
319 86
484 85
289 83
418 87
404 83
393 82
262 80
470 89
323 85
275 84
440 88
80 81
298 81
441 84
416 88
19 76
247 85
270 82
402 83
518 82
193 81
542 113
214 81
379 85
497 83
293 79
297 83
459 87
422 87
269 83
330 86
327 84
223 84
141 81
363 83
23 78
421 85
467 84
70 80
174 78
444 86
51 71
552 191
480 87
429 85
504 85
373 87
60 79
301 83
245 81
477 85
452 88
438 88
358 87
266 83
215 82
343 84
256 84
148 81
239 82
385 85
462 87
196 81
381 82
186 82
161 75
115 79
465 87
556 218
569 241
488 83
388 81
449 88
299 85
288 82
512 91
156 80
564 240
100 80
318 87
450 87
478 86
204 85
283 85
165 80
240 83
109 77
560 240
397 84
516 82
378 82
420 86
292 81
510 88
131 79
296 81
534 72
64 78
282 85
499 87
567 241
461 84
447 87
356 85
208 82
426 85
265 83
507 86
554 219
15 75
346 87
63 78
517 81
218 81
412 83
458 84
294 83
448 89
306 84
355 84
527 81
199 80
146 77
496 87
235 80
410 81
302 82
407 83
107 71
468 85
550 13
41 78
359 88
453 88
263 82
305 82
382 86
338 87
384 87
54 79
451 87
219 84
295 80
370 86
274 82
167 81
321 85
369 86
28 78
503 85
143 81
308 81
354 87
344 85
37 72
398 85
132 74
136 80
227 81
213 83
249 82
65 79
250 82
520 82
454 87
443 83
50 72
405 83
12 75
409 83
557 235
524 81
513 87
566 239
498 84
135 81
286 83
413 86
91 79
309 81
5 5
170 79
313 83
284 83
345 86
33 78
53 78
8 73
89 77
511 86
331 85
482 82
236 83
169 80
211 82
339 86
279 84
27 76
350 88
525 82
340 85
127 80
391 86
428 88
562 240
433 87
537 66
408 83
106 72
347 84
6 69
380 84
200 81
68 78
522 81
545 138
351 85
332 84
271 82
47 79
160 75
521 75
401 83
117 79
364 83
565 242
419 88
183 81
476 87
102 78
257 81
258 77
291 84
281 84
372 87
224 84
546 138
29 79
209 83
101 78
387 85
383 83
198 82
278 84
155 76
126 79
471 87
280 84
24 79
568 240
203 78
411 83
368 87
119 80
435 86
487 86
220 82
253 83
111 79
361 86
113 79
166 75
150 79
246 85
197 80
130 78
79 80
44 79
152 80
149 81
82 76
75 69
98 79
84 79
549 13
303 81
144 81
362 84
348 82
329 84
172 77
446 87
147 81
181 71
142 80
26 78
544 140
376 83
553 196
139 80
162 80
57 76
276 79
105 72
190 82
431 87
535 71
34 76
360 88
145 82
530 81
210 83
479 86
40 70
116 79
22 77
78 75
76 74
52 79
39 78
563 241
436 86
99 79
85 78
35 77
357 84
538 8
226 81
108 79
121 70
259 75
290 82
157 80
158 74
548 162
81 80
561 237
104 74
10 73
90 78
260 83
137 82
472 82
122 81
195 82
133 79
555 222
202 80
273 85
192 83
528 83
128 79
112 74
244 82
103 79
48 78
31 77
533 74
11 75
30 76
9 74
16 71
231 84
216 81
134 82
56 78
118 69
124 79
14 71
184 82
322 83
541 13
547 156
77 76
61 78
36 78
67 79
138 75
317 83
17 73
32 77
311 84
66 78
189 81
25 74
88 79
20 73
62 79
83 78
225 81
73 77
7 73
194 82
201 81
38 67
3 2
42 75
94 71
114 72
18 70
13 75
4 0
