849 567
799 9
824 10
793 10
780 9
734 10
840 12
828 7
846 552
749 9
765 9
762 10
803 9
845 9
800 9
751 10
817 10
729 9
839 9
819 10
709 9
722 9
682 8
696 10
807 8
711 10
693 7
821 11
703 9
754 10
720 8
689 8
848 552
796 11
788 8
719 7
737 10
692 10
756 11
675 15
820 9
769 8
714 8
847 552
708 10
677 7
829 10
732 7
748 8
728 8
789 9
764 12
801 7
844 10
757 10
786 8
750 10
730 6
725 10
686 10
766 10
763 10
723 10
697 10
739 8
827 9
767 9
755 10
690 8
736 9
778 8
823 8
815 10
715 11
782 9
797 9
830 7
731 10
744 7
760 12
745 8
746 8
841 11
694 8
687 9
761 12
724 11
698 9
742 8
768 9
826 10
691 7
805 9
777 7
721 5
743 8
680 9
710 10
679 8
785 8
806 7
831 10
802 8
717 7
818 8
798 9
787 9
822 12
842 9
681 8
695 9
741 8
810 8
776 8
758 11
678 7
813 8
713 9
704 11
716 8
702 10
837 8
781 10
843 10
684 7
726 10
740 8
816 7
783 9
811 9
753 8
812 9
712 9
701 8
705 11
808 7
733 6
791 9
699 8
727 9
770 8
759 10
706 9
795 5
738 9
790 10
774 8
718 8
735 11
771 7
747 9
707 9
809 8
685 10
772 9
838 9
683 4
825 8
833 8
814 6
792 8
836 9
832 10
804 9
834 9
794 8
835 9
779 10
688 10
784 7
674 0
700 7
752 9
773 8
676 7
775 9
