849 577
846 582
830 588
799 9
834 593
841 587
837 590
842 585
838 589
845 584
840 588
772 8
749 10
835 593
762 12
833 591
848 579
839 589
843 585
829 582
767 12
847 579
682 10
788 10
773 10
824 588
751 9
676 2
844 585
706 11
756 11
832 592
825 585
792 9
836 593
677 10
764 11
690 9
685 11
710 12
693 10
831 594
828 582
729 11
807 11
789 10
699 11
713 10
680 10
740 9
766 9
822 12
786 7
725 11
785 12
806 9
802 11
765 12
757 11
817 10
712 10
810 10
683 11
758 10
728 10
716 8
819 12
826 584
763 14
686 10
739 11
696 9
816 12
731 11
760 12
808 11
791 11
727 10
724 9
782 11
736 10
774 11
714 12
720 11
695 10
747 9
827 582
814 13
681 9
721 10
687 11
761 13
768 10
703 11
748 11
717 10
780 8
823 13
777 10
759 12
796 10
707 9
812 11
734 9
718 8
702 9
743 9
813 12
776 9
715 8
746 11
818 7
750 10
811 13
771 11
711 11
805 10
708 10
704 12
701 8
769 9
820 13
726 8
742 10
787 10
679 12
719 11
793 7
709 12
754 12
815 10
700 11
697 9
723 10
790 10
738 10
778 5
732 8
745 9
688 8
804 11
694 10
779 11
770 8
795 10
781 9
705 11
691 10
755 9
722 9
692 10
775 10
784 11
744 10
800 8
752 8
801 10
735 9
698 9
737 10
821 12
733 9
684 10
753 9
783 11
798 9
741 8
809 9
794 11
797 9
678 12
689 10
803 8
730 11
