799 8
766 11
755 10
750 10
778 12
726 9
803 9
833 285
801 11
791 10
736 10
787 10
834 270
763 14
784 12
817 11
839 11
770 11
739 13
740 13
822 12
828 424
796 11
788 9
732 11
832 472
794 8
829 429
747 10
710 9
831 473
780 8
777 11
782 12
754 13
844 10
742 10
811 9
713 12
836 266
820 10
774 12
838 235
728 12
724 12
704 1
738 12
769 7
819 11
793 12
768 9
846 10
711 7
722 10
800 11
783 12
716 12
714 13
815 10
737 10
848 9
840 10
814 9
808 12
816 11
789 10
731 9
767 11
825 10
843 11
730 10
810 10
776 11
734 9
760 11
771 12
756 9
806 9
772 12
744 14
733 10
775 12
835 268
723 12
719 10
706 4
795 10
708 7
748 12
729 12
837 256
824 12
826 372
753 12
847 10
757 12
809 11
830 292
827 372
749 9
712 10
720 11
765 15
792 9
798 11
752 11
745 10
751 9
785 10
762 12
841 9
717 12
845 10
743 12
823 12
804 9
821 8
727 12
705 1
805 10
797 9
759 10
802 9
781 11
707 4
718 11
807 12
761 13
813 12
764 13
715 7
786 9
758 12
779 10
812 8
735 10
721 10
790 12
842 10
849 11
709 7
725 13
773 11
746 10
741 12
818 9
703 0
