215 118
842 73
133 119
177 119
181 110
113 116
55 118
212 117
781 79
91 118
147 120
419 12
596 59
57 119
44 113
799 72
456 3
18 114
161 118
735 69
170 119
575 56
637 64
585 55
24 117
214 118
839 72
737 70
140 119
76 117
2 112
149 120
85 116
11 116
819 71
94 117
20 116
776 78
64 117
116 117
815 74
29 117
211 114
34 117
604 59
825 62
172 119
561 53
587 57
643 63
367 45
26 116
834 68
74 118
117 118
103 119
476 2
350 47
35 116
52 117
130 116
96 118
669 64
821 67
361 1
105 119
813 75
545 4
174 119
446 3
840 74
770 72
75 118
399 6
754 74
14 117
128 119
19 117
832 66
746 72
569 52
824 65
625 62
137 119
681 66
146 120
8 116
764 72
68 117
547 3
167 118
742 70
160 118
730 68
785 72
829 64
38 117
846 78
837 70
592 59
47 117
40 116
795 77
614 60
61 118
762 76
88 118
731 68
22 114
101 119
134 117
818 72
508 2
757 75
114 119
348 49
593 60
79 119
443 34
157 119
412 5
827 60
783 78
93 117
132 119
771 73
461 0
457 4
166 119
154 117
102 118
763 75
634 61
37 118
780 78
777 77
25 117
155 120
760 76
7 116
816 73
17 114
752 73
150 120
562 53
217 115
159 117
803 76
790 77
574 56
817 73
178 118
238 1
152 120
812 73
428 1
657 64
736 69
347 49
627 61
463 37
49 115
791 77
10 116
619 62
58 119
644 64
684 63
849 77
118 117
546 4
131 118
67 119
127 119
53 117
89 116
758 77
120 118
62 116
219 13
145 118
550 1
15 117
560 53
564 54
90 119
716 1
738 68
794 75
734 68
800 76
48 118
807 74
804 77
765 71
610 60
240 1
351 50
745 72
778 77
641 62
106 120
788 77
135 119
179 115
455 1
495 0
136 119
801 76
430 3
440 1
797 76
671 64
59 119
158 117
733 68
559 51
638 62
368 45
242 3
73 118
772 76
108 118
747 71
481 0
9 116
462 2
416 6
809 76
631 61
66 117
782 77
452 35
6 115
98 118
719 63
51 119
767 77
466 2
823 67
441 34
467 1
510 2
360 3
648 64
151 120
743 68
78 118
213 119
143 120
5 115
123 118
729 69
180 111
175 118
721 6
626 61
104 120
820 71
125 118
164 118
355 46
786 77
493 1
739 71
628 62
830 63
32 116
162 119
115 118
749 71
63 117
439 2
595 58
77 117
660 62
507 3
766 69
775 72
28 117
841 74
71 117
845 75
789 77
458 36
60 117
828 62
798 75
442 36
636 61
584 56
779 78
774 76
831 66
602 58
844 77
354 49
163 118
95 116
139 118
30 117
342 2
688 2
740 71
404 0
616 4
572 53
81 117
23 115
111 119
46 115
173 118
148 117
792 77
41 118
353 49
470 37
431 2
646 64
12 116
652 62
683 64
650 63
620 62
393 4
3 112
43 115
138 118
4 115
847 79
39 118
390 4
84 117
331 0
107 120
121 118
169 119
761 77
0 117
751 72
100 118
822 70
70 118
796 77
31 118
727 69
835 69
434 32
72 118
793 77
50 118
759 76
363 44
468 2
394 5
27 116
400 4
392 5
689 1
672 62
33 117
345 49
724 64
176 117
836 70
42 117
16 117
99 118
453 35
122 118
386 32
753 70
554 51
87 117
784 78
80 118
590 57
338 0
769 75
385 32
464 36
558 51
362 47
506 1
432 33
21 117
848 80
549 4
662 63
401 4
551 3
302 0
663 64
838 70
686 1
665 2
459 35
92 116
571 53
465 3
563 4
607 60
673 63
246 1
600 56
119 117
388 31
651 63
126 119
748 72
787 12
576 56
365 48
677 63
141 120
216 116
65 117
346 50
454 35
13 116
415 5
622 62
633 62
701 0
603 57
750 75
598 59
129 120
601 56
678 3
645 65
372 1
674 63
156 117
640 62
697 1
218 116
54 116
427 2
843 76
144 119
511 1
429 0
343 3
497 0
573 55
808 76
583 56
389 30
826 60
438 3
171 118
805 74
56 120
694 0
618 5
661 64
460 34
357 47
112 118
682 64
411 2
239 1
395 6
589 54
413 3
582 57
420 2
659 63
391 3
668 63
168 119
358 48
591 59
426 2
577 56
768 76
630 61
69 119
402 1
369 44
653 64
356 50
676 65
340 0
384 7
153 121
756 75
417 12
36 118
732 67
629 61
556 50
773 74
1 115
649 63
244 2
566 52
802 75
498 2
696 1
352 5
632 61
810 77
806 76
484 1
221 9
723 67
444 2
656 61
485 0
110 116
469 2
709 0
552 4
624 61
741 72
142 120
579 56
243 3
165 119
344 46
509 1
222 6
45 116
418 6
435 34
487 0
86 119
667 1
422 4
811 69
97 118
658 62
433 33
567 53
124 117
755 74
245 2
553 48
679 5
578 56
247 2
605 58
744 72
728 70
448 2
568 54
612 60
366 46
565 53
83 114
695 0
586 55
608 61
664 65
475 0
410 1
82 118
609 58
670 63
597 58
328 0
635 63
502 0
580 55
109 116
387 31
617 59
445 2
675 63
447 2
359 4
473 2
621 59
555 4
833 64
398 5
623 61
305 0
691 0
472 0
182 6
183 8
718 63
717 62
606 57
479 3
615 58
594 60
280 1
690 2
339 0
542 0
814 74
666 3
722 7
304 2
408 0
538 0
581 55
425 2
647 65
396 5
421 0
436 2
220 12
423 4
364 48
409 1
478 1
725 68
281 0
557 0
491 2
414 6
370 4
642 63
329 2
611 61
424 4
543 3
330 1
371 4
703 2
698 2
349 50
655 64
726 65
537 0
687 3
654 62
570 55
519 0
341 3
544 4
504 3
397 6
451 2
599 57
248 1
588 57
720 5
613 3
548 0
450 0
210 0
685 1
449 2
680 5
184 0
639 61
503 0
477 3
494 1
480 0
403 1
490 0
471 0
702 0
437 1
241 1
505 1
693 1
520 0
474 0
492 0
707 0
496 0
521 0
708 0
