1035 722
1034 722
1110 1076
1111 1076
1113 1077
1112 1075
1033 718
1032 718
1114 1069
1037 179
1109 1069
1036 394
1031 716
1108 1067
1038 19
1115 1061
1030 705
1107 1058
1106 1040
1029 684
1105 1009
1028 658
1104 980
1027 610
1103 948
1026 595
1102 937
1025 546
1101 888
1100 871
1024 513
1023 478
1099 823
1098 800
1022 449
1097 771
1096 754
1021 402
1095 734
1020 383
1094 714
1093 680
1019 325
1018 309
1092 629
1017 276
1091 618
1090 524
1089 297
1088 188
1087 169
962 231
963 230
964 229
956 233
960 230
961 229
965 227
966 225
943 241
955 231
957 231
958 229
959 230
942 240
945 237
968 224
926 249
935 245
936 244
938 243
939 242
944 237
951 233
952 231
967 223
922 252
923 251
925 248
927 247
934 244
924 249
928 248
940 238
920 251
917 252
919 251
882 275
883 273
884 272
889 269
890 270
898 265
899 264
901 261
902 261
904 261
907 258
918 251
872 280
873 280
874 279
881 274
885 270
888 270
893 266
900 260
906 258
908 258
868 281
869 280
871 279
875 277
878 274
880 273
887 270
903 258
867 281
870 279
876 275
877 274
879 274
866 281
864 283
865 280
1065 11
1066 11
1064 27
1067 6
1068 16
1070 16
1069 15
1075 4
1076 5
1077 6
1079 5
1080 2
1074 6
1078 2
1081 0
1073 4
1072 3
1071 4
1061 3
1063 4
1062 3
1058 4
1060 2
1059 3
1055 2
1057 3
1054 2
1056 1
1051 1
1052 1
1015 6
1016 5
1013 3
1012 0
1014 3
1010 5
1011 0
1008 4
1007 5
1003 6
1004 5
1005 4
1009 3
1002 6
1006 3
1000 7
1001 3
997 6
999 6
996 5
998 3
995 5
992 6
990 6
993 5
994 4
991 3
988 5
985 5
986 5
989 3
987 2
982 6
983 5
984 4
978 6
979 4
981 3
977 5
980 2
975 6
971 8
973 6
976 3
969 8
970 7
972 4
974 2
954 5
953 2
949 7
950 6
948 5
947 4
946 5
937 7
941 4
930 9
933 4
931 6
932 4
929 7
921 5
916 6
913 4
915 6
912 6
914 5
911 7
910 7
909 7
905 7
897 7
895 7
896 7
891 9
892 7
894 7
886 9
863 9
862 9
861 6
858 8
854 10
857 6
859 7
860 6
855 7
851 10
852 9
850 10
853 8
856 6
847 10
848 11
849 10
846 11
845 9
844 10
843 6
839 11
841 9
842 8
837 11
840 7
835 11
838 10
832 11
833 10
834 10
836 7
831 10
829 11
828 9
826 11
827 11
830 7
824 12
825 11
821 10
823 10
822 10
818 10
820 9
816 12
817 9
819 8
813 12
815 9
812 11
814 9
809 11
810 9
808 10
807 10
811 6
804 10
805 10
806 9
802 10
799 12
800 10
801 9
803 8
797 12
796 12
798 11
795 12
793 11
794 12
792 12
791 10
790 9
788 12
789 11
787 11
785 9
786 9
782 10
783 10
784 10
780 12
778 11
779 11
781 9
776 11
777 8
774 12
775 10
773 10
770 12
772 8
768 10
769 11
771 10
766 10
767 10
763 11
764 9
765 9
762 11
761 8
759 11
760 9
756 12
757 10
758 10
752 13
754 11
751 11
753 11
755 9
749 12
750 10
747 10
746 12
748 5
745 10
741 12
743 11
744 12
740 12
742 11
739 12
737 12
738 11
736 12
734 12
735 12
732 10
733 10
731 11
730 10
727 11
728 9
729 8
723 12
724 12
725 11
722 10
726 8
721 11
720 9
717 12
718 11
715 13
716 12
719 8
713 11
711 12
712 12
714 8
710 9
707 11
708 9
704 13
706 11
701 12
702 11
705 10
709 7
700 12
703 10
698 13
699 11
697 10
695 12
696 11
694 11
692 12
693 11
691 11
687 11
688 12
689 10
690 9
686 10
685 11
682 12
684 8
677 11
678 11
681 10
683 9
679 10
680 10
674 13
675 13
676 11
672 11
673 11
668 9
670 11
671 10
667 13
665 13
669 10
664 12
666 11
662 11
663 10
658 11
659 8
661 8
657 11
660 8
655 11
656 10
652 12
653 12
651 11
654 9
650 9
645 15
646 16
649 11
648 11
643 13
647 12
642 12
644 12
641 11
639 13
640 12
637 11
638 12
634 10
636 9
633 10
635 10
632 11
631 10
629 10
625 7
626 10
630 9
623 13
624 12
628 9
621 11
627 8
620 11
616 13
617 9
619 11
622 9
618 11
614 11
615 10
611 11
612 11
613 11
610 13
609 11
608 12
607 11
605 9
606 10
603 9
602 9
604 9
600 10
601 9
595 13
597 12
598 9
596 11
594 12
599 7
590 13
591 13
592 11
593 12
589 12
587 11
586 10
588 9
584 12
585 11
583 11
582 10
580 11
581 9
579 11
573 10
575 12
577 10
578 9
576 11
571 9
574 9
570 10
572 8
568 9
566 12
569 9
567 10
564 12
565 11
560 13
561 10
563 10
562 9
554 12
558 9
559 8
553 11
555 10
556 10
557 6
551 11
552 11
550 11
549 9
547 10
546 9
548 7
544 9
545 9
543 9
536 11
538 12
542 9
533 13
534 11
537 10
539 11
535 9
540 8
541 6
529 11
530 10
532 10
1116 26
528 12
531 8
526 10
527 11
524 11
525 12
523 11
521 12
522 12
520 13
518 12
519 10
517 7
516 3
515 6
510 11
511 9
512 8
513 8
509 10
514 5
508 10
502 12
503 12
505 10
506 11
507 9
504 10
500 8
501 8
494 8
495 7
497 8
498 7
493 7
496 7
1117 3
499 6
492 5
491 4
490 3
486 2
489 1
484 1
485 0
487 0
488 0
