0 248
1 250
2 249
3 251
4 251
5 251
6 251
7 248
8 249
9 248
10 249
11 249
12 249
13 250
14 251
15 250
16 249
17 248
18 250
19 247
20 249
21 250
22 249
23 250
24 250
25 250
26 249
27 248
28 246
29 249
30 250
31 250
32 251
33 250
34 249
35 249
36 246
37 244
38 249
39 253
40 251
41 251
42 249
43 248
44 250
45 248
46 251
47 249
48 250
49 251
50 250
51 249
52 250
53 250
54 251
55 251
56 250
57 251
58 251
59 250
60 247
61 252
62 247
63 251
64 250
65 249
66 248
67 247
68 250
69 248
70 249
71 250
72 249
73 249
74 248
75 250
76 246
77 251
78 249
79 250
80 247
81 248
82 249
83 250
84 249
85 248
86 250
87 251
88 250
89 251
90 250
91 250
92 250
93 249
94 248
95 249
96 248
97 248
98 248
99 248
100 251
101 249
102 250
103 248
104 11
105 11
106 11
107 10
108 10
109 9
110 11
111 11
112 11
113 9
114 9
115 12
116 12
117 12
118 9
119 11
120 10
121 8
122 9
123 10
124 11
125 11
126 9
127 10
128 10
129 11
130 11
131 10
132 6
133 0
134 0
136 1
137 1
138 0
139 1
140 32
141 34
142 33
143 34
144 3
145 0
146 0
147 0
148 2
149 0
150 3
151 37
152 38
153 38
154 40
155 2
156 38
157 40
158 38
159 40
160 40
161 40
162 42
163 42
164 40
165 41
166 40
167 40
168 43
169 40
170 40
171 37
172 40
173 41
174 40
175 42
176 43
177 40
178 41
179 39
180 41
181 40
182 42
183 42
184 42
185 42
186 40
187 41
188 43
189 42
190 41
191 41
192 41
193 39
194 41
195 39
196 42
197 39
198 40
199 37
200 39
201 41
202 38
203 40
204 41
205 41
206 41
207 40
208 41
209 39
210 42
211 41
212 40
213 40
214 38
215 39
216 41
217 37
218 42
219 43
220 42
221 41
222 43
223 39
224 40
225 41
226 40
227 42
228 41
229 42
230 40
231 41
232 41
233 40
234 40
235 38
236 42
237 41
238 42
239 40
240 40
241 40
242 42
243 36
244 41
245 40
246 41
247 41
248 38
249 40
250 41
251 41
252 41
253 40
254 38
255 42
256 42
257 40
258 41
259 38
260 41
261 40
262 42
263 42
264 42
265 41
266 40
267 40
268 41
269 42
270 42
271 43
272 40
273 43
274 41
275 43
276 42
277 39
278 40
279 38
280 41
281 41
282 38
283 43
284 42
285 42
286 41
287 40
288 41
289 40
290 39
291 41
292 42
293 42
294 42
295 40
296 41
297 41
298 42
299 43
300 43
301 42
302 39
303 42
304 42
305 42
306 43
307 41
308 42
309 40
310 40
311 41
312 43
313 40
314 42
315 41
316 40
317 41
318 41
319 42
320 43
321 42
322 44
323 43
324 42
325 43
326 40
327 43
328 43
329 42
330 41
331 41
332 40
333 41
334 42
335 42
336 41
337 40
338 38
339 41
340 39
341 41
342 42
343 42
344 43
345 42
346 41
347 38
348 41
349 41
350 41
351 41
352 41
353 41
354 43
355 42
356 42
357 42
358 40
359 40
360 42
361 43
362 42
363 41
364 40
365 4
366 42
367 39
368 42
369 38
370 42
371 42
372 41
373 41
374 43
375 43
376 42
377 42
378 41
379 43
380 40
381 42
382 41
383 40
384 43
385 41
386 41
387 42
388 43
389 43
390 43
391 42
392 44
393 42
394 43
395 44
396 41
397 44
398 43
399 41
400 43
401 44
402 43
403 45
404 44
405 45
406 44
407 45
408 44
409 44
410 44
411 43
412 44
413 40
414 42
415 43
416 46
417 46
418 45
419 47
420 46
421 44
422 44
423 45
424 44
425 4
426 45
427 44
428 47
429 45
430 47
431 44
432 44
433 46
434 45
435 46
436 47
437 46
438 44
439 46
440 45
441 47
442 49
443 49
444 47
445 4
446 47
447 46
448 48
449 47
450 47
451 48
452 49
453 49
454 49
455 48
456 49
457 48
458 47
459 49
460 44
461 49
462 45
463 48
464 48
465 50
466 50
467 49
468 50
469 50
470 51
471 50
472 51
473 50
474 49
475 48
476 48
477 48
478 47
479 49
480 48
481 48
482 47
483 52
484 51
485 49
486 50
487 50
488 50
489 51
490 50
491 49
492 50
493 52
494 51
495 51
496 52
497 51
498 50
499 50
500 51
501 49
502 51
503 51
504 51
505 51
506 53
507 5
508 52
509 49
510 48
511 51
512 51
513 50
514 52
515 52
516 51
517 51
518 50
519 50
520 53
521 53
522 52
523 51
524 52
525 53
526 52
527 51
528 53
529 51
530 52
531 52
532 54
533 53
534 52
535 52
536 51
537 51
538 51
539 51
540 50
541 52
542 50
543 51
544 53
545 53
546 52
547 54
548 54
549 53
550 51
551 53
552 53
553 52
554 50
555 50
556 53
557 53
558 53
559 53
560 53
561 50
562 52
563 52
564 53
565 47
566 52
567 50
568 50
569 52
570 52
571 50
572 51
573 52
574 51
575 50
576 51
577 49
578 47
579 49
580 52
581 50
582 52
583 51
584 52
585 50
586 50
587 50
588 51
589 50
590 51
591 51
592 50
593 49
594 50
595 47
596 50
597 48
598 48
599 49
600 49
601 46
602 49
603 50
604 45
605 48
606 49
607 47
608 48
609 47
610 47
611 45
612 45
613 46
614 45
615 46
616 44
617 43
618 43
619 47
620 47
621 47
622 47
623 48
624 47
625 45
626 45
627 46
628 45
629 43
630 42
631 45
632 2
633 0
634 2
635 4
636 4
637 4
638 2
639 3
640 3
641 2
642 4
643 4
644 3
645 3
646 2
647 5
648 4
649 4
654 0
659 0
660 0
661 2
662 3
663 0
686 0
687 1
688 2
689 2
690 0
692 1
693 0
694 0
695 0
697 0
698 2
699 0
700 0
701 0
702 2
704 0
706 0
732 0
733 3
734 2
735 0
759 0
776 0
777 0
778 0
779 1
780 0
788 1
789 0
797 0
798 0
799 1
800 2
801 32
802 33
803 34
804 32
805 33
806 35
807 35
808 38
809 45
810 51
811 64
812 66
813 75
814 80
815 84
816 91
817 91
818 99
819 104
820 105
821 109
822 130
823 131
824 134
825 143
826 148
827 152
828 155
829 167
830 168
831 172
832 186
833 191
834 198
835 203
836 211
837 214
838 222
839 228
840 233
841 236
842 240
843 242
844 246
845 242
846 246
847 248
848 250
849 249
850 250
851 249
852 252
853 250
854 247
855 250
856 250
857 250
858 250
859 248
860 251
861 248
862 250
863 251
864 253
865 255
866 258
867 257
868 254
869 253
870 253
871 252
872 254
873 253
874 252
875 252
876 248
877 248
878 247
879 249
880 248
881 247
882 249
883 249
884 250
885 250
886 252
887 252
888 251
889 252
890 250
891 249
892 246
893 245
894 13
895 841
896 843
897 838
898 4
899 3
900 1
901 3
902 5
903 6
904 6
905 6
906 4
907 2
908 3
909 2
910 5
911 2
912 0
914 2
915 3
916 0
917 5
918 0
924 3
925 5
926 3
927 8
928 8
929 10
930 12
931 13
932 15
933 11
934 14
935 15
936 15
937 14
938 20
939 19
940 13
941 15
942 15
943 17
944 20
945 23
946 24
947 25
948 50
949 49
950 50
951 54
952 57
953 57
954 55
955 55
956 56
957 55
958 55
959 56
960 57
961 60
962 56
963 55
964 60
965 55
966 55
967 54
968 54
969 48
970 47
971 643
972 43
973 636
974 640
975 644
976 638
977 645
978 639
979 634
980 43
981 33
982 41
983 41
984 41
985 43
986 43
987 45
988 44
989 46
990 45
991 47
992 50
993 49
994 48
995 53
996 53
997 56
998 54
999 56
1000 59
1001 60
1002 62
1003 58
1004 65
1005 65
1006 66
1007 69
1008 71
1009 73
1010 74
1011 76
1012 77
1013 78
1014 80
1015 83
1016 84
1017 86
1018 89
1019 87
1020 89
1021 89
1022 90
1023 95
1024 95
1025 96
1026 98
1027 100
1028 104
1029 103
1030 105
1031 108
1032 109
1033 111
1034 112
1035 111
1036 116
1037 116
1038 119
1039 121
1040 121
1041 123
1042 122
1043 125
1044 126
1045 126
1046 135
1047 136
1048 137
1049 137
1050 136
1051 138
1052 139
1053 142
1054 144
1055 145
1056 147
1057 148
1058 144
1059 148
1060 149
1061 152
1062 153
1063 154
1064 156
1065 157
1066 157
1067 161
1068 162
1069 163
1070 164
1071 164
1072 168
1073 171
1074 170
1075 173
1076 169
1077 175
1078 176
1079 176
