808 3
809 24
810 26
811 28
812 32
813 35
814 51
815 52
816 54
817 56
818 58
819 57
820 58
821 58
822 57
823 59
824 59
825 58
826 58
827 56
828 50
829 51
830 44
831 38
832 36
833 37
834 37
835 35
836 37
837 38
838 37
839 10
840 10
841 8
842 9
843 9
844 9
845 10
846 9
847 10
848 7
849 9
850 7
851 10
852 7
853 10
854 8
855 8
856 8
857 7
858 9
859 9
860 10
861 10
862 8
863 9
864 8
865 8
866 9
867 8
868 8
869 8
870 8
871 9
872 7
873 8
874 9
875 6
876 6
877 6
878 7
879 9
880 7
881 9
882 8
883 6
884 10
885 10
886 8
887 8
888 9
889 9
890 8
891 8
892 8
893 8
894 10
895 9
896 8
897 10
898 9
899 9
900 7
901 9
902 240
903 241
904 241
905 241
906 241
907 240
908 242
909 242
910 240
911 243
912 241
913 242
914 243
915 242
916 243
917 244
918 242
919 240
920 241
921 239
922 240
923 239
924 239
925 237
926 237
927 238
928 238
929 235
930 236
931 233
932 234
933 235
934 233
935 235
936 235
937 234
938 233
939 230
940 230
941 232
942 228
943 231
944 232
945 231
946 231
947 228
948 228
949 228
950 225
951 227
952 226
953 226
954 224
955 223
956 223
957 223
958 222
959 224
960 222
961 222
962 220
963 220
964 221
965 218
966 219
967 217
968 219
969 217
970 216
971 216
972 1035
973 1037
974 1035
975 1034
976 1034
977 1032
978 1032
979 1031
980 1031
981 1027
982 1030
983 1020
984 1014
985 1004
986 980
987 974
988 956
989 954
990 934
991 927
992 846
993 839
994 812
995 810
996 796
997 774
998 764
999 753
1000 739
1001 730
1002 724
1003 712
1004 701
1005 692
1006 667
1007 656
1008 655
1009 640
1010 624
1011 618
1012 607
1013 596
1014 582
1015 572
1016 557
1017 544
1018 539
1019 530
1020 516
1021 501
1022 490
1023 476
1024 469
1025 457
1026 437
1027 431
1028 414
1029 410
1030 408
1031 394
1032 378
1033 351
1034 335
1035 326
1036 313
1037 305
1038 272
1039 258
1040 257
1041 227
1042 222
1043 215
1044 202
1045 180
1046 180
1047 177
1048 174
1049 172
1050 169
1051 98
1052 89
1053 85
1054 150
1055 148
1056 150
1057 146
1058 146
1059 139
1060 132
1061 145
1062 151
1063 161
1064 170
1065 70
1066 79
1067 83
1068 69
1069 62
1070 51
1071 45
1072 37
1073 25
1074 17
1075 9
0 0
0 0
0 0
0 0
0 0
0 0
0 0
0 0
0 0
0 0
0 0
0 0
0 0
0 0
0 0
0 0
0 0
0 0
0 0
0 0
0 0
0 0
0 0
0 0
0 0
0 0
0 0
0 0
0 0
