0 249
1 248
2 248
3 250
4 245
5 247
6 251
7 250
8 252
9 251
10 247
11 250
12 251
13 247
14 250
15 248
16 250
17 250
18 250
19 251
20 251
21 250
22 251
23 251
24 250
25 250
26 251
27 250
28 248
29 249
30 250
31 251
32 251
33 251
34 252
35 251
36 251
37 251
38 251
39 251
40 252
41 250
42 250
43 251
44 247
45 253
46 251
47 250
48 250
49 251
50 244
51 249
52 246
53 250
54 250
55 248
56 249
57 248
58 250
59 247
60 250
61 251
62 250
63 251
64 252
65 252
66 251
67 251
68 251
69 250
70 251
71 251
72 251
73 250
74 250
75 249
76 251
77 250
78 249
79 250
80 250
81 251
82 250
83 249
84 249
85 249
86 250
87 248
88 250
89 250
90 251
91 251
92 250
93 251
94 250
95 251
96 250
97 249
98 249
99 250
100 250
101 249
102 251
103 251
104 249
105 250
106 251
107 251
108 249
109 249
110 250
111 250
112 248
113 247
114 248
115 247
116 10
117 11
118 10
119 11
120 12
121 11
122 11
123 11
124 11
125 11
126 12
127 13
128 11
129 11
130 9
131 10
132 11
133 9
134 11
135 2
146 30
147 33
148 32
149 3
150 31
151 1
152 30
153 1
154 31
155 32
156 33
157 33
158 31
159 29
160 3
161 29
162 30
163 30
164 3
165 2
166 4
167 5
168 4
169 33
170 32
171 29
172 31
173 33
174 32
175 30
176 32
177 2
178 32
179 31
180 30
181 33
182 1
183 1
184 31
185 30
186 31
187 31
188 2
189 2
190 31
191 32
192 30
193 32
194 0
195 32
196 30
197 0
198 31
199 31
200 33
201 31
202 1
203 5
204 34
205 32
206 33
207 33
208 34
209 32
210 34
211 33
212 32
213 3
214 5
215 2
216 4
217 32
218 34
219 32
220 33
221 4
222 32
223 2
224 2
225 4
226 33
227 34
228 31
229 3
230 4
231 3
232 3
233 2
234 31
235 33
236 3
237 3
238 33
239 34
240 5
241 2
242 5
243 2
244 5
245 4
246 3
247 32
248 33
249 2
250 4
251 2
252 3
253 2
254 2
255 2
256 3
257 3
258 5
259 3
260 4
261 3
262 1
263 2
264 1
265 0
266 1
267 0
268 3
269 4
270 3
271 0
272 3
273 2
274 4
275 31
276 33
277 2
278 4
279 3
280 4
281 31
282 33
283 35
284 35
285 32
286 34
287 33
288 34
289 34
290 34
291 36
292 33
293 4
294 2
295 32
296 33
297 31
298 34
299 32
300 3
301 4
302 2
303 33
304 3
305 1
306 3
307 5
308 3
309 35
310 32
311 33
312 32
313 36
314 38
315 37
316 6
317 6
318 35
319 33
320 33
321 37
322 38
323 36
324 4
325 31
326 33
327 35
328 36
329 35
330 5
331 4
332 5
333 6
334 37
335 39
336 37
337 38
338 37
339 35
340 37
341 38
342 36
343 38
344 37
345 36
346 1
347 36
348 38
349 38
350 37
351 39
352 3
353 33
354 36
355 38
356 38
357 38
358 36
359 38
360 38
361 38
362 37
363 35
364 37
365 32
366 34
367 37
368 35
369 2
370 5
371 36
372 36
373 34
374 35
375 35
376 37
377 37
378 36
379 3
380 1
381 35
382 33
383 36
384 36
385 37
386 35
387 37
388 37
389 36
390 37
391 37
392 38
393 37
394 38
395 37
396 6
397 38
398 35
399 37
400 38
401 38
402 38
403 39
404 38
405 38
406 40
407 40
408 39
409 39
410 40
411 39
412 37
413 37
414 39
415 40
416 39
417 39
418 37
419 39
420 38
421 39
422 39
423 38
424 39
425 38
426 37
427 40
428 38
429 40
430 40
431 40
432 39
433 40
434 39
435 40
436 37
437 37
438 40
439 37
440 40
441 37
442 39
443 36
444 39
445 39
446 3
447 37
448 37
449 40
450 40
451 40
452 36
453 40
454 38
455 38
456 40
457 40
458 40
459 41
460 41
461 41
462 38
463 41
464 41
465 38
466 42
467 39
468 42
469 41
470 42
471 42
472 40
473 41
474 42
475 40
476 39
477 43
478 40
479 41
480 41
481 41
482 40
483 41
484 41
485 39
486 37
487 43
488 40
489 43
490 42
491 43
492 43
493 44
494 41
495 41
496 43
497 44
498 44
499 44
500 44
501 43
502 44
503 42
504 44
505 44
506 44
507 42
508 43
509 41
510 43
511 45
512 45
513 45
514 45
515 44
516 45
517 44
518 45
519 45
520 44
521 44
522 43
523 45
524 44
525 44
526 45
527 47
528 46
529 44
530 45
531 43
532 46
533 44
534 45
535 45
536 45
537 46
538 46
539 46
540 46
541 45
542 46
543 46
544 47
545 47
546 47
547 46
548 45
549 46
550 46
551 46
552 47
553 47
554 45
555 46
556 46
557 46
558 46
559 45
560 47
561 44
562 42
563 46
564 47
565 45
566 42
567 46
568 46
569 43
570 45
571 45
572 46
573 47
574 47
575 47
576 47
577 46
578 45
579 42
580 46
581 47
582 45
583 47
584 46
585 44
586 46
587 45
588 45
589 45
590 45
591 46
592 44
593 46
594 46
595 45
596 44
597 44
598 44
599 42
600 43
601 45
602 42
603 43
604 40
605 42
606 43
607 42
608 42
609 42
610 41
611 43
612 41
613 43
614 41
615 42
616 41
617 40
618 39
619 39
620 38
621 37
622 39
623 6
624 4
625 0
626 37
627 35
628 34
629 37
630 39
631 37
632 37
633 36
634 35
635 37
636 38
637 38
638 38
639 5
640 39
641 0
642 0
643 3
644 3
645 2
646 37
647 35
648 35
649 1
650 2
651 3
652 35
653 1
654 0
655 1
656 33
657 37
658 0
659 36
660 0
661 36
662 35
663 32
664 32
665 33
666 2
667 30
668 32
669 1
670 3
671 0
672 33
673 32
674 3
675 0
676 2
678 30
679 28
680 29
681 1
682 3
683 2
684 3
685 2
686 1
687 0
688 2
689 1
690 2
691 2
692 2
693 3
694 0
695 2
696 3
697 3
698 29
699 0
700 2
701 1
702 2
703 1
704 0
705 3
706 0
707 2
710 0
711 3
712 3
713 2
714 0
715 1
716 0
717 0
718 1
719 1
720 2
721 0
722 2
723 2
724 2
725 0
726 29
727 1
728 1
729 0
730 0
731 0
732 1
733 2
735 2
736 31
737 3
738 1
739 1
740 3
741 3
742 1
743 1
744 0
745 29
746 2
747 1
748 0
749 0
750 0
751 1
752 1
759 1
760 0
763 0
764 0
766 0
769 0
770 29
771 28
772 1
774 0
775 1
776 2
777 0
778 2
779 0
780 0
781 1
782 3
783 1
793 0
799 1
800 30
801 27
802 31
803 28
804 31
805 28
806 31
807 30
808 42
809 44
810 55
811 58
812 66
813 70
814 71
815 73
816 84
817 87
818 97
819 101
820 101
821 111
822 118
823 130
824 131
825 132
826 134
827 138
828 156
829 158
830 160
831 162
832 173
833 177
834 188
835 189
836 199
837 201
838 208
839 213
840 217
841 218
842 229
843 233
844 238
845 239
846 242
847 245
848 246
849 246
850 248
851 245
852 249
853 248
854 245
855 247
856 246
857 246
858 248
859 248
860 248
861 251
862 253
863 250
864 253
865 252
866 253
867 254
868 256
869 253
870 255
871 255
872 255
873 253
874 253
875 256
876 254
877 252
878 254
879 248
880 246
881 250
882 250
883 245
884 248
885 247
886 246
887 250
888 249
889 252
890 849
891 847
892 846
893 248
894 847
895 18
896 848
897 12
898 844
899 839
900 843
901 11
902 4
903 7
904 7
905 8
906 4
908 8
909 8
910 7
911 5
912 7
913 5
914 4
915 0
916 0
918 5
919 4
920 1
922 1
923 2
924 0
927 2
928 6
929 5
930 12
931 11
932 10
933 13
934 12
935 12
936 12
937 15
938 14
939 16
940 18
941 14
942 15
943 26
944 32
945 31
946 25
947 23
948 30
949 30
950 55
951 55
952 54
953 54
954 53
955 54
956 57
957 57
958 57
959 58
960 59
961 58
962 59
963 60
964 59
965 59
966 57
967 58
968 53
969 50
970 50
971 47
972 45
973 646
974 649
975 646
976 651
977 642
978 637
979 640
980 40
981 40
982 40
983 38
984 38
985 39
986 39
987 41
988 42
989 45
990 44
991 47
992 51
993 51
994 49
995 53
996 52
997 55
998 54
999 56
1000 57
1001 57
1002 61
1003 61
1004 63
1005 64
1006 67
1007 68
1008 70
1009 72
1010 74
1011 76
1012 75
1013 79
1014 80
1015 83
1016 84
1017 83
1018 86
1019 87
1020 90
1021 92
1022 92
1023 93
1024 96
1025 97
1026 98
1027 98
1028 101
1029 104
1030 106
1031 108
1032 108
1033 110
1034 112
1035 110
1036 116
1037 118
1038 118
1039 119
1040 120
1041 120
1042 124
1043 120
1044 124
1045 132
1046 134
1047 134
1048 132
1049 136
1050 136
1051 138
1052 136
1053 139
1054 143
1055 143
1056 146
1057 147
1058 149
1059 150
1060 148
1061 151
1062 154
1063 157
1064 154
1065 157
1066 156
1067 161
1068 164
1069 163
1070 164
1071 166
1072 168
1073 169
1074 170
1075 172
1076 171
1077 173
1078 174
1079 175
