0 247
1 250
2 250
3 249
4 250
5 250
6 250
7 249
8 249
9 250
10 251
11 250
12 251
13 246
14 251
15 251
16 252
17 251
18 251
19 252
20 252
21 251
22 251
23 252
24 252
25 251
26 252
27 251
28 251
29 251
30 249
31 252
32 253
33 252
34 252
35 251
36 251
37 252
38 252
39 252
40 250
41 251
42 250
43 250
44 248
45 250
46 252
47 250
48 251
49 250
50 250
51 249
52 250
53 249
54 251
55 249
56 251
57 251
58 251
59 252
60 252
61 251
62 251
63 251
64 250
65 251
66 250
67 250
68 249
69 251
70 251
71 250
72 251
73 248
74 250
75 249
76 249
77 250
78 246
79 250
80 250
81 249
82 250
83 250
84 250
85 249
86 251
87 251
88 251
89 251
90 251
91 251
92 251
93 251
94 251
95 251
96 249
97 251
98 249
99 251
100 248
101 249
102 248
103 251
104 250
105 250
106 251
107 250
108 251
109 251
110 250
111 250
112 250
113 250
114 249
115 250
116 250
117 251
118 249
119 251
120 249
121 249
122 250
123 249
124 250
125 249
126 250
127 249
128 250
129 248
130 248
131 250
132 250
133 251
134 250
135 250
136 250
137 250
138 250
139 250
140 250
141 250
142 250
143 250
144 250
145 250
146 250
147 250
148 248
149 251
150 248
151 250
152 251
153 249
154 250
155 249
156 249
157 250
158 250
159 247
160 250
161 249
162 248
163 251
164 250
165 245
166 249
167 248
168 250
169 250
170 250
171 249
172 248
173 249
174 249
175 249
176 249
177 249
178 249
179 249
180 249
181 249
182 249
183 249
184 250
185 250
186 250
187 249
188 249
189 249
190 249
191 250
192 249
193 250
194 249
195 249
196 251
197 250
198 251
199 249
200 251
201 248
202 250
203 248
204 250
205 249
206 249
207 249
208 249
209 248
210 249
211 249
212 249
213 248
214 249
215 248
216 248
217 250
218 248
219 249
220 250
221 249
222 249
223 249
224 249
225 249
226 249
227 249
228 249
229 249
230 249
231 249
232 250
233 250
234 250
235 249
236 250
237 249
238 246
239 249
240 247
241 248
242 249
243 6
244 7
245 4
246 7
247 5
248 7
249 8
250 8
251 7
252 8
253 6
254 7
255 7
256 7
257 7
258 8
259 4
260 7
261 6
262 241
263 241
264 242
265 240
266 242
267 243
268 241
269 242
270 240
271 239
272 6
273 5
274 4
275 2
276 5
277 2
278 0
279 0
280 3
281 3
282 4
283 14
284 13
285 12
286 14
287 3
288 5
289 5
290 6
291 5
292 6
293 6
294 6
295 6
296 3
297 6
298 6
299 5
300 5
301 4
302 2
303 15
304 16
305 15
306 13
307 2
308 12
309 4
310 11
311 13
312 13
313 14
314 15
315 15
316 15
317 14
318 15
319 16
320 16
321 15
322 16
323 15
324 16
325 16
326 17
327 17
328 17
329 16
330 17
331 14
332 17
333 15
334 16
335 16
336 17
337 15
338 17
339 13
340 16
341 16
342 17
343 16
344 17
345 16
346 15
347 16
348 17
349 17
350 16
351 18
352 17
353 16
354 17
355 18
356 18
357 17
358 17
359 17
360 18
361 17
362 19
363 19
364 16
365 18
366 19
367 18
368 18
369 16
370 18
371 15
372 20
373 19
374 19
375 20
376 18
377 19
378 20
379 21
380 21
381 21
382 18
383 20
384 20
385 19
386 20
387 20
388 21
389 20
390 21
391 19
392 17
393 20
394 21
395 20
396 22
397 22
398 22
399 20
400 20
401 22
402 19
403 20
404 22
405 22
406 21
407 19
408 22
409 22
410 22
411 20
412 21
413 16
414 22
415 23
416 23
417 23
418 20
419 23
420 19
421 19
422 20
423 23
424 24
425 24
426 23
427 24
428 24
429 24
430 23
431 24
432 24
433 22
434 25
435 25
436 23
437 25
438 24
439 25
440 25
441 26
442 25
443 26
444 26
445 26
446 25
447 24
448 25
449 26
450 26
451 26
452 25
453 25
454 26
455 23
456 27
457 27
458 27
459 27
460 27
461 26
462 28
463 28
464 27
465 27
466 28
467 27
468 25
469 28
470 27
471 27
472 27
473 29
474 26
475 26
476 28
477 29
478 30
479 30
480 29
481 29
482 29
483 28
484 28
485 28
486 27
487 29
488 28
489 29
490 31
491 31
492 31
493 32
494 31
495 30
496 30
497 31
498 30
499 32
500 31
501 31
502 31
503 30
504 31
505 32
506 32
507 32
508 31
509 29
510 33
511 32
512 33
513 32
514 33
515 32
516 31
517 32
518 30
519 33
520 33
521 33
522 31
523 33
524 33
525 33
526 33
527 34
528 34
529 34
530 35
531 35
532 35
533 33
534 35
535 35
536 36
537 36
538 35
539 34
540 36
541 34
542 34
543 37
544 37
545 35
546 37
547 34
548 35
549 37
550 36
551 35
552 34
553 37
554 34
555 35
556 36
557 34
558 38
559 35
560 35
561 37
562 35
563 37
564 37
565 36
566 37
567 39
568 35
569 37
570 38
571 36
572 37
573 37
574 37
575 39
576 38
577 36
578 36
579 38
580 37
581 39
582 39
583 39
584 38
585 37
586 38
587 38
588 38
589 36
590 39
591 39
592 38
593 37
594 37
595 37
596 38
597 37
598 40
599 38
600 38
601 38
602 38
603 38
604 37
605 39
606 39
607 38
608 38
609 36
610 37
611 36
612 38
613 37
614 37
615 37
616 36
617 37
618 38
619 34
620 38
621 36
622 36
623 37
624 34
625 36
626 36
627 35
628 35
629 37
630 35
631 36
632 36
633 36
634 38
635 39
636 38
637 39
638 38
639 38
640 38
641 38
642 37
643 38
644 39
645 37
646 38
647 36
648 37
649 36
650 35
651 37
652 36
653 35
654 37
655 36
656 36
657 36
658 37
659 37
660 37
661 37
662 36
663 36
664 33
665 28
666 32
667 31
668 31
669 27
670 29
671 5
672 30
673 32
674 32
675 30
676 33
677 31
678 34
679 32
680 32
681 33
682 30
683 33
684 30
685 32
686 32
687 31
688 31
689 31
690 33
691 32
692 34
693 33
694 30
695 33
696 34
697 32
698 33
699 31
700 34
701 31
702 33
703 32
704 33
705 32
706 34
707 33
708 30
709 30
710 31
711 33
712 33
713 31
714 27
715 32
716 31
717 32
718 31
719 32
720 30
721 33
722 33
723 32
724 32
725 34
726 32
727 32
728 32
729 33
730 34
731 33
732 33
733 33
734 32
735 33
736 31
737 32
738 33
739 30
740 33
741 31
742 33
743 33
744 33
745 33
746 32
747 31
748 33
749 34
750 34
751 30
752 32
753 34
754 33
755 31
756 31
757 31
758 31
759 33
760 32
761 33
762 33
763 31
764 32
765 33
766 34
767 34
768 32
769 33
770 34
771 32
772 33
773 33
774 32
775 33
776 32
777 31
778 33
779 33
780 33
781 33
782 31
783 32
784 33
785 31
786 32
787 31
788 30
789 30
790 32
791 32
792 32
793 31
794 31
795 33
796 31
797 32
798 32
799 32
800 31
801 27
802 30
803 31
804 31
805 36
806 40
807 54
808 75
809 78
810 84
811 94
812 106
813 116
814 126
815 135
816 145
817 159
818 167
819 173
820 183
821 195
822 200
823 213
824 222
825 225
826 233
827 241
828 245
829 244
830 246
831 248
832 248
833 250
834 248
835 249
836 245
837 250
838 249
839 245
840 244
841 246
842 243
843 244
844 242
845 244
846 245
847 247
848 246
849 247
850 250
851 248
852 250
853 252
854 252
855 254
856 255
857 255
858 256
859 255
860 259
861 259
862 259
863 257
864 253
865 252
866 252
867 251
868 252
869 251
870 251
871 248
872 250
873 250
874 250
875 250
876 249
877 250
878 251
879 251
880 248
881 250
882 250
883 249
884 249
885 247
886 244
887 239
888 3
894 6
895 8
896 9
897 10
898 3
899 1
900 6
901 3
902 9
903 10
904 10
905 10
906 11
907 10
908 8
909 7
910 6
911 10
912 8
913 6
914 0
915 629
916 4
917 633
918 634
919 634
920 629
921 630
922 9
923 634
924 10
925 13
926 11
927 13
928 14
929 13
930 14
931 13
932 14
933 14
934 15
935 15
936 14
937 15
938 15
939 16
940 17
941 18
942 41
943 50
944 49
945 53
946 46
947 52
948 54
949 56
950 58
951 58
952 59
953 59
954 58
955 57
956 57
957 59
958 59
959 60
960 59
961 56
962 57
963 57
964 60
965 58
966 60
967 59
968 58
969 56
970 22
971 47
972 46
973 46
974 41
975 643
976 643
977 646
978 648
979 645
980 647
981 643
982 640
983 41
984 35
985 40
986 37
987 40
988 40
989 44
990 44
991 45
992 46
993 49
994 47
995 51
996 52
997 54
998 54
999 56
1000 57
1001 58
1002 55
1003 60
1004 62
1005 62
1006 65
1007 67
1008 70
1009 69
1010 72
1011 73
1012 73
1013 79
1014 77
1015 81
1016 82
1017 84
1018 85
1019 86
1020 87
1021 88
1022 91
1023 92
1024 94
1025 94
1026 98
1027 98
1028 101
1029 103
1030 104
1031 105
1032 108
1033 109
1034 110
1035 109
1036 112
1037 108
1038 116
1039 118
1040 121
1041 121
1042 123
1043 123
1044 125
1045 126
1046 126
1047 131
1048 134
1049 136
1050 137
1051 134
1052 137
1053 139
1054 140
1055 141
1056 142
1057 141
1058 145
1059 145
1060 148
1061 149
1062 151
1063 151
1064 154
1065 155
1066 157
1067 159
1068 158
1069 162
1070 160
1071 163
1072 165
1073 166
1074 166
1075 170
1076 171
1077 173
1078 174
1079 175
