799 28
800 28
801 32
802 36
803 39
804 52
805 54
806 57
807 59
808 58
809 60
810 60
811 58
812 58
813 60
814 57
815 60
816 60
817 59
818 59
819 58
820 55
821 40
822 41
823 39
824 37
825 36
826 39
827 37
828 37
829 38
830 37
831 38
832 38
833 37
834 38
835 39
836 36
837 38
838 36
839 36
840 35
841 35
842 34
843 37
844 36
845 10
846 7
847 7
848 7
849 8
850 8
851 9
852 8
853 9
854 9
855 8
856 6
857 8
858 7
859 7
860 7
861 7
862 5
863 7
864 8
865 6
866 6
867 6
868 7
869 7
870 5
871 6
872 7
873 6
874 7
875 5
876 6
877 6
878 5
879 5
880 6
881 5
882 5
883 3
884 4
885 5
886 5
887 7
888 7
889 6
890 5
891 8
892 8
893 7
894 8
895 8
896 8
897 262
898 263
899 263
900 259
901 261
902 262
903 262
904 260
905 263
906 262
907 262
908 264
909 262
910 261
911 262
912 258
913 260
914 260
915 259
916 258
917 259
918 258
919 258
920 258
921 256
922 256
923 255
924 254
925 252
926 251
927 253
928 251
929 250
930 250
931 249
932 248
933 248
934 246
935 245
936 246
937 244
938 246
939 245
940 246
941 245
942 243
943 240
944 241
945 238
946 238
947 240
948 240
949 239
950 235
951 238
952 237
953 234
954 234
955 231
956 232
957 233
958 231
959 232
960 232
961 230
962 232
963 231
964 229
965 227
966 227
967 1027
968 1030
969 1032
970 1034
971 1033
972 1033
973 1031
974 1032
975 1029
976 1028
977 1028
978 1025
979 1027
980 1024
981 990
982 969
983 968
984 957
985 954
986 925
987 926
988 907
989 896
990 876
991 870
992 853
993 787
994 764
995 744
996 744
997 729
998 720
999 704
1000 692
1001 683
1002 678
1003 662
1004 643
1005 636
1006 629
1007 615
1008 598
1009 597
1010 579
1011 563
1012 553
1013 540
1014 524
1015 519
1016 500
1017 498
1018 484
1019 470
1020 458
1021 450
1022 431
1023 426
1024 416
1025 426
1026 411
1027 403
1028 399
1029 379
1030 370
1031 358
1032 318
1033 299
1034 286
1035 278
1036 263
1037 261
1038 248
1039 216
1040 215
1041 202
1042 193
1043 187
1044 180
1045 175
1046 173
1047 170
1048 72
1049 70
1050 69
1051 59
1052 165
1053 165
1054 163
1055 161
1056 143
1057 162
1058 173
1059 179
1060 188
1061 195
1062 74
1063 88
1064 84
1065 68
1066 63
1067 57
1068 46
1069 40
1070 29
1071 16
1072 6
0 0
0 0
0 0
0 0
0 0
0 0
0 0
0 0
0 0
0 0
0 0
0 0
0 0
0 0
0 0
0 0
0 0
0 0
0 0
0 0
0 0
0 0
0 0
0 0
0 0
0 0
0 0
0 0
0 0
0 0
0 0
0 0
0 0
0 0
0 0
0 0
0 0
