811 0
812 22
813 21
814 27
815 28
816 29
817 48
818 48
819 51
820 52
821 51
822 52
823 54
824 53
825 54
826 55
827 54
828 55
829 55
830 53
831 53
832 52
833 52
834 52
835 53
836 52
837 51
838 31
839 2
840 5
841 4
842 2
843 5
844 6
845 5
846 3
847 6
848 3
849 6
850 5
851 7
852 8
853 7
854 5
855 4
856 4
857 4
858 4
859 6
860 5
861 4
862 6
863 6
864 4
865 6
866 4
867 6
868 5
869 5
870 5
871 4
872 4
873 3
874 1
875 6
876 3
877 4
878 5
879 3
880 3
881 4
882 3
883 3
884 6
885 6
886 7
887 6
888 4
889 3
890 3
891 4
892 4
893 5
894 6
895 7
896 5
897 6
898 5
899 258
900 5
901 257
902 258
903 258
904 257
905 255
906 4
907 257
908 256
909 257
910 255
911 258
912 256
913 256
914 257
915 255
916 255
917 254
918 253
919 253
920 254
921 254
922 252
923 252
924 254
925 252
926 251
927 250
928 249
929 249
930 246
931 245
932 246
933 246
934 245
935 244
936 242
937 243
938 242
939 241
940 239
941 11
942 10
943 240
944 240
945 241
946 234
947 237
948 238
949 237
950 236
951 236
952 234
953 344
954 343
955 377
956 404
957 410
958 421
959 430
960 438
961 439
962 451
963 452
964 460
965 457
966 469
967 468
968 473
969 487
970 487
971 1025
972 1034
973 1032
974 1033
975 1032
976 1031
977 1030
978 1025
979 1029
980 1027
981 1012
982 995
983 974
984 967
985 966
986 952
987 945
988 929
989 911
990 901
991 889
992 870
993 796
994 794
995 787
996 775
997 768
998 799
999 850
1000 849
1001 848
1002 850
1003 836
1004 773
1005 765
1006 632
1007 626
1008 610
1009 609
1010 593
1011 590
1012 570
1013 557
1014 552
1015 542
1016 523
1017 515
1018 497
1019 493
1020 484
1021 474
1022 455
1023 441
1024 434
1025 425
1026 408
1027 401
1028 390
1029 387
1030 368
1031 352
1032 346
1033 327
1034 326
1035 312
1036 295
1037 280
1038 255
1039 254
1040 242
1041 203
1042 202
1043 202
1044 196
1045 184
1046 184
1047 168
1048 164
1049 162
1050 157
1051 153
1052 147
1053 144
1054 116
1055 129
1056 128
1057 129
1058 137
1059 141
1060 164
1061 178
1062 183
1063 192
1064 207
1065 210
1066 217
1067 209
1068 52
1069 47
1070 28
1071 26
1072 13
1073 7
0 0
0 0
0 0
0 0
0 0
0 0
0 0
0 0
0 0
0 0
0 0
0 0
0 0
0 0
0 0
0 0
