0 253
1 250
2 250
3 251
4 251
5 1219
6 1220
7 252
8 253
9 253
10 253
11 254
12 254
13 253
14 253
15 253
16 250
17 251
18 249
19 252
20 252
21 252
22 251
23 252
24 249
25 250
26 253
27 251
28 253
29 252
30 252
31 251
32 251
33 249
34 252
35 252
36 250
37 252
38 251
39 252
40 251
41 251
42 251
43 253
44 252
45 249
46 251
47 250
48 251
49 251
50 252
51 251
52 251
53 252
54 252
55 251
56 250
57 251
58 251
59 252
60 252
61 251
62 252
63 251
64 252
65 252
66 251
67 252
68 251
69 252
70 252
71 251
72 253
73 252
74 252
75 253
76 252
77 251
78 251
79 252
80 251
81 251
82 251
83 251
84 251
85 251
86 251
87 251
88 251
89 251
90 252
91 252
92 251
93 250
94 250
95 250
96 251
97 252
98 250
99 250
100 250
101 251
102 251
103 250
104 249
105 250
106 250
107 250
108 250
109 250
110 250
111 251
112 250
113 248
114 250
115 251
116 251
117 250
118 251
119 251
120 250
121 251
122 250
123 249
124 251
125 251
126 250
127 251
128 249
129 246
130 247
131 247
132 245
133 243
134 242
135 244
136 242
137 245
138 245
139 245
140 245
141 240
142 246
143 246
144 247
145 246
146 245
147 245
148 244
149 246
150 245
151 244
152 244
153 244
154 245
155 244
156 245
157 245
158 242
159 244
160 243
161 246
162 246
163 245
164 243
165 246
166 241
167 244
168 245
169 246
170 242
171 242
172 241
173 243
174 244
175 246
176 246
177 245
178 242
179 244
180 245
181 243
182 245
183 244
184 245
185 246
186 244
187 244
188 244
189 245
190 245
191 243
192 5
193 3
194 3
195 5
196 7
197 1
198 3
199 3
200 5
201 3
202 5
203 6
204 6
205 5
206 4
207 4
208 3
209 5
210 5
211 5
212 6
213 5
214 5
215 5
216 7
217 7
218 6
219 5
220 2
221 5
222 5
223 5
224 6
225 5
226 5
227 4
228 6
229 8
230 5
231 5
232 7
233 5
234 6
235 6
236 6
237 7
238 5
239 8
240 7
241 8
242 7
243 8
244 5
245 6
246 5
247 7
248 7
249 8
250 7
251 7
252 7
253 8
254 7
255 6
256 7
257 8
258 8
259 5
260 7
261 5
262 6
263 8
264 7
265 5
266 8
267 6
268 7
269 8
270 7
271 8
272 6
273 6
274 6
275 6
276 7
277 5
278 6
279 8
280 6
281 9
282 6
283 6
284 6
285 6
286 3
287 7
288 7
289 8
290 7
291 7
292 6
293 7
294 7
295 8
296 9
297 6
298 8
299 9
300 7
301 9
302 8
303 9
304 10
305 10
306 11
307 11
308 9
309 11
310 9
311 11
312 10
313 10
314 11
315 9
316 10
317 11
318 11
319 10
320 10
321 12
322 10
323 10
324 9
325 10
326 10
327 10
328 9
329 11
330 11
331 11
332 11
333 10
334 10
335 12
336 10
337 10
338 10
339 12
340 12
341 13
342 13
343 11
344 11
345 12
346 13
347 11
348 13
349 13
350 12
351 13
352 12
353 13
354 13
355 11
356 13
357 12
358 13
359 11
360 14
361 12
362 15
363 16
364 16
365 16
366 16
367 14
368 17
369 16
370 15
371 14
372 15
373 14
374 17
375 17
376 16
377 15
378 17
379 17
380 17
381 16
382 17
383 17
384 17
385 17
386 16
387 17
388 17
389 16
390 17
391 17
392 17
393 14
394 16
395 19
396 19
397 19
398 18
399 18
400 18
401 19
402 19
403 16
404 19
405 18
406 19
407 17
408 18
409 20
410 20
411 18
412 16
413 18
414 19
415 19
416 18
417 17
418 20
419 21
420 19
421 19
422 21
423 21
424 21
425 20
426 22
427 23
428 21
429 20
430 21
431 20
432 22
433 22
434 20
435 22
436 22
437 20
438 21
439 21
440 21
441 20
442 22
443 21
444 23
445 23
446 24
447 23
448 24
449 24
450 23
451 23
452 23
453 22
454 24
455 23
456 24
457 24
458 25
459 23
460 22
461 22
462 24
463 23
464 25
465 23
466 25
467 24
468 26
469 25
470 26
471 25
472 27
473 26
474 26
475 26
476 27
477 27
478 26
479 26
480 24
481 26
482 24
483 27
484 26
485 26
486 27
487 27
488 28
489 26
490 26
491 27
492 27
493 24
494 29
495 28
496 28
497 28
498 29
499 29
500 28
501 29
502 27
503 29
504 30
505 28
506 29
507 30
508 30
509 30
510 29
511 30
512 31
513 30
514 28
515 29
516 31
517 29
518 30
519 31
520 31
521 29
522 31
523 31
524 30
525 30
526 30
527 31
528 32
529 32
530 32
531 32
532 32
533 31
534 31
535 30
536 31
537 32
538 31
539 32
540 33
541 33
542 32
543 31
544 33
545 33
546 31
547 34
548 34
549 32
550 33
551 34
552 34
553 32
554 32
555 35
556 35
557 33
558 33
559 35
560 35
561 34
562 35
563 36
564 34
565 36
566 36
567 36
568 36
569 35
570 34
571 36
572 36
573 36
574 36
575 36
576 35
577 35
578 36
579 36
580 37
581 38
582 38
583 36
584 37
585 36
586 36
587 38
588 32
589 39
590 37
591 38
592 38
593 39
594 39
595 39
596 39
597 38
598 39
599 39
600 38
601 37
602 38
603 37
604 38
605 38
606 37
607 37
608 37
609 37
610 34
611 36
612 38
613 37
614 34
615 37
616 37
617 37
618 37
619 36
620 37
621 37
622 35
623 36
624 35
625 36
626 32
627 37
628 34
629 37
630 33
631 33
632 35
633 34
634 35
635 34
636 36
637 35
638 36
639 34
640 35
641 35
642 34
643 34
644 35
645 35
646 35
647 36
648 36
649 38
650 38
651 33
652 33
653 35
654 36
655 35
656 36
657 35
658 36
659 37
660 36
661 35
662 36
663 34
664 35
665 34
666 33
667 34
668 35
669 36
670 32
671 36
672 36
673 37
674 33
675 34
676 33
677 32
678 33
679 32
680 31
681 32
682 30
683 30
684 29
685 29
686 31
687 31
688 31
689 28
690 30
691 30
692 32
693 32
694 28
695 31
696 31
697 31
698 30
699 31
700 29
701 31
702 32
703 31
704 32
705 30
706 32
707 30
708 32
709 31
710 31
711 30
712 31
713 29
714 31
715 31
716 31
717 31
718 29
719 32
720 31
721 2
722 29
723 31
724 31
725 29
726 30
727 30
728 30
729 30
730 31
731 30
732 30
733 30
734 31
735 32
736 31
737 28
738 30
739 29
740 32
741 33
742 32
743 30
744 30
745 29
746 30
747 30
748 31
749 28
750 31
751 29
752 32
753 32
754 29
755 31
756 29
757 31
758 28
759 31
760 31
761 30
762 27
763 29
764 30
765 28
766 29
767 30
768 30
769 29
770 30
771 31
772 28
773 28
774 25
775 28
776 25
777 29
778 29
779 28
780 29
781 25
782 28
783 27
784 29
785 29
786 29
787 29
788 25
789 29
790 28
791 29
792 27
793 27
794 0
795 4
796 3
797 5
798 3
799 6
800 6
801 4
802 3
803 2
804 20
805 31
806 45
807 59
808 68
809 78
810 80
811 92
812 104
813 104
814 121
815 122
816 144
817 142
818 147
819 153
820 160
821 165
822 177
823 181
824 187
825 191
826 198
827 207
828 211
829 219
830 221
831 232
832 240
833 242
834 242
835 244
836 245
837 245
838 246
839 247
840 248
841 248
842 247
843 245
844 247
845 247
846 247
847 247
848 247
849 246
850 245
851 245
852 248
853 246
854 250
855 249
856 251
857 250
858 252
859 253
860 254
861 256
862 255
863 253
864 257
865 253
866 253
867 250
868 251
869 248
870 248
871 247
872 247
873 246
874 244
875 245
876 245
877 247
878 248
879 249
880 249
881 251
882 249
883 250
884 249
885 248
886 243
887 243
888 241
889 5
893 10
894 6
895 10
896 10
897 10
898 3
899 6
900 8
901 8
902 6
903 9
904 13
905 14
906 9
907 13
908 13
909 13
910 14
911 11
912 11
913 10
914 9
915 633
916 632
917 635
918 636
919 636
920 637
921 637
922 636
923 635
924 640
925 639
926 638
927 13
928 12
929 12
930 15
931 16
932 12
933 15
934 16
935 17
936 14
937 14
938 17
939 14
940 23
941 46
942 50
943 50
944 55
945 52
946 59
947 55
948 53
949 58
950 59
951 58
952 57
953 60
954 59
955 60
956 60
957 56
958 59
959 63
960 60
961 58
962 60
963 59
964 54
965 58
966 58
967 59
968 56
969 27
970 24
971 17
972 44
973 43
974 43
975 644
976 644
977 643
978 649
979 646
980 646
981 645
982 636
983 637
984 637
985 37
986 40
987 40
988 41
989 43
990 43
991 44
992 46
993 47
994 49
995 47
996 51
997 52
998 54
999 57
1000 56
1001 58
1002 57
1003 60
1004 61
1005 62
1006 63
1007 67
1008 68
1009 71
1010 70
1011 72
1012 75
1013 76
1014 78
1015 78
1016 81
1017 83
1018 85
1019 85
1020 88
1021 90
1022 91
1023 92
1024 95
1025 93
1026 96
1027 97
1028 99
1029 101
1030 103
1031 104
1032 106
1033 104
1034 110
1035 110
1036 112
1037 113
1038 115
1039 117
1040 120
1041 120
1042 122
1043 124
1044 125
1045 126
1046 127
1047 128
1048 134
1049 135
1050 136
1051 136
1052 137
1053 136
1054 140
1055 140
1056 141
1057 143
1058 145
1059 146
1060 149
1061 147
1062 151
1063 153
1064 155
1065 153
1066 154
1067 156
1068 159
1069 160
1070 161
1071 165
1072 166
1073 167
1074 168
1075 169
1076 171
1077 173
1078 177
1079 176
