0 245
1 249
2 7
3 7
4 249
5 248
6 250
7 246
8 248
9 247
10 247
11 247
12 248
13 249
14 249
15 250
16 247
17 248
18 246
19 248
20 246
21 249
22 247
23 249
24 248
25 249
26 249
27 248
28 247
29 247
30 250
31 250
32 251
33 251
34 250
35 249
36 250
37 248
38 249
39 248
40 251
41 249
42 251
43 250
44 250
45 251
46 247
47 250
48 250
49 249
50 248
51 250
52 246
53 248
54 251
55 250
56 251
57 251
58 251
59 249
60 250
61 249
62 250
63 250
64 250
65 249
66 249
67 250
68 248
69 249
70 249
71 249
72 250
73 249
74 246
75 248
76 246
77 250
78 248
79 248
80 248
81 249
82 247
83 247
84 248
85 247
86 247
87 248
88 249
89 250
90 249
91 248
92 250
93 248
94 250
95 250
96 249
97 249
98 246
99 251
100 249
101 248
102 251
103 250
104 250
105 248
106 244
107 248
108 248
109 249
110 248
111 249
112 248
113 248
114 246
115 249
116 246
117 249
118 247
119 247
120 249
121 249
122 248
123 249
124 247
125 250
126 248
127 248
128 10
129 10
130 8
131 9
132 10
133 10
134 9
135 10
136 10
137 10
138 9
139 10
140 8
141 9
142 9
143 11
144 11
145 10
146 9
147 11
148 10
149 9
150 10
151 9
152 11
153 11
154 12
155 9
156 12
157 12
158 5
159 3
173 0
174 0
175 1
176 1
178 4
179 4
180 3
181 2
182 2
183 3
184 2
185 0
186 3
194 0
195 3
196 3
197 3
198 1
201 0
202 0
205 1
206 0
209 5
210 0
216 0
217 2
218 0
219 4
221 1
222 0
223 2
224 0
225 2
226 2
227 2
228 2
229 3
230 3
231 5
232 3
233 2
234 3
235 2
236 2
237 3
238 2
239 3
240 3
241 2
242 1
243 5
244 3
245 5
246 4
247 2
248 3
249 2
250 3
251 0
252 2
253 2
254 2
255 4
256 3
257 1
258 3
259 3
260 3
261 3
262 1
263 4
264 4
265 4
266 4
267 4
268 4
269 4
270 4
271 4
272 3
273 4
274 3
275 5
276 4
277 5
278 4
279 3
280 4
281 4
282 2
283 3
284 4
285 4
286 3
287 5
288 5
289 4
290 3
291 3
292 4
293 3
294 4
295 5
296 4
297 4
298 3
299 4
300 3
301 5
302 2
303 4
304 5
305 1
306 3
307 3
308 3
309 3
310 4
311 5
312 5
313 4
314 5
315 3
316 6
317 5
318 4
319 4
320 4
321 4
322 3
323 0
324 3
325 3
326 4
327 2
328 0
329 2
330 1
331 0
332 3
333 2
334 4
335 2
336 2
337 3
338 10
339 0
340 13
341 14
342 12
343 13
344 15
345 13
346 14
347 15
348 15
349 15
350 16
351 15
352 16
353 18
354 17
355 17
356 17
357 16
358 17
359 16
360 18
361 16
362 18
363 19
364 1
365 2
366 20
367 22
368 23
369 20
370 21
371 23
372 22
373 24
374 24
375 23
376 25
377 26
378 2
379 28
380 26
381 29
382 30
383 30
384 30
385 28
386 32
387 32
388 33
389 31
390 33
391 32
392 34
393 34
394 35
395 36
396 36
397 37
398 36
399 37
400 40
401 37
402 37
403 40
404 39
405 42
406 40
407 41
408 40
409 40
410 43
411 44
412 43
413 45
414 42
415 45
416 47
417 48
418 47
419 48
420 48
421 47
422 49
423 48
424 49
425 52
426 52
427 51
428 51
429 51
430 52
431 54
432 53
433 55
434 53
435 55
436 57
437 53
438 58
439 56
440 60
441 59
442 61
443 61
444 62
445 62
446 62
447 63
448 64
449 65
450 66
451 64
452 68
453 68
454 69
455 67
456 69
457 71
458 70
459 71
460 71
461 70
462 73
463 73
464 74
465 71
466 75
467 76
468 75
469 74
470 79
471 80
472 81
473 80
474 82
475 82
476 84
477 86
478 84
479 86
480 86
481 84
482 88
483 85
484 89
485 88
486 91
487 92
488 91
489 91
490 91
491 93
492 95
493 91
494 94
495 96
496 96
497 97
498 99
499 101
500 128
501 129
502 133
503 136
504 136
505 137
506 137
507 150
508 168
509 171
510 180
511 188
512 190
513 191
514 197
515 199
516 200
517 203
518 202
519 204
520 208
521 208
522 209
523 210
524 212
525 211
526 214
527 216
528 216
529 217
530 214
531 217
532 219
533 218
534 218
535 219
536 220
537 219
538 221
539 222
540 221
541 222
542 221
543 224
544 224
545 225
546 224
547 226
548 226
549 226
550 225
551 227
552 228
553 228
554 228
555 227
556 228
557 229
558 229
559 229
560 230
561 228
562 227
563 229
564 231
565 232
566 229
567 232
568 232
569 232
570 233
571 232
572 234
573 233
574 236
575 235
576 235
577 237
578 236
579 236
580 236
581 235
582 236
583 236
584 236
585 232
586 238
587 236
588 238
589 237
590 236
591 239
592 239
593 239
594 238
595 240
596 240
597 239
598 236
599 240
600 242
601 240
602 241
603 241
604 241
605 239
606 241
607 240
608 239
609 241
610 236
611 239
612 242
613 243
614 243
615 243
616 244
617 241
618 243
619 240
620 245
621 244
622 246
623 246
624 245
625 246
626 247
627 247
628 245
629 246
630 249
631 249
632 248
633 247
634 247
635 248
636 247
637 247
638 249
639 247
640 249
641 249
642 249
643 249
644 249
645 249
646 249
647 249
648 250
649 250
650 250
651 251
652 250
653 250
654 250
655 250
656 251
657 251
658 248
659 251
660 248
661 251
662 249
663 249
664 249
665 249
666 250
667 247
668 249
669 249
670 248
671 250
672 247
673 247
674 247
675 247
676 244
677 245
678 244
679 245
680 242
681 242
682 240
683 14
684 14
685 241
686 242
687 245
688 244
689 243
690 245
691 13
692 15
693 243
694 245
695 243
696 244
697 245
698 244
699 244
700 246
701 245
702 244
703 244
704 247
705 246
706 247
707 244
708 247
709 248
710 248
711 247
712 247
713 249
714 245
715 248
716 246
717 249
718 246
719 247
720 245
721 245
722 244
723 244
724 13
725 14
726 243
727 12
728 244
729 244
730 242
731 245
732 247
733 246
734 244
735 244
736 244
737 240
738 242
739 243
740 244
741 240
742 243
743 241
744 241
745 242
746 241
747 239
748 239
749 238
750 233
751 234
752 233
753 227
754 13
755 4
756 6
757 5
758 8
759 8
760 9
761 11
762 9
763 9
764 10
765 9
766 8
767 6
768 9
769 6
770 0
771 203
772 199
773 197
774 0
775 5
776 1
777 4
778 3
779 177
780 180
781 181
782 181
783 178
784 179
785 180
786 179
787 174
788 175
789 174
790 173
791 171
792 167
793 159
794 159
795 158
796 4
797 3
798 10
799 0
800 1
801 6
802 6
807 1
814 1
815 2
816 5
817 86
818 110
819 129
820 134
821 134
822 151
823 154
824 154
825 164
826 165
827 167
828 195
829 196
830 198
831 225
832 234
833 234
834 237
835 236
836 240
837 240
838 242
839 239
840 241
841 240
842 237
843 240
844 240
845 237
846 237
847 237
848 238
849 236
850 240
851 241
852 241
853 243
854 244
855 245
856 246
857 246
858 248
859 250
860 249
861 252
862 251
863 252
864 251
865 251
866 249
867 249
868 250
869 248
870 248
871 247
872 247
873 245
874 248
875 249
876 248
877 247
878 248
879 247
880 246
881 246
882 244
883 244
884 242
885 238
886 236
887 8
902 0
904 0
907 0
908 1
909 2
910 0
911 0
914 0
915 0
916 631
917 5
918 7
919 631
920 630
921 7
922 5
923 632
924 11
925 13
926 11
927 12
928 13
929 4
930 13
931 13
932 11
933 9
934 10
935 11
936 11
937 12
938 9
939 37
940 36
941 38
942 37
943 36
944 36
945 37
946 36
947 40
948 39
949 38
950 37
951 38
952 54
953 56
954 57
955 56
956 54
957 40
958 38
959 49
960 47
961 51
962 48
963 42
964 46
965 46
966 42
967 43
968 43
969 9
970 8
971 4
972 0
973 13
974 14
975 16
976 18
977 20
978 621
979 624
980 625
981 24
982 625
983 626
984 629
985 32
986 33
987 34
988 38
989 38
990 37
991 39
992 40
993 42
994 44
995 46
996 50
997 49
998 50
999 53
1000 54
1001 55
1002 56
1003 59
1004 58
1005 8
1006 10
1007 10
1008 64
1009 63
1010 68
1011 71
1012 69
1013 72
1014 72
1015 77
1016 79
1017 78
1018 82
1019 82
1020 85
1021 87
1022 87
1023 89
1024 90
1025 93
1026 90
1027 95
1028 97
1029 97
1030 94
1031 102
1032 104
1033 105
1034 107
1035 108
1036 110
1037 107
1038 112
1039 114
1040 115
1041 117
1042 118
1043 119
1044 121
1045 121
1046 123
1047 125
1048 124
1049 130
1050 134
1051 131
1052 136
1053 134
1054 137
1055 136
1056 136
1057 139
1058 141
1059 143
1060 143
1061 146
1062 148
1063 151
1064 150
1065 148
1066 154
1067 154
1068 155
1069 158
1070 158
1071 162
1072 163
1073 164
1074 166
1075 167
1076 167
1077 170
1078 169
1079 173
