1015 737
1017 736
1018 735
1019 734
1020 734
1016 736
1021 732
1022 731
1111 1075
1014 732
1112 1073
1113 1070
1110 1070
1109 1069
1114 1069
1108 1066
1115 1053
1107 1040
1013 690
1106 1017
1012 660
1105 1001
1104 968
1011 617
1010 599
1103 932
1009 578
1102 913
1101 879
1008 536
1100 850
1099 826
1007 485
1006 452
1098 784
1097 775
1004 410
1005 407
1096 743
1095 714
1094 681
1003 332
1093 650
1092 623
1091 621
1002 287
1090 574
1001 234
964 229
965 228
966 226
946 239
963 229
940 240
948 234
918 255
920 254
919 253
915 254
917 253
916 252
888 271
871 280
872 280
886 272
887 269
870 280
873 279
876 276
869 279
874 276
878 273
875 275
866 280
867 279
868 278
877 270
879 272
865 280
880 269
881 248
882 244
883 243
884 238
885 234
1064 27
1065 10
1067 11
1068 21
1066 11
1069 23
1088 20
1063 20
1089 191
1076 7
1077 6
1075 6
1074 5
1078 4
1079 2
1073 4
1072 4
1071 5
1070 5
1061 3
1062 2
1058 4
1060 1
1059 3
1055 3
1057 2
1053 0
1054 1
1056 2
1052 4
1051 3
1030 4
1029 5
1031 4
1032 3
1033 0
1026 5
1027 4
1028 3
1024 5
1025 5
1023 5
1000 7
998 6
999 7
996 7
997 6
995 6
991 6
992 7
994 4
993 5
990 5
989 4
985 5
988 4
987 2
986 3
981 6
983 5
984 4
980 5
982 2
976 5
978 5
974 6
975 6
977 5
979 3
972 7
971 8
973 6
969 8
970 7
968 8
962 9
967 4
960 7
959 7
961 5
958 6
957 5
954 5
956 5
951 7
952 5
953 1
955 3
949 7
950 6
947 7
944 8
945 7
941 7
943 5
938 7
937 6
939 6
942 3
936 7
933 7
934 7
935 6
932 7
930 8
931 7
929 7
926 7
928 7
925 6
927 5
924 7
922 8
923 7
921 5
912 7
913 4
914 6
910 8
911 7
909 8
908 8
907 8
905 7
903 8
906 7
901 7
904 7
899 9
902 6
897 5
900 5
896 7
898 7
892 8
893 8
894 8
890 10
891 9
895 5
889 7
863 9
864 9
862 9
861 8
858 9
859 8
860 7
854 8
857 8
855 5
856 7
851 10
852 9
853 8
850 10
847 12
849 10
846 11
848 10
845 10
843 10
842 10
844 8
840 11
841 10
838 12
837 11
839 10
836 9
834 11
835 10
832 11
833 10
830 11
831 9
828 10
829 10
826 11
827 11
825 11
824 11
821 11
823 10
822 10
818 10
820 10
816 12
817 10
819 8
814 12
815 11
813 11
812 10
811 11
808 11
809 12
810 10
804 10
806 8
807 9
802 9
805 9
799 13
800 11
801 9
803 9
797 12
796 13
798 10
795 11
794 11
791 12
793 10
788 13
790 11
792 10
789 11
784 12
785 9
787 10
783 11
786 8
782 11
780 11
779 11
781 9
778 9
777 9
774 11
775 12
776 11
773 11
772 9
771 11
767 11
770 9
769 10
765 11
766 9
768 9
763 8
764 8
761 10
760 11
762 7
757 10
759 10
755 12
758 9
752 12
756 10
751 12
753 9
754 11
749 12
748 11
750 11
745 12
746 11
747 9
741 12
742 12
743 11
740 11
744 11
738 12
739 10
733 11
734 12
736 10
737 10
732 12
735 11
730 12
729 8
731 10
727 10
728 9
726 10
723 12
724 10
725 8
722 11
721 9
719 10
720 10
717 11
718 11
716 11
714 12
715 12
713 12
712 12
711 10
710 10
706 13
707 12
709 10
704 12
705 11
708 9
701 13
703 9
700 11
697 11
698 13
699 12
702 9
694 12
695 12
696 11
692 11
693 10
688 12
689 10
691 11
687 11
690 10
686 11
682 12
683 11
684 10
685 8
681 11
678 10
679 11
680 11
677 11
676 12
675 10
674 10
669 13
671 12
673 10
668 11
672 9
670 11
664 13
667 11
665 11
666 12
662 10
663 8
658 12
659 11
657 12
660 9
661 9
656 12
655 11
652 12
653 12
651 11
654 9
650 9
646 15
647 14
649 10
645 15
648 11
642 13
643 13
644 12
638 12
639 12
641 10
636 10
637 10
640 10
633 11
634 10
635 11
632 11
631 11
629 12
626 12
630 10
624 13
625 12
628 10
623 12
621 11
627 9
620 11
622 11
618 12
616 14
617 12
619 10
614 11
613 11
615 9
611 11
612 11
610 12
607 12
608 12
609 10
606 12
605 11
601 11
603 10
604 7
600 9
596 12
598 9
602 7
599 8
594 10
595 8
597 9
590 13
591 12
593 12
589 11
592 10
588 12
587 11
585 12
584 12
586 9
581 11
583 10
580 8
582 9
579 10
577 11
574 12
576 12
578 9
575 11
571 11
572 9
568 13
569 10
570 12
573 7
565 10
567 12
564 11
563 12
566 10
561 12
560 12
562 9
552 14
553 12
558 9
559 8
551 13
554 12
555 8
556 10
557 9
550 10
548 9
549 12
546 7
544 11
545 12
541 12
542 11
547 6
543 11
537 9
538 12
533 12
534 11
536 8
535 8
539 8
540 8
531 10
1116 26
528 12
530 9
532 10
529 9
527 12
526 14
524 12
525 12
523 10
521 14
522 12
520 12
518 8
519 9
517 8
516 6
515 7
510 11
511 7
512 7
513 6
509 11
508 11
514 4
1117 10
502 11
503 12
507 10
506 10
501 7
505 10
500 8
504 9
493 8
495 7
497 8
499 6
496 6
498 6
494 6
492 5
491 4
490 3
489 1
484 1
487 1
485 0
486 0
488 0
