1042 523
1043 522
1044 347
1041 524
1040 524
1039 525
1045 158
1038 523
1112 1068
1111 1066
1113 1066
1046 0
1109 1055
1110 1053
1114 1052
1108 1052
1107 1048
1037 507
1106 1037
1036 486
1105 1023
1104 981
1035 431
1103 959
1102 934
1034 576
1033 545
1101 894
1100 881
1032 511
1099 849
1031 472
1098 822
1097 800
1096 797
1030 438
1029 399
1095 736
1028 377
1027 364
1094 712
1093 705
1092 654
1026 293
1091 626
1090 523
1025 269
1089 323
1088 230
1024 228
1087 0
1023 195
1012 195
1010 200
1013 196
1011 199
988 213
990 210
966 225
969 224
972 221
989 210
991 208
957 230
965 225
968 224
948 235
949 235
959 229
973 219
944 236
947 234
951 232
938 241
939 240
945 235
950 232
952 229
953 227
943 236
946 233
921 249
922 249
913 253
914 252
924 246
903 258
911 253
915 251
923 246
902 259
909 255
910 253
912 251
877 273
878 272
879 273
891 265
901 257
869 277
870 277
871 277
872 277
873 276
874 275
875 274
876 273
880 270
868 278
881 269
867 276
866 277
865 277
1064 34
1063 35
1065 33
1066 16
1067 11
1068 25
1069 22
1070 17
1071 16
1075 6
1076 7
1074 7
1077 6
1073 5
1079 4
1080 2
1078 3
1072 4
1061 5
1062 4
1058 4
1059 3
1060 0
1055 1
1057 3
1053 3
1054 2
1052 2
1056 0
1051 2
1050 0
1022 5
1021 4
1018 2
1019 3
1020 3
1015 4
1016 4
1017 2
1014 3
1008 5
1009 4
1004 5
1005 2
1007 4
1002 5
1006 3
1001 5
1003 4
998 5
999 7
1000 5
996 6
997 6
995 5
992 6
993 5
994 4
987 3
985 4
986 3
982 4
983 5
984 4
980 5
976 6
974 7
975 7
977 6
978 5
979 1
981 3
971 8
970 7
963 8
967 5
964 5
960 8
962 7
961 6
958 7
955 3
956 6
954 5
941 5
942 4
940 4
937 6
935 7
934 6
930 8
933 6
936 4
928 7
931 6
932 5
927 6
929 7
925 6
926 5
920 8
919 8
917 8
918 6
916 6
907 7
908 6
905 6
904 7
906 6
899 8
900 6
898 8
895 7
896 7
893 8
897 5
890 10
894 7
889 8
892 6
886 10
887 8
888 8
884 8
885 8
883 8
882 7
863 9
864 9
862 7
861 8
858 8
854 11
857 8
859 8
860 5
855 9
852 9
850 10
856 6
847 10
849 10
851 7
853 5
846 11
848 10
845 9
844 10
843 6
838 12
839 11
842 8
836 10
840 7
841 8
835 10
837 9
834 11
832 10
833 10
830 10
829 11
831 9
828 9
826 10
827 10
824 11
825 10
821 12
823 9
820 11
819 9
822 9
818 9
817 8
816 10
814 11
815 10
812 9
813 9
808 11
809 12
810 10
811 10
807 10
804 10
805 10
806 9
802 10
799 12
800 10
801 9
803 8
797 12
796 12
798 11
795 11
794 11
793 9
789 12
791 11
792 10
788 11
790 9
785 9
786 9
787 10
784 11
782 11
783 9
778 10
779 11
781 9
777 10
780 9
776 10
774 11
775 11
773 11
770 11
772 9
768 11
769 11
771 8
766 11
767 11
763 10
764 9
765 9
762 8
760 11
761 11
759 11
756 12
757 10
758 10
752 13
754 11
751 12
753 11
755 9
749 12
748 11
750 10
747 11
746 12
745 8
741 10
743 11
744 12
740 11
742 11
739 12
737 12
738 12
736 11
734 12
735 12
732 10
733 10
731 11
730 10
727 11
728 9
729 8
724 10
725 11
722 11
723 11
726 8
720 10
721 9
716 12
719 8
715 12
717 10
714 12
712 12
713 10
718 7
710 9
711 10
708 9
709 10
704 13
706 11
707 10
705 11
701 12
702 12
700 12
703 10
699 12
697 12
698 12
696 11
695 11
694 10
692 11
693 10
691 11
688 12
689 10
690 9
687 11
682 11
686 10
683 11
685 8
681 11
684 9
678 11
676 13
677 10
679 10
680 10
674 13
675 12
672 11
671 10
673 10
667 14
668 12
669 12
670 8
665 13
664 11
663 7
666 10
661 9
662 8
658 10
659 7
656 12
657 10
660 8
655 11
652 12
653 12
651 11
654 9
650 9
646 16
647 14
649 11
645 14
648 11
643 13
644 12
642 11
639 13
640 12
641 9
636 11
637 11
638 12
633 11
634 10
635 10
632 11
629 11
631 9
630 7
625 12
626 10
628 8
624 12
627 10
621 12
622 12
623 11
620 12
617 12
619 11
616 10
618 10
612 12
613 12
614 10
610 10
611 9
615 6
608 11
609 10
602 11
607 8
601 13
603 10
604 11
605 8
606 7
598 11
599 9
600 9
597 11
590 13
591 13
592 11
593 12
594 11
596 9
589 12
595 6
587 11
588 12
584 13
586 11
585 11
581 11
583 10
580 8
582 9
579 10
574 11
575 11
577 10
578 9
576 11
571 14
570 10
573 7
572 9
568 10
569 7
564 11
567 12
565 10
566 11
560 13
561 12
563 11
562 9
554 12
558 10
555 11
556 10
559 7
552 12
557 9
553 10
551 10
550 10
547 9
549 13
548 11
546 7
544 9
545 2
543 8
1115 36
536 11
538 12
542 8
533 12
534 10
537 10
539 11
535 9
540 7
541 7
528 13
531 11
532 9
1116 27
529 9
526 12
530 7
524 13
527 9
522 13
523 11
525 12
521 11
518 10
520 10
517 6
519 6
515 5
516 5
510 10
511 8
512 8
514 6
509 11
513 5
508 8
502 12
503 11
505 11
506 11
507 8
504 10
494 8
495 8
496 8
498 7
501 7
493 6
500 6
497 6
499 6
1117 1
490 0
492 1
486 1
487 2
491 2
484 0
483 0
485 0
489 0
