785 2
786 8
787 7
788 10
789 12
790 14
791 17
792 15
793 16
794 16
795 16
796 17
797 15
798 14
799 12
800 12
801 9
802 0
807 4
808 6
809 8
810 12
811 41
812 44
813 45
814 44
815 47
816 50
817 51
818 52
819 52
820 50
821 54
822 52
823 55
824 55
825 54
826 56
827 56
828 56
829 57
830 55
831 57
832 56
833 57
834 57
835 56
836 55
837 54
838 54
839 54
840 51
841 51
842 52
843 52
844 53
845 53
846 53
847 55
848 54
849 53
850 52
851 51
852 50
853 52
854 51
855 52
856 53
857 52
858 6
859 5
860 6
861 7
862 8
863 7
864 7
865 7
866 6
867 7
868 7
869 7
870 5
871 6
872 7
873 8
874 8
875 6
876 8
877 5
878 143
879 145
880 144
881 146
882 148
883 170
884 188
885 197
886 200
887 203
888 211
889 216
890 220
891 220
892 224
893 230
894 233
895 234
896 239
897 239
898 239
899 241
900 242
901 247
902 245
903 499
904 501
905 504
906 505
907 504
908 511
909 510
910 514
911 517
912 516
913 521
914 523
915 522
916 526
917 527
918 524
919 525
920 527
921 528
922 529
923 526
924 530
925 530
926 540
927 538
928 543
929 544
930 546
931 548
932 550
933 553
934 553
935 557
936 558
937 558
938 561
939 563
940 566
941 567
942 572
943 575
944 573
945 580
946 579
947 579
948 582
949 584
950 586
951 587
952 593
953 592
954 594
955 597
956 598
957 604
958 605
959 607
960 611
961 610
962 612
963 618
964 619
965 622
966 624
967 628
968 629
969 631
970 636
971 634
972 1032
973 1035
974 1035
975 1034
976 1034
977 1033
978 1032
979 1028
980 1030
981 1025
982 1020
983 1015
984 999
985 975
986 966
987 965
988 953
989 942
990 926
991 917
992 901
993 884
994 837
995 823
996 802
997 790
998 756
999 742
1000 729
1001 723
1002 709
1003 708
1004 689
1005 679
1006 663
1007 649
1008 642
1009 629
1010 620
1011 607
1012 598
1013 582
1014 573
1015 560
1016 549
1017 539
1018 524
1019 514
1020 505
1021 498
1022 482
1023 471
1024 462
1025 452
1026 428
1027 424
1028 410
1029 418
1030 402
1031 393
1032 393
1033 376
1034 339
1035 323
1036 311
1037 300
1038 294
1039 276
1040 256
1041 188
1042 192
1043 190
1044 189
1045 187
1046 174
1047 174
1048 173
1049 170
1050 169
1051 162
1052 156
1053 153
1054 152
1055 165
1056 162
1057 160
1058 157
1059 157
1060 182
1061 85
1062 75
1063 67
1064 74
1065 83
1066 86
1067 68
1068 65
1069 51
1070 46
1071 43
1072 26
1073 20
1074 10
1075 4
0 0
0 0
0 0
0 0
0 0
0 0
0 0
0 0
0 0
0 0
0 0
0 0
0 0
0 0
0 0
0 0
0 0
0 0
0 0
0 0
0 0
0 0
0 0
0 0
0 0
0 0
0 0
0 0
0 0
0 0
0 0
0 0
0 0
0 0
0 0
