1047 499
1048 496
1050 697
1049 696
1109 1061
1111 1060
1112 1061
1108 1059
1110 1057
1113 1057
1114 1053
1046 491
1107 1051
1051 683
1045 483
1052 677
1044 489
1106 1034
1105 1007
1043 452
1104 996
1042 432
1103 960
1102 939
1041 382
1101 911
1040 345
1100 876
1039 328
1099 842
1038 286
1098 826
1097 794
1096 771
1037 221
1036 195
1095 734
1094 706
1093 693
1035 125
1092 658
1034 90
1033 291
1091 612
1090 578
1030 230
1031 230
1032 229
1089 252
1087 187
1088 206
1086 33
1084 1
1085 2
1004 202
1003 203
1005 200
964 224
963 223
965 222
873 273
874 272
871 272
872 272
875 268
877 268
869 273
876 269
870 271
868 271
878 262
879 263
867 271
866 267
1065 28
1066 27
1064 28
1067 24
1068 0
1069 16
1077 5
1078 4
1075 5
1076 6
1079 4
1074 4
1072 5
1073 4
1080 2
1071 6
1070 2
1063 5
1062 3
1060 0
1061 0
1059 0
1055 0
1058 0
1053 3
1057 0
1054 0
1029 5
1027 5
1026 4
1028 3
1023 5
1024 4
1025 5
1022 2
1020 2
1021 1
1017 4
1019 2
1015 3
1016 3
1018 0
1010 5
1011 5
1013 3
1014 3
1008 5
1009 5
1007 4
1012 1
1001 7
1002 4
1000 6
1006 0
999 7
998 4
995 6
997 5
993 7
996 4
992 7
994 2
991 5
988 4
989 3
990 3
985 6
984 6
986 4
987 2
982 5
983 3
981 4
978 6
979 5
980 2
974 5
975 3
976 3
971 6
972 6
973 5
977 1
970 7
969 7
968 6
967 5
962 7
966 3
960 6
961 7
959 5
957 5
958 5
956 6
953 3
954 5
955 4
952 5
951 5
949 5
948 4
950 3
945 4
946 6
947 5
944 7
941 7
942 7
943 5
940 6
937 7
938 7
939 6
936 7
935 6
933 6
934 5
931 7
930 6
927 6
928 7
929 6
932 0
924 8
926 5
925 6
923 7
920 7
922 5
921 5
917 6
919 5
916 7
918 6
912 6
913 3
914 5
915 5
910 8
911 7
909 7
908 7
907 7
903 7
904 6
905 7
900 8
901 7
902 6
906 6
899 8
897 7
898 8
896 7
892 9
893 8
894 8
890 10
891 9
895 7
889 7
887 8
888 7
886 9
884 8
882 9
883 8
885 5
881 6
880 5
864 11
863 9
865 8
862 9
857 7
858 9
859 9
861 4
854 10
856 7
860 6
855 5
851 10
852 9
850 10
853 8
847 12
848 11
849 10
846 11
845 10
844 9
843 9
841 10
842 9
839 8
840 9
835 11
836 9
837 10
834 11
838 9
832 11
833 9
830 10
831 9
829 10
826 11
827 11
825 11
828 8
824 11
821 11
823 10
822 10
818 10
820 9
816 12
817 9
819 7
813 10
815 10
812 10
814 8
808 11
809 10
810 10
811 10
807 10
804 9
805 10
806 8
802 10
800 11
801 9
803 8
799 12
798 10
796 8
797 10
795 11
794 10
790 12
793 10
789 12
791 11
792 10
788 12
787 11
786 9
784 11
785 8
783 8
778 11
780 8
781 10
782 9
777 10
779 10
776 11
774 11
775 11
773 11
772 10
771 9
770 10
766 11
767 10
769 10
768 9
765 8
763 8
764 8
760 11
761 10
762 10
759 11
756 11
757 9
758 9
752 12
754 12
753 9
755 10
751 9
747 11
749 10
746 12
748 9
745 13
750 8
741 12
742 11
743 11
744 11
740 11
738 12
736 12
737 11
739 10
735 11
732 12
733 11
734 11
731 10
730 11
726 10
727 9
728 8
729 7
723 12
724 10
725 8
722 11
721 9
719 10
720 10
718 11
715 13
716 12
717 11
714 12
712 11
713 9
711 10
705 12
709 10
710 9
704 12
707 11
706 11
708 8
702 12
699 13
700 12
701 13
703 10
697 10
698 11
696 12
695 10
693 11
694 9
692 12
689 9
691 6
687 11
688 10
690 9
686 11
682 11
685 9
681 12
683 11
678 12
679 11
684 8
677 10
680 10
674 9
675 11
676 11
673 10
668 11
669 10
670 12
671 10
672 8
665 12
666 12
664 12
667 11
663 10
661 10
662 9
658 10
659 10
656 12
657 10
660 8
655 9
652 10
653 11
651 10
654 10
650 8
646 15
647 12
649 9
645 14
648 11
642 13
643 13
644 13
637 11
641 7
634 10
638 10
639 9
640 5
632 9
635 8
636 7
633 8
630 10
631 9
626 10
628 11
629 10
624 11
625 8
627 8
621 10
622 11
623 10
619 11
616 12
618 10
620 7
612 12
613 12
614 10
615 9
617 7
611 10
608 10
610 11
606 10
607 10
603 9
609 8
605 7
604 9
595 12
600 7
601 7
602 6
596 12
599 9
590 13
591 13
592 12
598 7
593 7
594 8
597 6
589 11
586 11
587 9
588 10
584 12
585 11
583 11
582 11
580 9
581 10
578 9
579 8
575 12
577 10
574 10
576 11
570 11
571 10
572 6
569 11
573 6
568 11
567 12
564 10
566 11
565 10
560 12
561 12
562 12
563 11
553 11
554 11
556 9
557 10
559 7
552 12
555 10
558 5
551 10
550 10
547 9
549 9
548 6
545 11
546 7
544 10
540 11
541 11
543 10
537 9
538 11
539 10
1115 35
533 11
534 10
542 7
535 7
536 7
530 11
532 10
1116 26
529 10
531 11
528 10
526 10
524 12
527 8
522 13
523 11
525 4
521 13
520 12
518 9
519 7
517 4
513 7
514 7
510 7
511 8
512 8
515 5
516 3
509 11
508 11
503 12
505 11
506 10
502 9
504 10
500 8
501 6
507 6
493 8
495 7
499 6
494 7
496 6
497 7
498 6
1117 0
492 2
490 3
491 3
486 2
484 1
485 0
487 0
488 1
489 0
