798 26
799 28
800 31
801 30
802 35
803 37
804 54
805 53
806 57
807 58
808 58
809 59
810 60
811 60
812 61
813 60
814 58
815 60
816 60
817 58
818 55
819 55
820 41
821 38
822 37
823 37
824 36
825 37
826 37
827 38
828 36
829 37
830 36
831 35
832 37
833 35
834 36
835 37
836 35
837 36
838 37
839 38
840 7
841 8
842 35
843 33
844 6
845 6
846 6
847 5
848 6
849 7
850 5
851 6
852 7
853 8
854 7
855 8
856 7
857 6
858 6
859 7
860 7
861 7
862 5
863 6
864 6
865 4
866 7
867 4
868 5
869 6
870 3
871 5
872 5
873 5
874 6
875 6
876 6
877 3
878 4
879 2
880 3
881 3
882 5
883 5
884 5
885 1
886 4
887 3
888 3
889 5
890 6
891 5
892 5
893 5
894 2
895 7
896 7
897 5
898 262
899 263
900 262
901 262
902 263
903 261
904 262
905 263
906 262
907 263
908 264
909 262
910 263
911 263
912 261
913 261
914 259
915 257
916 259
917 253
918 257
919 255
920 254
921 255
922 254
923 253
924 252
925 250
926 252
927 251
928 248
929 248
930 247
931 247
932 246
933 246
934 245
935 244
936 244
937 243
938 243
939 244
940 242
941 240
942 240
943 240
944 240
945 239
946 237
947 237
948 236
949 235
950 236
951 236
952 231
953 234
954 233
955 232
956 233
957 231
958 230
959 231
960 228
961 228
962 229
963 228
964 226
965 226
966 225
967 225
968 1023
969 1024
970 1030
971 1027
972 1030
973 1030
974 1031
975 1030
976 1028
977 1028
978 1027
979 1011
980 1008
981 996
982 976
983 966
984 957
985 951
986 926
987 919
988 902
989 898
990 877
991 870
992 773
993 768
994 754
995 736
996 737
997 727
998 717
999 704
1000 688
1001 664
1002 663
1003 660
1004 645
1005 634
1006 612
1007 596
1008 592
1009 588
1010 556
1011 551
1012 546
1013 534
1014 525
1015 511
1016 506
1017 502
1018 480
1019 462
1020 453
1021 438
1022 435
1023 417
1024 411
1025 394
1026 395
1027 398
1028 379
1029 373
1030 312
1031 329
1032 309
1033 258
1034 261
1035 258
1036 229
1037 254
1038 221
1039 228
1040 195
1041 195
1042 185
1043 178
1044 79
1045 78
1046 75
1047 73
1048 69
1049 69
1050 63
1051 59
1052 128
1053 153
1054 161
1055 164
1056 163
1057 146
1058 166
1059 175
1060 179
1061 191
1062 195
1063 72
1064 70
1065 65
1066 60
1067 48
1068 40
1069 28
1070 18
1071 10
1072 1
0 0
0 0
0 0
0 0
0 0
0 0
0 0
0 0
0 0
0 0
0 0
0 0
0 0
0 0
0 0
0 0
0 0
0 0
0 0
0 0
0 0
0 0
0 0
0 0
0 0
0 0
0 0
0 0
