0 249
1 249
2 249
3 250
4 249
5 251
6 248
7 247
8 251
9 251
10 250
11 251
12 252
13 251
14 250
15 250
16 249
17 250
18 251
19 252
20 250
21 249
22 250
23 249
24 251
25 251
26 251
27 252
28 251
29 251
30 251
31 251
32 251
33 251
34 251
35 252
36 251
37 252
38 252
39 252
40 253
41 252
42 253
43 252
44 249
45 252
46 250
47 250
48 250
49 252
50 248
51 249
52 251
53 250
54 251
55 251
56 252
57 252
58 252
59 252
60 252
61 252
62 252
63 252
64 253
65 251
66 253
67 251
68 251
69 252
70 252
71 251
72 251
73 251
74 251
75 250
76 251
77 251
78 250
79 251
80 251
81 251
82 250
83 249
84 269
85 250
86 251
87 271
88 271
89 271
90 269
91 250
92 248
93 247
94 245
95 244
96 270
97 273
98 272
99 272
100 271
101 271
102 272
103 271
104 272
105 271
106 268
107 270
108 270
109 269
110 271
111 269
112 270
113 269
114 268
115 268
116 268
117 271
118 270
119 271
120 271
121 271
122 270
123 271
124 268
125 269
126 245
127 270
128 269
129 270
130 269
131 267
132 270
133 270
134 269
135 270
136 269
137 268
138 269
139 268
140 270
141 268
142 269
143 266
144 266
145 2
146 0
147 265
148 25
149 26
150 25
151 27
152 27
153 2
154 27
155 23
156 26
157 26
158 26
159 27
160 26
161 27
162 26
163 26
164 25
165 27
166 25
167 27
168 26
169 27
170 28
171 26
172 26
173 26
174 27
175 27
176 27
177 27
178 26
179 27
180 28
181 28
182 28
183 27
184 27
185 28
186 26
189 24
190 27
191 28
192 29
193 26
194 27
195 26
196 25
197 27
198 29
199 29
200 26
201 30
202 28
203 26
204 27
205 29
206 30
207 1
208 28
209 27
210 29
211 29
212 30
213 30
214 29
215 29
216 30
217 31
218 28
219 27
220 30
221 28
222 2
223 27
224 27
225 30
226 29
227 28
228 28
229 30
230 29
231 30
232 31
233 31
234 30
235 31
236 30
237 31
238 31
239 30
240 28
241 30
242 28
243 29
244 31
245 30
246 31
247 32
248 31
249 30
250 31
251 33
252 31
253 31
254 32
255 33
256 33
257 32
258 32
259 34
260 34
261 33
262 32
263 33
264 34
265 31
266 34
267 33
268 35
269 33
270 33
271 33
272 33
273 34
274 32
275 34
276 33
277 33
278 36
279 34
280 35
281 33
282 35
283 35
284 34
285 33
286 35
287 36
288 37
289 36
290 35
291 33
292 33
293 34
294 36
295 34
296 36
297 37
298 37
299 37
300 37
301 36
302 37
303 37
304 35
305 37
306 36
307 36
308 37
309 38
310 38
311 37
312 38
313 37
314 37
315 37
316 37
317 39
318 38
319 37
320 37
321 36
322 39
323 39
324 38
325 38
326 39
327 38
328 39
329 36
330 39
331 38
332 39
333 38
334 39
335 39
336 39
337 37
338 38
339 39
340 38
341 35
342 35
343 37
344 38
345 35
346 39
347 38
348 39
349 40
350 38
351 38
352 39
353 39
354 39
355 39
356 39
357 39
358 39
359 39
360 39
361 38
362 39
363 39
364 40
365 39
366 40
367 38
368 39
369 38
370 39
371 35
372 39
373 38
374 39
375 39
376 39
377 37
378 39
379 40
380 38
381 41
382 38
383 41
384 40
385 40
386 39
387 40
388 39
389 38
390 38
391 40
392 40
393 41
394 39
395 39
396 39
397 40
398 41
399 42
400 41
401 42
402 41
403 40
404 41
405 42
406 41
407 40
408 41
409 41
410 41
411 41
412 39
413 41
414 41
415 40
416 41
417 40
418 42
419 40
420 41
421 39
422 41
423 41
424 41
425 41
426 41
427 42
428 41
429 42
430 39
431 41
432 42
433 42
434 42
435 42
436 42
437 42
438 42
439 42
440 43
441 43
442 41
443 42
444 40
445 42
446 40
447 42
448 41
449 43
450 43
451 42
452 43
453 41
454 43
455 43
456 43
457 43
458 44
459 44
460 44
461 44
462 43
463 43
464 44
465 41
466 45
467 43
468 42
469 43
470 42
471 43
472 44
473 44
474 44
475 43
476 40
477 43
478 43
479 42
480 43
481 43
482 42
483 40
484 44
485 44
486 45
487 44
488 43
489 43
490 39
491 43
492 42
493 42
494 43
495 42
496 43
497 44
498 44
499 2
500 43
501 41
502 42
503 43
504 43
505 43
506 43
507 43
508 43
509 43
510 44
511 44
512 44
513 45
514 43
515 45
516 43
517 43
518 44
519 43
520 43
521 42
522 43
523 44
524 43
525 44
526 43
527 44
528 43
529 43
530 44
531 44
532 74
533 81
534 80
535 78
536 44
537 56
538 58
539 57
540 56
541 42
542 43
543 43
544 42
545 42
546 43
547 43
548 40
549 42
550 43
551 43
552 44
553 44
554 44
555 43
556 42
557 42
558 43
559 43
560 43
561 42
562 39
563 43
564 42
565 41
566 42
567 40
568 43
569 42
570 43
571 44
572 44
573 43
574 42
575 43
576 43
577 42
578 41
579 43
580 42
581 41
582 42
583 42
584 43
585 42
586 41
587 42
588 43
589 41
590 39
591 41
592 41
593 38
594 40
595 41
596 39
597 39
598 39
599 42
600 41
601 41
602 39
603 39
604 41
605 41
606 39
607 41
608 40
609 39
610 41
611 39
612 41
613 39
614 40
615 39
616 40
617 37
618 39
619 38
620 39
621 38
622 38
623 38
624 38
625 38
626 36
627 36
628 38
629 38
630 38
631 36
632 37
633 36
634 35
635 32
636 33
637 34
638 35
639 34
640 33
641 34
642 32
643 34
644 28
645 34
646 34
647 33
648 34
649 35
650 35
651 33
652 36
653 35
654 36
655 36
656 37
657 34
658 34
659 32
660 35
661 33
662 35
663 33
664 34
665 36
666 33
667 33
668 34
669 33
670 36
671 33
672 33
673 34
674 34
675 32
676 6
677 6
678 33
679 34
680 31
681 29
682 29
683 1
684 27
685 28
686 28
687 29
688 32
689 28
690 30
691 27
692 30
693 30
694 28
695 29
696 29
697 30
698 31
699 30
700 29
701 30
702 28
703 29
704 28
705 28
706 29
707 29
708 27
709 29
710 28
711 29
712 30
713 28
714 28
715 29
716 28
717 27
718 28
719 29
720 30
721 27
722 30
723 29
724 29
725 28
726 28
727 29
728 29
729 29
730 26
731 29
732 29
733 26
734 29
735 27
736 29
737 29
738 28
739 30
740 30
741 29
742 28
743 29
744 28
745 29
746 27
747 27
748 29
749 27
750 27
751 29
752 28
753 27
754 27
755 23
756 27
757 25
758 28
759 28
760 27
761 28
762 29
763 27
764 28
765 26
766 28
767 28
768 28
769 25
770 28
771 26
772 29
773 27
774 28
775 29
776 27
777 28
778 28
779 27
780 26
781 28
782 27
783 28
784 28
785 27
786 27
787 26
788 23
789 27
790 27
791 26
792 27
793 26
794 27
795 26
796 27
797 23
798 1
799 26
800 26
801 25
802 27
803 28
804 26
805 28
806 29
807 29
808 27
809 34
810 41
811 46
812 54
813 58
814 62
815 68
816 74
817 77
818 77
819 81
820 82
821 88
822 95
823 97
824 105
825 107
826 111
827 116
828 120
829 124
830 125
831 129
832 137
833 139
834 143
835 148
836 153
837 152
838 158
839 161
840 166
841 169
842 175
843 177
844 183
845 184
846 189
847 189
848 201
849 205
850 209
851 213
852 216
853 216
854 223
855 229
856 233
857 234
858 241
859 240
860 241
861 246
862 249
863 244
864 247
865 247
866 249
867 247
868 248
869 245
870 248
871 245
872 247
873 248
874 249
875 248
876 245
877 248
878 250
879 251
880 253
881 255
882 256
883 255
884 259
885 260
886 259
887 260
888 842
889 849
890 848
891 851
892 852
893 852
894 851
895 849
896 846
897 846
898 844
899 845
900 847
901 846
902 844
903 847
904 846
905 845
906 840
907 846
908 843
909 845
910 847
911 846
912 847
913 847
914 841
915 846
916 842
917 840
918 0
920 1
921 1
922 1
943 1
944 2
945 4
946 5
947 16
948 19
949 21
950 18
951 27
952 26
953 28
954 29
955 31
956 30
957 32
958 29
959 31
960 33
961 29
962 29
963 30
964 27
965 23
966 30
967 30
968 28
969 21
970 645
971 644
972 646
973 644
974 648
975 647
976 648
977 644
978 643
979 628
980 34
981 35
982 37
983 37
984 38
985 40
986 43
987 44
988 44
989 44
990 42
991 46
992 50
993 52
994 53
995 54
996 52
997 56
998 54
999 57
1000 58
1001 59
1002 29
1003 62
1004 65
1005 66
1006 68
1007 71
1008 72
1009 72
1010 76
1011 77
1012 77
1013 80
1014 81
1015 83
1016 83
1017 86
1018 86
1019 89
1020 90
1021 91
1022 93
1023 95
1024 96
1025 96
1026 98
1027 101
1028 103
1029 103
1030 105
1031 108
1032 110
1033 111
1034 113
1035 114
1036 115
1037 117
1038 119
1039 119
1040 121
1041 119
1042 124
1043 123
1044 127
1045 133
1046 135
1047 135
1048 137
1049 136
1050 138
1051 137
1052 137
1053 142
1054 143
1055 146
1056 146
1057 144
1058 151
1059 151
1060 150
1061 152
1062 152
1063 154
1064 157
1065 157
1066 159
1067 162
1068 161
1069 164
1070 165
1071 168
1072 169
1073 170
1074 171
1075 172
1076 173
1077 177
1078 176
1079 179
