0 247
1 246
2 246
3 245
4 249
6 244
7 4
8 246
9 245
10 246
12 244
13 244
14 4
15 244
16 245
17 244
18 242
19 246
20 245
21 247
22 243
23 247
24 244
25 243
26 246
27 243
28 248
29 249
30 247
31 249
32 250
33 248
34 249
35 247
36 249
37 247
38 251
39 246
40 249
41 249
42 250
43 250
44 248
45 248
46 247
47 249
48 249
49 249
50 247
51 248
52 247
53 249
54 249
55 248
56 247
57 248
58 246
59 250
60 242
61 250
62 247
63 248
64 245
65 248
66 242
67 249
68 249
69 248
70 8
71 248
72 247
73 247
74 248
75 249
76 248
77 248
78 246
79 248
80 248
81 249
82 246
83 248
84 248
85 247
86 249
87 248
88 248
89 249
90 249
91 250
92 249
93 12
94 247
95 248
96 249
97 248
98 249
99 248
100 245
101 247
102 248
103 248
104 248
105 248
106 247
107 248
108 249
109 247
110 248
111 249
112 246
113 249
114 247
115 246
116 8
117 248
118 247
119 247
120 248
121 248
122 248
123 249
124 249
125 248
126 249
127 249
128 247
129 249
130 247
131 248
132 248
133 249
134 244
135 247
136 246
137 244
138 248
139 247
140 248
141 246
142 247
143 248
144 247
145 248
146 249
147 247
148 248
149 246
150 248
151 246
152 247
153 245
154 247
155 246
156 248
157 248
158 247
159 248
160 246
161 1
162 4
163 4
164 3
165 3
166 1
167 3
168 4
169 2
170 4
171 230
172 230
173 2
174 4
175 4
176 4
177 2
191 1
192 2
197 0
198 12
199 0
200 9
201 11
202 11
203 2
204 2
205 2
206 2
207 1
208 0
212 1
213 3
214 3
215 1
216 4
217 3
218 2
219 0
220 2
221 1
222 0
223 1
224 3
225 2
226 3
227 3
228 7
229 12
230 11
231 3
232 2
233 4
234 4
235 2
236 10
237 1
238 2
239 2
240 3
241 4
242 10
243 8
244 8
245 12
246 10
247 9
248 9
249 12
250 11
251 10
252 12
253 10
254 5
255 9
256 9
257 9
258 10
259 8
260 9
261 9
262 1
263 3
264 1
265 2
266 3
267 3
268 4
269 4
270 3
271 4
272 4
273 0
274 2
275 2
276 3
277 1
278 5
279 3
280 7
281 7
282 8
283 4
284 4
285 7
286 7
287 6
288 8
289 8
290 6
291 6
292 5
293 6
294 5
295 6
296 7
297 6
298 6
299 6
300 7
301 6
302 5
303 5
304 6
305 4
306 7
307 6
308 5
309 7
310 5
311 7
312 6
313 7
314 5
315 7
316 5
317 3
318 6
319 8
320 8
321 6
322 3
323 4
324 6
325 6
326 4
327 6
328 6
329 5
330 6
331 6
332 6
333 5
334 1
335 4
336 5
337 6
338 7
339 5
340 5
341 2
342 5
343 2
344 5
345 5
346 4
347 2
348 4
349 3
350 4
351 4
352 4
353 5
354 2
355 2
356 3
357 2
358 2
359 4
360 5
361 2
362 1
363 1
364 2
365 0
367 3
368 4
369 4
370 4
371 3
372 1
373 3
374 4
375 2
376 4
377 5
378 3
379 2
380 3
381 3
382 5
383 3
384 2
385 4
386 3
387 3
388 0
389 4
390 3
391 4
392 3
393 3
394 1
395 2
396 4
397 4
398 19
399 3
400 4
401 4
402 3
403 2
404 16
405 17
406 20
407 3
408 1
409 2
410 1
411 4
412 5
413 4
414 20
415 22
416 22
417 21
418 22
419 3
420 0
421 3
422 4
423 20
424 24
425 22
426 24
427 24
428 21
429 24
430 25
431 24
432 26
433 24
434 26
435 25
436 2
437 3
438 5
439 2
440 3
441 3
442 4
443 5
444 4
445 26
446 23
447 25
448 26
449 28
450 3
451 1
452 2
453 28
454 27
455 5
456 27
457 31
458 29
459 30
460 30
461 30
462 29
463 31
464 31
465 31
466 33
467 32
468 33
469 32
470 34
471 34
472 33
473 33
474 32
475 36
476 36
477 34
478 35
479 37
480 36
481 35
482 38
483 37
484 36
485 37
486 37
487 37
488 39
489 38
490 40
491 39
492 39
493 39
494 38
495 39
496 42
497 39
498 42
499 39
500 42
501 43
502 44
503 43
504 42
505 43
506 46
507 46
508 48
509 46
510 45
511 47
512 48
513 48
514 46
515 49
516 48
517 50
518 50
519 53
520 52
521 52
522 52
523 52
524 51
525 50
526 51
527 53
528 52
529 56
530 54
531 56
532 56
533 56
534 56
535 58
536 57
537 56
538 59
539 60
540 59
541 58
542 62
543 59
544 60
545 61
546 61
547 61
548 62
549 63
550 64
551 64
552 66
553 66
554 66
555 67
556 66
557 68
558 66
559 68
560 68
561 69
562 66
563 71
564 67
565 71
566 68
567 70
568 72
569 72
570 71
571 71
572 73
573 75
574 75
575 76
576 76
577 77
578 77
579 78
580 76
581 78
582 76
583 79
584 79
585 80
586 78
587 81
588 81
589 82
590 82
591 83
592 83
593 83
594 84
595 84
596 85
597 85
598 87
599 87
600 7
601 86
602 89
603 90
604 89
605 89
606 89
607 91
608 92
609 93
610 92
611 90
612 94
613 94
614 92
615 94
616 93
617 94
618 95
619 94
620 94
621 96
622 96
623 97
624 95
625 96
626 98
627 95
628 99
629 99
630 101
631 98
632 98
633 99
634 100
635 100
636 99
637 99
638 100
639 102
640 102
641 101
642 103
643 102
644 103
645 102
646 103
647 102
648 103
649 102
650 100
651 102
652 6
653 100
654 102
655 103
656 104
657 101
658 104
659 105
660 105
661 104
662 104
663 105
664 104
665 103
666 105
667 105
668 105
669 103
670 105
671 106
672 106
673 106
674 106
675 104
676 105
677 105
678 106
679 105
680 107
681 106
682 106
683 107
684 107
685 104
686 106
687 104
688 106
689 105
690 104
691 106
692 106
693 104
694 105
695 106
696 105
697 105
698 104
699 103
700 6
701 7
702 102
703 104
704 105
705 104
706 103
707 106
708 108
709 106
710 107
711 105
712 1
713 107
714 108
715 109
716 0
717 0
718 2
719 4
720 108
721 5
722 5
723 103
724 105
725 106
726 103
727 106
728 106
729 5
730 105
731 4
732 3
733 106
734 0
735 3
736 1
737 0
738 3
739 2
740 4
741 105
742 106
743 106
744 5
745 107
746 106
747 109
748 106
749 2
750 5
751 4
752 3
753 3
754 0
758 0
760 0
762 1
763 100
764 102
765 0
766 2
767 1
770 0
771 0
772 3
773 4
774 4
775 5
776 3
777 4
778 3
779 5
780 3
781 7
782 6
783 7
784 5
785 5
786 2
787 6
788 4
789 5
790 5
791 8
792 6
793 100
794 102
795 100
796 96
797 102
798 100
799 7
800 3
801 7
802 8
803 6
804 4
805 2
806 2
811 5
812 79
813 81
814 89
815 93
816 109
817 114
818 125
819 128
820 152
821 154
822 159
823 161
824 170
825 191
826 192
827 202
828 219
829 218
830 230
831 234
832 235
833 234
834 236
835 236
836 239
837 239
838 239
839 237
840 238
841 238
842 240
843 239
844 239
845 241
846 237
847 240
848 238
849 239
850 242
851 243
852 243
853 239
854 244
855 243
856 243
857 244
858 249
859 249
860 250
861 250
862 252
863 252
864 249
865 248
866 244
867 243
868 238
869 237
870 236
871 235
872 232
873 235
874 235
875 235
876 238
877 236
878 239
879 235
880 238
881 241
882 243
883 237
884 236
885 234
886 229
902 0
903 2
904 3
905 2
906 4
907 3
908 0
909 1
910 3
911 1
912 627
913 6
914 629
915 628
916 628
917 8
918 8
919 7
920 9
921 632
922 632
923 10
924 9
925 10
926 9
927 11
928 12
929 8
930 8
931 9
932 11
933 10
934 13
935 12
936 10
937 12
938 10
939 10
940 37
941 37
942 36
943 36
944 37
945 35
946 36
947 36
948 35
949 35
950 36
951 36
952 36
953 35
954 34
955 39
956 39
957 49
958 52
959 52
960 51
961 45
962 35
963 37
964 35
965 35
966 37
967 35
968 7
969 7
970 4
971 0
972 0
973 14
974 15
975 15
976 17
977 23
978 21
979 624
980 624
981 627
982 628
983 30
984 32
985 33
986 33
987 34
988 35
989 38
990 38
991 40
992 42
993 43
994 45
995 48
996 49
997 50
998 50
999 53
1000 55
1001 56
1002 57
1003 58
1004 59
1005 60
1006 10
1007 62
1008 66
1009 64
1010 68
1011 70
1012 71
1013 70
1014 75
1015 74
1016 77
1017 81
1018 82
1019 84
1020 85
1021 86
1022 85
1023 88
1024 91
1025 93
1026 92
1027 96
1028 92
1029 96
1030 101
1031 101
1032 105
1033 107
1034 108
1035 108
1036 109
1037 108
1038 110
1039 114
1040 114
1041 115
1042 118
1043 119
1044 122
1045 123
1046 124
1047 125
1048 125
1049 133
1050 132
1051 135
1052 136
1053 132
1054 136
1055 138
1056 137
1057 141
1058 140
1059 143
1060 145
1061 146
1062 151
1063 151
1064 151
1065 151
1066 153
1067 155
1068 155
1069 155
1070 160
1071 163
1072 163
1073 163
1074 166
1075 164
1076 167
1077 168
1078 171
1079 174
