801 27
802 32
803 48
804 53
805 53
806 57
807 57
808 58
809 59
810 58
811 60
812 59
813 59
814 60
815 58
816 58
817 51
818 42
819 42
820 39
821 40
822 39
823 39
824 39
825 38
826 37
827 37
828 36
829 36
830 35
831 35
832 36
833 35
834 35
835 33
836 30
837 30
838 0
839 0
840 4
841 4
842 3
843 2
844 3
845 3
846 3
847 1
848 4
849 4
850 3
851 3
852 4
853 3
854 1
855 1
856 5
857 4
858 5
859 2
860 4
861 1
862 5
863 5
864 5
865 4
866 6
867 5
868 3
869 5
870 4
871 6
872 4
873 4
874 2
875 5
876 4
877 4
878 3
879 3
880 3
881 3
882 1
883 4
884 5
885 5
886 2
887 5
888 3
889 2
890 1
891 2
892 2
893 3
894 3
895 5
896 260
897 261
898 260
899 531
900 587
901 641
902 653
903 660
904 662
905 668
906 679
907 689
908 688
909 696
910 698
911 705
912 709
913 711
914 713
915 718
916 729
917 737
918 743
919 755
920 785
921 938
922 943
923 939
924 936
925 930
926 921
927 897
928 877
929 874
930 850
931 846
932 341
933 333
934 332
935 326
936 310
937 305
938 305
939 294
940 285
941 279
942 277
943 274
944 270
945 267
946 261
947 264
948 263
949 262
950 259
951 258
952 255
953 252
954 251
955 252
956 230
957 230
958 247
959 247
960 227
961 224
962 223
963 221
964 224
965 223
966 236
967 1032
968 1033
969 1031
970 1028
971 1030
972 1031
973 1030
974 1029
975 1026
976 1027
977 1026
978 1025
979 1011
980 988
981 966
982 967
983 958
984 944
985 934
986 925
987 912
988 901
989 8
990 5
991 5
992 777
993 733
994 734
995 5
996 715
997 686
998 689
999 687
1000 684
1001 5
1002 46
1003 619
1004 616
1005 615
1006 610
1007 586
1008 582
1009 583
1010 559
1011 555
1012 543
1013 540
1014 521
1015 516
1016 494
1017 487
1018 478
1019 466
1020 453
1021 439
1022 433
1023 409
1024 407
1025 86
1026 385
1027 361
1028 363
1029 76
1030 43
1031 26
1032 6
1033 132
1034 8
1035 133
1036 199
1037 207
1038 206
1039 198
1040 199
1041 197
1042 192
1043 90
1044 170
1045 73
1046 70
1047 68
1048 67
1049 65
1050 62
1051 131
1052 135
1053 152
1054 132
1055 139
1056 139
1057 141
1058 167
1059 176
1060 65
1061 61
1062 78
1063 67
1064 66
1065 60
1066 52
1067 43
1068 30
1069 17
1070 11
1071 3
1072 0
0 0
0 0
0 0
0 0
0 0
0 0
0 0
0 0
0 0
0 0
0 0
0 0
0 0
0 0
0 0
0 0
0 0
0 0
0 0
0 0
0 0
0 0
0 0
0 0
0 0
0 0
0 0
0 0
0 0
0 0
0 0
0 0
