1110 1079
1112 1079
1113 1076
1114 1078
1115 1079
1111 1078
1116 1072
1109 1075
1108 1068
1035 710
1033 711
1034 490
1036 707
1037 704
1038 445
1032 700
1031 695
1039 50
1107 1040
1030 674
1106 1021
1029 642
1105 992
1028 619
1104 959
1103 943
1027 584
1102 912
1026 546
1101 888
1099 864
1100 863
1025 511
1024 475
1098 814
1097 792
1023 429
1096 747
1095 735
1022 388
1021 382
1094 719
1093 707
1092 691
1091 611
1020 298
1019 300
1018 267
1090 589
1089 386
1017 227
1088 178
1004 203
994 209
995 209
996 208
999 206
1000 207
1005 3
1006 201
1007 3
987 213
988 211
992 210
993 210
998 206
1001 204
1003 202
1008 198
986 210
990 210
991 209
997 205
1002 202
1009 198
980 215
982 212
983 214
989 208
977 217
979 216
965 224
972 216
973 218
978 215
981 212
963 224
966 219
975 214
959 225
960 225
962 224
967 220
968 221
961 222
964 221
950 226
958 224
951 226
952 225
938 237
939 236
942 231
944 229
926 239
940 231
941 231
943 230
914 247
921 243
925 241
928 240
908 252
915 246
903 254
905 253
907 253
909 250
911 248
896 258
898 258
902 254
904 253
906 252
910 247
912 246
916 242
917 243
893 259
894 259
897 256
899 255
900 253
901 252
888 261
892 258
895 258
887 261
879 265
880 264
882 262
889 259
890 257
877 265
878 265
881 263
883 261
886 259
891 256
873 268
874 266
875 267
876 265
884 259
885 259
871 265
872 267
869 267
868 267
870 266
1065 26
1066 25
1067 24
1068 22
1069 23
1064 25
1070 15
1075 7
1076 8
1077 5
1078 3
1079 0
1080 2
1074 3
1073 3
1071 5
1061 3
1062 2
1059 3
1060 3
1063 0
1058 1
1057 2
1051 0
1052 2
1056 0
1050 1
1049 0
1015 4
1016 5
1014 3
1012 3
1013 3
1010 4
1011 3
985 5
984 4
976 4
974 6
971 6
970 6
969 6
957 6
956 4
953 4
948 6
954 3
955 2
949 4
946 6
947 5
945 3
937 7
936 7
935 7
934 6
930 7
932 6
933 5
929 7
931 5
927 6
924 7
923 7
922 7
920 5
918 7
919 5
913 5
865 9
864 10
866 8
867 5
863 8
862 8
858 8
860 7
854 8
855 7
857 6
861 6
856 6
859 4
851 10
853 6
847 11
849 10
852 6
846 8
848 10
850 7
845 9
844 7
843 8
841 10
842 8
839 11
840 9
835 12
836 10
834 11
837 9
838 8
832 10
833 8
831 10
830 10
828 10
829 10
826 9
827 9
825 8
821 10
823 7
824 9
818 9
820 9
822 8
817 9
819 7
816 11
815 10
813 11
814 9
811 10
808 11
809 11
812 8
810 5
805 11
807 9
806 7
801 11
802 10
803 8
804 7
799 11
798 9
800 9
796 11
795 9
797 9
793 9
792 9
794 9
788 12
789 11
791 9
786 11
787 11
790 7
785 10
782 9
784 10
781 8
783 9
779 9
780 9
776 12
777 9
778 8
773 11
774 12
772 9
775 9
771 11
770 9
766 10
767 10
769 10
765 11
768 9
761 10
764 7
758 11
760 10
763 6
757 11
759 10
762 6
756 11
752 12
755 9
753 8
754 11
750 11
751 11
747 12
748 9
749 11
746 12
741 13
745 10
740 11
742 9
744 11
743 8
739 10
737 12
736 8
738 8
733 11
735 10
732 8
734 8
730 9
727 8
731 8
726 9
729 7
725 8
723 10
724 9
728 4
720 11
721 9
722 8
718 10
715 11
716 11
717 9
719 8
714 10
712 11
713 10
710 11
711 10
708 10
709 9
704 13
707 12
705 11
706 12
703 11
699 11
701 12
700 10
702 8
697 11
698 10
696 11
694 11
695 11
692 12
693 11
688 12
689 10
691 10
687 11
690 8
686 10
683 12
684 9
685 8
679 12
680 11
682 9
677 12
681 10
678 9
675 12
676 11
674 11
669 11
671 9
672 8
673 7
668 10
670 8
665 11
666 10
667 6
664 10
662 9
663 8
658 11
660 9
661 9
657 11
659 7
656 12
655 11
652 11
653 10
651 9
654 9
650 9
646 15
647 12
649 9
645 14
648 10
644 12
642 10
643 11
639 11
635 10
636 9
637 10
638 11
641 7
640 8
633 8
634 7
630 10
631 9
629 10
632 6
626 9
625 8
627 9
628 7
621 11
622 11
624 7
620 8
623 9
619 10
616 9
618 9
613 11
614 11
617 6
612 11
615 8
609 11
610 9
606 11
607 11
608 10
611 5
605 10
603 9
601 8
602 7
604 8
600 8
599 8
592 11
597 10
598 8
591 12
593 11
594 10
596 8
590 10
595 8
588 9
589 8
585 12
586 9
587 8
584 10
581 10
583 10
580 9
582 8
578 11
577 9
579 8
575 9
576 10
574 8
571 9
572 9
569 11
570 9
573 7
568 9
567 10
566 10
561 9
564 7
565 9
560 11
562 11
563 8
555 9
558 8
559 7
551 13
554 11
557 9
552 12
553 9
556 7
550 10
548 11
549 12
547 9
546 5
543 11
544 11
540 12
541 12
545 9
542 10
537 9
539 11
533 11
534 8
536 7
538 11
535 5
530 10
528 11
529 5
531 9
532 6
527 9
525 9
526 8
523 10
524 10
522 11
518 10
519 9
520 11
521 9
512 9
517 5
513 7
515 4
509 11
511 7
516 4
514 4
508 9
510 6
502 10
503 10
507 9
504 10
505 11
506 9
500 8
501 6
494 7
495 8
497 5
498 8
493 5
496 6
499 5
490 4
491 1
489 2
492 2
487 0
488 0
