1029 728
1110 1079
1112 1079
1113 1079
1115 1079
1028 727
1109 1078
1111 1078
1027 727
1030 726
1114 1077
1108 1076
1026 726
1116 1058
1107 1049
1025 699
1106 1026
1024 674
1105 1005
1023 620
1104 968
1103 951
1022 597
1102 926
1101 902
1021 549
1020 540
1100 883
1099 850
1098 831
1097 821
1019 467
1096 794
1018 415
1095 757
1017 403
1094 739
1093 722
1092 682
1016 336
1091 651
1090 538
1015 291
1014 257
1089 377
1088 184
1087 17
1084 0
1085 0
934 248
935 247
872 283
873 283
875 281
876 281
877 279
870 284
874 282
879 279
880 276
882 277
883 275
884 274
885 272
869 283
871 280
878 279
881 275
868 283
867 282
866 282
1064 1
1065 16
1066 9
1067 24
1068 24
1069 23
1071 14
1075 7
1076 7
1077 6
1078 5
1079 4
1080 1
1074 7
1073 5
1070 3
1072 0
1060 5
1061 4
1062 0
1058 3
1059 2
1055 0
1056 0
1050 0
1052 0
1035 4
1038 2
1033 2
1036 2
1037 2
1034 3
1031 4
1032 2
1012 4
1011 4
1010 2
1013 0
1002 7
1001 6
1003 4
1004 1
1007 2
1008 2
1000 6
1005 1
1006 2
998 6
999 5
997 6
994 7
993 7
995 3
996 3
991 3
990 4
992 4
987 4
989 4
988 2
986 4
983 5
984 4
982 5
985 0
980 5
981 3
979 5
976 5
977 5
978 3
973 6
975 5
972 7
970 5
971 6
969 7
968 6
967 5
965 4
974 0
962 7
964 5
966 1
963 4
961 6
959 4
960 5
957 6
956 6
958 4
955 4
950 6
951 5
953 4
954 3
948 6
947 5
949 5
952 1
944 6
946 6
945 6
941 6
943 4
939 7
942 4
938 7
940 4
936 7
937 4
933 6
929 7
930 8
932 6
926 7
927 5
928 5
931 5
924 7
923 7
925 5
920 7
922 5
919 8
921 5
917 5
918 4
914 7
916 5
912 7
913 6
915 4
909 8
911 7
910 7
908 6
907 7
903 6
904 8
906 6
902 6
905 6
900 7
901 6
899 7
897 7
898 8
893 9
895 8
896 7
894 8
889 10
890 9
891 8
892 7
888 7
886 8
887 6
865 9
864 10
863 8
861 7
857 8
858 6
859 7
855 8
860 6
862 5
856 6
851 10
853 7
854 6
852 8
848 11
849 10
850 8
847 9
845 9
844 8
843 9
846 7
839 9
841 10
842 9
838 9
840 8
836 8
833 11
835 10
834 10
830 9
831 10
832 7
837 6
829 8
828 9
824 11
825 8
826 9
827 7
822 11
823 11
821 8
818 11
820 9
817 10
819 8
816 11
815 9
813 9
811 9
812 6
809 10
810 8
808 9
814 6
804 8
805 9
806 10
807 9
802 11
803 10
801 10
799 11
800 10
798 9
795 11
797 9
796 10
793 10
794 8
791 10
792 8
789 11
786 12
788 9
790 10
787 10
785 10
783 11
784 11
779 10
780 10
781 9
782 10
778 10
776 12
775 11
777 9
773 10
774 10
771 13
772 9
768 10
769 11
770 11
767 10
765 11
766 9
764 9
761 11
762 9
763 7
759 10
760 11
756 11
758 10
755 9
753 12
757 8
752 11
754 10
751 11
747 11
749 9
745 12
748 10
746 11
750 8
741 12
740 12
743 10
744 10
742 9
739 11
737 12
738 11
735 11
736 11
733 11
734 10
732 10
731 7
727 8
728 9
730 8
726 9
724 9
720 12
721 12
725 9
729 5
722 9
723 5
718 10
717 10
719 10
715 9
716 11
714 9
713 8
711 10
712 9
706 14
707 14
708 10
710 9
704 13
705 13
709 8
702 11
701 12
703 11
699 12
700 12
698 12
697 7
694 11
693 11
695 10
696 9
692 10
691 10
688 11
689 9
686 11
687 8
690 8
685 7
677 14
678 12
680 11
681 8
683 8
684 8
682 10
674 13
679 9
675 11
673 9
676 8
670 11
669 11
671 10
672 8
668 10
664 10
665 10
666 8
663 10
667 6
657 11
658 11
662 8
659 8
660 8
661 8
655 11
656 10
654 11
650 11
652 10
653 10
651 10
646 15
648 11
647 14
649 8
643 12
644 13
645 10
642 10
640 11
641 10
634 11
635 12
636 11
638 9
639 12
637 10
633 10
632 7
629 12
631 10
630 10
628 10
626 8
625 8
623 10
624 10
627 7
620 11
621 9
622 10
619 11
618 10
614 11
615 11
616 9
617 8
612 11
613 11
611 9
608 12
609 11
607 12
610 8
606 10
605 10
602 9
603 10
604 10
601 8
599 9
600 8
597 11
591 11
593 12
594 11
596 10
598 8
590 11
592 11
595 11
587 11
585 12
586 10
588 8
589 8
584 10
582 8
583 9
580 9
578 11
581 9
577 9
579 9
574 9
575 8
576 10
573 9
570 12
572 10
569 12
568 11
567 10
571 5
565 10
566 8
561 12
564 8
560 12
562 10
563 8
555 11
556 10
557 10
559 8
554 10
558 6
551 12
553 10
552 11
550 8
547 10
548 13
549 10
543 12
546 9
541 13
542 11
545 9
544 9
533 12
536 7
537 9
539 11
540 10
538 11
534 8
535 6
530 9
531 10
528 10
529 9
532 7
526 12
525 6
527 7
524 10
522 11
523 6
519 11
520 11
521 12
518 8
516 5
517 6
515 8
511 11
512 8
510 8
514 6
509 9
513 4
508 7
502 11
503 10
507 9
505 11
506 9
501 8
504 10
495 9
500 8
494 8
497 7
499 7
498 7
496 5
490 4
489 3
491 3
493 2
492 2
488 0
486 0
487 0
