0 248
1 249
2 247
3 250
4 248
5 247
6 246
7 248
8 249
9 241
10 249
11 2
12 248
13 242
14 249
15 249
16 249
17 247
18 247
19 245
20 247
21 241
22 249
23 248
24 249
25 250
26 249
27 249
28 250
29 248
30 249
31 250
32 250
33 247
34 250
35 249
36 248
37 250
38 251
39 250
40 251
41 251
42 251
43 249
44 248
45 249
46 249
47 248
48 250
49 251
50 251
51 251
52 250
53 249
54 250
55 251
56 248
57 250
58 249
59 251
60 250
61 249
62 249
63 248
64 249
65 251
66 251
67 249
68 247
69 248
70 249
71 249
72 247
73 250
74 249
75 247
76 250
77 248
78 251
79 250
80 249
81 251
82 250
83 250
84 245
85 247
86 249
87 251
88 251
89 251
90 250
91 250
92 251
93 250
94 247
95 249
96 248
97 249
98 249
99 250
100 248
101 250
102 248
103 250
104 250
105 248
106 249
107 249
108 250
109 248
110 250
111 249
112 249
113 249
114 249
115 248
116 248
117 249
118 249
119 248
120 248
121 248
122 249
123 248
124 249
125 249
126 248
127 249
128 249
129 247
130 248
131 246
132 248
133 247
134 249
135 247
136 247
137 248
138 248
139 249
140 245
141 248
142 248
143 249
144 249
145 248
146 249
147 9
148 247
149 247
150 245
151 247
152 247
153 8
154 245
155 0
158 0
159 1
160 2
161 1
162 2
163 1
164 0
165 2
166 0
167 3
168 4
169 4
170 3
171 3
172 2
173 3
174 2
175 1
176 3
177 2
178 2
179 0
180 3
181 1
182 2
183 1
184 0
185 0
187 1
189 0
190 2
191 3
192 2
193 2
194 2
195 2
196 2
197 2
198 2
199 2
200 0
201 2
202 0
203 2
204 3
205 2
206 2
207 5
208 5
209 3
210 4
211 3
212 5
213 5
214 2
215 4
216 4
217 3
218 0
219 3
220 1
221 5
222 3
223 4
224 2
225 3
226 1
227 3
228 2
229 4
230 3
231 4
232 3
233 5
234 2
235 4
236 3
237 4
238 4
239 0
240 1
241 2
242 3
243 2
244 2
245 2
246 2
247 3
248 4
249 1
250 2
251 0
252 3
253 0
254 3
255 3
256 3
257 2
258 4
259 3
260 2
261 3
262 0
263 3
264 3
265 1
266 4
267 0
268 3
269 4
270 4
271 4
272 1
273 2
274 4
275 1
276 3
277 3
278 4
279 5
280 4
281 5
282 5
283 5
284 4
285 2
286 5
287 5
288 2
289 4
290 5
291 5
292 5
293 5
294 3
295 4
296 4
297 3
298 6
299 6
300 5
301 6
302 6
303 7
304 7
305 6
306 6
307 5
308 6
309 8
310 7
311 10
312 9
313 8
314 8
315 8
316 10
317 8
318 10
319 10
320 11
321 12
322 11
323 12
324 13
325 12
326 11
327 10
328 12
329 12
330 12
331 13
332 15
333 13
334 15
335 15
336 16
337 16
338 16
339 15
340 15
341 15
342 15
343 16
344 15
345 17
346 15
347 15
348 15
349 17
350 16
351 18
352 17
353 19
354 16
355 19
356 19
357 18
358 21
359 23
360 23
361 24
362 23
363 25
364 26
365 26
366 27
367 27
368 27
369 24
370 29
371 28
372 28
373 30
374 29
375 29
376 30
377 28
378 30
379 29
380 32
381 31
382 32
383 32
384 29
385 32
386 34
387 33
388 31
389 36
390 32
391 35
392 36
393 38
394 37
395 38
396 37
397 38
398 39
399 38
400 38
401 36
402 40
403 40
404 43
405 42
406 41
407 43
408 43
409 43
410 44
411 46
412 45
413 45
414 47
415 47
416 47
417 46
418 47
419 48
420 49
421 48
422 50
423 49
424 50
425 50
426 49
427 52
428 51
429 52
430 51
431 51
432 53
433 52
434 54
435 56
436 55
437 55
438 55
439 56
440 58
441 57
442 59
443 59
444 58
445 61
446 60
447 60
448 61
449 60
450 62
451 63
452 63
453 63
454 63
455 64
456 64
457 67
458 66
459 67
460 68
461 68
462 68
463 69
464 70
465 70
466 72
467 73
468 72
469 73
470 73
471 74
472 75
473 74
474 76
475 75
476 75
477 76
478 79
479 80
480 79
481 78
482 81
483 81
484 79
485 82
486 82
487 81
488 82
489 81
490 83
491 85
492 85
493 85
494 87
495 87
496 87
497 87
498 86
499 89
500 88
501 89
502 89
503 90
504 90
505 90
506 93
507 88
508 92
509 90
510 94
511 94
512 93
513 95
514 96
515 95
516 96
517 97
518 98
519 102
520 103
521 105
522 106
523 107
524 109
525 109
526 111
527 111
528 111
529 114
530 114
531 115
532 116
533 116
534 118
535 118
536 122
537 121
538 125
539 126
540 127
541 127
542 132
543 131
544 133
545 135
546 136
547 136
548 137
549 138
550 138
551 139
552 140
553 139
554 136
555 139
556 142
557 144
558 142
559 145
560 146
561 146
562 146
563 147
564 147
565 148
566 148
567 149
568 148
569 149
570 151
571 149
572 151
573 152
574 152
575 154
576 156
577 156
578 156
579 157
580 158
581 159
582 159
583 160
584 160
585 160
586 159
587 162
588 161
589 162
590 161
591 163
592 164
593 165
594 166
595 165
596 165
597 162
598 166
599 168
600 168
601 168
602 168
603 168
604 169
605 169
606 169
607 170
608 169
609 170
610 169
611 170
612 168
613 172
614 171
615 173
616 172
617 171
618 174
619 171
620 174
621 170
622 174
623 175
624 175
625 173
626 175
627 176
628 176
629 174
630 176
631 177
632 176
633 176
634 178
635 177
636 178
637 178
638 178
639 179
640 179
641 177
642 179
643 178
644 177
645 177
646 179
647 180
648 179
649 179
650 181
651 176
652 179
653 180
654 181
655 182
656 182
657 180
658 179
659 178
660 181
661 180
662 183
663 183
664 185
665 185
666 188
667 188
668 188
669 189
670 188
671 187
672 188
673 188
674 188
675 189
676 188
677 189
678 189
679 189
680 189
681 188
682 189
683 187
684 188
685 184
686 188
687 189
688 189
689 188
690 188
691 187
692 186
693 185
694 186
695 189
696 190
697 190
698 190
699 190
700 190
701 190
702 190
703 190
704 190
705 190
706 186
707 189
708 190
709 189
710 187
711 187
712 186
713 9
714 8
715 8
716 10
717 8
718 9
719 179
720 179
721 178
722 178
723 5
724 3
725 3
726 7
727 175
728 176
729 175
730 175
731 174
732 178
733 175
734 177
735 175
736 178
737 176
738 176
739 176
740 174
741 176
742 176
743 176
744 176
745 174
746 6
747 5
748 6
749 4
750 6
751 6
752 5
753 6
754 6
755 2
756 2
757 6
758 6
759 5
760 7
761 3
762 9
763 6
764 7
765 5
766 7
767 9
768 9
769 8
770 9
771 7
772 7
773 8
774 8
775 9
776 7
777 8
778 8
779 10
780 9
781 11
782 10
783 9
784 173
785 9
786 173
787 172
788 8
789 9
790 11
791 10
792 11
793 12
794 7
795 2
796 157
797 132
798 136
799 137
800 139
801 138
802 140
803 136
804 138
805 135
806 137
807 129
808 2
809 1
813 1
814 3
815 6
816 90
817 82
818 103
819 108
820 110
821 121
822 123
823 142
824 154
825 159
826 178
827 185
828 185
829 193
830 202
831 215
832 216
833 226
834 233
835 236
836 236
837 239
838 241
839 241
840 241
841 241
842 243
843 242
844 237
845 238
846 237
847 237
848 238
849 238
850 238
851 239
852 239
853 241
854 241
855 242
856 242
857 243
858 242
859 242
860 246
861 245
862 241
863 245
864 243
865 241
866 245
867 244
868 240
869 244
870 243
871 241
872 240
873 240
874 239
875 243
876 243
877 243
878 244
879 245
880 243
881 241
882 242
883 243
884 242
885 241
886 239
887 238
888 12
889 10
890 4
896 0
907 1
912 0
913 2
914 0
915 629
916 628
917 5
918 4
919 7
920 631
921 8
922 6
923 8
924 631
925 10
926 12
927 11
928 9
929 8
930 9
931 10
932 9
933 11
934 10
935 12
936 9
937 11
938 10
939 37
940 40
941 39
942 39
943 39
944 38
945 38
946 39
947 40
948 40
949 39
950 42
951 37
952 39
953 46
954 36
955 47
956 46
957 45
958 51
959 51
960 53
961 53
962 47
963 50
964 46
965 41
966 43
967 41
968 39
969 38
970 34
971 34
972 1
974 12
975 14
976 17
977 22
978 22
979 23
980 22
981 27
982 630
983 29
984 31
985 32
986 33
987 34
988 36
989 36
990 35
991 40
992 41
993 41
994 45
995 42
996 48
997 47
998 51
999 51
1000 52
1001 55
1002 53
1003 58
1004 58
1005 59
1006 10
1007 10
1008 63
1009 65
1010 66
1011 71
1012 70
1013 72
1014 74
1015 76
1016 78
1017 79
1018 81
1019 81
1020 84
1021 85
1022 88
1023 88
1024 89
1025 88
1026 91
1027 96
1028 97
1029 95
1030 97
1031 102
1032 104
1033 104
1034 104
1035 106
1036 108
1037 109
1038 111
1039 113
1040 115
1041 115
1042 116
1043 119
1044 122
1045 121
1046 123
1047 125
1048 124
1049 133
1050 133
1051 134
1052 133
1053 135
1054 137
1055 138
1056 137
1057 141
1058 143
1059 142
1060 144
1061 143
1062 148
1063 149
1064 150
1065 150
1066 152
1067 153
1068 156
1069 157
1070 158
1071 161
1072 164
1073 160
1074 164
1075 167
1076 168
1077 170
1078 170
1079 172
