0 247
1 246
2 248
3 246
4 246
5 243
6 247
7 246
8 246
9 245
10 248
11 244
12 247
13 242
14 242
15 244
16 247
17 245
18 246
19 245
20 245
21 246
22 245
23 249
24 247
25 246
26 250
27 250
28 247
29 249
30 249
31 246
32 247
33 248
34 249
35 249
36 249
37 248
38 250
39 247
40 247
41 246
42 248
43 248
44 248
45 248
46 248
47 249
48 249
49 248
50 249
51 248
52 249
53 248
54 247
55 248
56 248
57 248
58 248
59 250
60 249
61 250
62 246
63 249
64 250
65 249
66 247
67 247
68 248
69 250
70 250
71 248
72 249
73 249
74 248
75 249
76 247
77 249
78 245
79 248
80 249
81 248
82 248
83 249
84 247
85 249
86 247
87 250
88 250
89 248
90 247
91 249
92 250
93 250
94 250
95 249
96 248
97 250
98 249
99 250
100 247
101 249
102 248
103 249
104 248
105 249
106 249
107 248
108 248
109 248
110 248
111 248
112 249
113 248
114 248
115 249
116 249
117 248
118 249
119 248
120 247
121 248
122 249
123 247
124 248
125 247
126 248
127 249
128 249
129 249
130 246
131 248
132 248
133 245
134 249
135 249
136 249
137 244
138 249
139 247
140 247
141 246
142 249
143 248
144 248
145 249
146 246
147 247
148 9
149 247
150 246
151 245
152 247
153 244
154 248
155 244
156 3
157 229
158 4
159 229
160 5
161 4
162 0
163 243
164 244
165 241
166 244
167 230
168 241
169 231
170 230
171 231
172 229
173 242
174 229
175 232
176 231
177 230
178 231
179 229
180 230
181 231
182 5
183 230
184 230
185 230
186 232
187 232
188 230
189 232
190 233
191 232
192 231
193 232
194 233
195 232
196 233
197 232
198 231
199 242
200 243
201 241
202 240
203 243
204 3
205 3
206 232
207 232
208 231
209 239
210 239
211 11
212 1
213 2
214 10
216 0
218 2
219 1
220 1
221 0
222 10
223 11
224 12
225 11
226 11
227 11
228 10
229 10
230 9
231 11
232 11
233 4
234 4
235 8
236 9
237 9
238 9
239 9
240 11
241 10
242 10
243 10
244 9
245 10
246 11
247 11
248 11
249 9
250 10
251 9
252 9
253 9
254 10
255 8
256 11
257 9
258 8
259 7
260 10
261 8
262 8
263 9
264 10
265 9
266 7
267 8
268 5
269 7
270 8
271 9
272 9
273 7
274 9
275 6
276 6
277 8
278 6
279 7
280 7
281 7
282 6
283 8
284 4
285 8
286 8
287 8
288 9
289 7
290 8
291 5
292 4
293 7
294 7
295 7
296 7
297 8
298 7
299 8
300 8
301 6
302 7
303 7
304 6
305 5
306 5
307 8
308 8
309 6
310 7
311 7
312 9
313 8
314 6
315 6
316 4
317 7
318 7
319 7
320 7
321 6
322 6
323 5
324 7
325 6
326 6
327 6
328 6
329 6
330 6
331 6
332 6
333 6
334 6
335 6
336 5
337 6
338 3
339 5
340 5
341 2
342 4
343 5
344 5
345 6
346 4
347 6
348 6
349 6
350 5
351 4
352 5
353 5
354 4
355 6
356 5
357 6
358 6
359 5
360 5
361 4
362 4
363 6
364 6
365 7
366 8
367 8
368 4
369 8
370 8
371 10
372 11
373 10
374 11
375 10
376 10
377 6
378 4
379 3
380 10
381 5
382 9
383 12
384 13
385 11
386 14
387 13
388 15
389 13
390 15
391 12
392 14
393 13
394 14
395 11
396 13
397 14
398 14
399 15
400 16
401 17
402 16
403 15
404 14
405 15
406 4
407 4
408 5
409 2
410 3
411 15
412 2
413 3
414 14
415 16
416 18
417 17
418 18
419 16
420 17
421 17
422 17
423 17
424 16
425 17
426 20
427 20
428 20
429 21
430 19
431 20
432 17
433 19
434 18
435 18
436 18
437 5
438 20
439 20
440 22
441 21
442 20
443 21
444 21
445 17
446 21
447 22
448 22
449 22
450 24
451 22
452 23
453 24
454 23
455 24
456 23
457 24
458 25
459 21
460 25
461 24
462 26
463 25
464 24
465 26
466 27
467 27
468 25
469 27
470 26
471 26
472 27
473 27
474 26
475 27
476 28
477 26
478 28
479 30
480 29
481 28
482 29
483 27
484 30
485 29
486 27
487 30
488 29
489 30
490 29
491 28
492 30
493 31
494 30
495 31
496 33
497 30
498 32
499 29
500 31
501 32
502 33
503 34
504 34
505 32
506 33
507 35
508 32
509 34
510 33
511 34
512 33
513 34
514 34
515 34
516 34
517 34
518 35
519 34
520 37
521 36
522 36
523 38
524 37
525 38
526 36
527 39
528 38
529 33
530 38
531 40
532 40
533 40
534 38
535 40
536 37
537 40
538 40
539 38
540 40
541 42
542 43
543 41
544 42
545 40
546 42
547 41
548 42
549 40
550 42
551 44
552 43
553 43
554 43
555 42
556 45
557 43
558 45
559 41
560 46
561 45
562 46
563 46
564 45
565 46
566 45
567 48
568 48
569 49
570 46
571 47
572 49
573 48
574 45
575 48
576 48
577 47
578 47
579 49
580 48
581 50
582 49
583 50
584 49
585 50
586 50
587 49
588 52
589 51
590 49
591 50
592 50
593 51
594 52
595 52
596 50
597 52
598 51
599 54
600 53
601 54
602 51
603 53
604 49
605 54
606 55
607 54
608 54
609 55
610 54
611 55
612 53
613 54
614 53
615 55
616 55
617 54
618 52
619 55
620 54
621 55
622 55
623 55
624 54
625 51
626 55
627 55
628 52
629 54
630 52
631 56
632 54
633 55
634 55
635 54
636 54
637 57
638 55
639 55
640 54
641 55
642 57
643 56
644 56
645 57
646 56
647 58
648 57
649 58
650 57
651 4
652 58
653 59
654 58
655 58
656 56
657 56
658 56
659 59
660 58
661 57
662 55
663 58
664 56
665 55
666 58
667 57
668 57
669 57
670 58
671 57
672 55
673 58
674 57
675 55
676 3
677 56
678 54
679 56
680 57
681 59
682 58
683 56
684 57
685 58
686 59
687 60
688 60
689 57
690 60
691 2
692 61
693 62
694 61
695 59
696 61
697 60
698 57
699 3
700 5
701 5
702 60
703 58
704 59
705 60
706 59
707 59
708 60
709 59
710 1
711 4
712 3
713 4
714 1
715 0
720 1
730 4
731 2
732 1
733 0
734 0
735 0
736 0
738 1
739 2
753 1
754 0
755 0
759 0
791 1
792 0
793 52
794 55
795 53
796 54
797 56
798 54
799 56
800 57
801 57
802 56
803 57
804 56
805 55
806 3
807 12
808 51
809 70
810 75
811 77
812 85
813 97
814 107
815 114
816 118
817 126
818 138
819 142
820 145
821 158
822 162
823 175
824 176
825 190
826 202
827 210
828 212
829 214
830 233
831 233
832 235
833 237
834 235
835 241
836 241
837 241
838 242
839 241
840 231
841 243
842 242
843 242
844 244
845 245
846 246
847 244
848 245
849 245
850 245
851 245
852 245
853 246
854 245
855 246
856 246
857 245
858 244
859 244
860 244
861 243
862 239
863 239
864 238
865 238
866 239
867 236
868 237
869 237
870 235
871 236
872 234
873 237
874 233
875 238
876 240
877 241
878 240
879 242
880 239
881 237
882 236
883 234
884 233
885 227
909 0
910 0
911 5
912 5
913 5
914 3
915 7
916 8
917 9
918 10
919 9
920 8
921 11
922 11
923 10
924 10
925 12
926 12
927 10
928 11
929 9
930 10
931 10
932 11
933 12
934 11
935 10
936 36
937 37
938 38
939 36
940 37
941 37
942 36
943 38
944 39
945 36
946 36
947 38
948 39
949 37
950 37
951 56
952 38
953 38
954 39
955 43
956 48
957 46
958 44
959 45
960 51
961 45
962 46
963 47
964 46
965 46
966 47
967 35
968 9
969 5
970 7
971 2
972 2
973 11
974 15
975 18
976 23
977 20
978 24
979 24
980 24
981 27
982 28
983 30
984 31
985 33
986 31
987 36
988 38
989 39
990 38
991 41
992 41
993 43
994 46
995 47
996 47
997 49
998 53
999 53
1000 55
1001 57
1002 54
1003 58
1004 57
1005 61
1006 62
1007 63
1008 66
1009 67
1010 68
1011 68
1012 69
1013 73
1014 75
1015 78
1016 80
1017 78
1018 82
1019 84
1020 86
1021 86
1022 88
1023 88
1024 91
1025 90
1026 95
1027 93
1028 96
1029 98
1030 100
1031 102
1032 106
1033 107
1034 108
1035 109
1036 108
1037 111
1038 110
1039 112
1040 114
1041 115
1042 119
1043 116
1044 121
1045 122
1046 124
1047 125
1048 131
1049 133
1050 132
1051 136
1052 135
1053 135
1054 136
1055 138
1056 137
1057 139
1058 141
1059 145
1060 145
1061 143
1062 148
1063 150
1064 150
1065 152
1066 154
1067 155
1068 156
1069 154
1070 162
1071 163
1072 164
1073 163
1074 165
1075 168
1076 169
1077 170
1078 171
1079 172
