0 250
1 250
2 251
3 251
4 249
5 251
6 251
7 251
8 248
9 250
10 249
11 249
12 251
13 249
14 249
15 249
16 250
17 247
18 249
19 247
20 249
21 249
22 251
23 250
24 251
25 251
26 250
27 249
28 248
29 250
30 249
31 250
32 251
33 251
34 249
35 251
36 251
37 251
38 250
39 250
40 249
41 251
42 250
43 251
44 249
45 250
46 249
47 251
48 249
49 249
50 250
51 247
52 251
53 251
54 249
55 249
56 251
57 251
58 250
59 250
60 250
61 248
62 249
63 250
64 250
65 248
66 250
67 251
68 252
69 250
70 251
71 250
72 249
73 247
74 249
75 248
76 250
77 250
78 251
79 251
80 251
81 249
82 250
83 251
84 251
85 250
86 250
87 251
88 251
89 251
90 249
91 250
92 250
93 248
94 248
95 251
96 251
97 249
98 248
99 250
100 250
101 244
102 312
103 314
104 314
105 312
106 316
107 316
108 315
109 315
110 317
111 316
112 316
113 315
114 317
115 317
116 317
117 316
118 317
119 317
120 318
121 315
122 316
123 317
124 316
125 316
126 316
127 316
128 316
129 315
130 316
131 314
132 317
133 317
134 318
135 316
136 316
137 317
138 316
139 315
140 316
141 315
142 318
143 317
144 317
145 315
146 317
147 318
148 316
149 316
150 316
151 316
152 315
153 316
154 317
155 315
156 316
157 318
158 315
159 318
160 319
161 317
162 314
163 316
164 315
165 316
166 316
167 317
168 317
169 317
170 316
171 316
172 317
173 317
174 316
175 316
176 76
177 317
178 77
179 7
180 73
181 74
182 78
183 78
184 77
185 75
186 77
187 78
188 77
189 7
190 5
191 5
192 6
193 6
194 5
195 76
196 76
197 5
198 76
199 76
200 78
201 76
202 8
203 7
204 7
205 5
206 5
207 4
208 77
209 77
210 75
211 76
212 4
213 2
214 6
215 6
216 7
217 6
218 6
219 5
220 4
221 3
222 1
228 1
229 2
230 4
231 2
232 3
233 3
234 3
235 4
236 4
237 5
238 4
239 5
240 4
241 4
242 5
243 6
244 4
245 2
246 4
247 5
248 6
249 5
250 86
251 84
252 85
253 4
254 6
255 5
256 7
257 7
258 7
259 6
260 6
261 86
262 89
263 90
264 89
265 88
266 88
267 90
268 89
269 89
270 89
271 5
272 6
273 89
274 92
275 93
276 92
277 92
278 92
279 91
280 93
281 90
282 93
283 90
284 92
285 6
286 5
287 3
288 5
289 92
290 92
291 94
292 92
293 95
294 93
295 95
296 96
297 94
298 96
299 95
300 96
301 95
302 93
303 97
304 98
305 98
306 96
307 97
308 99
309 98
310 100
311 99
312 99
313 97
314 98
315 100
316 97
317 100
318 101
319 101
320 100
321 98
322 100
323 99
324 100
325 100
326 101
327 101
328 102
329 102
330 99
331 102
332 102
333 102
334 101
335 104
336 103
337 100
338 102
339 104
340 101
341 104
342 105
343 105
344 101
345 103
346 105
347 102
348 104
349 102
350 106
351 106
352 106
353 106
354 108
355 107
356 107
357 107
358 105
359 107
360 108
361 107
362 109
363 109
364 108
365 109
366 109
367 109
368 110
369 111
370 109
371 106
372 110
373 111
374 112
375 109
376 111
377 111
378 111
379 111
380 111
381 112
382 111
383 110
384 110
385 111
386 111
387 111
388 110
389 110
390 113
391 112
392 113
393 114
394 114
395 113
396 9
397 113
398 113
399 114
400 114
401 115
402 112
403 115
404 114
405 115
406 114
407 116
408 117
409 117
410 117
411 118
412 118
413 117
414 117
415 117
416 117
417 117
418 118
419 117
420 114
421 118
422 117
423 117
424 118
425 119
426 118
427 120
428 118
429 120
430 121
431 121
432 121
433 119
434 121
435 118
436 120
437 120
438 120
439 120
440 119
441 119
442 117
443 121
444 118
445 120
446 120
447 120
448 121
449 120
450 121
451 122
452 121
453 120
454 120
455 121
456 120
457 119
458 122
459 117
460 119
461 123
462 119
463 122
464 120
465 121
466 121
467 118
468 121
469 122
470 122
471 122
472 123
473 122
474 120
475 121
476 122
477 122
478 120
479 122
480 122
481 123
482 120
483 123
484 122
485 123
486 124
487 125
488 124
489 123
490 123
491 122
492 122
493 124
494 124
495 124
496 125
497 125
498 124
499 123
500 124
501 124
502 125
503 124
504 123
505 123
506 125
507 123
508 126
509 125
510 125
511 126
512 126
513 126
514 126
515 125
516 126
517 126
518 126
519 127
520 127
521 126
522 126
523 126
524 126
525 126
526 126
527 125
528 126
529 124
530 123
531 126
532 127
533 127
534 127
535 127
536 127
537 128
538 129
539 129
540 129
541 131
542 129
543 131
544 131
545 131
546 131
547 131
548 131
549 131
550 129
551 131
552 132
553 132
554 131
555 130
556 130
557 130
558 131
559 130
560 131
561 131
562 131
563 132
564 131
565 131
566 130
567 130
568 132
569 132
570 131
571 129
572 129
573 131
574 128
575 126
576 130
577 128
578 128
579 127
580 127
581 126
582 124
583 123
584 124
585 126
586 125
587 127
588 123
589 126
590 124
591 127
592 126
593 127
594 124
595 125
596 123
597 124
598 126
599 124
600 126
601 126
602 125
603 124
604 124
605 124
606 125
607 124
608 125
609 123
610 120
611 122
612 123
613 124
614 123
615 122
616 124
617 124
618 124
619 121
620 122
621 122
622 121
623 123
624 124
625 123
626 123
627 123
628 123
629 123
630 123
631 122
632 123
633 122
634 123
635 124
636 124
637 123
638 123
639 123
640 123
641 118
642 121
643 123
644 122
645 124
646 122
647 122
648 123
649 123
650 122
651 123
652 120
653 121
654 120
655 119
656 120
657 120
658 118
659 121
660 122
661 122
662 122
663 121
664 120
665 121
666 120
667 118
668 123
669 120
670 122
671 122
672 121
673 122
674 122
675 120
676 119
677 118
678 119
679 119
680 122
681 122
682 123
683 122
684 120
685 122
686 122
687 122
688 122
689 121
690 122
691 119
692 121
693 118
694 7
695 121
696 122
697 119
698 120
699 117
700 121
701 120
702 120
703 119
704 120
705 120
706 119
707 119
708 118
709 117
710 7
711 120
712 119
713 119
714 120
715 6
716 6
717 6
718 3
719 5
720 7
721 7
722 6
723 118
724 116
725 118
726 118
727 6
728 4
729 5
730 5
731 4
732 4
733 4
734 3
735 6
736 5
737 1
738 117
739 116
740 118
741 116
742 118
743 118
744 117
745 116
746 119
747 119
748 118
749 118
750 118
751 119
752 118
753 117
754 117
755 117
756 113
757 116
758 116
759 117
760 119
761 118
762 119
763 118
764 118
765 118
766 116
767 116
768 116
769 117
770 119
771 120
772 4
773 119
774 117
775 118
776 118
777 117
778 119
779 119
780 119
781 116
782 119
783 118
784 118
785 119
786 115
787 117
788 117
789 115
790 113
791 6
792 7
793 7
794 8
795 5
796 5
797 6
798 5
799 6
800 5
801 3
802 2
807 2
808 4
809 51
810 67
811 69
812 90
813 92
814 97
815 110
816 118
817 125
818 144
819 152
820 156
821 172
822 185
823 202
824 207
825 207
826 229
827 236
828 243
829 245
830 246
831 245
832 250
833 252
834 247
835 251
836 249
837 251
838 250
839 251
840 248
841 246
842 249
843 249
844 247
845 249
846 248
847 248
848 249
849 250
850 250
851 249
852 252
853 251
854 257
855 258
856 261
857 262
858 263
859 261
860 261
861 259
862 257
863 254
864 253
865 251
866 249
867 252
868 250
869 249
870 248
871 247
872 249
873 249
874 248
875 250
876 248
877 252
878 250
879 253
880 253
881 252
882 252
883 251
884 249
885 244
886 246
887 238
888 2
891 2
892 2
893 0
894 1
897 1
898 0
899 2
900 1
901 4
902 5
903 7
904 5
905 6
906 3
907 4
908 7
909 5
910 5
911 4
912 1
913 627
914 627
915 628
916 631
917 6
918 8
919 8
920 8
921 7
922 11
923 13
924 20
925 18
926 13
927 12
928 15
929 14
930 15
931 15
932 14
933 14
934 12
935 14
936 13
937 14
938 15
939 15
940 15
941 11
942 13
943 40
944 43
945 42
946 44
947 54
948 52
949 49
950 53
951 52
952 52
953 52
954 54
955 50
956 58
957 58
958 52
959 52
960 52
961 53
962 49
963 52
964 52
965 52
966 50
967 53
968 51
969 52
970 51
971 44
972 42
973 642
974 642
975 643
976 645
977 641
978 627
979 626
980 628
981 33
982 32
983 34
984 34
985 36
986 40
987 42
988 42
989 44
990 46
991 46
992 47
993 48
994 50
995 52
996 52
997 56
998 55
999 55
1000 57
1001 59
1002 58
1003 59
1004 27
1005 63
1006 66
1007 67
1008 70
1009 70
1010 72
1011 72
1012 75
1013 79
1014 79
1015 81
1016 84
1017 84
1018 85
1019 88
1020 89
1021 91
1022 92
1023 93
1024 93
1025 95
1026 97
1027 99
1028 101
1029 103
1030 105
1031 105
1032 109
1033 108
1034 109
1035 113
1036 113
1037 114
1038 114
1039 120
1040 119
1041 120
1042 119
1043 122
1044 125
1045 126
1046 130
1047 135
1048 135
1049 131
1050 135
1051 135
1052 137
1053 137
1054 141
1055 141
1056 142
1057 141
1058 146
1059 144
1060 149
1061 148
1062 150
1063 154
1064 154
1065 156
1066 156
1067 159
1068 161
1069 157
1070 162
1071 162
1072 165
1073 167
1074 170
1075 167
1076 172
1077 168
1078 175
1079 176
