1109 1079
1110 1079
1111 1079
1112 1079
1113 1077
1114 1079
1116 1075
1115 1078
1029 726
1028 724
1030 722
1031 721
1027 720
1026 719
1032 715
1025 717
1108 1063
1024 696
1107 1043
1106 1016
1023 658
1105 969
1104 957
1022 608
1021 577
1103 915
1102 898
1020 543
1019 517
1101 858
1100 836
1099 818
1098 797
1018 445
1017 421
1097 756
1016 386
1096 728
1095 713
1094 673
1015 330
1014 301
1093 641
1013 287
1092 625
1091 620
1090 606
1089 353
981 218
982 217
984 217
986 215
990 212
991 212
993 211
976 220
979 219
983 217
985 215
987 212
988 212
994 209
973 222
975 220
977 219
978 219
966 224
969 224
974 217
964 226
967 224
968 224
894 266
895 266
896 264
883 272
884 271
892 266
893 265
871 278
874 276
875 277
877 274
885 270
908 255
873 277
876 274
878 273
869 278
870 277
872 276
868 276
879 270
866 278
867 276
1065 11
1067 12
1068 11
1069 21
1064 26
1066 10
1070 19
1087 1
1088 18
1077 7
1078 8
1076 7
1074 7
1073 7
1075 4
1079 4
1080 1
1072 4
1071 2
1062 5
1063 4
1061 3
1058 0
1059 2
1060 1
1054 2
1055 3
1056 3
1053 3
1057 2
1051 2
1052 0
1050 0
1033 0
1012 4
1009 6
1011 3
1008 5
1010 4
1007 5
1004 5
1005 4
1006 3
1002 4
1003 4
997 7
998 7
1000 6
996 7
999 5
995 5
992 7
1001 0
989 5
980 5
971 7
972 6
970 6
962 8
963 7
965 5
960 7
961 6
958 7
957 7
959 5
956 4
952 6
953 4
954 5
955 4
950 7
951 6
948 7
947 7
949 6
946 6
945 6
943 6
944 5
940 6
942 6
941 6
937 7
938 6
939 6
936 7
933 7
934 7
932 6
935 5
929 8
930 7
928 8
931 6
926 6
927 5
924 7
923 8
925 4
922 7
921 7
918 8
919 6
916 7
917 5
920 5
912 7
913 4
914 6
915 6
909 9
911 7
907 8
910 5
905 8
903 7
906 7
900 8
901 7
904 5
899 9
902 5
898 9
897 7
891 10
890 10
888 9
889 8
886 9
887 7
882 5
880 8
881 8
865 11
863 11
862 10
864 10
857 7
858 9
861 7
854 8
860 6
855 5
859 7
851 8
852 9
853 9
856 6
850 10
847 12
849 10
846 11
848 10
845 10
843 10
842 10
844 8
840 11
841 10
838 12
839 10
835 11
836 9
837 10
833 11
834 11
832 11
830 11
831 9
828 10
829 10
827 11
825 9
826 9
821 11
823 10
824 9
822 7
818 10
820 10
816 13
817 10
819 8
814 11
815 11
813 10
812 11
811 11
808 11
809 10
810 10
804 10
805 9
807 9
806 9
801 11
802 10
803 10
799 13
800 11
797 12
796 9
798 10
795 12
794 11
793 11
790 12
791 12
792 11
788 13
789 11
787 11
784 11
786 10
785 8
782 11
783 10
778 11
780 10
781 10
777 11
779 10
775 11
776 11
773 11
772 11
774 11
771 10
767 12
770 10
766 11
769 10
765 11
768 9
764 9
761 12
763 9
760 11
762 6
757 10
759 10
755 12
758 9
752 12
756 10
751 12
753 9
754 11
747 12
749 11
750 10
746 12
748 8
745 12
740 12
744 12
741 12
742 12
743 11
739 12
737 12
736 12
738 10
734 12
735 11
733 11
732 11
731 9
730 10
727 10
729 8
726 10
728 8
723 11
724 11
725 10
722 10
721 10
719 10
720 10
717 12
718 11
716 12
714 12
715 12
713 10
712 11
708 10
710 9
711 10
706 11
707 12
709 10
704 13
705 12
701 13
703 12
700 12
697 12
698 13
702 10
699 11
696 11
693 12
694 11
695 11
692 12
688 13
691 11
687 12
689 10
690 9
682 12
686 11
681 13
683 12
685 9
677 13
678 13
684 9
679 11
680 11
676 11
675 11
673 11
669 12
671 10
672 7
674 7
667 9
670 8
664 11
668 9
665 12
666 11
661 10
663 8
658 12
659 9
660 10
662 9
657 12
655 14
656 11
652 13
653 10
651 9
654 9
650 10
647 14
649 11
645 14
646 14
648 12
642 13
643 12
644 12
637 10
640 12
641 9
636 12
639 12
634 12
638 10
633 10
635 10
632 10
631 10
629 10
626 11
627 11
628 10
630 9
625 11
623 11
624 11
621 10
622 12
620 11
619 11
618 10
614 12
615 11
612 13
613 12
616 9
617 9
611 12
607 12
608 11
610 12
606 11
605 11
609 10
602 10
603 11
604 11
601 10
600 10
597 11
598 9
594 13
595 9
596 12
599 8
592 13
590 13
591 12
593 10
589 10
586 11
587 8
584 12
588 7
581 9
583 10
585 9
580 10
582 9
578 7
577 11
579 9
574 12
575 12
576 11
571 13
570 13
573 9
572 11
567 13
568 13
569 12
564 10
566 12
563 13
561 13
565 8
560 11
562 12
554 10
559 9
555 11
556 9
557 11
558 9
553 10
552 11
550 11
551 10
549 12
547 9
548 11
546 7
540 14
541 13
542 10
543 12
544 10
545 9
538 12
539 12
533 14
534 10
536 10
537 9
535 7
531 10
528 12
530 9
532 9
529 9
527 10
525 14
524 13
1117 1
520 14
521 14
523 9
526 4
522 11
518 10
519 9
517 7
512 7
516 5
515 6
510 8
511 8
513 7
514 7
509 11
508 11
502 10
503 12
504 12
507 10
505 10
506 10
500 9
501 8
493 8
495 7
497 7
498 7
494 6
496 6
492 4
499 4
490 4
491 3
487 2
489 2
485 1
488 1
486 0
