0 248
1 246
2 245
3 245
4 1221
5 242
6 1222
7 248
8 250
9 248
10 249
11 246
12 248
13 246
14 249
15 245
16 249
17 247
18 246
19 245
20 247
21 247
22 247
23 250
24 249
25 248
26 246
27 249
28 248
29 247
30 244
31 248
32 249
33 247
34 250
35 248
36 248
37 250
38 249
39 250
40 247
41 248
42 250
43 247
44 250
45 249
46 247
47 248
48 248
49 249
50 248
51 249
52 244
53 248
54 245
55 250
56 248
57 249
58 248
59 248
60 248
61 249
62 249
63 248
64 248
65 246
66 249
67 246
68 249
69 249
70 249
71 249
72 248
73 249
74 248
75 249
76 249
77 250
78 247
79 250
80 249
81 248
82 249
83 248
84 250
85 249
86 248
87 249
88 247
89 250
90 248
91 246
92 250
93 250
94 247
95 248
96 248
97 248
98 250
99 248
100 248
101 247
102 247
103 249
104 247
105 247
106 249
107 250
108 249
109 249
110 250
111 250
112 249
113 249
114 248
115 248
116 247
117 246
118 248
119 248
120 249
121 248
122 246
123 249
124 249
125 248
126 248
127 249
128 248
129 247
130 244
131 248
132 247
133 246
134 9
135 11
136 10
137 9
138 11
139 7
140 10
141 10
142 12
143 12
144 13
145 8
146 8
147 9
148 8
149 9
150 10
151 10
152 8
153 9
154 8
155 9
156 4
167 1
168 1
169 0
170 0
171 1
172 0
174 0
175 0
176 0
177 3
178 0
179 0
180 1
181 5
182 2
183 0
184 2
185 3
186 3
187 0
188 1
190 1
191 2
194 0
197 2
198 3
199 0
200 3
201 1
202 0
208 2
209 0
210 1
213 0
214 0
215 0
216 0
219 2
220 3
221 3
222 2
223 4
224 4
225 2
226 2
227 0
228 1
229 0
230 3
231 3
232 0
233 0
234 4
235 2
236 1
237 0
238 0
239 0
240 3
241 3
242 3
243 2
244 1
245 2
246 3
247 0
248 0
249 1
250 0
251 1
252 1
255 0
256 1
260 1
261 0
262 0
263 1
264 0
265 0
266 3
267 4
268 3
269 3
270 3
271 3
272 4
273 3
274 3
275 0
276 2
277 1
278 3
279 2
280 4
281 4
282 5
283 5
284 5
285 4
286 5
287 5
288 3
289 5
290 5
291 4
292 5
293 2
294 4
295 4
296 3
297 5
298 5
299 4
300 5
301 4
302 4
303 5
304 4
305 5
306 5
307 4
308 3
309 4
310 3
311 6
312 4
313 5
314 6
315 6
316 4
317 5
318 9
319 7
320 8
321 7
322 6
323 8
324 10
325 2
326 2
327 2
328 10
329 10
330 8
331 11
332 13
333 10
334 13
335 13
336 12
337 14
338 4
339 9
340 5
341 13
342 11
343 14
344 16
345 17
346 17
347 17
348 17
349 15
350 17
351 16
352 17
353 18
354 17
355 18
356 18
357 21
358 19
359 22
360 21
361 21
362 23
363 24
364 24
365 23
366 25
367 25
368 26
369 26
370 25
371 23
372 26
373 24
374 27
375 30
376 31
377 28
378 28
379 29
380 28
381 30
382 29
383 30
384 32
385 32
386 31
387 33
388 33
389 33
390 33
391 36
392 36
393 35
394 35
395 35
396 36
397 38
398 35
399 40
400 38
401 40
402 41
403 41
404 40
405 41
406 39
407 44
408 44
409 44
410 45
411 46
412 45
413 44
414 44
415 47
416 47
417 46
418 49
419 50
420 49
421 49
422 49
423 50
424 50
425 51
426 51
427 51
428 54
429 51
430 54
431 51
432 54
433 55
434 55
435 57
436 56
437 57
438 56
439 59
440 60
441 61
442 59
443 62
444 59
445 60
446 62
447 62
448 64
449 65
450 63
451 65
452 66
453 65
454 68
455 68
456 70
457 70
458 67
459 72
460 69
461 70
462 72
463 72
464 75
465 74
466 74
467 75
468 74
469 77
470 75
471 78
472 78
473 79
474 75
475 80
476 80
477 82
478 84
479 83
480 83
481 84
482 85
483 84
484 86
485 83
486 85
487 88
488 87
489 88
490 87
491 86
492 88
493 88
494 89
495 92
496 92
497 91
498 90
499 94
500 90
501 97
502 98
503 100
504 99
505 99
506 105
507 98
508 106
509 108
510 108
511 109
512 109
513 129
514 132
515 133
516 135
517 136
518 136
519 139
520 139
521 140
522 143
523 144
524 145
525 149
526 150
527 152
528 154
529 157
530 155
531 157
532 160
533 162
534 163
535 167
536 168
537 168
538 171
539 170
540 175
541 174
542 175
543 177
544 179
545 181
546 181
547 182
548 184
549 182
550 186
551 186
552 188
553 189
554 190
555 188
556 191
557 192
558 192
559 193
560 192
561 194
562 196
563 197
564 197
565 197
566 194
567 198
568 198
569 198
570 200
571 199
572 200
573 200
574 199
575 201
576 200
577 200
578 203
579 202
580 200
581 203
582 204
583 203
584 203
585 204
586 203
587 206
588 204
589 205
590 204
591 205
592 206
593 206
594 208
595 209
596 206
597 206
598 209
599 210
600 209
601 210
602 211
603 210
604 211
605 210
606 209
607 212
608 212
609 211
610 210
611 211
612 212
613 213
614 214
615 212
616 214
617 215
618 214
619 216
620 215
621 214
622 214
623 215
624 213
625 214
626 216
627 215
628 218
629 217
630 216
631 215
632 216
633 216
634 217
635 218
636 219
637 220
638 219
639 220
640 221
641 218
642 222
643 223
644 223
645 223
646 222
647 223
648 223
649 222
650 223
651 222
652 223
653 224
654 223
655 224
656 223
657 223
658 223
659 222
660 221
661 221
662 222
663 222
664 222
665 224
666 223
667 224
668 224
669 223
670 223
671 221
672 222
673 224
674 223
675 221
676 223
677 224
678 224
679 224
680 226
681 224
682 224
683 223
684 221
685 224
686 224
687 223
688 224
689 223
690 223
691 222
692 220
693 219
694 216
695 217
696 218
697 218
698 216
699 217
700 216
701 213
702 214
703 214
704 216
705 216
706 12
707 12
708 215
709 215
710 213
711 214
712 215
713 9
714 8
715 7
716 5
717 210
718 212
719 212
720 213
721 210
722 214
723 209
724 6
725 211
726 211
727 212
728 212
729 212
730 210
731 212
732 210
733 212
734 212
735 210
736 212
737 210
738 210
739 211
740 5
741 5
742 7
743 5
744 211
745 210
746 212
747 9
748 10
749 8
750 10
751 8
752 7
753 8
754 7
755 10
756 11
757 13
758 13
759 10
760 11
761 212
762 13
763 12
764 13
765 12
766 9
767 13
768 12
769 13
770 12
771 11
772 12
773 10
774 6
775 3
779 1
780 4
781 5
782 6
783 8
784 6
785 8
786 10
787 10
788 6
789 13
790 10
791 168
792 168
793 167
794 163
795 161
796 163
797 160
798 156
799 154
800 152
801 3
802 4
803 2
804 2
805 0
806 1
807 2
814 1
815 2
816 6
817 81
818 98
819 126
820 127
821 140
822 153
823 156
824 162
825 166
826 178
827 180
828 192
829 202
830 210
831 216
832 219
833 231
834 235
835 238
836 239
837 241
838 240
839 241
840 243
841 241
842 242
843 240
844 236
845 239
846 237
847 239
848 239
849 237
850 240
851 238
852 239
853 240
854 243
855 242
856 244
857 246
858 245
859 244
860 244
861 245
862 244
863 243
864 243
865 242
866 243
867 240
868 241
869 240
870 242
871 242
872 242
873 240
874 240
875 240
876 241
877 244
878 243
879 242
880 242
881 243
882 243
883 240
884 240
885 238
886 237
887 12
888 9
889 5
906 1
907 8
913 0
914 629
915 629
916 2
917 5
918 5
919 7
920 7
921 4
922 6
923 2
924 629
925 8
926 8
927 9
928 10
929 8
930 9
931 8
932 10
933 11
934 7
935 10
936 10
937 33
938 35
939 38
940 38
941 40
942 38
943 36
944 36
945 37
946 38
947 39
948 40
949 40
950 40
951 40
952 39
953 37
954 38
955 53
956 51
957 51
958 53
959 51
960 51
961 53
962 46
963 54
964 54
965 43
966 44
967 44
968 40
969 33
970 31
971 9
972 10
974 14
975 15
976 15
977 22
978 623
979 623
980 626
981 627
982 631
983 629
984 631
985 631
986 32
987 35
988 35
989 37
990 39
991 41
992 43
993 43
994 44
995 47
996 48
997 49
998 52
999 52
1000 53
1001 56
1002 54
1003 58
1004 59
1005 59
1006 28
1007 28
1008 63
1009 65
1010 65
1011 71
1012 71
1013 71
1014 73
1015 76
1016 77
1017 79
1018 81
1019 83
1020 83
1021 86
1022 87
1023 88
1024 91
1025 93
1026 93
1027 95
1028 98
1029 98
1030 98
1031 102
1032 103
1033 105
1034 107
1035 108
1036 109
1037 108
1038 111
1039 112
1040 115
1041 115
1042 116
1043 120
1044 120
1045 122
1046 123
1047 124
1048 124
1049 132
1050 133
1051 132
1052 136
1053 134
1054 137
1055 136
1056 138
1057 136
1058 141
1059 142
1060 144
1061 147
1062 148
1063 149
1064 150
1065 149
1066 154
1067 155
1068 156
1069 157
1070 157
1071 162
1072 162
1073 164
1074 165
1075 166
1076 166
1077 168
1078 170
1079 172
