805 0
806 3
807 23
808 29
809 48
810 48
811 53
812 53
813 53
814 55
815 56
816 57
817 56
818 57
819 57
820 57
821 56
822 56
823 57
824 53
825 54
826 54
827 49
828 34
829 34
830 34
831 34
832 34
833 33
834 32
835 9
836 8
837 7
838 6
839 7
840 6
841 8
842 6
843 8
844 7
845 8
846 5
847 8
848 8
849 7
850 8
851 5
852 4
853 4
854 5
855 7
856 7
857 7
858 7
859 6
860 7
861 6
862 7
863 8
864 6
865 6
866 7
867 9
868 8
869 7
870 7
871 8
872 8
873 8
874 7
875 8
876 8
877 8
878 9
879 8
880 9
881 6
882 8
883 8
884 7
885 7
886 5
887 7
888 4
889 6
890 8
891 6
892 9
893 8
894 7
895 6
896 7
897 259
898 258
899 260
900 258
901 260
902 261
903 260
904 260
905 261
906 261
907 261
908 261
909 260
910 260
911 261
912 261
913 259
914 258
915 257
916 256
917 258
918 256
919 257
920 255
921 254
922 256
923 253
924 254
925 250
926 251
927 250
928 250
929 251
930 250
931 248
932 246
933 249
934 247
935 246
936 248
937 246
938 248
939 246
940 247
941 247
942 246
943 242
944 244
945 240
946 240
947 238
948 239
949 237
950 237
951 237
952 236
953 235
954 236
955 236
956 234
957 232
958 234
959 232
960 231
961 231
962 230
963 230
964 229
965 228
966 229
967 227
968 1028
969 1034
970 1035
971 1035
972 1033
973 1033
974 1031
975 1032
976 1031
977 1030
978 1028
979 1029
980 1025
981 1018
982 995
983 973
984 970
985 965
986 940
987 937
988 924
989 910
990 899
991 889
992 884
993 802
994 793
995 766
996 764
997 749
998 735
999 722
1000 713
1001 699
1002 686
1003 676
1004 665
1005 652
1006 639
1007 624
1008 619
1009 610
1010 587
1011 583
1012 561
1013 552
1014 546
1015 531
1016 520
1017 514
1018 501
1019 484
1020 475
1021 463
1022 449
1023 435
1024 428
1025 409
1026 403
1027 423
1028 406
1029 390
1030 373
1031 358
1032 321
1033 312
1034 294
1035 290
1036 272
1037 261
1038 241
1039 232
1040 225
1041 204
1042 200
1043 187
1044 179
1045 174
1046 171
1047 167
1048 164
1049 71
1050 66
1051 61
1052 62
1053 161
1054 163
1055 161
1056 153
1057 137
1058 132
1059 75
1060 67
1061 70
1062 73
1063 77
1064 84
1065 69
1066 65
1067 57
1068 47
1069 44
1070 29
1071 20
1072 9
1073 1
0 0
0 0
0 0
0 0
0 0
0 0
0 0
0 0
0 0
0 0
0 0
0 0
0 0
0 0
0 0
0 0
0 0
0 0
0 0
0 0
0 0
0 0
0 0
0 0
0 0
0 0
0 0
0 0
0 0
0 0
0 0
0 0
0 0
0 0
0 0
0 0
