0 245
1 247
2 245
3 246
4 246
5 246
6 249
7 247
8 249
9 250
10 247
11 249
12 248
13 249
14 246
15 250
16 249
17 247
18 246
19 249
20 247
21 248
22 250
23 250
24 250
25 249
26 249
27 249
28 243
29 249
30 247
31 247
32 246
33 247
34 246
35 246
36 250
37 248
38 250
39 250
40 249
41 249
42 244
43 249
44 250
45 248
46 3
47 251
48 250
49 249
50 248
51 247
52 251
53 249
54 249
55 248
56 250
57 248
58 250
59 250
60 251
61 251
62 249
63 250
64 250
65 246
66 248
67 248
68 246
69 246
70 246
71 249
72 249
73 250
74 250
75 250
76 248
77 247
78 246
79 249
80 248
81 249
82 245
83 249
84 249
85 249
86 247
87 248
88 247
89 249
90 248
91 249
92 251
93 250
94 249
95 249
96 250
97 247
98 250
99 249
100 250
101 250
102 248
103 250
104 250
105 248
106 251
107 249
108 248
109 249
110 248
111 248
112 249
113 249
114 248
115 250
116 251
117 250
118 249
119 249
120 248
121 249
122 248
123 250
124 248
125 247
126 250
127 250
128 249
129 249
130 249
131 248
132 249
133 11
134 11
135 11
136 11
137 11
138 11
139 10
140 9
141 9
142 10
143 10
144 8
145 11
146 9
147 11
148 8
149 10
150 7
151 7
152 6
153 5
154 27
155 26
156 27
157 25
158 25
159 25
160 25
161 24
162 4
163 2
164 0
166 1
167 1
168 3
169 2
170 2
171 3
172 0
173 1
174 0
175 0
176 2
177 0
180 2
181 1
182 3
183 2
184 0
185 1
187 0
188 1
189 2
190 2
191 2
192 2
196 3
197 3
198 3
199 1
200 0
201 0
207 0
208 1
209 0
210 0
231 1
232 3
233 0
234 2
235 1
236 3
237 1
238 1
239 0
246 0
247 3
248 3
249 1
250 0
251 0
253 1
254 3
255 2
256 3
257 4
258 1
259 3
260 1
261 4
262 3
263 3
264 2
265 1
266 1
267 1
268 2
269 3
270 3
271 1
272 0
273 2
274 2
275 3
276 3
277 2
278 0
279 0
280 1
281 2
282 2
283 2
284 2
285 4
286 3
287 2
288 3
289 3
290 2
291 5
292 5
293 5
294 2
295 4
296 4
297 4
298 4
299 5
300 5
301 5
302 5
303 4
304 2
305 4
306 3
307 0
308 3
309 1
310 1
311 5
312 5
313 6
314 3
315 5
316 4
317 5
318 4
319 3
320 4
321 5
322 4
323 2
324 5
325 2
326 5
327 6
328 6
329 1
330 6
331 5
332 3
333 6
334 6
335 5
336 6
337 6
338 6
339 6
340 6
341 6
342 6
343 6
344 6
345 7
346 3
347 6
348 5
349 5
350 5
351 4
352 5
353 5
354 5
355 5
356 5
357 5
358 6
359 6
360 6
361 5
362 6
363 6
364 6
365 5
366 1
367 4
368 3
369 2
370 4
371 5
372 5
373 4
374 5
375 4
376 3
377 3
378 4
379 2
380 5
381 6
382 3
383 5
384 4
385 4
386 3
387 3
388 4
389 5
390 3
391 4
392 4
393 3
394 2
395 4
396 40
397 38
398 41
399 4
400 7
401 5
402 6
403 5
404 2
405 5
406 4
407 5
408 5
409 6
410 40
411 4
412 4
413 40
414 39
415 5
416 5
417 38
418 5
419 4
420 5
421 2
422 2
423 5
424 5
425 3
426 3
427 5
428 6
429 4
430 5
431 5
432 6
433 41
434 42
435 41
436 3
437 5
438 38
439 41
440 42
441 43
442 40
443 41
444 39
445 5
446 40
447 40
448 41
449 41
450 42
451 40
452 43
453 41
454 43
455 42
456 40
457 41
458 38
459 41
460 41
461 42
462 41
463 41
464 39
465 42
466 43
467 42
468 43
469 44
470 42
471 39
472 41
473 43
474 45
475 44
476 44
477 46
478 47
479 46
480 47
481 46
482 46
483 44
484 47
485 45
486 47
487 46
488 47
489 47
490 44
491 45
492 43
493 46
494 45
495 45
496 44
497 42
498 44
499 44
500 43
501 44
502 44
503 47
504 49
505 50
506 50
507 49
508 48
509 49
510 48
511 49
512 49
513 48
514 46
515 46
516 46
517 45
518 47
519 46
520 48
521 49
522 49
523 50
524 45
525 50
526 48
527 46
528 5
529 43
530 41
531 43
532 41
533 42
534 42
535 40
536 41
537 40
538 40
539 42
540 39
541 47
542 51
543 49
544 52
545 52
546 50
547 52
548 52
549 52
550 51
551 51
552 49
553 51
554 48
555 50
556 52
557 50
558 50
559 51
560 51
561 52
562 51
563 51
564 53
565 54
566 53
567 53
568 54
569 54
570 53
571 52
572 53
573 53
574 51
575 52
576 54
577 53
578 54
579 52
580 52
581 52
582 53
583 52
584 53
585 53
586 53
587 50
588 51
589 50
590 45
591 41
592 42
593 41
594 38
595 41
596 39
597 42
598 41
599 41
600 41
601 39
602 41
603 51
604 49
605 51
606 53
607 51
608 52
609 52
610 53
611 51
612 50
613 3
614 38
615 37
616 36
617 38
618 34
619 37
620 37
621 36
622 35
623 37
624 36
625 37
626 37
627 34
628 35
629 34
630 35
631 36
632 34
633 35
634 35
635 34
636 34
637 33
638 35
639 35
640 35
641 32
642 5
643 33
644 32
645 33
646 34
647 34
648 36
649 34
650 33
651 33
652 33
653 33
654 31
655 34
656 33
657 32
658 4
659 5
660 5
661 2
662 1
663 1
664 2
665 4
666 3
667 4
668 2
669 31
670 1
671 1
672 3
673 2
674 29
675 29
676 28
677 28
678 27
679 0
680 29
681 28
682 29
683 25
684 28
685 26
686 29
687 29
688 29
689 4
690 27
691 27
692 27
693 27
694 28
695 30
696 29
697 5
698 28
699 4
700 3
701 4
702 1
703 3
704 2
705 1
706 1
707 2
708 3
709 2
710 4
711 2
712 0
713 3
714 2
715 4
716 5
717 3
718 3
719 5
720 2
721 0
722 0
723 0
724 1
725 0
726 1
727 3
728 24
729 27
730 28
731 3
732 26
733 26
734 1
735 0
736 2
737 2
738 2
739 4
740 3
741 0
742 2
743 3
744 24
745 27
746 27
747 27
748 0
749 1
750 0
751 0
752 0
753 0
754 0
755 1
756 3
757 2
758 4
759 2
760 1
761 0
762 28
763 27
764 27
765 2
766 0
767 1
768 2
769 3
770 27
771 3
772 3
773 0
774 3
775 27
776 27
777 27
778 26
779 26
780 24
781 25
782 26
783 27
784 26
785 1
786 2
787 27
788 1
789 0
790 3
791 2
792 3
793 3
794 25
795 25
796 27
797 3
798 2
799 27
800 27
801 27
802 29
803 27
804 28
805 28
806 28
807 28
808 30
809 42
810 50
811 60
812 70
813 73
814 74
815 78
816 85
817 86
818 92
819 97
820 104
821 106
822 115
823 118
824 124
825 128
826 132
827 140
828 147
829 153
830 154
831 159
832 166
833 166
834 173
835 179
836 185
837 192
838 196
839 203
840 207
841 217
842 219
843 225
844 230
845 233
846 238
847 241
848 245
849 244
850 246
851 245
852 245
853 243
854 246
855 245
856 246
857 246
858 247
859 248
860 246
861 248
862 246
863 247
864 248
865 249
866 252
867 252
868 254
869 254
870 256
871 255
872 256
873 252
874 254
875 254
876 251
877 255
878 255
879 255
880 251
881 250
882 248
883 250
884 250
885 251
886 249
887 251
888 249
889 247
890 248
891 248
892 247
893 245
894 245
895 247
896 245
897 15
898 16
899 14
900 843
901 841
902 9
903 6
929 0
930 2
931 4
932 6
933 6
934 8
935 7
936 7
937 12
938 14
939 20
940 20
941 17
942 18
943 18
944 16
945 22
946 13
947 23
948 25
949 23
950 23
951 27
952 52
953 53
954 54
955 55
956 58
957 54
958 57
959 56
960 55
961 55
962 58
963 58
964 56
965 57
966 53
967 58
968 55
969 44
970 46
971 42
972 41
973 641
974 641
975 43
976 639
977 640
978 623
979 627
980 34
981 36
982 36
983 38
984 39
985 44
986 42
987 42
988 45
989 43
990 45
991 47
992 49
993 49
994 52
995 54
996 55
997 57
998 57
999 57
1000 57
1001 59
1002 60
1003 60
1004 64
1005 64
1006 68
1007 69
1008 71
1009 72
1010 76
1011 77
1012 77
1013 76
1014 81
1015 82
1016 86
1017 86
1018 82
1019 88
1020 89
1021 89
1022 92
1023 96
1024 95
1025 98
1026 99
1027 99
1028 102
1029 101
1030 103
1031 108
1032 109
1033 110
1034 111
1035 113
1036 114
1037 117
1038 118
1039 120
1040 120
1041 123
1042 120
1043 123
1044 125
1045 132
1046 134
1047 135
1048 135
1049 134
1050 137
1051 137
1052 136
1053 138
1054 141
1055 146
1056 145
1057 146
1058 148
1059 145
1060 152
1061 151
1062 152
1063 154
1064 156
1065 155
1066 160
1067 163
1068 159
1069 163
1070 165
1071 167
1072 168
1073 168
1074 167
1075 172
1076 170
1077 174
1078 176
1079 176
