800 0
801 4
802 7
803 33
804 43
805 44
806 48
807 50
808 53
809 53
810 52
811 53
812 52
813 52
814 55
815 55
816 52
817 53
818 51
819 48
820 49
821 33
822 32
823 6
824 5
825 3
826 7
827 2
828 6
829 5
830 2
831 6
832 4
833 5
834 5
835 4
836 6
837 5
838 4
839 3
840 6
841 5
842 5
843 4
844 6
845 5
846 4
847 7
848 7
849 4
850 6
851 7
852 8
853 3
854 5
855 5
856 4
857 4
858 5
859 1
860 3
861 4
862 5
863 5
864 3
865 2
866 3
867 2
868 5
869 3
870 6
871 7
872 5
873 4
874 5
875 0
876 3
877 3
878 5
879 4
880 6
881 3
882 6
883 6
884 3
885 4
886 5
887 5
888 5
889 3
890 5
891 5
892 4
893 4
894 253
895 253
896 250
897 252
898 249
899 251
900 249
901 253
902 252
903 254
904 254
905 254
906 253
907 252
908 252
909 253
910 251
911 251
912 250
913 249
914 246
915 242
916 246
917 246
918 243
919 245
920 243
921 243
922 245
923 242
924 240
925 242
926 242
927 240
928 240
929 241
930 239
931 240
932 238
933 239
934 236
935 236
936 235
937 237
938 237
939 903
940 902
941 907
942 903
943 887
944 874
945 859
946 846
947 830
948 812
949 797
950 777
951 771
952 756
953 749
954 735
955 721
956 706
957 650
958 643
959 625
960 620
961 601
962 502
963 482
964 473
965 464
966 455
967 450
968 1032
969 1030
970 1031
971 1029
972 1023
973 1029
974 1025
975 1026
976 1025
977 1007
978 1004
979 989
980 985
981 967
982 952
983 936
984 933
985 915
986 891
987 829
988 819
989 807
990 803
991 790
992 767
993 756
994 753
995 745
996 723
997 705
998 699
999 685
1000 672
1001 670
1002 649
1003 645
1004 633
1005 618
1006 598
1007 594
1008 579
1009 569
1010 564
1011 548
1012 540
1013 533
1014 510
1015 499
1016 491
1017 480
1018 470
1019 461
1020 435
1021 429
1022 422
1023 413
1024 400
1025 406
1026 87
1027 77
1028 58
1029 49
1030 29
1031 8
1032 6
1033 15
1034 16
1035 5
1036 117
1037 197
1038 194
1039 195
1040 190
1041 187
1042 184
1043 85
1044 80
1045 75
1046 70
1047 66
1048 64
1049 61
1050 57
1051 57
1052 112
1053 129
1054 128
1055 132
1056 136
1057 153
1058 163
1059 60
1060 62
1061 68
1062 70
1063 65
1064 64
1065 52
1066 46
1067 34
1068 25
1069 19
1070 4
1071 0
0 0
0 0
0 0
0 0
0 0
0 0
0 0
0 0
0 0
0 0
0 0
0 0
0 0
0 0
0 0
0 0
0 0
0 0
0 0
0 0
0 0
0 0
0 0
0 0
0 0
0 0
0 0
0 0
