0 250
1 247
2 248
3 249
4 250
5 249
6 250
7 248
8 250
9 251
10 250
11 249
12 250
13 249
14 250
15 250
16 250
17 245
18 249
19 247
20 249
21 250
22 251
23 251
24 251
25 250
26 248
27 249
28 251
29 250
30 249
31 251
32 250
33 252
34 250
35 249
36 250
37 251
38 249
39 249
40 252
41 251
42 252
43 249
44 251
45 246
46 250
47 251
48 250
49 251
50 250
51 249
52 249
53 251
54 249
55 251
56 251
57 250
58 249
59 251
60 251
61 251
62 250
63 249
64 250
65 247
66 248
67 250
68 246
69 251
70 250
71 249
72 250
73 247
74 249
75 250
76 248
77 248
78 251
79 250
80 250
81 250
82 249
83 250
84 248
85 251
86 250
87 250
88 250
89 250
90 252
91 249
92 251
93 250
94 248
95 250
96 250
97 247
98 250
99 249
100 249
101 247
102 246
103 248
104 246
105 5
106 4
107 243
108 244
109 243
110 244
111 243
112 5
113 5
114 3
115 244
116 238
117 5
118 241
119 245
120 245
121 243
122 244
123 244
124 242
125 302
126 301
127 304
128 301
129 303
130 304
131 303
132 300
133 302
134 302
135 303
136 303
137 302
138 242
139 302
140 299
141 303
142 302
143 300
144 299
145 301
146 302
147 301
148 302
149 301
150 301
151 244
152 244
153 243
154 300
155 302
156 303
157 302
158 297
159 301
160 299
161 298
162 301
163 302
164 298
165 302
166 301
167 300
168 300
169 298
170 301
171 302
172 300
173 300
174 301
175 300
176 299
177 300
178 299
179 299
180 299
181 295
182 244
183 244
184 300
185 300
186 300
187 301
188 300
189 301
190 301
191 301
192 301
193 299
194 299
195 299
196 299
197 299
198 299
199 61
200 60
201 58
202 58
203 58
204 59
205 57
206 58
207 60
208 56
209 59
210 0
211 0
212 59
213 60
214 60
215 59
216 59
217 59
218 58
219 58
220 58
221 60
222 61
223 59
224 57
225 58
226 59
227 58
228 58
229 59
230 58
231 57
232 60
233 58
234 56
235 57
236 0
237 59
238 60
239 58
240 60
241 60
242 60
243 60
244 60
245 60
246 60
247 60
248 60
249 58
250 61
251 61
252 58
253 60
254 60
255 60
256 61
257 60
258 60
259 60
260 60
261 4
262 62
263 63
264 62
265 61
266 62
267 60
268 62
269 62
270 59
271 61
272 60
273 62
274 61
275 63
276 62
277 63
278 64
279 62
280 63
281 62
282 63
283 63
284 61
285 63
286 63
287 60
288 61
289 63
290 62
291 62
292 62
293 64
294 62
295 62
296 61
297 62
298 60
299 63
300 63
301 64
302 63
303 62
304 65
305 63
306 64
307 64
308 65
309 65
310 65
311 64
312 65
313 65
314 64
315 65
316 65
317 63
318 65
319 63
320 63
321 65
322 63
323 65
324 65
325 64
326 67
327 67
328 65
329 65
330 66
331 64
332 65
333 65
334 63
335 64
336 63
337 62
338 66
339 67
340 66
341 60
342 64
343 61
344 63
345 65
346 64
347 64
348 65
349 66
350 67
351 65
352 67
353 62
354 66
355 67
356 67
357 66
358 66
359 66
360 66
361 67
362 66
363 67
364 67
365 66
366 66
367 65
368 66
369 66
370 67
371 68
372 68
373 68
374 68
375 66
376 66
377 68
378 67
379 66
380 68
381 68
382 66
383 67
384 69
385 67
386 67
387 68
388 66
389 69
390 69
391 67
392 67
393 70
394 65
395 71
396 69
397 70
398 68
399 69
400 70
401 71
402 68
403 70
404 69
405 71
406 69
407 72
408 71
409 70
410 73
411 73
412 73
413 71
414 73
415 73
416 73
417 73
418 70
419 74
420 73
421 73
422 73
423 75
424 76
425 75
426 77
427 76
428 78
429 77
430 75
431 76
432 76
433 77
434 77
435 75
436 77
437 76
438 77
439 79
440 79
441 75
442 79
443 79
444 80
445 80
446 80
447 81
448 81
449 81
450 80
451 82
452 83
453 81
454 81
455 81
456 80
457 77
458 83
459 84
460 82
461 84
462 84
463 85
464 84
465 85
466 84
467 84
468 85
469 85
470 86
471 86
472 86
473 84
474 86
475 86
476 86
477 82
478 6
479 5
480 7
481 6
482 6
483 4
484 4
485 6
486 90
487 91
488 93
489 94
490 92
491 93
492 93
493 95
494 96
495 96
496 95
497 96
498 94
499 90
500 95
501 91
502 95
503 95
504 95
505 94
506 97
507 95
508 94
509 92
510 94
511 93
512 94
513 91
514 89
515 91
516 93
517 93
518 93
519 92
520 94
521 94
522 94
523 93
524 91
525 93
526 94
527 93
528 93
529 94
530 92
531 93
532 94
533 94
534 95
535 94
536 95
537 93
538 95
539 96
540 96
541 95
542 96
543 96
544 95
545 91
546 93
547 95
548 94
549 96
550 93
551 95
552 93
553 93
554 95
555 93
556 95
557 93
558 93
559 95
560 95
561 95
562 93
563 94
564 94
565 93
566 95
567 95
568 98
569 97
570 95
571 98
572 99
573 98
574 98
575 96
576 99
577 99
578 98
579 97
580 99
581 98
582 99
583 7
584 7
585 95
586 97
587 98
588 99
589 98
590 98
591 96
592 98
593 98
594 94
595 98
596 4
597 95
598 97
599 98
600 97
601 98
602 96
603 97
604 96
605 97
606 95
607 5
608 2
609 4
610 3
611 2
612 2
613 4
614 3
615 3
616 5
617 3
618 2
619 4
620 3
621 4
622 2
623 1
624 3
625 4
626 5
627 5
628 4
629 0
630 3
631 5
632 5
633 5
634 5
635 3
636 5
637 2
638 1
639 0
640 3
641 3
642 4
643 4
644 1
645 4
646 4
647 5
648 5
649 2
650 2
651 1
652 4
653 1
654 5
655 2
656 0
657 0
658 0
661 2
662 4
663 2
664 0
669 4
670 3
671 4
672 3
674 0
675 1
676 3
677 3
678 0
679 2
680 1
681 0
684 0
685 3
686 3
687 3
688 0
689 0
690 0
691 1
692 2
693 2
694 3
695 4
696 5
697 2
701 1
702 2
703 2
704 1
705 0
710 0
731 1
732 2
733 0
738 2
739 2
740 0
741 3
742 2
743 4
744 1
745 4
746 3
747 0
748 2
749 3
750 3
751 2
752 2
753 0
754 1
774 1
775 0
778 0
783 0
785 0
786 2
787 0
788 2
789 69
790 69
791 3
792 3
793 4
794 71
795 67
796 69
797 70
798 73
799 73
800 72
801 74
802 71
803 69
804 69
805 68
806 3
807 4
808 5
809 2
810 9
811 13
812 67
813 70
814 76
815 90
816 95
817 99
818 103
819 118
820 127
821 124
822 132
823 142
824 154
825 163
826 172
827 176
828 190
829 192
830 199
831 206
832 217
833 218
834 226
835 232
836 240
837 240
838 244
839 246
840 247
841 246
842 246
843 248
844 248
845 247
846 248
847 246
848 247
849 245
850 247
851 241
852 246
853 247
854 248
855 246
856 249
857 251
858 247
859 256
860 255
861 255
862 258
863 261
864 265
865 265
866 267
867 260
868 264
869 259
870 257
871 253
872 254
873 251
874 251
875 248
876 248
877 248
878 247
879 247
880 250
881 251
882 251
883 251
884 254
885 253
886 256
887 255
888 253
889 252
890 251
891 845
892 843
893 842
894 835
897 2
898 0
899 5
900 6
901 7
902 8
903 6
904 9
905 7
906 6
907 5
908 6
909 7
910 4
911 1
912 0
913 1
914 0
915 1
916 1
917 3
918 2
919 0
920 1
921 5
922 6
923 8
924 3
925 9
926 10
927 11
928 7
929 11
930 8
931 12
932 14
933 14
934 13
935 11
936 11
937 14
938 19
939 13
940 14
941 12
942 12
943 8
944 37
945 12
946 48
947 47
948 40
949 48
950 55
951 53
952 55
953 55
954 56
955 55
956 54
957 55
958 54
959 58
960 57
961 55
962 56
963 56
964 55
965 53
966 53
967 53
968 53
969 52
970 52
971 51
972 47
973 641
974 643
975 643
976 644
977 643
978 641
979 634
980 27
981 29
982 36
983 34
984 35
985 36
986 38
987 40
988 42
989 42
990 45
991 47
992 46
993 45
994 52
995 50
996 51
997 53
998 53
999 55
1000 57
1001 59
1002 60
1003 58
1004 60
1005 65
1006 66
1007 68
1008 69
1009 71
1010 73
1011 73
1012 78
1013 78
1014 80
1015 82
1016 84
1017 83
1018 86
1019 88
1020 85
1021 91
1022 90
1023 93
1024 95
1025 97
1026 98
1027 99
1028 103
1029 102
1030 105
1031 104
1032 107
1033 108
1034 111
1035 111
1036 113
1037 112
1038 118
1039 117
1040 120
1041 119
1042 121
1043 121
1044 124
1045 126
1046 128
1047 133
1048 132
1049 135
1050 133
1051 134
1052 137
1053 139
1054 140
1055 142
1056 143
1057 142
1058 146
1059 148
1060 147
1061 151
1062 149
1063 153
1064 155
1065 154
1066 155
1067 157
1068 160
1069 157
1070 163
1071 164
1072 165
1073 167
1074 169
1075 169
1076 172
1077 174
1078 176
1079 177
