0 247
1 247
2 248
3 246
4 246
5 249
6 248
7 247
8 249
9 248
10 248
11 249
12 249
13 249
14 248
15 247
16 247
17 248
18 243
19 247
20 248
21 250
22 250
23 251
24 250
25 246
26 248
27 249
28 249
29 249
30 246
31 249
32 249
33 250
34 249
35 251
36 248
37 250
38 249
39 249
40 250
41 249
42 250
43 248
44 247
45 249
46 248
47 249
48 250
49 249
50 249
51 244
52 249
53 248
54 250
55 249
56 250
57 250
58 250
59 249
60 250
61 250
62 250
63 248
64 251
65 248
66 247
67 245
68 249
69 249
70 250
71 247
72 247
73 250
74 247
75 248
76 248
77 247
78 250
79 250
80 249
81 249
82 246
83 250
84 247
85 249
86 247
87 248
88 249
89 249
90 248
91 248
92 250
93 248
94 249
95 249
96 249
97 249
98 250
99 250
100 249
101 250
102 249
103 250
104 249
105 250
106 249
107 249
108 248
109 248
110 248
111 249
112 246
113 248
114 249
115 245
116 246
117 248
118 246
119 248
120 250
121 249
122 249
123 249
124 249
125 250
126 249
127 250
128 247
129 250
130 249
131 250
132 247
133 247
134 250
135 248
136 249
137 246
138 248
139 249
140 249
141 246
142 249
143 248
144 249
145 247
146 244
147 243
148 5
149 4
150 2
151 4
152 2
153 4
154 4
155 4
156 4
157 5
158 4
159 242
160 233
161 231
162 232
163 232
164 233
165 0
166 232
167 233
168 244
169 234
170 232
171 233
172 234
173 233
174 233
175 232
176 234
177 235
178 234
179 231
180 243
181 231
182 232
183 3
184 2
185 242
186 242
187 243
188 243
189 242
190 241
191 240
192 241
193 234
194 235
195 235
196 234
197 236
198 236
199 234
200 236
201 236
202 238
203 235
204 235
205 234
206 0
207 9
208 9
209 9
210 6
211 8
212 7
213 8
214 8
215 4
216 6
217 8
218 9
219 9
220 7
221 8
222 3
223 5
224 7
225 6
226 5
227 5
228 6
229 8
230 7
231 6
232 4
233 6
234 7
235 4
236 4
237 7
238 6
239 8
240 8
241 8
242 7
243 7
244 7
245 7
246 7
247 7
248 6
249 4
250 7
251 6
252 6
253 7
254 4
255 6
256 6
257 5
258 5
259 5
260 5
261 7
262 7
263 5
264 5
265 2
266 5
267 2
268 5
269 3
270 6
271 4
272 6
273 7
274 3
275 6
276 7
277 7
278 5
279 5
280 4
281 4
282 5
283 5
284 5
285 4
286 6
287 4
288 6
289 6
290 3
291 6
292 6
293 7
294 6
295 6
296 5
297 6
298 6
299 6
300 5
301 6
302 5
303 7
304 6
305 7
306 6
307 6
308 5
309 6
310 6
311 6
312 6
313 4
314 3
315 4
316 6
317 6
318 6
319 6
320 7
321 7
322 6
323 7
324 7
325 7
326 7
327 6
328 4
329 6
330 6
331 7
332 5
333 6
334 7
335 7
336 6
337 4
338 6
339 7
340 7
341 6
342 7
343 7
344 8
345 6
346 4
347 7
348 3
349 8
350 7
351 8
352 8
353 8
354 8
355 9
356 8
357 7
358 7
359 7
360 5
361 8
362 10
363 6
364 9
365 10
366 11
367 10
368 10
369 10
370 6
371 10
372 3
373 3
374 4
375 9
376 9
377 10
378 8
379 12
380 11
381 12
382 12
383 12
384 10
385 11
386 4
387 9
388 12
389 11
390 12
391 14
392 14
393 15
394 15
395 14
396 16
397 15
398 15
399 14
400 17
401 17
402 15
403 16
404 5
405 15
406 15
407 16
408 17
409 14
410 17
411 18
412 16
413 15
414 16
415 18
416 17
417 15
418 16
419 17
420 18
421 17
422 17
423 17
424 18
425 17
426 19
427 19
428 17
429 18
430 19
431 17
432 18
433 17
434 18
435 18
436 18
437 20
438 20
439 21
440 21
441 19
442 19
443 21
444 20
445 21
446 20
447 21
448 20
449 22
450 23
451 23
452 20
453 21
454 21
455 22
456 22
457 20
458 21
459 23
460 21
461 24
462 21
463 23
464 24
465 24
466 23
467 23
468 23
469 25
470 25
471 24
472 24
473 24
474 26
475 26
476 25
477 25
478 25
479 27
480 25
481 24
482 26
483 27
484 27
485 27
486 28
487 29
488 28
489 29
490 26
491 27
492 27
493 27
494 28
495 28
496 29
497 29
498 29
499 29
500 29
501 29
502 29
503 29
504 29
505 29
506 29
507 30
508 27
509 30
510 29
511 30
512 30
513 29
514 28
515 29
516 31
517 29
518 31
519 32
520 33
521 31
522 31
523 33
524 33
525 33
526 32
527 33
528 30
529 31
530 32
531 34
532 33
533 32
534 34
535 34
536 35
537 35
538 35
539 34
540 33
541 35
542 34
543 34
544 34
545 32
546 36
547 33
548 36
549 34
550 31
551 33
552 36
553 37
554 36
555 37
556 36
557 35
558 36
559 37
560 37
561 35
562 35
563 36
564 37
565 35
566 37
567 35
568 35
569 37
570 36
571 37
572 37
573 36
574 37
575 38
576 36
577 36
578 37
579 38
580 37
581 38
582 40
583 38
584 39
585 39
586 39
587 39
588 39
589 39
590 37
591 39
592 38
593 38
594 37
595 38
596 39
597 39
598 37
599 41
600 39
601 40
602 39
603 4
604 37
605 39
606 40
607 41
608 40
609 38
610 40
611 40
612 39
613 40
614 40
615 41
616 39
617 39
618 41
619 40
620 40
621 39
622 40
623 38
624 39
625 35
626 40
627 39
628 40
629 40
630 39
631 5
632 39
633 37
634 39
635 40
636 41
637 41
638 39
639 41
640 38
641 39
642 39
643 41
644 37
645 38
646 39
647 41
648 40
649 42
650 40
651 41
652 38
653 38
654 40
655 39
656 41
657 38
658 40
659 38
660 36
661 39
662 34
663 40
664 42
665 43
666 40
667 40
668 41
669 38
670 39
671 39
672 41
673 41
674 37
675 40
676 38
677 39
678 42
679 41
680 41
681 38
682 38
683 40
684 40
685 40
686 0
687 5
688 4
689 2
690 0
691 40
692 38
693 36
694 38
695 37
696 1
697 3
698 1
699 1
700 33
701 0
702 36
703 32
704 34
705 32
706 31
707 32
708 32
709 0
711 0
712 31
713 1
714 34
715 2
716 2
717 0
718 2
719 2
724 0
725 0
727 0
728 0
729 0
730 35
731 33
732 34
733 1
734 1
735 0
736 2
737 0
740 1
745 1
746 32
747 1
748 0
749 1
751 0
752 0
753 2
754 0
756 0
757 0
760 0
761 0
762 0
763 0
764 37
765 37
766 0
768 1
772 0
773 0
775 0
776 35
777 1
781 33
782 0
784 0
785 1
786 35
787 35
788 34
789 1
790 1
791 35
792 36
793 37
794 37
795 36
796 36
797 35
798 37
799 38
800 33
801 36
802 38
803 37
804 37
805 36
806 35
807 34
808 66
809 69
810 81
811 83
812 98
813 99
814 105
815 113
816 127
817 128
818 135
819 142
820 147
821 160
822 170
823 171
824 179
825 188
826 194
827 200
828 208
829 215
830 216
831 221
832 234
833 234
834 240
835 239
836 238
837 242
838 242
839 243
840 243
841 243
842 244
843 242
844 242
845 243
846 240
847 241
848 243
849 244
850 244
851 244
852 245
853 244
854 247
855 245
856 247
857 249
858 247
859 245
860 243
861 246
862 245
863 245
864 242
865 242
866 240
867 238
868 240
869 237
870 239
871 237
872 239
873 240
874 240
875 240
876 242
877 240
878 243
879 244
880 244
881 242
882 240
883 241
884 238
885 237
886 0
901 0
902 4
903 0
904 2
905 2
906 2
907 6
908 6
911 0
912 628
913 630
914 631
915 632
916 7
917 631
918 8
919 9
920 632
921 10
922 633
923 635
924 9
925 9
926 11
927 9
928 11
929 9
930 10
931 10
932 12
933 12
934 9
935 9
936 9
937 12
938 34
939 10
940 35
941 38
942 36
943 38
944 39
945 36
946 36
947 38
948 35
949 35
950 36
951 35
952 34
953 37
954 55
955 58
956 57
957 59
958 55
959 56
960 53
961 54
962 52
963 51
964 53
965 51
966 52
967 47
968 20
969 9
970 8
971 2
972 33
973 33
974 15
975 16
976 620
977 622
978 622
979 624
980 627
981 626
982 628
983 630
984 632
985 33
986 34
987 35
988 38
989 35
990 40
991 40
992 42
993 44
994 46
995 45
996 49
997 49
998 52
999 54
1000 54
1001 57
1002 58
1003 59
1004 59
1005 60
1006 61
1007 64
1008 67
1009 66
1010 68
1011 71
1012 67
1013 76
1014 76
1015 79
1016 81
1017 82
1018 81
1019 83
1020 87
1021 88
1022 88
1023 90
1024 91
1025 91
1026 96
1027 95
1028 98
1029 97
1030 98
1031 103
1032 104
1033 108
1034 108
1035 108
1036 110
1037 111
1038 109
1039 114
1040 114
1041 117
1042 116
1043 121
1044 122
1045 123
1046 125
1047 125
1048 128
1049 132
1050 133
1051 136
1052 136
1053 133
1054 137
1055 133
1056 140
1057 141
1058 143
1059 144
1060 147
1061 148
1062 150
1063 151
1064 150
1065 154
1066 153
1067 156
1068 157
1069 156
1070 162
1071 164
1072 164
1073 165
1074 163
1075 167
1076 169
1077 169
1078 171
1079 174
