0 6
1 6
2 4
3 5
4 6
5 4
6 4
7 5
8 4
9 84
10 87
11 85
12 86
13 84
14 85
15 87
16 88
17 87
18 85
19 87
20 85
21 87
22 88
23 87
24 88
25 87
26 87
27 88
28 87
29 88
30 86
31 88
32 87
33 86
34 85
35 87
36 84
37 83
38 81
39 88
40 88
41 88
42 88
43 86
44 89
45 86
46 85
47 88
48 86
49 85
50 87
51 89
52 85
53 88
54 86
55 88
56 88
57 89
58 87
59 89
60 88
61 88
62 87
63 89
64 88
65 88
66 88
67 86
68 87
69 83
70 86
71 89
72 89
73 85
74 89
75 88
76 86
77 87
78 88
79 88
80 89
81 87
82 88
83 86
84 88
85 88
86 85
87 86
88 84
89 86
90 86
91 88
92 87
93 88
94 86
95 84
96 87
97 85
98 86
99 88
100 88
101 88
102 87
103 88
104 87
105 87
106 86
107 89
108 89
109 85
110 88
111 87
112 88
113 85
114 87
115 86
116 89
117 87
118 89
119 87
120 88
121 89
122 88
123 89
124 88
125 87
126 88
127 89
128 89
129 88
130 87
131 88
132 89
133 87
134 87
135 86
136 89
137 89
138 88
139 88
140 88
141 89
142 88
143 87
144 87
145 89
146 87
147 88
148 86
149 86
150 87
151 88
152 86
153 89
154 87
155 88
156 90
157 87
158 89
159 88
160 89
161 90
162 87
163 89
164 89
165 89
166 90
167 89
168 90
169 88
170 86
171 89
172 86
173 87
174 89
175 89
176 89
177 85
178 83
179 88
180 89
181 88
182 89
183 89
184 91
185 91
186 90
187 92
188 88
189 90
190 85
191 91
192 89
193 91
194 91
195 89
196 89
197 87
198 90
199 90
200 89
201 90
202 90
203 90
204 89
205 91
206 89
207 90
208 89
209 90
210 88
211 91
212 90
213 90
214 84
215 91
216 90
217 91
218 92
219 92
220 90
221 90
222 91
223 91
224 87
225 91
226 90
227 89
228 89
229 89
230 91
231 91
232 88
233 84
234 89
235 91
236 90
237 89
238 90
239 90
240 91
241 91
242 90
243 89
244 90
245 91
246 89
247 90
248 88
249 90
250 90
251 87
252 90
253 89
254 90
255 89
256 89
257 89
258 90
259 90
260 89
261 90
262 91
263 91
264 88
265 90
266 90
267 90
268 89
269 89
270 90
271 87
272 91
273 90
274 90
275 89
276 88
277 89
278 89
279 88
280 86
281 81
282 81
283 89
284 86
285 90
286 89
287 91
288 85
289 90
290 88
291 89
292 85
293 80
294 90
295 87
296 89
297 85
298 86
299 86
300 90
301 89
302 91
303 89
304 90
305 89
306 91
307 88
308 91
309 91
310 90
311 90
312 91
313 88
314 91
315 92
316 91
317 89
318 92
319 93
320 93
321 93
322 90
323 90
324 90
325 91
326 90
327 92
328 92
329 92
330 92
331 92
332 92
333 93
334 91
335 92
336 93
337 90
338 92
339 91
340 92
341 93
342 91
343 93
344 93
345 90
346 92
347 90
348 92
349 89
350 89
351 91
352 92
353 93
354 92
355 90
356 93
357 94
358 92
359 91
360 93
361 86
362 89
363 90
364 90
365 92
366 90
367 89
368 92
369 88
370 90
371 89
372 90
373 91
374 89
375 91
376 91
377 90
378 90
379 84
380 92
381 84
382 90
383 90
384 91
385 90
386 91
387 90
388 89
389 90
390 88
391 81
392 90
393 90
394 90
395 90
396 91
397 90
398 91
399 90
400 89
401 90
402 89
403 90
404 84
405 90
406 89
407 88
408 91
409 90
410 88
411 90
412 81
413 91
414 89
415 90
416 90
417 86
418 90
419 84
420 91
421 91
422 92
423 88
424 90
425 88
426 89
427 89
428 90
429 91
430 90
431 88
432 89
433 87
434 91
435 89
436 90
437 91
438 90
439 90
440 90
441 91
442 90
443 90
444 92
445 93
446 92
447 91
448 91
449 90
450 90
451 88
452 91
453 91
454 90
455 93
456 92
457 90
458 92
459 86
460 93
461 90
462 92
463 93
464 90
465 93
466 91
467 91
468 89
469 92
470 94
471 93
472 93
473 95
474 90
475 94
476 93
477 92
478 91
479 90
480 90
481 91
482 93
483 89
484 92
485 87
486 91
487 93
488 93
489 92
490 92
491 90
492 90
493 90
494 92
495 91
496 91
497 90
498 89
499 91
500 89
501 89
502 91
503 91
504 91
505 88
506 90
507 87
508 90
509 89
510 88
511 90
512 90
513 86
514 90
515 89
516 89
517 84
518 88
519 85
520 85
521 85
522 85
523 83
524 84
525 84
526 83
527 85
528 85
529 81
530 84
531 80
532 83
533 78
534 83
535 84
536 85
537 85
538 83
539 83
540 86
541 95
542 116
543 124
544 124
545 131
546 137
547 139
548 138
549 148
550 156
551 169
552 170
553 176
554 184
555 196
556 197
557 208
558 209
559 213
560 219
561 223
562 232
563 236
564 238
565 235
566 241
567 240
568 242
569 237
