0 250
1 251
2 249
3 249
4 250
5 249
6 250
7 250
8 250
9 251
10 250
11 252
12 251
13 252
14 251
15 249
16 252
17 251
18 251
19 251
20 251
21 251
22 251
23 251
24 252
25 251
26 249
27 250
28 251
29 250
30 247
31 251
32 251
33 250
34 250
35 249
36 251
37 247
38 250
39 249
40 250
41 247
42 248
43 252
44 251
45 252
46 250
47 251
48 251
49 251
50 250
51 252
52 249
53 252
54 251
55 252
56 252
57 251
58 251
59 250
60 252
61 248
62 251
63 251
64 249
65 252
66 251
67 251
68 251
69 247
70 249
71 249
72 250
73 251
74 250
75 250
76 248
77 251
78 251
79 250
80 250
81 249
82 250
83 250
84 248
85 251
86 249
87 251
88 251
89 250
90 250
91 249
92 248
93 248
94 245
95 245
96 247
97 245
98 246
99 245
100 244
101 243
102 245
103 246
104 245
105 245
106 310
107 311
108 312
109 309
110 313
111 313
112 312
113 311
114 311
115 313
116 313
117 311
118 314
119 314
120 312
121 313
122 313
123 314
124 313
125 313
126 310
127 312
128 313
129 313
130 314
131 311
132 313
133 311
134 312
135 312
136 311
137 311
138 312
139 311
140 312
141 311
142 310
143 312
144 310
145 311
146 312
147 312
148 312
149 310
150 309
151 310
152 312
153 311
154 312
155 311
156 311
157 311
158 311
159 312
160 311
161 312
162 310
163 310
164 311
165 311
166 309
167 312
168 311
169 312
170 311
171 312
172 311
173 309
174 312
175 311
176 310
177 310
178 312
179 309
180 310
181 307
182 308
183 309
184 69
185 71
186 72
187 71
188 72
189 71
190 72
191 70
192 71
193 72
194 73
195 73
196 69
197 73
198 72
199 74
200 72
201 70
202 70
203 70
204 69
205 70
206 70
207 70
208 72
209 69
210 72
211 70
212 69
213 72
214 67
215 70
216 69
217 66
218 70
219 68
220 71
221 68
222 71
223 71
224 70
225 3
226 71
227 71
228 72
229 70
230 72
231 72
232 74
233 73
234 75
235 75
236 75
237 73
238 76
239 75
240 74
241 74
242 73
243 77
244 76
245 77
246 77
247 76
248 77
249 76
250 77
251 75
252 75
253 78
254 78
255 77
256 78
257 76
258 78
259 78
260 77
261 78
262 78
263 76
264 78
265 79
266 78
267 79
268 78
269 79
270 77
271 76
272 77
273 77
274 78
275 75
276 78
277 79
278 78
279 77
280 76
281 76
282 79
283 75
284 78
285 77
286 78
287 79
288 80
289 80
290 80
291 79
292 80
293 80
294 79
295 80
296 78
297 79
298 80
299 77
300 79
301 79
302 77
303 79
304 81
305 78
306 79
307 81
308 78
309 78
310 78
311 81
312 81
313 82
314 82
315 83
316 82
317 82
318 83
319 84
320 84
321 84
322 82
323 83
324 82
325 83
326 82
327 83
328 83
329 82
330 82
331 83
332 83
333 83
334 84
335 85
336 82
337 84
338 84
339 84
340 86
341 86
342 85
343 87
344 86
345 87
346 87
347 86
348 87
349 87
350 88
351 88
352 88
353 87
354 87
355 89
356 89
357 88
358 89
359 89
360 91
361 89
362 89
363 90
364 91
365 91
366 91
367 93
368 91
369 91
370 92
371 93
372 91
373 93
374 90
375 94
376 95
377 93
378 94
379 96
380 96
381 95
382 95
383 97
384 95
385 95
386 96
387 96
388 96
389 96
390 95
391 97
392 98
393 95
394 98
395 98
396 100
397 100
398 97
399 98
400 100
401 101
402 101
403 100
404 101
405 101
406 100
407 102
408 101
409 102
410 100
411 101
412 100
413 104
414 102
415 104
416 104
417 103
418 104
419 104
420 104
421 104
422 105
423 105
424 104
425 107
426 105
427 109
428 104
429 109
430 107
431 108
432 109
433 108
434 110
435 108
436 109
437 109
438 109
439 110
440 109
441 110
442 108
443 110
444 105
445 109
446 111
447 110
448 111
449 110
450 112
451 111
452 111
453 112
454 112
455 113
456 112
457 109
458 111
459 111
460 112
461 112
462 111
463 111
464 110
465 112
466 114
467 113
468 113
469 114
470 112
471 112
472 112
473 113
474 112
475 113
476 112
477 112
478 114
479 113
480 113
481 114
482 113
483 112
484 112
485 116
486 115
487 115
488 114
489 114
490 117
491 115
492 115
493 113
494 114
495 116
496 116
497 115
498 116
499 114
500 116
501 115
502 117
503 116
504 115
505 117
506 117
507 117
508 116
509 116
510 116
511 118
512 116
513 114
514 117
515 117
516 115
517 116
518 117
519 116
520 117
521 118
522 116
523 115
524 117
525 117
526 118
527 117
528 119
529 117
530 118
531 117
532 118
533 118
534 118
535 117
536 119
537 119
538 119
539 118
540 119
541 118
542 120
543 120
544 120
545 121
546 119
547 122
548 121
549 122
550 122
551 122
552 123
553 122
554 124
555 122
556 120
557 123
558 122
559 121
560 122
561 121
562 123
563 122
564 121
565 121
566 118
567 122
568 123
569 121
570 118
571 120
572 120
573 122
574 122
575 122
576 122
577 122
578 122
579 122
580 123
581 120
582 122
583 123
584 120
585 122
586 123
587 123
588 120
589 120
590 119
591 118
592 119
593 117
594 116
595 116
596 115
597 115
598 117
599 115
600 115
601 116
602 115
603 116
604 115
605 113
606 116
607 116
608 114
609 116
610 116
611 116
612 115
613 114
614 114
615 115
616 115
617 115
618 115
619 116
620 115
621 113
622 114
623 112
624 115
625 114
626 115
627 115
628 114
629 109
630 115
631 115
632 114
633 114
634 114
635 114
636 114
637 115
638 112
639 114
640 112
641 112
642 109
643 111
644 111
645 110
646 112
647 112
648 111
649 115
650 113
651 114
652 113
653 113
654 112
655 114
656 112
657 112
658 111
659 112
660 109
661 110
662 110
663 111
664 113
665 112
666 111
667 109
668 112
669 110
670 113
671 111
672 112
673 112
674 112
675 112
676 109
677 109
678 110
679 112
680 111
681 109
682 107
683 5
684 4
685 0
686 7
687 6
688 7
689 108
690 111
691 111
692 4
693 7
694 108
695 5
696 4
697 3
698 5
699 108
700 108
701 108
702 108
703 110
704 4
705 110
706 111
707 110
708 109
709 6
710 7
711 7
712 8
713 8
714 5
715 7
716 110
717 6
718 4
719 5
720 5
721 4
722 4
723 3
724 4
725 6
726 4
727 4
728 5
729 107
730 105
731 107
732 109
733 108
734 108
735 109
736 105
737 108
738 108
739 106
740 105
741 107
742 108
743 107
744 106
745 1
746 3
747 1
748 5
749 5
750 3
751 3
752 3
753 6
754 3
755 1
756 3
757 4
758 3
759 3
760 3
761 2
762 1
763 4
764 2
765 5
766 3
767 2
768 5
769 5
770 4
771 5
772 4
773 6
774 6
775 6
776 6
777 104
778 6
779 103
780 106
781 105
782 106
783 104
784 106
785 105
786 106
787 103
788 106
789 103
790 104
791 103
792 103
793 103
794 105
795 105
796 100
797 104
798 104
799 104
800 7
801 8
802 7
803 7
804 5
805 9
806 8
807 3
809 1
810 4
811 5
812 76
813 83
814 92
815 91
816 116
817 123
818 128
819 136
820 140
821 160
822 173
823 175
824 183
825 195
826 200
827 212
828 217
829 224
830 230
831 239
832 244
833 242
834 244
835 246
836 247
837 248
838 249
839 251
840 252
841 250
842 246
843 247
844 247
845 247
846 247
847 246
848 247
849 247
850 248
851 248
852 252
853 254
854 256
855 257
856 257
857 262
858 257
859 264
860 270
861 269
862 266
863 264
864 258
865 258
866 255
867 253
868 250
869 252
870 250
871 250
872 249
873 246
874 247
875 247
876 249
877 248
878 249
879 251
880 253
881 252
882 251
883 252
884 249
885 249
886 249
887 249
888 246
889 7
890 2
892 0
893 1
895 0
898 0
899 1
900 4
901 7
902 7
903 0
905 1
906 6
907 8
909 0
910 0
911 1
912 0
915 0
916 1
917 629
918 5
919 629
920 4
921 7
922 7
923 10
924 10
925 13
926 633
927 10
928 13
929 13
930 12
931 14
932 13
933 14
934 14
935 15
936 13
937 13
938 12
939 13
940 10
941 13
942 12
943 48
944 50
945 45
946 49
947 46
948 49
949 46
950 50
951 52
952 52
953 53
954 50
955 55
956 57
957 55
958 57
959 57
960 59
961 55
962 55
963 54
964 52
965 57
966 54
967 55
968 56
969 55
970 52
971 48
972 46
973 46
974 644
975 643
976 641
977 640
978 622
979 626
980 33
981 31
982 34
983 33
984 35
985 37
986 37
987 40
988 44
989 45
990 45
991 47
992 45
993 48
994 51
995 53
996 53
997 56
998 57
999 57
1000 58
1001 57
1002 59
1003 59
1004 61
1005 64
1006 66
1007 66
1008 71
1009 72
1010 74
1011 73
1012 76
1013 78
1014 78
1015 81
1016 83
1017 81
1018 84
1019 87
1020 89
1021 89
1022 91
1023 93
1024 94
1025 93
1026 96
1027 100
1028 101
1029 104
1030 105
1031 106
1032 108
1033 109
1034 111
1035 113
1036 113
1037 115
1038 118
1039 119
1040 119
1041 120
1042 123
1043 120
1044 125
1045 121
1046 130
1047 133
1048 135
1049 134
1050 136
1051 136
1052 137
1053 138
1054 141
1055 142
1056 143
1057 142
1058 146
1059 145
1060 149
1061 151
1062 150
1063 152
1064 154
1065 156
1066 155
1067 160
1068 161
1069 161
1070 164
1071 166
1072 163
1073 168
1074 170
1075 171
1076 170
1077 175
1078 174
1079 175
