800 5
801 6
802 7
803 8
804 12
805 33
806 31
807 35
808 52
809 52
810 53
811 55
812 54
813 58
814 56
815 57
816 57
817 57
818 57
819 57
820 56
821 51
822 47
823 37
824 36
825 33
826 35
827 38
828 37
829 37
830 33
831 35
832 36
833 36
834 37
835 36
836 7
837 35
838 38
839 8
840 37
841 7
842 4
843 9
844 6
845 9
846 9
847 7
848 6
849 6
850 6
851 8
852 9
853 9
854 7
855 9
856 9
857 8
858 8
859 7
860 3
861 8
862 7
863 7
864 7
865 9
866 9
867 8
868 5
869 8
870 6
871 8
872 8
873 7
874 9
875 9
876 8
877 7
878 9
879 7
880 7
881 5
882 8
883 8
884 7
885 7
886 8
887 7
888 8
889 6
890 8
891 8
892 240
893 240
894 241
895 240
896 242
897 241
898 243
899 241
900 243
901 243
902 241
903 242
904 242
905 244
906 243
907 240
908 241
909 242
910 241
911 242
912 239
913 238
914 240
915 237
916 238
917 237
918 237
919 237
920 238
921 237
922 237
923 237
924 235
925 234
926 234
927 231
928 233
929 231
930 232
931 230
932 230
933 229
934 230
935 231
936 232
937 229
938 228
939 231
940 228
941 228
942 225
943 225
944 224
945 225
946 224
947 223
948 223
949 221
950 220
951 222
952 220
953 220
954 220
955 220
956 954
957 944
958 937
959 937
960 931
961 926
962 910
963 892
964 880
965 864
966 846
967 843
968 1010
969 1029
970 1028
971 1029
972 1027
973 1024
974 1026
975 1025
976 1017
977 1008
978 1007
979 993
980 978
981 955
982 887
983 887
984 880
985 848
986 835
987 833
988 828
989 806
990 801
991 790
992 778
993 761
994 753
995 736
996 722
997 707
998 693
999 686
1000 678
1001 670
1002 654
1003 642
1004 635
1005 618
1006 612
1007 597
1008 583
1009 571
1010 559
1011 556
1012 543
1013 529
1014 514
1015 505
1016 496
1017 481
1018 473
1019 459
1020 446
1021 430
1022 419
1023 409
1024 407
1025 403
1026 399
1027 379
1028 369
1029 333
1030 324
1031 303
1032 296
1033 284
1034 276
1035 268
1036 257
1037 240
1038 230
1039 215
1040 200
1041 198
1042 182
1043 170
1044 171
1045 170
1046 170
1047 161
1048 156
1049 86
1050 76
1051 145
1052 145
1053 145
1054 139
1055 143
1056 152
1057 138
1058 150
1059 166
1060 169
1061 177
1062 189
1063 192
1064 62
1065 53
1066 48
1067 41
1068 29
1069 18
1070 12
1071 4
0 0
0 0
0 0
0 0
0 0
0 0
0 0
0 0
0 0
0 0
0 0
0 0
0 0
0 0
0 0
0 0
0 0
0 0
0 0
0 0
0 0
0 0
0 0
0 0
0 0
0 0
0 0
0 0
0 0
0 0
0 0
