1111 1071
1110 1070
1113 1068
1112 1069
1114 1068
1109 1066
1047 494
1048 493
1108 1065
1049 477
1045 510
1046 499
1050 467
1051 697
1107 1058
1106 1050
1115 1048
1052 680
1044 479
1043 478
1105 1019
1042 453
1104 995
1103 947
1102 941
1041 396
1040 390
1101 901
1100 890
1039 335
1099 844
1098 834
1038 286
1037 449
1097 798
1096 774
1036 408
1095 758
1094 749
1035 170
1034 366
1093 712
1033 333
1092 684
1091 657
1090 550
1032 295
1089 313
1031 228
1088 201
1087 25
1086 9
1085 0
1010 203
1009 202
1012 1
1013 199
1025 192
1027 190
998 207
999 209
1011 196
1026 190
1000 206
1007 202
1016 196
1004 201
979 215
1001 204
974 220
978 218
980 215
968 224
975 218
981 215
962 227
967 223
969 222
961 226
944 234
946 234
948 231
950 232
960 226
963 224
942 235
945 233
947 231
951 230
943 235
949 230
952 227
931 242
932 241
933 241
953 223
910 253
916 250
917 248
920 247
921 246
907 255
908 256
909 254
911 252
912 250
901 257
903 256
891 264
892 262
893 262
894 262
900 256
889 263
890 264
896 259
902 255
883 266
885 265
886 266
887 263
888 264
897 257
876 270
878 268
882 267
884 264
869 273
871 273
872 273
873 272
874 270
877 266
867 273
875 269
879 267
865 276
866 274
870 270
868 272
1065 26
1066 11
1068 21
1067 6
1071 18
1070 17
1064 19
1069 15
1075 4
1076 4
1074 5
1077 4
1078 3
1079 3
1073 5
1072 4
1061 2
1063 4
1062 2
1059 0
1055 2
1057 3
1058 0
1053 0
1054 2
1056 2
1028 4
1030 1
1029 4
1022 4
1023 4
1024 4
1020 3
1021 2
1014 5
1018 0
1019 0
1017 2
1015 3
1008 4
1005 2
1002 4
1006 3
1003 4
996 5
997 5
995 5
992 6
991 5
993 5
994 4
990 5
989 4
987 3
988 4
985 4
983 6
986 3
984 4
982 4
976 4
977 4
972 6
971 7
973 6
970 7
964 5
966 4
965 3
958 7
959 6
955 4
956 5
954 4
957 2
938 8
937 5
940 4
941 3
936 6
935 6
939 4
934 5
930 7
927 6
928 6
929 7
926 6
924 7
923 7
922 7
925 3
919 7
918 7
915 7
913 4
914 6
906 6
904 7
905 5
899 8
898 8
895 7
881 7
880 5
863 9
864 9
862 7
861 8
858 8
854 10
857 8
859 8
860 5
855 9
852 9
850 9
856 6
847 11
849 10
851 8
853 7
846 11
848 10
845 9
844 9
843 9
838 12
841 8
842 6
837 11
839 9
840 9
836 9
834 11
835 10
831 11
829 11
830 10
832 9
833 8
828 10
824 11
825 11
827 10
826 8
821 12
823 9
819 9
820 10
816 12
817 9
818 8
822 7
815 10
813 11
814 10
810 10
812 10
811 8
806 11
807 9
808 9
809 9
803 11
805 10
802 9
804 9
799 13
800 11
797 11
801 8
796 11
798 10
795 12
793 10
794 12
792 11
789 12
791 9
788 12
790 8
786 9
787 10
783 11
785 8
784 10
780 12
781 8
782 10
778 10
779 10
777 9
774 11
775 11
776 8
773 11
772 9
768 11
770 10
771 8
766 10
767 10
769 10
763 8
764 10
765 9
762 9
761 11
759 11
760 10
756 12
757 10
758 10
752 13
754 11
751 11
753 11
755 9
749 12
748 7
750 10
747 10
745 12
746 12
741 12
743 11
744 12
740 12
742 11
739 11
737 12
738 10
736 11
734 12
735 12
732 10
733 10
731 11
730 10
728 10
729 10
727 9
723 12
724 12
725 11
722 10
726 9
721 10
720 9
717 12
715 13
716 12
718 10
719 7
713 11
714 12
711 12
712 12
710 9
706 13
704 13
708 8
709 9
703 12
702 12
705 11
707 10
700 12
698 13
699 12
701 10
697 11
695 12
696 11
694 11
692 11
693 12
691 11
688 11
689 10
690 10
686 11
687 10
682 12
684 10
685 8
681 12
683 9
680 12
678 11
679 11
677 10
674 13
675 13
676 11
672 11
673 11
668 11
669 12
671 9
670 8
664 13
665 12
667 12
666 12
662 11
663 10
658 10
659 11
661 8
657 10
660 8
655 11
656 10
652 12
653 12
651 11
654 9
650 9
645 15
646 16
649 11
644 14
648 11
642 13
643 13
647 12
641 11
638 11
639 11
640 11
636 12
637 12
633 11
634 11
635 10
632 12
629 12
631 10
630 9
625 8
626 10
628 9
624 12
627 10
621 13
622 12
619 12
623 9
616 11
618 10
620 10
617 11
613 12
614 11
615 9
611 10
612 12
610 14
608 11
609 11
606 10
602 14
603 11
605 12
607 8
601 9
595 13
597 12
599 11
600 9
604 8
594 10
596 11
598 10
590 13
591 12
592 12
593 11
589 10
587 7
588 9
584 12
585 10
586 8
581 11
583 11
580 10
582 10
579 11
575 12
577 9
578 9
574 10
576 11
570 11
572 9
573 7
569 9
571 9
568 10
566 13
567 11
565 12
564 9
560 13
561 12
563 11
562 10
553 12
555 11
559 8
552 12
554 11
558 8
556 8
557 9
551 11
550 11
549 10
547 9
546 8
545 11
548 5
544 10
543 9
536 11
538 12
542 9
533 11
534 10
537 9
539 9
535 8
540 7
541 7
528 11
530 10
532 9
1116 25
529 9
531 10
526 13
527 11
523 11
524 10
525 12
521 13
522 9
520 13
518 9
517 8
519 9
516 6
514 5
515 4
510 10
511 9
513 7
512 6
509 11
1117 10
502 12
504 11
506 11
508 8
503 10
507 8
500 9
505 8
494 8
495 8
498 8
499 8
493 7
496 7
497 7
501 7
490 4
492 3
486 2
491 2
484 1
485 0
487 0
489 0
488 0
