0 246
1 245
2 247
3 246
4 242
5 243
6 3
7 1
8 2
10 2
11 249
12 247
13 248
14 3
15 4
16 245
17 246
18 243
19 247
20 249
21 249
22 247
23 249
24 249
25 246
26 248
27 249
28 4
29 245
30 246
31 247
32 247
33 248
34 248
35 248
36 247
37 248
38 248
39 247
40 246
41 251
42 249
43 249
44 245
45 247
46 248
47 245
48 251
49 249
50 249
51 248
52 249
53 248
54 249
55 249
56 249
57 246
58 249
59 247
60 249
61 250
62 248
63 248
64 246
65 246
66 244
67 245
68 9
69 248
70 247
71 249
72 247
73 248
74 245
75 247
76 246
77 248
78 248
79 247
80 249
81 249
82 249
83 249
84 250
85 248
86 246
87 248
88 248
89 248
90 247
91 249
92 249
93 247
94 248
95 250
96 248
97 249
98 249
99 10
100 248
101 249
102 250
103 251
104 249
105 249
106 249
107 250
108 249
109 249
110 249
111 246
112 249
113 249
114 248
115 247
116 247
117 248
118 248
119 247
120 248
121 243
122 2
123 0
126 0
128 2
129 0
130 0
138 0
139 1
142 0
145 0
146 46
147 47
148 0
149 1
150 48
151 48
152 1
153 49
154 48
155 51
156 46
157 1
158 3
159 1
160 3
161 1
162 48
163 0
164 49
165 1
166 1
167 3
168 2
169 1
170 3
171 47
172 49
173 51
174 4
175 2
176 4
177 0
178 2
179 2
180 49
181 47
182 3
183 3
184 2
185 1
186 0
187 49
188 48
189 47
190 48
191 49
192 47
193 0
194 48
196 49
197 0
198 0
199 0
200 49
201 47
202 1
203 0
204 3
206 2
207 0
208 4
209 4
210 4
211 3
212 2
213 0
214 1
215 3
216 0
217 2
218 0
219 3
220 2
221 0
222 2
223 0
224 2
225 0
226 1
227 0
228 4
229 0
230 3
231 0
232 49
233 50
234 48
235 48
236 1
237 0
238 1
239 2
240 2
241 2
242 51
243 49
244 49
245 51
246 50
247 51
248 49
249 49
250 51
251 50
252 51
253 51
254 51
255 50
256 51
257 50
258 4
259 50
260 51
261 2
262 3
263 2
264 0
265 0
266 0
267 3
268 2
269 50
270 50
271 49
272 49
273 51
274 49
275 52
276 52
277 52
278 51
279 50
280 52
281 51
282 50
283 51
284 1
285 49
286 50
287 51
288 52
289 51
290 47
291 50
292 51
293 53
294 54
295 53
296 52
297 51
298 53
299 49
300 50
301 51
302 51
303 51
304 51
305 52
306 49
307 50
308 51
309 5
310 52
311 52
312 50
313 52
314 52
315 50
316 53
317 52
318 51
319 51
320 49
321 51
322 53
323 53
324 1
325 3
326 4
327 5
328 53
329 51
330 53
331 54
332 54
333 51
334 55
335 55
336 53
337 54
338 51
339 53
340 54
341 54
342 56
343 53
344 52
345 3
346 4
347 54
348 53
349 52
350 53
351 54
352 53
353 53
354 5
355 5
356 5
357 55
358 54
359 55
360 54
361 54
362 54
363 53
364 53
365 53
366 53
367 54
368 56
369 56
370 54
371 2
372 55
373 53
374 53
375 56
376 56
377 56
378 53
379 55
380 51
381 55
382 52
383 54
384 54
385 52
386 54
387 55
388 56
389 57
390 53
391 54
392 55
393 54
394 53
395 54
396 56
397 55
398 3
399 53
400 55
401 53
402 5
403 2
404 5
405 52
406 56
407 55
408 55
409 54
410 4
411 5
412 54
413 53
414 57
415 56
416 57
417 58
418 56
419 57
420 57
421 55
422 56
423 57
424 58
425 54
426 58
427 56
428 58
429 55
430 60
431 59
432 59
433 58
434 59
435 58
436 59
437 59
438 60
439 60
440 59
441 60
442 58
443 60
444 59
445 60
446 60
447 59
448 58
449 60
450 60
451 60
452 61
453 60
454 61
455 60
456 61
457 60
458 62
459 63
460 62
461 61
462 63
463 63
464 62
465 64
466 62
467 63
468 64
469 62
470 64
471 63
472 63
473 64
474 66
475 65
476 65
477 65
478 66
479 65
480 67
481 65
482 65
483 64
484 65
485 66
486 66
487 64
488 65
489 67
490 66
491 65
492 65
493 68
494 68
495 67
496 66
497 64
498 67
499 64
500 67
501 68
502 66
503 68
504 66
505 67
506 68
507 69
508 65
509 1
510 65
511 66
512 66
513 68
514 65
515 67
516 65
517 67
518 66
519 67
520 68
521 68
522 67
523 68
524 70
525 70
526 70
527 70
528 68
529 70
530 70
531 69
532 71
533 69
534 68
535 66
536 3
537 65
538 66
539 69
540 66
541 69
542 71
543 70
544 70
545 70
546 71
547 70
548 68
549 68
550 70
551 70
552 66
553 65
554 70
555 70
556 71
557 67
558 69
559 69
560 70
561 71
562 68
563 71
564 70
565 70
566 70
567 69
568 68
569 70
570 68
571 71
572 69
573 68
574 67
575 69
576 68
577 69
578 69
579 68
580 67
581 68
582 68
583 67
584 65
585 67
586 67
587 68
588 63
589 5
590 66
591 6
592 4
593 69
594 67
595 66
596 70
597 69
598 69
599 70
600 67
601 65
602 65
604 1
605 0
606 0
613 2
616 2
617 1
618 0
619 1
620 65
622 0
623 2
624 1
625 2
626 0
627 3
628 0
640 0
794 0
795 0
796 2
797 46
798 48
799 5
800 47
801 45
802 49
803 47
804 45
805 4
806 4
807 5
808 43
809 46
810 47
811 51
812 62
813 67
814 66
815 84
816 88
817 92
818 101
819 98
820 111
821 121
822 121
823 124
824 138
825 142
826 149
827 151
828 166
829 167
830 176
831 177
832 190
833 198
834 203
835 207
836 214
837 216
838 228
839 231
840 237
841 239
842 242
843 247
844 243
845 245
846 246
847 248
848 248
849 248
850 246
851 235
852 246
853 244
854 248
855 249
856 248
857 245
858 249
859 244
860 248
861 249
862 252
863 252
864 254
865 258
866 254
867 256
868 256
869 256
870 255
871 254
872 254
873 254
874 253
875 249
876 248
877 248
878 245
879 247
880 248
881 247
882 248
883 249
884 251
885 253
886 252
887 253
888 254
889 252
890 253
891 251
892 247
893 246
894 9
895 4
898 0
899 4
900 3
903 5
904 6
905 5
906 2
907 5
908 2
922 0
923 3
924 5
925 7
926 7
927 6
928 6
929 7
930 6
931 9
932 7
933 14
934 12
935 10
936 10
937 11
938 10
939 7
940 10
941 11
942 10
943 9
944 9
945 4
946 13
947 14
948 12
949 13
950 40
951 47
952 41
953 47
954 38
955 46
956 49
957 50
958 51
959 56
960 56
961 57
962 55
963 56
964 55
965 56
966 44
967 49
968 46
969 46
970 44
971 46
972 43
973 634
974 637
975 635
976 628
977 23
978 24
979 31
980 31
981 30
982 30
983 32
984 33
985 37
986 40
987 41
988 38
989 44
990 42
991 46
992 48
993 49
994 49
995 52
996 51
997 54
998 55
999 55
1000 58
1001 56
1002 9
1003 60
1004 60
1005 65
1006 65
1007 67
1008 67
1009 70
1010 73
1011 73
1012 78
1013 77
1014 80
1015 80
1016 84
1017 85
1018 87
1019 88
1020 87
1021 90
1022 89
1023 92
1024 94
1025 96
1026 98
1027 97
1028 101
1029 105
1030 104
1031 105
1032 108
1033 107
1034 111
1035 111
1036 113
1037 110
1038 117
1039 118
1040 118
1041 118
1042 119
1043 123
1044 124
1045 126
1046 129
1047 133
1048 133
1049 135
1050 131
1051 135
1052 137
1053 138
1054 140
1055 141
1056 142
1057 141
1058 148
1059 148
1060 149
1061 148
1062 150
1063 151
1064 153
1065 156
1066 155
1067 156
1068 159
1069 160
1070 159
1071 163
1072 164
1073 167
1074 170
1075 171
1076 171
1077 168
1078 175
1079 176
