803 3
804 29
805 33
806 39
807 53
808 54
809 55
810 57
811 59
812 61
813 59
814 60
815 59
816 60
817 56
818 58
819 58
820 57
821 54
822 49
823 40
824 40
825 36
826 37
827 39
828 35
829 37
830 36
831 34
832 37
833 38
834 37
835 36
836 38
837 38
838 38
839 39
840 39
841 37
842 36
843 37
844 35
845 39
846 38
847 6
848 7
849 6
850 8
851 7
852 5
853 8
854 7
855 6
856 7
857 8
858 7
859 7
860 6
861 7
862 6
863 7
864 8
865 5
866 8
867 6
868 7
869 6
870 7
871 6
872 6
873 4
874 4
875 5
876 7
877 6
878 7
879 6
880 4
881 4
882 8
883 7
884 5
885 6
886 6
887 6
888 7
889 7
890 7
891 7
892 7
893 6
894 7
895 7
896 5
897 261
898 260
899 260
900 260
901 260
902 261
903 259
904 261
905 262
906 259
907 262
908 262
909 262
910 262
911 261
912 261
913 262
914 259
915 260
916 258
917 258
918 255
919 256
920 257
921 256
922 253
923 254
924 252
925 252
926 250
927 251
928 250
929 247
930 250
931 249
932 250
933 248
934 248
935 247
936 247
937 246
938 246
939 246
940 246
941 244
942 244
943 243
944 243
945 241
946 236
947 239
948 238
949 237
950 237
951 236
952 237
953 236
954 235
955 234
956 233
957 233
958 231
959 232
960 230
961 229
962 229
963 227
964 227
965 227
966 228
967 227
968 1036
969 1036
970 1032
971 1034
972 1032
973 1032
974 1030
975 1030
976 1030
977 1027
978 1028
979 1025
980 1026
981 1014
982 977
983 970
984 964
985 954
986 934
987 926
988 916
989 900
990 826
991 815
992 810
993 802
994 787
995 764
996 746
997 726
998 719
999 716
1000 700
1001 693
1002 683
1003 666
1004 656
1005 645
1006 640
1007 622
1008 615
1009 598
1010 592
1011 574
1012 563
1013 552
1014 544
1015 531
1016 521
1017 499
1018 488
1019 481
1020 473
1021 464
1022 446
1023 444
1024 430
1025 442
1026 434
1027 428
1028 406
1029 389
1030 371
1031 344
1032 327
1033 311
1034 307
1035 298
1036 289
1037 278
1038 261
1039 259
1040 230
1041 216
1042 204
1043 182
1044 187
1045 184
1046 176
1047 173
1048 167
1049 166
1050 67
1051 158
1052 163
1053 162
1054 160
1055 141
1056 141
1057 140
1058 161
1059 169
1060 176
1061 61
1062 71
1063 81
1064 82
1065 67
1066 61
1067 52
1068 46
1069 40
1070 39
1071 14
1072 14
0 0
0 0
0 0
0 0
0 0
0 0
0 0
0 0
0 0
0 0
0 0
0 0
0 0
0 0
0 0
0 0
0 0
0 0
0 0
0 0
0 0
0 0
0 0
0 0
0 0
0 0
0 0
0 0
0 0
0 0
0 0
0 0
0 0
0 0
0 0
0 0
0 0
0 0
0 0
0 0
0 0
0 0
0 0
