1032 726
1033 725
1034 525
1038 158
1035 540
1036 488
1037 254
1031 722
1030 706
1110 1055
1111 1056
1112 1056
1109 1054
1113 1051
1108 1051
1107 1046
1114 1041
1106 1034
1105 1006
1104 984
1029 631
1028 603
1103 949
1102 925
1027 574
1101 880
1026 530
1100 862
1025 488
1099 829
1098 810
1024 421
1097 764
1023 395
1096 742
1095 704
1022 347
1094 671
1021 300
1093 643
1020 279
1092 621
1091 595
1090 449
1019 225
1088 195
1089 246
1018 218
971 218
972 214
973 214
941 235
961 222
962 222
947 228
931 240
940 232
942 232
943 231
917 245
918 245
916 245
892 259
893 257
886 261
894 257
895 257
875 269
872 269
874 268
885 261
873 268
876 265
869 268
871 268
868 269
867 267
870 265
877 262
878 261
866 266
1067 25
1068 23
1065 27
1066 9
1064 24
1071 15
1070 17
1069 15
1078 6
1074 9
1075 7
1077 5
1076 6
1073 6
1079 1
1080 1
1072 3
1063 5
1062 2
1058 3
1060 2
1056 3
1059 0
1054 3
1053 3
1055 1
1057 0
1050 3
1051 2
1052 1
1049 1
1014 5
1017 3
1013 4
1016 3
1011 5
1015 2
1009 5
1012 3
1007 6
1008 5
1010 4
1004 5
1005 3
1003 3
1006 3
1001 5
1002 4
999 7
1000 6
998 5
996 4
997 5
994 5
995 3
993 6
992 6
991 4
988 6
989 5
990 3
986 5
987 3
985 4
982 5
984 4
983 3
978 5
979 4
976 6
977 5
980 3
974 6
975 5
981 1
969 8
970 5
967 5
968 5
963 7
964 6
965 5
966 5
960 8
959 5
958 5
957 5
952 5
953 6
955 5
956 4
954 5
950 7
949 6
951 5
948 6
945 6
944 6
946 3
938 7
939 6
937 5
933 7
934 7
935 5
932 4
936 4
928 8
930 6
927 6
929 6
925 7
926 6
923 7
924 6
921 6
922 7
920 7
919 7
915 5
913 6
914 5
910 7
911 5
912 6
909 7
905 7
907 5
908 6
902 7
903 6
904 7
906 5
900 5
901 6
898 8
896 7
897 5
890 10
891 9
899 4
889 9
887 8
888 7
884 9
883 9
881 8
882 8
879 7
880 6
865 10
864 10
863 8
862 8
858 9
861 8
854 10
856 9
857 8
859 8
855 7
860 3
851 10
852 9
850 10
853 8
847 11
848 11
849 10
846 11
844 9
845 8
842 8
843 9
840 11
841 9
838 12
839 11
837 11
836 9
835 10
832 11
833 10
834 10
831 10
830 10
828 8
829 10
826 8
824 10
825 10
827 9
821 12
823 9
822 10
818 10
820 10
816 12
817 9
819 8
815 10
814 11
813 10
811 11
812 9
810 10
807 10
808 9
809 10
805 9
806 9
799 12
800 11
802 8
803 8
804 8
797 12
801 8
796 12
798 11
795 12
793 11
794 12
792 12
791 11
787 11
789 10
790 11
788 9
785 10
786 8
784 11
782 11
783 9
778 10
779 11
781 9
777 10
780 9
776 10
774 11
775 11
773 11
772 9
768 11
770 10
771 8
766 11
767 11
769 10
765 10
764 9
763 7
760 12
761 11
759 11
762 9
756 12
757 10
758 10
752 13
754 11
751 12
753 11
755 9
749 12
748 11
750 9
745 12
747 10
746 8
741 12
742 12
744 12
740 12
743 10
738 11
739 11
736 12
737 11
735 12
732 12
733 10
734 11
731 11
730 11
727 10
728 9
729 9
723 11
724 10
725 10
722 10
726 7
721 11
720 10
717 12
718 11
715 13
716 12
719 8
713 12
712 10
711 11
714 10
705 12
706 13
707 11
708 10
709 10
710 8
704 12
702 12
699 13
700 12
701 13
703 9
697 13
698 12
696 11
695 10
694 9
692 12
693 11
691 11
689 10
688 11
690 8
687 10
682 11
683 12
685 9
686 10
679 12
681 11
684 9
677 11
680 11
676 13
678 9
674 13
675 10
673 8
668 11
669 12
671 11
672 9
670 10
664 12
665 13
667 12
666 12
662 10
663 10
658 10
659 9
661 9
657 9
660 8
655 9
656 10
652 12
653 12
651 10
654 7
650 9
645 15
646 16
649 10
644 14
648 10
642 13
643 13
647 12
641 11
640 12
636 13
639 12
638 12
633 9
634 10
635 10
637 7
632 8
629 12
630 11
631 8
624 11
625 10
626 10
628 10
627 10
621 11
622 11
623 10
617 13
619 12
615 13
616 10
618 8
620 8
613 11
611 11
612 10
614 8
609 13
610 13
608 10
606 10
602 10
603 9
604 10
607 9
605 11
601 11
595 11
597 11
598 8
599 8
600 8
594 9
596 9
590 13
591 11
593 12
589 12
592 10
588 10
586 11
587 10
584 12
583 11
585 10
582 11
580 10
581 11
578 8
579 9
574 11
575 12
577 8
576 10
570 11
571 14
572 10
573 6
568 10
569 8
564 11
567 11
565 8
566 10
560 12
561 13
563 12
562 12
552 12
553 11
554 11
555 10
556 9
557 10
558 8
559 7
551 11
550 8
546 9
547 8
549 8
548 8
545 9
543 11
544 10
542 10
541 9
1115 34
533 14
534 11
536 10
535 7
537 8
539 7
538 8
540 6
1116 26
529 8
531 10
532 9
528 12
530 8
526 13
527 11
523 12
524 12
525 11
521 12
522 12
520 13
518 13
517 7
519 8
515 6
516 5
510 11
511 9
512 10
514 6
1117 11
509 10
513 6
502 12
503 12
504 11
506 11
508 8
507 8
500 8
501 8
505 8
493 8
495 7
497 8
498 7
494 7
496 7
499 6
490 4
492 3
491 3
486 2
484 1
485 0
487 0
488 0
489 0
