1111 1079
1112 1079
1113 1078
1114 1078
1115 1076
1108 1076
1109 1076
1116 1069
1110 1073
1044 510
1045 507
1043 509
1042 508
1041 506
1046 475
1107 1062
1040 502
1047 447
1039 497
1106 1032
1105 1031
1038 475
1048 392
1104 1003
1037 643
1036 619
1103 962
1102 958
1035 579
1101 929
1034 557
1100 912
1099 911
1033 524
1098 872
1032 515
1049 498
1031 496
1030 492
1097 836
1096 835
1095 819
1094 799
1093 771
1092 770
1029 413
1028 395
1027 374
1091 695
1090 684
1089 502
1088 295
1026 302
1087 57
1025 268
1086 31
1084 0
976 217
973 219
974 219
975 217
970 221
971 220
972 218
944 235
946 234
945 233
948 230
947 232
912 249
913 248
919 246
920 243
922 243
915 248
916 246
918 245
921 243
898 260
900 256
904 255
905 254
908 252
911 250
914 246
924 240
899 257
902 255
903 254
906 253
907 253
909 249
890 262
891 261
893 260
894 260
897 257
901 253
883 265
887 263
888 260
889 262
895 258
896 257
882 265
885 263
886 262
892 258
874 269
876 268
881 265
872 270
873 270
879 264
880 262
884 262
875 267
877 266
871 268
878 263
870 267
869 265
868 254
867 242
1065 25
1066 23
1064 25
1067 24
1068 23
1069 22
1070 11
1075 5
1076 5
1077 6
1074 5
1078 2
1079 0
1080 1
1072 3
1073 4
1071 4
1059 2
1060 0
1058 1
1057 1
1056 0
1051 0
1052 0
1050 0
1024 5
1023 2
1022 4
1019 5
1021 2
1020 3
1015 4
1016 4
1018 3
1017 2
1012 4
1014 2
1009 4
1010 3
1013 2
1011 3
1008 2
1002 4
1004 2
1005 3
1001 5
1003 2
1007 0
998 7
999 6
1000 3
1006 0
994 6
995 5
996 5
997 5
993 7
992 5
989 6
990 4
991 3
988 4
985 5
987 4
983 6
984 5
986 3
982 3
981 4
978 5
979 5
980 3
977 5
968 7
969 6
964 6
965 5
967 4
962 7
963 6
966 3
961 6
959 4
957 5
958 6
960 4
956 4
953 5
951 4
954 3
955 2
949 6
950 3
952 1
943 6
941 6
942 5
937 8
940 5
936 7
938 6
939 4
934 7
935 7
930 7
932 6
933 5
926 7
928 7
929 4
931 5
927 7
923 6
925 4
917 7
910 8
865 10
864 10
866 7
863 9
862 7
858 8
861 8
859 5
860 7
854 8
855 6
856 7
857 6
851 8
853 9
847 11
849 10
852 7
846 8
848 10
850 8
844 7
845 8
842 9
843 8
840 11
841 10
839 11
838 10
835 11
833 11
834 11
836 8
837 8
832 8
831 9
829 10
830 10
828 10
826 11
827 10
825 8
823 11
822 10
824 9
821 9
818 11
820 9
817 11
819 8
816 11
815 11
813 9
814 9
811 10
808 11
810 7
812 8
809 9
804 9
806 10
807 9
803 10
805 8
800 12
802 10
801 10
799 11
798 9
795 11
797 9
796 9
793 9
794 7
790 10
791 10
792 9
788 11
789 10
787 10
784 12
786 10
783 11
785 9
780 10
781 8
782 8
779 9
776 12
777 10
778 9
773 10
774 11
772 8
775 9
771 12
768 11
769 11
770 8
767 10
765 10
766 9
762 9
763 7
761 10
758 11
759 11
760 10
764 6
756 12
757 11
753 9
754 12
755 9
752 11
750 11
751 11
747 12
748 9
749 11
745 12
746 10
741 12
740 12
743 9
744 10
738 12
739 12
742 7
737 12
734 10
735 11
736 11
732 10
733 10
731 8
727 10
728 9
729 8
730 7
726 8
725 9
723 9
724 10
720 11
721 11
718 8
719 10
722 9
717 11
715 11
716 10
714 10
713 10
711 9
712 10
707 14
708 10
709 10
710 10
706 13
704 12
705 12
702 13
703 11
700 11
701 12
697 12
698 12
699 10
696 11
694 10
695 10
692 12
693 11
689 11
691 10
687 10
686 11
688 11
690 8
682 12
678 11
680 11
683 7
684 8
685 7
677 12
681 9
675 11
676 12
679 10
674 11
669 12
671 10
673 8
668 11
670 9
672 8
665 11
664 10
666 8
667 7
663 10
657 12
659 8
662 8
660 9
661 8
655 12
658 7
656 11
652 10
653 9
651 10
654 9
647 14
650 9
649 10
645 13
646 14
648 9
644 11
642 12
643 11
641 10
639 12
640 10
635 10
636 9
637 9
638 9
633 9
632 10
634 9
626 11
629 10
631 5
625 10
628 9
630 8
624 11
627 7
623 10
620 10
621 9
622 10
619 12
618 9
613 12
615 10
616 10
617 8
612 11
614 10
611 10
610 10
608 11
606 11
607 11
609 9
604 12
605 8
603 9
601 8
602 8
598 10
599 9
600 9
596 12
597 11
592 12
593 10
595 11
590 8
591 11
594 10
587 9
588 10
586 9
589 7
585 11
581 10
583 9
584 9
578 10
579 10
580 8
582 8
575 11
577 8
574 10
576 9
570 11
572 9
573 9
569 11
571 9
568 11
567 12
566 10
565 9
561 11
562 12
563 11
564 7
560 11
559 8
555 10
558 9
551 13
552 12
553 11
554 11
556 7
557 5
547 10
548 13
549 12
546 8
550 5
542 12
541 13
544 11
545 10
540 11
543 11
533 11
534 10
537 8
538 12
539 11
536 7
535 6
529 12
532 10
528 11
530 10
531 7
527 9
524 12
526 7
525 8
523 11
522 11
518 10
519 10
520 12
521 12
512 9
517 6
514 7
515 7
516 7
509 9
511 9
508 8
513 3
507 10
510 6
502 8
503 8
505 12
506 9
504 10
500 6
501 7
494 8
495 7
497 7
498 8
493 7
496 7
499 7
490 4
489 1
491 3
492 1
488 1
485 0
487 0
