1025 732
1026 730
1027 730
1029 728
1110 1079
1112 1079
1114 1078
1115 1079
1116 1074
1028 727
1111 1078
1113 1078
1024 729
1117 11
1109 1074
1023 719
1022 715
1021 687
1108 1027
1107 1009
1020 648
1106 978
1105 960
1019 603
1104 935
1018 574
1103 891
1017 532
1102 873
1016 524
1101 845
1100 822
1015 447
1014 443
1099 780
1098 747
1013 401
1012 398
1011 358
1097 697
1096 694
1095 655
1010 293
1094 624
1009 270
1093 585
1092 557
1091 528
1008 199
1002 203
989 210
993 210
983 215
984 214
985 213
987 212
988 210
990 210
991 209
992 210
995 207
982 213
994 205
971 220
975 216
986 207
972 218
957 226
973 215
940 236
946 233
939 238
941 235
942 234
930 243
931 243
943 233
944 232
945 231
928 242
925 243
926 240
924 242
927 240
913 248
918 247
919 245
905 254
909 252
910 249
920 241
921 242
929 237
903 254
904 254
906 253
907 253
908 250
890 261
891 260
872 271
876 268
881 263
873 270
871 267
874 267
877 265
870 269
878 264
879 263
875 266
880 260
869 268
868 266
867 266
882 237
1066 26
1067 24
1068 25
1065 24
1069 22
1063 25
1064 23
1090 330
1089 88
1088 19
1070 15
1074 9
1076 7
1077 5
1075 7
1078 4
1079 3
1080 2
1071 2
1072 3
1073 3
1062 3
1060 3
1061 3
1059 1
1058 0
1054 0
1055 1
1057 1
1051 3
1052 3
1049 1
1050 1
1053 0
1032 4
1036 0
1031 3
1034 1
1030 4
1033 0
1004 4
1001 5
1003 1
1005 0
998 6
999 6
1000 6
1006 0
1007 0
997 6
996 3
981 5
979 6
980 3
976 4
977 5
978 4
974 6
970 8
969 5
968 5
963 6
966 5
967 5
962 7
965 4
960 6
961 6
964 3
959 5
958 5
953 5
955 4
956 3
952 3
948 5
951 4
954 3
949 6
950 3
947 6
937 7
936 7
938 7
934 7
935 7
933 6
932 6
923 6
922 6
917 7
915 6
914 4
916 2
911 8
912 5
899 6
900 7
901 6
898 9
902 5
896 8
893 9
894 9
895 8
892 8
897 2
888 7
889 8
886 9
887 7
885 5
884 6
883 7
865 10
864 10
866 9
863 9
862 7
858 8
861 8
859 5
860 7
854 8
855 6
856 7
857 6
851 8
853 9
849 11
847 10
850 9
852 7
846 10
848 10
845 9
843 10
842 10
844 7
840 10
841 10
839 11
835 12
836 10
834 11
837 8
838 8
832 11
833 10
831 11
830 10
828 10
829 10
826 10
827 9
825 9
821 11
823 9
824 9
818 11
820 10
822 9
817 10
819 9
816 11
815 9
813 11
814 7
811 10
809 11
812 8
808 10
810 6
805 9
806 10
807 9
804 8
800 12
803 9
801 10
799 11
802 8
798 9
796 11
797 10
795 9
794 10
790 10
791 10
793 8
788 12
792 8
789 10
787 11
784 12
786 10
783 11
785 9
780 10
781 9
782 9
779 8
776 13
777 11
778 10
773 11
774 12
772 9
775 9
771 12
767 11
768 11
769 11
770 9
766 10
765 10
762 9
763 7
761 10
758 11
759 10
760 10
764 6
756 11
757 11
753 11
754 12
755 11
752 11
750 11
751 11
747 12
748 9
749 11
746 12
745 12
741 13
740 12
743 9
744 11
738 11
739 11
742 7
737 12
735 13
736 10
732 11
734 10
733 10
731 10
730 9
727 10
729 7
726 9
728 7
725 7
722 13
724 10
720 12
721 11
723 9
719 10
718 9
715 11
716 11
717 10
714 11
713 7
710 10
711 11
712 9
707 13
709 11
704 14
705 13
706 11
708 9
703 12
699 11
701 12
697 12
698 12
700 11
702 9
696 11
695 12
693 11
692 10
694 9
689 11
687 11
688 12
690 9
691 9
686 10
683 12
684 9
685 9
678 12
680 11
681 10
682 11
677 12
675 13
676 12
679 9
671 10
673 9
674 9
668 11
669 11
672 9
670 8
665 12
667 8
664 12
666 10
662 9
663 6
658 11
660 10
661 9
657 11
659 7
655 12
656 12
652 11
653 10
651 10
654 10
647 14
650 8
649 10
645 14
646 14
648 11
644 13
642 12
643 10
639 11
641 9
635 9
637 11
638 11
640 10
634 8
636 9
632 9
633 7
629 11
631 10
626 11
627 9
628 10
630 8
625 10
623 11
624 10
621 11
620 11
622 10
619 11
618 9
617 10
616 11
614 11
615 10
613 11
612 9
608 11
609 11
611 8
606 9
607 11
610 8
604 10
601 9
603 7
605 8
599 9
600 8
602 7
598 9
592 13
597 8
591 10
593 10
594 11
595 11
596 10
590 10
586 11
587 10
588 8
584 12
585 11
589 7
581 11
583 10
580 10
582 8
578 10
577 10
579 9
575 11
574 11
576 10
570 11
572 10
573 8
569 11
571 10
568 12
567 12
565 10
564 11
566 10
561 12
563 12
560 11
562 10
558 10
559 9
555 11
551 13
553 13
554 11
552 12
557 8
549 8
550 9
547 10
556 2
548 12
543 13
546 6
540 14
541 13
542 12
545 10
544 9
536 8
537 9
539 10
534 7
535 6
538 10
530 11
531 9
529 9
528 10
533 3
527 10
532 7
525 8
524 11
526 6
523 9
522 12
521 12
518 10
519 9
520 10
512 8
513 7
516 2
517 4
509 12
511 8
515 6
510 9
514 5
508 9
502 11
503 10
505 12
507 9
504 10
506 8
501 7
494 8
495 6
497 7
499 8
500 5
498 7
496 6
490 3
491 4
493 3
492 1
489 2
485 0
486 0
487 0
488 0
