1026 730
1027 730
1029 729
1028 728
1030 727
1031 727
1110 1074
1111 1074
1112 1074
1113 1074
1109 1072
1108 1071
1025 723
1114 1069
1032 713
1107 1056
1106 1037
1024 678
1105 985
1023 636
1104 979
1103 928
1102 922
1022 563
1021 559
1020 520
1101 864
1100 860
1099 816
1098 783
1019 427
1018 428
1097 760
1096 743
1017 396
1095 711
1094 668
1016 302
1015 297
1093 639
1092 617
1091 598
1014 257
1090 461
1013 221
1089 231
1088 182
1087 162
942 234
943 232
944 229
947 227
914 246
895 259
900 253
881 265
885 262
886 263
887 260
896 255
876 267
879 265
880 264
888 259
870 270
873 269
874 268
875 268
877 266
878 265
884 260
897 252
869 269
871 268
872 269
868 269
867 269
866 268
1066 8
1068 23
1064 26
1065 27
1067 10
1063 26
1071 18
1070 4
1069 16
1078 7
1079 7
1076 6
1077 6
1075 6
1074 5
1080 2
1072 3
1073 3
1062 5
1060 2
1061 1
1058 1
1054 3
1053 3
1055 1
1057 2
1056 0
1050 2
1051 2
1052 1
1033 0
1011 4
1010 4
1012 3
1008 5
1009 4
1007 4
1005 4
1006 4
1002 5
1004 4
1003 4
998 6
999 7
1001 4
996 5
997 6
1000 4
994 5
995 3
993 6
991 5
992 5
989 5
988 5
990 3
985 5
986 5
987 3
982 5
983 3
984 4
977 5
978 6
979 5
980 4
976 4
981 1
975 5
971 6
973 6
969 8
970 7
972 6
974 4
968 7
963 8
967 5
964 6
960 7
962 6
965 4
966 4
961 6
958 7
957 7
959 3
953 3
955 5
951 7
952 5
956 3
949 7
950 6
954 3
948 5
945 6
946 5
940 7
938 7
941 5
937 7
939 6
936 6
935 6
933 6
934 5
931 7
930 6
927 6
928 7
929 6
932 0
925 8
926 7
923 8
924 7
920 8
922 7
921 5
918 8
919 7
916 6
917 7
912 7
913 4
915 3
910 8
911 6
909 8
908 8
905 6
906 7
907 6
902 7
904 7
903 5
901 5
898 8
899 6
893 7
890 10
891 9
894 7
889 9
892 6
883 8
882 6
865 10
864 10
863 9
862 9
861 6
858 9
859 9
860 7
854 8
857 6
855 5
856 6
851 8
852 9
850 10
853 8
847 12
848 11
849 10
846 11
844 9
845 9
842 10
843 9
840 11
841 10
839 11
837 11
835 11
838 10
832 11
833 10
834 10
836 7
831 10
829 11
828 10
826 11
827 11
830 8
824 12
825 11
821 12
823 9
820 11
819 9
822 9
818 9
817 8
814 12
815 11
816 10
813 11
812 10
811 11
808 11
809 12
810 10
804 10
806 10
807 8
802 9
805 9
799 12
800 11
801 9
803 9
797 13
796 11
798 9
795 13
793 12
794 12
792 12
791 11
787 11
789 10
790 11
788 9
785 10
786 8
784 11
782 11
783 10
778 11
779 9
781 9
777 10
780 9
776 10
774 10
775 12
773 11
772 9
771 10
770 12
766 10
767 10
769 10
768 9
763 8
764 10
765 9
762 9
761 10
759 11
760 10
756 11
757 9
758 9
752 13
754 11
753 11
755 10
751 11
747 12
749 11
748 10
745 12
750 7
746 8
741 12
742 12
744 12
740 10
743 10
738 13
739 11
736 13
737 9
735 12
732 12
733 10
734 11
731 11
730 11
727 10
728 9
729 5
723 12
724 10
725 11
722 11
726 8
721 11
720 10
719 9
715 13
717 11
718 10
714 13
716 11
712 13
711 12
713 10
710 9
706 13
704 13
708 8
709 9
702 12
705 9
707 8
699 13
700 12
701 13
703 10
698 13
696 11
697 10
694 12
695 12
693 11
692 10
691 11
688 11
689 9
690 10
687 11
686 11
681 13
682 12
685 8
683 9
684 9
678 11
680 12
677 11
679 11
674 13
675 11
676 11
672 11
673 9
671 11
670 12
669 11
664 12
666 12
667 13
665 12
668 8
662 11
663 9
658 9
659 9
661 8
657 9
660 8
655 11
656 10
651 12
653 12
652 11
649 12
650 9
654 8
647 12
648 13
645 14
646 14
643 13
644 13
642 11
640 8
641 9
638 13
635 10
637 11
639 11
633 11
636 10
634 9
632 10
629 12
630 11
631 9
624 10
625 8
626 11
628 10
623 11
627 10
621 10
620 12
616 12
617 11
619 11
622 8
618 10
612 13
613 12
614 11
610 12
611 8
615 6
608 10
609 10
606 9
605 9
607 9
602 8
603 6
604 9
599 9
601 8
596 11
597 10
600 6
595 11
590 13
591 11
592 12
593 12
594 11
598 6
589 11
588 11
587 11
585 12
584 12
586 10
583 12
582 10
580 10
581 10
578 9
579 8
574 11
575 12
577 10
576 10
571 14
570 14
573 7
572 8
568 12
566 13
567 12
569 7
565 11
564 9
560 13
561 12
563 10
562 9
553 11
551 13
554 12
555 10
556 9
557 10
559 7
558 4
552 11
549 9
548 9
546 8
547 8
550 8
540 12
544 9
545 9
543 9
1115 36
533 12
534 11
537 10
538 11
535 9
536 9
541 6
542 7
539 8
1116 26
528 12
531 8
532 9
529 6
526 10
527 9
530 7
522 13
524 11
523 10
525 11
520 12
518 12
521 10
517 6
519 7
515 6
516 4
510 10
511 8
512 7
514 6
1117 11
509 11
513 4
503 12
504 10
506 10
508 8
502 10
507 8
500 8
501 8
505 9
493 8
495 8
499 8
494 6
496 7
498 6
497 6
492 3
490 4
491 3
486 2
484 1
485 0
487 0
488 1
489 0
