1034 725
1036 723
1037 722
1039 517
1040 441
1041 322
1035 722
1038 720
1111 1075
1112 1073
1110 1074
1033 718
1113 1071
1032 710
1109 1059
1108 1057
1114 1056
1107 1051
1115 1050
1106 1032
1031 675
1105 1012
1030 658
1104 997
1029 616
1103 964
1102 954
1028 592
1027 573
1101 919
1099 909
1100 909
1026 524
1025 523
1098 867
1097 853
1042 174
1096 832
1024 467
1023 460
1095 808
1094 779
1022 427
1093 755
1092 738
1021 372
1091 675
1020 337
1090 584
1019 313
1089 350
1088 254
1087 61
1086 0
1018 239
1016 196
971 225
972 223
973 222
992 210
956 233
957 231
961 229
964 227
965 226
970 224
993 209
958 230
959 229
960 229
962 228
963 227
937 244
954 230
955 231
935 244
943 238
928 246
936 242
944 235
953 229
940 237
877 277
878 276
879 274
880 274
893 266
894 266
909 255
910 253
875 277
876 276
890 267
892 265
871 277
881 271
884 270
891 265
870 278
872 277
874 276
882 268
885 266
895 262
868 278
869 277
883 269
867 276
873 272
866 252
1066 23
1067 24
1069 23
1065 6
1068 24
1064 1
1070 19
1071 16
1077 7
1079 5
1075 7
1076 6
1078 2
1074 7
1073 6
1072 0
1063 2
1062 1
1060 1
1061 0
1058 2
1059 0
1057 0
1052 2
1049 1
1050 1
1053 0
1017 2
1015 3
1011 4
1013 3
1014 2
1012 0
1010 2
1002 6
1003 3
1004 2
1005 1
1007 2
1008 2
1009 0
999 7
1006 2
997 5
1000 5
1001 4
996 6
998 6
995 5
994 5
989 5
991 4
987 5
988 4
990 2
986 3
985 4
982 5
983 4
984 4
979 6
980 5
978 4
981 0
976 5
977 5
975 4
974 4
968 6
969 6
966 3
967 3
948 4
951 4
952 3
949 5
950 4
947 6
945 6
946 5
942 6
941 6
938 6
939 5
934 7
929 7
930 8
931 7
932 6
927 7
925 8
933 3
924 7
926 6
923 7
922 5
920 7
919 8
921 4
918 5
916 6
913 7
915 5
917 4
912 7
914 6
911 6
907 9
902 8
905 6
906 6
908 4
901 6
903 6
904 6
900 6
898 7
899 7
896 8
897 7
888 7
889 9
886 8
887 6
865 9
864 10
863 7
859 8
862 7
858 6
860 7
861 5
856 7
857 7
855 7
851 10
852 9
854 6
853 6
847 11
848 11
850 8
846 9
849 9
845 9
844 9
843 8
841 9
842 9
839 10
840 8
835 11
836 8
834 11
837 8
838 8
832 8
830 11
831 10
829 9
833 7
826 10
827 10
828 8
825 8
821 9
823 10
824 9
818 11
820 9
822 8
817 10
819 8
816 11
815 10
813 10
814 9
811 8
809 10
810 8
812 5
807 10
808 8
805 9
802 11
806 9
800 12
801 11
803 9
804 7
799 11
798 7
797 10
794 9
795 10
796 7
790 10
791 10
793 8
788 11
792 8
785 11
786 11
787 10
789 9
784 12
783 11
780 10
781 10
782 9
779 10
776 12
777 10
778 8
774 12
773 10
775 10
772 8
771 12
768 11
769 11
770 8
767 10
766 9
764 10
765 10
761 10
762 9
759 10
760 10
757 10
758 10
756 11
752 9
753 11
754 10
763 2
755 9
750 11
751 11
747 11
748 11
749 9
746 12
745 11
743 10
740 12
741 12
744 10
739 12
738 11
742 7
737 12
735 12
734 11
736 10
732 11
733 11
731 9
730 9
729 8
725 9
727 7
728 8
722 10
724 9
726 7
721 9
723 9
719 11
720 10
718 9
715 12
717 9
716 10
714 10
713 9
710 10
711 10
712 10
707 12
709 9
704 13
705 12
706 13
708 9
702 11
703 12
699 11
700 12
701 11
697 11
698 12
694 11
695 11
696 10
692 11
693 11
689 10
691 9
687 11
688 11
686 11
690 8
682 12
685 8
678 12
680 11
683 10
684 8
677 13
675 12
676 11
679 9
681 7
674 11
669 12
671 10
668 11
670 9
672 8
673 7
665 11
664 10
666 8
667 7
663 10
662 9
657 12
658 11
659 9
660 9
661 8
656 12
652 11
653 11
654 9
655 10
651 10
647 14
650 9
645 13
646 14
649 7
648 10
643 12
644 12
642 9
640 12
641 8
636 11
638 12
639 10
635 10
633 9
634 8
637 10
632 10
629 11
630 10
631 10
625 11
627 11
628 9
626 9
623 11
624 10
622 11
619 12
621 9
617 12
618 11
620 10
614 10
615 11
616 9
612 11
613 10
608 12
610 9
607 12
609 10
611 7
606 11
605 10
602 10
603 8
604 10
601 8
599 9
600 9
597 11
591 13
592 12
595 12
598 8
590 12
593 11
596 9
594 9
589 8
585 12
586 10
588 8
587 6
581 10
583 9
584 9
580 11
582 9
578 10
577 8
579 8
575 11
574 10
576 9
570 10
572 10
573 9
569 11
571 7
568 11
566 11
567 11
565 8
561 11
562 12
564 9
558 8
559 10
560 9
555 11
556 11
557 9
563 7
554 12
551 12
553 12
552 11
550 7
547 11
548 13
549 11
543 12
546 8
541 11
542 11
544 11
540 11
545 8
534 11
537 9
539 11
1116 29
535 6
536 8
538 11
528 11
530 11
529 11
531 9
532 8
533 6
527 8
525 8
524 10
526 10
523 9
520 13
518 10
519 10
521 10
522 10
512 12
517 3
511 11
513 8
515 6
510 10
516 3
509 9
514 5
508 6
502 10
503 10
504 12
506 10
507 9
505 10
495 9
500 6
501 6
494 8
497 8
498 8
496 7
499 6
490 4
489 3
491 3
493 2
492 2
488 0
486 0
487 0
