0 245
1 251
2 250
3 249
4 247
5 250
6 246
7 247
8 250
9 249
10 249
11 251
12 249
13 248
14 251
15 250
16 250
17 251
18 249
19 245
20 247
21 250
22 249
23 248
24 248
25 249
26 249
27 248
28 248
29 250
30 248
31 249
32 248
33 248
34 251
35 250
36 248
37 250
38 246
39 247
40 248
41 251
42 250
43 249
44 249
45 249
46 249
47 250
48 249
49 249
50 248
51 250
52 249
53 250
54 249
55 249
56 249
57 246
58 251
59 251
60 247
61 250
62 249
63 247
64 249
65 250
66 250
67 249
68 250
69 249
70 249
71 249
72 249
73 250
74 246
75 249
76 248
77 249
78 249
79 248
80 248
81 250
82 244
83 247
84 249
85 248
86 250
87 248
88 249
89 250
90 247
91 248
92 250
93 248
94 249
95 249
96 248
97 248
98 248
99 248
100 249
101 248
102 248
103 249
104 249
105 250
106 249
107 251
108 249
109 249
110 250
111 248
112 246
113 308
114 242
115 308
116 309
117 310
118 310
119 310
120 307
121 309
122 309
123 309
124 308
125 310
126 310
127 308
128 309
129 307
130 310
131 311
132 311
133 312
134 310
135 311
136 310
137 309
138 309
139 311
140 307
141 308
142 309
143 308
144 310
145 308
146 310
147 310
148 309
149 307
150 310
151 311
152 311
153 309
154 311
155 311
156 311
157 310
158 310
159 310
160 311
161 310
162 310
163 310
164 310
165 307
166 309
167 308
168 311
169 311
170 309
171 309
172 309
173 309
174 311
175 310
176 312
177 311
178 311
179 309
180 311
181 311
182 310
183 308
184 307
185 306
186 69
187 69
188 71
189 68
190 69
191 72
192 72
193 71
194 71
195 71
196 71
197 4
198 2
199 5
200 4
201 0
202 3
203 1
204 1
205 0
206 2
207 71
208 71
209 2
210 71
211 2
212 3
213 3
214 5
215 5
216 4
217 71
218 70
219 71
220 1
221 0
222 1
223 72
224 72
225 73
226 3
227 0
228 3
229 0
230 0
231 0
232 1
233 0
234 2
235 77
236 76
237 74
238 4
239 3
240 0
241 0
242 1
243 1
244 1
245 2
246 5
247 4
248 4
249 4
250 6
251 3
252 4
253 3
254 2
255 4
256 2
257 0
258 2
259 2
260 1
261 0
262 1
263 0
264 2
265 0
267 0
268 2
269 2
270 3
271 5
272 4
273 5
274 4
275 5
276 4
277 3
278 5
279 5
280 84
281 84
282 3
283 4
284 3
285 2
286 5
287 3
288 5
289 5
290 4
291 3
292 5
293 6
294 5
295 6
296 3
297 3
298 7
299 5
300 3
301 6
302 7
303 6
304 6
305 5
306 6
307 5
308 4
309 5
310 5
311 7
312 6
313 7
314 6
315 7
316 4
317 6
318 6
319 7
320 7
321 5
322 4
323 5
324 6
325 3
326 4
327 5
328 5
329 5
330 3
331 4
332 3
333 6
334 6
335 7
336 5
337 7
338 4
339 6
340 6
341 7
342 4
343 6
344 6
345 6
346 7
347 5
348 7
349 5
350 99
351 97
352 97
353 6
354 2
355 6
356 4
357 5
358 7
359 6
360 5
361 5
362 6
363 5
364 4
365 3
366 4
367 7
368 7
369 7
370 5
371 7
372 3
373 8
374 8
375 8
376 7
377 4
378 8
379 8
380 7
381 8
382 7
383 106
384 107
385 107
386 107
387 106
388 7
389 7
390 108
391 108
392 6
393 8
394 6
395 7
396 5
397 8
398 108
399 107
400 9
401 8
402 9
403 8
404 9
405 7
406 109
407 9
408 9
409 9
410 7
411 8
412 8
413 9
414 8
415 9
416 111
417 111
418 114
419 111
420 111
421 5
422 8
423 111
424 115
425 115
426 114
427 112
428 114
429 115
430 115
431 115
432 115
433 113
434 114
435 114
436 115
437 114
438 113
439 113
440 116
441 117
442 117
443 116
444 117
445 117
446 115
447 116
448 115
449 116
450 116
451 116
452 117
453 117
454 117
455 115
456 118
457 118
458 116
459 118
460 118
461 117
462 7
463 115
464 114
465 116
466 117
467 118
468 118
469 116
470 118
471 120
472 118
473 118
474 117
475 117
476 118
477 118
478 119
479 120
480 120
481 119
482 119
483 117
484 119
485 119
486 120
487 120
488 121
489 120
490 120
491 118
492 117
493 116
494 119
495 120
496 119
497 119
498 122
499 120
500 120
501 119
502 121
503 120
504 121
505 120
506 121
507 120
508 10
509 121
510 120
511 121
512 123
513 123
514 121
515 124
516 122
517 122
518 120
519 121
520 122
521 122
522 122
523 120
524 121
525 122
526 122
527 121
528 121
529 121
530 122
531 120
532 122
533 123
534 123
535 125
536 123
537 126
538 127
539 127
540 125
541 126
542 128
543 128
544 128
545 125
546 128
547 125
548 128
549 128
550 128
551 127
552 128
553 128
554 127
555 128
556 128
557 126
558 126
559 127
560 128
561 128
562 128
563 128
564 125
565 127
566 127
567 128
568 129
569 128
570 127
571 128
572 126
573 127
574 124
575 128
576 126
577 127
578 121
579 126
580 124
581 122
582 124
583 123
584 123
585 123
586 122
587 121
588 121
589 122
590 120
591 121
592 120
593 10
594 9
595 10
596 10
597 10
598 120
599 120
600 121
601 122
602 119
603 122
604 119
605 122
606 121
607 122
608 122
609 122
610 121
611 120
612 120
613 119
614 120
615 8
616 9
617 9
618 8
619 5
620 9
621 9
622 8
623 10
624 7
625 8
626 6
627 8
628 7
629 8
630 116
631 121
632 120
633 8
634 8
635 4
636 9
637 8
638 8
639 7
640 9
641 8
642 10
643 4
644 9
645 8
646 5
647 8
648 8
649 8
650 7
651 8
652 4
653 8
654 7
655 9
656 8
657 7
658 8
659 5
660 6
661 5
662 8
663 7
664 9
665 8
666 5
667 6
668 116
669 116
670 6
671 6
672 6
673 5
674 5
675 4
676 7
677 5
678 5
679 7
680 8
681 6
682 6
683 7
684 7
685 6
686 5
687 3
688 6
689 4
690 2
691 6
692 5
693 5
694 6
695 6
696 4
697 5
698 5
699 5
700 5
701 6
702 6
703 6
704 5
705 7
706 6
707 5
708 5
709 6
710 5
711 6
712 7
713 7
714 6
715 6
716 5
717 4
718 4
719 4
720 5
721 6
722 6
723 3
724 5
725 6
726 4
727 6
728 5
729 7
730 6
731 3
732 2
733 4
734 5
735 4
736 4
737 6
738 3
739 3
740 5
741 5
742 3
743 6
744 6
745 7
746 6
747 6
748 7
749 6
750 6
751 6
752 4
753 5
754 2
755 6
756 5
757 6
758 4
759 6
760 6
761 5
762 5
763 7
764 6
765 7
766 7
767 7
768 6
769 5
770 113
771 114
772 115
773 116
774 116
775 117
776 116
777 116
778 113
779 116
780 116
781 115
782 114
783 112
784 111
785 110
786 111
787 109
788 108
789 106
790 104
791 105
792 103
793 101
794 98
795 98
796 97
797 93
798 3
799 2
800 0
802 0
807 1
808 4
809 52
810 60
811 77
812 81
813 80
814 105
815 107
816 119
817 139
818 142
819 163
820 164
821 179
822 202
823 201
824 216
825 236
826 240
827 242
828 244
829 244
830 247
831 249
832 247
833 247
834 250
835 249
836 249
837 248
838 246
839 247
840 246
841 247
842 248
843 247
844 245
845 249
846 248
847 251
848 252
849 251
850 254
851 252
852 251
853 256
854 259
855 260
856 260
857 258
858 258
859 257
860 257
861 256
862 254
863 255
864 252
865 252
866 250
867 252
868 249
869 249
870 249
871 249
872 249
873 248
874 249
875 251
876 251
877 250
878 251
879 252
880 252
881 251
882 250
883 251
884 245
885 245
886 9
887 5
892 0
893 2
895 0
897 1
898 3
899 4
900 4
901 6
902 8
903 5
904 3
905 6
906 4
907 1
908 0
909 2
910 4
911 2
912 3
913 3
914 626
915 628
916 630
917 630
918 5
919 631
920 9
921 10
922 11
923 12
924 12
925 13
926 13
927 12
928 10
929 5
930 12
931 12
932 10
933 12
934 10
935 12
936 11
937 11
938 7
939 32
940 37
941 39
942 40
943 39
944 38
945 51
946 53
947 37
948 44
949 41
950 49
951 50
952 41
953 38
954 43
955 44
956 57
957 48
958 50
959 53
960 51
961 57
962 56
963 55
964 53
965 56
966 56
967 54
968 53
969 52
970 48
971 48
972 18
973 13
974 637
975 634
976 631
977 621
978 625
979 627
980 625
981 31
982 32
983 32
984 32
985 38
986 38
987 40
988 41
989 44
990 44
991 46
992 45
993 48
994 49
995 50
996 53
997 55
998 56
999 56
1000 57
1001 57
1002 58
1003 29
1004 60
1005 62
1006 65
1007 68
1008 68
1009 68
1010 71
1011 74
1012 73
1013 77
1014 81
1015 81
1016 84
1017 84
1018 86
1019 88
1020 87
1021 90
1022 92
1023 93
1024 94
1025 95
1026 98
1027 99
1028 100
1029 103
1030 101
1031 106
1032 108
1033 107
1034 109
1035 108
1036 111
1037 112
1038 116
1039 117
1040 118
1041 120
1042 122
1043 122
1044 125
1045 124
1046 127
1047 134
1048 133
1049 135
1050 134
1051 136
1052 137
1053 138
1054 139
1055 139
1056 141
1057 144
1058 145
1059 147
1060 146
1061 148
1062 152
1063 151
1064 154
1065 156
1066 156
1067 159
1068 158
1069 159
1070 161
1071 163
1072 165
1073 166
1074 170
1075 170
1076 171
1077 171
1078 172
1079 174
