800 10
801 32
802 35
803 37
804 55
805 57
806 53
807 57
808 58
809 58
810 59
811 59
812 58
813 59
814 58
815 58
816 58
817 57
818 54
819 52
820 38
821 37
822 36
823 33
824 39
825 39
826 36
827 36
828 36
829 37
830 35
831 37
832 35
833 33
834 33
835 33
836 34
837 34
838 33
839 33
840 5
841 33
842 36
843 35
844 6
845 2
846 0
847 3
848 3
849 3
850 4
851 5
852 5
853 4
854 1
855 4
856 3
857 5
858 2
859 2
860 0
861 3
862 2
863 4
864 4
865 4
866 4
867 5
868 4
869 4
870 3
871 0
872 3
873 3
874 5
875 3
876 3
877 3
878 4
879 4
880 1
881 5
882 3
883 3
884 3
885 3
886 5
887 6
888 4
889 2
890 6
891 5
892 5
893 7
894 6
895 5
896 5
897 261
898 257
899 260
900 260
901 257
902 5
903 4
904 258
905 7
906 6
907 261
908 259
909 261
910 260
911 261
912 261
913 259
914 260
915 256
916 257
917 255
918 255
919 9
920 11
921 11
922 588
923 592
924 604
925 604
926 604
927 604
928 606
929 607
930 612
931 621
932 627
933 629
934 638
935 645
936 644
937 904
938 908
939 907
940 908
941 906
942 882
943 831
944 831
945 818
946 814
947 805
948 803
949 786
950 786
951 729
952 232
953 232
954 233
955 230
956 228
957 228
958 229
959 318
960 317
961 317
962 314
963 311
964 311
965 309
966 308
967 298
968 1033
969 1030
970 1032
971 1031
972 1030
973 1030
974 1029
975 1028
976 1029
977 1027
978 1025
979 1010
980 986
981 973
982 967
983 965
984 946
985 938
986 916
987 912
988 902
989 207
990 758
991 763
992 763
993 756
994 206
995 206
996 204
997 691
998 691
999 672
1000 670
1001 668
1002 647
1003 632
1004 636
1005 624
1006 613
1007 578
1008 574
1009 564
1010 555
1011 551
1012 523
1013 523
1014 521
1015 509
1016 493
1017 487
1018 471
1019 466
1020 455
1021 441
1022 425
1023 419
1024 400
1025 405
1026 388
1027 384
1028 88
1029 85
1030 51
1031 20
1032 9
1033 10
1034 133
1035 163
1036 167
1037 213
1038 206
1039 209
1040 199
1041 195
1042 187
1043 184
1044 171
1045 75
1046 70
1047 68
1048 65
1049 61
1050 60
1051 132
1052 133
1053 161
1054 162
1055 140
1056 140
1057 143
1058 169
1059 173
1060 185
1061 63
1062 76
1063 80
1064 66
1065 62
1066 53
1067 47
1068 30
1069 25
1070 18
1071 3
0 0
0 0
0 0
0 0
0 0
0 0
0 0
0 0
0 0
0 0
0 0
0 0
0 0
0 0
0 0
0 0
0 0
0 0
0 0
0 0
0 0
0 0
0 0
0 0
0 0
0 0
0 0
0 0
0 0
0 0
0 0
0 0
0 0
0 0
