0 247
1 247
2 247
3 250
4 247
5 248
6 247
7 247
8 247
9 247
10 241
11 250
12 243
13 247
14 249
15 250
16 249
17 248
18 243
19 246
20 245
21 247
22 245
23 8
24 246
25 250
26 251
27 249
28 249
29 248
30 247
31 248
32 250
33 250
34 250
35 246
36 250
37 250
38 250
39 249
40 250
41 248
42 250
43 248
44 250
45 248
46 246
47 249
48 248
49 247
50 250
51 249
52 250
53 249
54 249
55 249
56 250
57 251
58 251
59 248
60 250
61 250
62 249
63 250
64 248
65 250
66 249
67 250
68 250
69 250
70 246
71 250
72 249
73 249
74 249
75 250
76 250
77 249
78 249
79 249
80 248
81 250
82 250
83 248
84 249
85 250
86 250
87 251
88 249
89 250
90 248
91 251
92 249
93 251
94 250
95 251
96 249
97 249
98 250
99 248
100 250
101 249
102 249
103 246
104 247
105 248
106 246
107 248
108 248
109 247
110 248
111 249
112 247
113 247
114 248
115 247
116 246
117 247
118 246
119 249
120 246
121 250
122 248
123 248
124 247
125 249
126 247
127 248
128 248
129 247
130 249
131 248
132 247
133 245
134 247
135 248
136 248
137 248
138 249
139 248
140 249
141 248
142 248
143 249
144 247
145 10
146 11
147 11
148 11
149 10
150 9
151 11
152 12
153 11
154 11
155 11
156 10
157 9
158 7
159 10
160 6
161 8
162 3
163 0
190 1
191 3
192 2
193 3
194 2
195 1
196 2
197 1
198 2
203 0
204 0
205 0
206 0
207 0
210 0
211 3
212 1
213 2
214 2
215 3
216 0
217 2
218 3
219 2
222 0
223 1
224 2
225 2
226 3
227 4
228 3
229 2
230 3
231 3
232 2
233 1
234 1
236 1
237 0
238 0
239 0
240 0
241 2
242 2
243 4
244 3
245 2
246 9
247 8
248 7
249 9
250 8
251 8
252 8
253 10
254 0
255 3
256 3
257 2
258 2
259 0
260 3
261 0
262 1
263 1
264 0
265 0
266 2
267 4
268 1
269 0
270 3
271 1
272 0
273 1
274 4
275 2
276 3
277 2
278 0
279 4
280 3
281 4
282 2
283 1
284 1
285 3
286 5
287 6
288 3
289 0
290 4
291 2
292 2
293 4
294 2
295 6
296 5
297 5
298 4
299 5
300 5
301 6
302 6
303 4
304 6
305 5
306 0
307 4
309 4
310 6
311 5
312 4
313 4
314 5
315 3
316 4
317 3
318 4
319 4
320 4
321 5
322 5
323 5
324 5
325 4
326 5
327 5
328 4
329 2
330 4
331 4
332 5
333 4
334 2
335 2
336 3
337 0
338 1
339 4
340 3
341 3
345 1
347 1
348 0
350 0
351 8
352 10
353 9
354 2
355 1
356 1
357 0
358 2
359 13
360 13
361 12
362 13
363 13
364 0
365 0
366 14
367 15
368 14
369 15
370 14
371 17
372 15
373 17
374 14
375 16
376 17
377 4
378 2
379 0
380 1
381 2
382 0
383 20
384 2
385 3
386 3
387 0
388 18
389 22
390 24
391 23
392 25
393 23
394 24
395 23
396 24
397 26
398 24
399 25
400 24
401 25
402 25
403 2
404 27
405 27
406 26
407 29
408 29
409 31
410 30
411 31
412 29
413 32
414 30
415 31
416 33
417 32
418 33
419 32
420 35
421 34
422 31
423 35
424 32
425 4
426 34
427 35
428 36
429 36
430 36
431 34
432 37
433 37
434 37
435 38
436 37
437 40
438 40
439 38
440 41
441 42
442 41
443 38
444 41
445 39
446 42
447 42
448 44
449 42
450 41
451 42
452 46
453 45
454 46
455 47
456 47
457 46
458 46
459 43
460 47
461 46
462 50
463 50
464 49
465 52
466 52
467 52
468 54
469 53
470 54
471 54
472 54
473 54
474 52
475 56
476 57
477 56
478 56
479 58
480 58
481 59
482 60
483 60
484 61
485 62
486 61
487 63
488 62
489 63
490 64
491 65
492 65
493 67
494 68
495 67
496 65
497 69
498 71
499 73
500 70
501 9
502 9
503 9
504 9
505 9
506 8
507 6
508 6
509 7
510 10
511 8
512 8
513 8
514 10
515 10
516 8
517 122
518 126
519 129
520 131
521 129
522 131
523 133
524 134
525 134
526 136
527 135
528 136
529 138
530 140
531 137
532 142
533 141
534 144
535 141
536 143
537 144
538 145
539 148
540 147
541 148
542 149
543 153
544 152
545 154
546 155
547 155
548 157
549 157
550 159
551 158
552 159
553 158
554 161
555 159
556 163
557 164
558 165
559 163
560 167
561 166
562 167
563 168
564 168
565 167
566 172
567 172
568 174
569 176
570 176
571 178
572 177
573 177
574 176
575 177
576 179
577 177
578 181
579 181
580 181
581 181
582 182
583 182
584 182
585 181
586 184
587 185
588 181
589 185
590 188
591 187
592 187
593 187
594 187
595 188
596 188
597 190
598 189
599 190
600 190
601 189
602 190
603 187
604 191
605 191
606 189
607 191
608 192
609 190
610 192
611 191
612 192
613 193
614 194
615 193
616 192
617 194
618 194
619 196
620 191
621 195
622 195
623 195
624 194
625 195
626 196
627 197
628 196
629 195
630 194
631 195
632 195
633 194
634 195
635 196
636 194
637 198
638 197
639 197
640 195
641 197
642 196
643 196
644 197
645 196
646 193
647 197
648 196
649 193
650 195
651 192
652 196
653 193
654 193
655 199
656 200
657 201
658 200
659 201
660 201
661 200
662 202
663 202
664 200
665 201
666 201
667 199
668 198
669 200
670 10
671 199
672 200
673 199
674 11
675 11
676 9
677 13
678 11
679 13
680 11
681 199
682 13
683 11
684 200
685 201
686 200
687 199
688 200
689 198
690 200
691 201
692 201
693 202
694 201
695 202
696 202
697 202
698 202
699 200
700 201
701 203
702 204
703 201
704 202
705 201
706 200
707 200
708 200
709 200
710 198
711 197
712 196
713 196
714 194
715 194
716 191
717 194
718 191
719 194
720 194
721 195
722 193
723 193
724 194
725 194
726 193
727 193
728 194
729 193
730 194
731 195
732 193
733 192
734 195
735 196
736 194
737 12
738 195
739 11
740 193
741 193
742 7
743 8
744 190
745 191
746 191
747 193
748 193
749 193
750 192
751 194
752 191
753 195
754 193
755 193
756 194
757 193
758 194
759 193
760 195
761 195
762 195
763 191
764 194
765 193
766 191
767 193
768 191
769 190
770 192
771 190
772 191
773 190
774 189
775 10
776 13
777 13
778 10
779 10
780 9
781 10
782 8
783 176
784 172
785 4
786 156
787 160
788 161
789 160
790 160
791 160
792 159
793 157
794 156
795 153
796 151
797 3
798 7
799 2
800 2
814 83
815 86
816 90
817 90
818 106
819 114
820 134
821 135
822 151
823 154
824 157
825 184
826 185
827 188
828 207
829 212
830 228
831 234
832 235
833 236
834 235
835 238
836 239
837 241
838 239
839 238
840 239
841 239
842 239
843 239
844 237
845 237
846 240
847 241
848 241
849 242
850 242
851 242
852 243
853 243
854 246
855 246
856 246
857 247
858 246
859 248
860 246
861 247
862 246
863 247
864 244
865 245
866 240
867 243
868 241
869 242
870 240
871 241
872 242
873 241
874 242
875 241
876 241
877 241
878 243
879 241
880 244
881 245
882 241
883 244
884 239
885 238
886 10
887 6
888 0
903 1
904 1
905 1
906 6
907 6
908 6
909 4
910 3
911 5
912 3
913 3
914 627
915 629
916 627
917 628
918 631
919 8
920 8
921 9
922 8
923 7
924 9
925 9
926 11
927 12
928 9
929 9
930 9
931 11
932 12
933 10
934 12
935 9
936 8
937 13
938 14
939 37
940 40
941 40
942 39
943 39
944 41
945 39
946 41
947 36
948 39
949 38
950 37
951 38
952 37
953 40
954 46
955 49
956 49
957 49
958 50
959 51
960 48
961 49
962 49
963 47
964 40
965 45
966 37
967 34
968 38
969 10
970 5
971 4
972 29
973 10
974 12
975 15
976 16
977 22
978 24
979 622
980 620
981 636
982 625
983 626
984 627
985 33
986 32
987 35
988 36
989 36
990 39
991 42
992 39
993 43
994 46
995 47
996 49
997 49
998 52
999 53
1000 53
1001 54
1002 58
1003 58
1004 58
1005 60
1006 61
1007 62
1008 65
1009 66
1010 68
1011 70
1012 71
1013 74
1014 75
1015 77
1016 78
1017 80
1018 82
1019 81
1020 84
1021 87
1022 87
1023 88
1024 89
1025 93
1026 93
1027 96
1028 96
1029 96
1030 100
1031 100
1032 103
1033 105
1034 106
1035 106
1036 108
1037 110
1038 110
1039 113
1040 115
1041 117
1042 117
1043 118
1044 117
1045 122
1046 120
1047 125
1048 125
1049 132
1050 133
1051 133
1052 136
1053 137
1054 137
1055 138
1056 137
1057 138
1058 142
1059 143
1060 146
1061 148
1062 149
1063 150
1064 149
1065 151
1066 154
1067 155
1068 156
1069 154
1070 162
1071 163
1072 162
1073 163
1074 165
1075 165
1076 166
1077 168
1078 170
1079 171
