808 16
809 21
810 43
811 44
812 47
813 48
814 50
815 52
816 52
817 53
818 55
819 56
820 56
821 55
822 54
823 54
824 54
825 54
826 53
827 54
828 49
829 33
830 8
831 7
832 9
833 8
834 8
835 5
836 7
837 7
838 7
839 8
840 6
841 8
842 8
843 9
844 7
845 6
846 4
847 7
848 7
849 7
850 8
851 7
852 7
853 6
854 7
855 6
856 9
857 3
858 7
859 5
860 8
861 5
862 6
863 5
864 6
865 8
866 6
867 8
868 6
869 6
870 3
871 7
872 6
873 3
874 7
875 6
876 1
877 5
878 5
879 5
880 7
881 4
882 7
883 6
884 7
885 4
886 5
887 4
888 5
889 7
890 4
891 5
892 5
893 7
894 6
895 7
896 6
897 6
898 7
899 259
900 259
901 258
902 258
903 258
904 257
905 259
906 258
907 260
908 259
909 257
910 260
911 257
912 260
913 257
914 259
915 256
916 255
917 257
918 257
919 254
920 254
921 253
922 255
923 252
924 253
925 252
926 250
927 250
928 248
929 249
930 248
931 247
932 245
933 248
934 247
935 247
936 247
937 246
938 247
939 246
940 245
941 243
942 243
943 243
944 243
945 239
946 240
947 237
948 237
949 238
950 237
951 236
952 236
953 236
954 235
955 233
956 233
957 232
958 233
959 232
960 232
961 230
962 230
963 230
964 229
965 228
966 228
967 227
968 226
969 1024
970 1034
971 1034
972 1032
973 1033
974 1031
975 1030
976 1030
977 1026
978 1028
979 1029
980 1017
981 999
982 986
983 969
984 967
985 949
986 937
987 927
988 916
989 912
990 882
991 845
992 845
993 866
994 868
995 867
996 865
997 765
998 749
999 730
1000 715
1001 712
1002 685
1003 675
1004 666
1005 654
1006 635
1007 626
1008 615
1009 597
1010 591
1011 581
1012 562
1013 559
1014 541
1015 531
1016 517
1017 512
1018 496
1019 483
1020 475
1021 456
1022 450
1023 442
1024 424
1025 420
1026 395
1027 389
1028 376
1029 381
1030 354
1031 340
1032 330
1033 302
1034 294
1035 248
1036 250
1037 246
1038 9
1039 192
1040 198
1041 197
1042 194
1043 190
1044 187
1045 177
1046 172
1047 167
1048 161
1049 155
1050 64
1051 60
1052 119
1053 121
1054 143
1055 136
1056 137
1057 133
1058 136
1059 59
1060 67
1061 67
1062 65
1063 66
1064 61
1065 67
1066 63
1067 58
1068 45
1069 44
1070 27
1071 18
1072 15
0 0
0 0
0 0
0 0
0 0
0 0
0 0
0 0
0 0
0 0
0 0
0 0
0 0
0 0
0 0
0 0
0 0
0 0
0 0
0 0
0 0
0 0
0 0
0 0
0 0
0 0
0 0
0 0
0 0
0 0
