0 246
1 247
2 249
3 251
4 250
5 252
6 250
7 250
8 4
9 5
10 242
11 248
12 251
13 248
14 250
15 249
16 248
17 248
18 251
19 251
20 250
21 250
22 250
23 251
24 251
25 250
26 251
27 251
28 251
29 249
30 251
31 252
32 252
33 249
34 248
35 250
36 250
37 251
38 250
39 251
40 250
41 249
42 251
43 251
44 251
45 250
46 249
47 251
48 249
49 247
50 250
51 251
52 250
53 251
54 251
55 252
56 251
57 251
58 251
59 251
60 251
61 251
62 251
63 251
64 251
65 251
66 251
67 252
68 249
69 251
70 252
71 251
72 252
73 249
74 250
75 248
76 249
77 247
78 244
79 244
80 242
81 4
82 0
83 270
84 267
85 270
86 269
87 268
88 268
89 270
90 270
91 269
92 270
93 270
94 268
95 269
96 269
97 268
98 269
99 266
100 269
101 268
102 269
103 270
104 270
105 268
106 270
107 267
108 270
109 269
110 267
111 269
112 268
113 266
114 267
115 267
116 268
117 267
118 246
119 245
120 244
121 243
122 244
123 267
124 266
125 266
126 267
127 267
128 266
129 265
130 267
131 268
132 266
133 266
134 266
135 267
136 266
137 268
138 266
139 268
140 240
141 263
142 265
143 266
144 24
145 2
146 26
147 2
148 1
149 24
150 24
151 24
152 25
153 25
154 26
155 4
156 26
157 25
158 1
159 25
160 25
161 24
162 25
163 23
164 22
165 24
166 24
167 24
168 27
169 26
170 25
171 27
172 27
173 25
174 3
175 25
176 24
177 25
178 23
179 24
180 2
181 24
182 25
183 24
184 25
185 24
186 23
187 25
188 26
189 24
190 23
191 2
192 23
193 26
194 24
195 25
196 3
197 3
198 24
199 25
200 26
201 25
202 25
203 25
204 2
205 2
206 1
207 27
208 26
209 24
210 25
211 23
212 21
213 24
214 3
215 26
216 28
217 26
218 25
219 25
220 2
221 26
222 23
223 2
224 3
225 1
226 4
227 0
228 3
229 4
230 4
231 28
232 27
233 29
234 28
235 27
236 27
237 28
238 29
239 28
240 30
241 28
242 29
243 27
244 29
245 26
246 27
247 29
248 28
249 27
250 28
251 28
252 27
253 29
254 27
255 30
256 28
257 28
258 29
259 28
260 27
261 29
262 30
263 30
264 30
265 29
266 28
267 29
268 28
269 27
270 29
271 30
272 30
273 32
274 32
275 29
276 32
277 30
278 31
279 31
280 31
281 30
282 32
283 30
284 31
285 28
286 31
287 32
288 31
289 32
290 32
291 33
292 32
293 33
294 34
295 32
296 31
297 33
298 31
299 33
300 34
301 35
302 35
303 32
304 34
305 32
306 34
307 34
308 33
309 35
310 35
311 36
312 36
313 36
314 35
315 35
316 35
317 36
318 33
319 36
320 35
321 34
322 36
323 34
324 35
325 37
326 35
327 37
328 36
329 35
330 37
331 35
332 37
333 37
334 38
335 37
336 38
337 37
338 35
339 38
340 38
341 35
342 36
343 37
344 38
345 35
346 36
347 38
348 36
349 38
350 36
351 37
352 38
353 37
354 39
355 35
356 38
357 35
358 36
359 36
360 36
361 38
362 38
363 39
364 37
365 39
366 39
367 39
368 36
369 38
370 40
371 40
372 39
373 40
374 39
375 37
376 38
377 39
378 36
379 38
380 37
381 38
382 36
383 39
384 39
385 39
386 40
387 40
388 39
389 38
390 37
391 39
392 40
393 39
394 39
395 37
396 38
397 37
398 39
399 39
400 39
401 39
402 37
403 40
404 41
405 40
406 42
407 40
408 41
409 39
410 40
411 39
412 41
413 41
414 39
415 41
416 41
417 38
418 40
419 41
420 40
421 39
422 42
423 42
424 39
425 40
426 39
427 39
428 38
429 40
430 39
431 41
432 40
433 41
434 41
435 41
436 41
437 41
438 40
439 42
440 43
441 42
442 42
443 41
444 41
445 42
446 41
447 41
448 41
449 42
450 41
451 42
452 42
453 38
454 42
455 42
456 42
457 42
458 40
459 42
460 38
461 43
462 43
463 43
464 43
465 42
466 40
467 42
468 40
469 42
470 43
471 43
472 42
473 40
474 43
475 40
476 43
477 43
478 43
479 43
480 43
481 43
482 42
483 44
484 41
485 44
486 43
487 44
488 43
489 42
490 42
491 44
492 43
493 42
494 43
495 42
496 43
497 43
498 41
499 43
500 39
501 43
502 44
503 45
504 44
505 42
506 44
507 43
508 42
509 44
510 42
511 42
512 44
513 44
514 42
515 44
516 45
517 43
518 42
519 44
520 44
521 41
522 43
523 45
524 45
525 45
526 44
527 45
528 45
529 45
530 45
531 45
532 45
533 45
534 45
535 45
536 43
537 45
538 44
539 44
540 43
541 43
542 42
543 44
544 44
545 45
546 44
547 45
548 43
549 43
550 43
551 43
552 44
553 44
554 44
555 42
556 43
557 44
558 44
559 44
560 42
561 39
562 44
563 45
564 44
565 45
566 44
567 44
568 44
569 45
570 44
571 43
572 39
573 44
574 44
575 40
576 42
577 43
578 43
579 41
580 42
581 40
582 43
583 42
584 43
585 41
586 42
587 42
588 43
589 41
590 42
591 41
592 41
593 43
594 41
595 40
596 43
597 41
598 39
599 42
600 41
601 39
602 42
603 41
604 42
605 40
606 38
607 41
608 41
609 40
610 38
611 39
612 40
613 39
614 38
615 39
616 39
617 37
618 39
619 40
620 38
621 38
622 38
623 38
624 39
625 39
626 38
627 38
628 37
629 37
630 38
631 38
632 38
633 35
634 33
635 37
636 37
637 36
638 35
639 36
640 35
641 35
642 34
643 34
644 36
645 34
646 34
647 32
648 32
649 34
650 33
651 31
652 34
653 36
654 34
655 35
656 35
657 35
658 36
659 36
660 37
661 36
662 37
663 37
664 37
665 35
666 36
667 35
668 31
669 35
670 34
671 35
672 36
673 33
674 32
675 34
676 33
677 33
678 33
679 32
680 33
681 34
682 30
683 32
684 31
685 32
686 31
687 30
688 30
689 30
690 30
691 27
692 29
693 29
694 31
695 30
696 30
697 30
698 31
699 29
700 30
701 28
702 30
703 29
704 29
705 28
706 30
707 30
708 30
709 29
710 30
711 30
712 29
713 28
714 30
715 28
716 29
717 28
718 30
719 31
720 29
721 29
722 31
723 28
724 28
725 28
726 29
727 30
728 29
729 27
730 30
731 29
732 29
733 29
734 30
735 28
736 30
737 31
738 29
739 30
740 30
741 30
742 24
743 29
744 27
745 29
746 27
747 29
748 27
749 29
750 25
751 29
752 27
753 29
754 28
755 27
756 28
757 26
758 27
759 28
760 26
761 26
762 26
763 27
764 27
765 28
766 25
767 25
768 25
769 27
770 25
771 26
772 25
773 26
774 24
775 26
776 23
777 25
778 26
779 4
780 26
781 25
782 25
783 26
784 25
785 25
786 23
787 26
788 24
789 26
790 21
791 25
792 24
793 3
794 3
795 1
796 3
797 4
798 4
799 6
800 5
801 4
802 4
803 3
804 3
805 4
806 18
807 25
808 27
809 36
810 44
811 48
812 53
813 57
814 62
815 64
816 71
817 73
818 82
819 85
820 87
821 91
822 96
823 99
824 104
825 107
826 112
827 117
828 119
829 124
830 126
831 130
832 134
833 137
834 139
835 144
836 151
837 152
838 160
839 164
840 170
841 171
842 173
843 175
844 183
845 186
846 187
847 194
848 198
849 202
850 207
851 213
852 216
853 219
854 221
855 231
856 233
857 232
858 237
859 243
860 240
861 244
862 245
863 246
864 248
865 248
866 248
867 250
868 247
869 248
870 247
871 246
872 246
873 246
874 248
875 245
876 248
877 250
878 251
879 253
880 253
881 255
882 255
883 257
884 256
885 260
886 259
887 261
888 263
889 259
890 845
891 257
892 253
893 251
894 252
895 253
896 249
897 250
898 839
899 839
900 841
901 840
902 841
903 839
904 840
905 839
906 838
907 839
908 841
909 841
910 838
911 248
912 250
913 247
914 247
915 242
916 11
917 5
943 1
944 3
945 4
946 20
947 20
948 19
949 24
950 23
951 25
952 26
953 29
954 28
955 26
956 26
957 27
958 26
959 27
960 33
961 29
962 31
963 28
964 30
965 29
966 22
967 26
968 26
969 19
970 641
971 637
972 641
973 639
974 641
975 641
976 636
977 635
978 636
979 41
980 33
981 35
982 37
983 37
984 37
985 41
986 37
987 44
988 44
989 44
990 44
991 47
992 50
993 47
994 53
995 51
996 55
997 57
998 55
999 58
1000 58
1001 27
1002 28
1003 9
1004 65
1005 67
1006 67
1007 70
1008 72
1009 73
1010 76
1011 77
1012 78
1013 80
1014 80
1015 82
1016 84
1017 85
1018 87
1019 88
1020 90
1021 92
1022 91
1023 95
1024 97
1025 97
1026 100
1027 98
1028 102
1029 103
1030 107
1031 108
1032 109
1033 111
1034 113
1035 114
1036 115
1037 117
1038 119
1039 120
1040 123
1041 123
1042 125
1043 125
1044 124
1045 134
1046 132
1047 133
1048 135
1049 135
1050 136
1051 137
1052 136
1053 141
1054 144
1055 143
1056 146
1057 148
1058 149
1059 149
1060 151
1061 150
1062 153
1063 152
1064 155
1065 156
1066 161
1067 163
1068 160
1069 163
1070 163
1071 167
1072 169
1073 168
1074 171
1075 172
1076 172
1077 175
1078 175
1079 178
