0 250
1 248
2 250
3 246
4 248
5 250
6 247
7 248
8 249
9 247
10 247
11 246
12 248
13 245
14 3
15 247
16 248
17 250
18 249
19 249
20 248
21 249
22 245
23 249
24 249
25 251
26 251
27 247
28 248
29 249
30 249
31 249
32 250
33 250
34 247
35 249
36 251
37 249
38 249
39 249
40 249
41 251
42 251
43 249
44 251
45 251
46 248
47 248
48 249
49 249
50 250
51 250
52 250
53 249
54 250
55 250
56 250
57 249
58 248
59 247
60 249
61 251
62 250
63 251
64 250
65 250
66 250
67 248
68 249
69 250
70 250
71 250
72 250
73 248
74 250
75 248
76 251
77 249
78 251
79 249
80 249
81 250
82 248
83 248
84 249
85 250
86 250
87 251
88 251
89 249
90 246
91 249
92 251
93 251
94 250
95 250
96 251
97 251
98 250
99 249
100 249
101 248
102 249
103 249
104 247
105 247
106 250
107 248
108 250
109 250
110 250
111 247
112 250
113 249
114 249
115 248
116 244
117 248
118 245
119 249
120 249
121 251
122 250
123 250
124 249
125 249
126 246
127 250
128 248
129 249
130 249
131 248
132 245
133 249
134 247
135 10
136 11
137 11
138 10
139 11
140 12
141 12
142 11
143 10
144 10
145 10
146 10
147 11
148 9
149 9
150 10
151 12
152 10
153 11
154 11
155 12
156 12
157 10
158 14
159 16
160 10
161 5
162 1
163 0
167 1
172 0
173 0
183 0
192 0
193 1
194 1
209 0
210 0
211 1
212 2
213 1
214 2
215 2
216 3
217 2
218 1
219 3
220 3
221 4
222 3
223 2
224 0
225 2
226 1
227 3
228 2
229 1
230 2
231 0
232 1
235 2
236 1
237 2
238 0
239 0
240 0
241 0
243 0
244 2
245 3
246 2
247 0
249 1
250 4
251 2
252 0
253 1
256 0
257 2
258 3
259 3
260 1
261 3
262 5
263 2
264 2
265 2
266 0
267 1
268 2
269 3
270 2
271 2
272 3
273 1
274 3
275 3
276 1
277 3
278 4
279 4
280 3
281 3
282 3
283 4
284 2
285 3
286 2
287 3
288 4
289 4
290 5
291 4
292 4
293 5
294 4
295 4
296 5
297 5
298 5
299 3
300 5
301 4
302 4
303 3
304 3
305 0
306 4
307 3
308 6
309 6
310 5
311 5
312 4
313 4
314 1
315 5
316 3
317 5
318 2
319 6
320 5
321 3
322 5
323 4
324 5
325 5
326 3
327 3
328 5
329 4
330 2
331 1
333 0
334 0
335 2
336 2
337 0
339 0
346 2
347 1
350 1
351 12
352 12
353 11
354 14
355 14
356 13
357 13
358 16
359 17
360 14
361 14
362 13
364 1
365 0
368 1
369 3
370 3
371 20
372 20
373 20
374 20
375 2
376 0
377 1
378 3
379 2
380 4
381 22
382 0
383 0
384 3
385 4
386 1
387 2
388 2
389 26
390 26
391 1
392 4
393 2
394 2
395 3
396 3
397 0
398 31
399 31
400 32
401 33
402 32
403 31
404 0
405 1
406 0
407 3
408 35
409 35
410 36
411 37
412 35
413 39
414 40
415 37
416 40
417 40
418 41
419 43
420 42
421 44
422 43
423 44
424 44
425 44
426 45
427 44
428 45
429 41
430 45
431 45
432 46
433 48
434 45
435 49
436 50
437 50
438 49
439 51
440 51
441 48
442 52
443 51
444 54
445 54
446 53
447 56
448 56
449 54
450 57
451 56
452 58
453 58
454 57
455 59
456 59
457 60
458 61
459 61
460 61
461 62
462 62
463 62
464 64
465 61
466 65
467 64
468 66
469 63
470 66
471 62
472 67
473 66
474 68
475 70
476 70
477 71
478 71
479 72
480 72
481 72
482 77
483 77
484 79
485 81
486 83
487 84
488 84
489 83
490 87
491 80
492 86
493 85
494 85
495 86
496 89
497 7
498 6
499 7
500 7
501 7
502 8
503 8
504 7
505 7
506 6
507 8
508 7
509 8
510 7
511 7
512 7
513 8
514 8
515 5
516 8
517 192
518 195
519 195
520 197
521 200
522 201
523 202
524 200
525 205
526 205
527 206
528 206
529 207
530 208
531 208
532 210
533 212
534 212
535 213
536 214
537 213
538 215
539 217
540 214
541 217
542 216
543 218
544 218
545 219
546 220
547 220
548 219
549 221
550 221
551 222
552 221
553 221
554 223
555 221
556 223
557 224
558 223
559 225
560 225
561 226
562 226
563 223
564 226
565 225
566 227
567 229
568 229
569 229
570 230
571 230
572 230
573 229
574 230
575 229
576 231
577 229
578 231
579 230
580 232
581 231
582 231
583 231
584 230
585 232
586 232
587 231
588 230
589 232
590 232
591 232
592 234
593 234
594 234
595 233
596 234
597 234
598 235
599 235
600 234
601 236
602 237
603 235
604 238
605 235
606 237
607 235
608 236
609 235
610 236
611 236
612 236
613 235
614 237
615 237
616 235
617 234
618 234
619 234
620 236
621 235
622 238
623 238
624 240
625 239
626 241
627 240
628 241
629 240
630 238
631 239
632 239
633 239
634 238
635 239
636 239
637 240
638 240
639 241
640 239
641 239
642 242
643 239
644 239
645 241
646 241
647 239
648 240
649 239
650 240
651 237
652 241
653 242
654 242
655 243
656 244
657 241
658 241
659 240
660 241
661 242
662 243
663 240
664 243
665 244
666 243
667 245
668 244
669 245
670 245
671 245
672 245
673 244
674 246
675 245
676 244
677 245
678 241
679 243
680 240
681 241
682 242
683 241
684 241
685 239
686 237
687 240
688 238
689 239
690 235
691 238
692 234
693 238
694 235
695 236
696 236
697 234
698 237
699 234
700 238
701 234
702 236
703 236
704 237
705 237
706 238
707 233
708 236
709 237
710 237
711 237
712 236
713 237
714 237
715 237
716 238
717 237
718 236
719 238
720 238
721 239
722 237
723 238
724 238
725 240
726 238
727 240
728 240
729 237
730 241
731 241
732 241
733 243
734 240
735 242
736 240
737 242
738 238
739 241
740 235
741 242
742 241
743 241
744 241
745 240
746 239
747 234
748 236
749 235
750 236
751 235
752 233
753 232
754 230
755 228
756 226
757 225
758 223
759 221
760 9
761 9
762 211
763 214
764 214
765 212
766 210
767 212
768 212
769 211
770 206
771 203
772 202
773 199
774 198
775 195
776 194
777 192
778 191
779 189
780 5
781 164
782 181
783 183
784 169
785 170
786 169
787 170
788 169
789 168
790 168
791 166
792 154
793 152
794 154
795 153
796 154
797 148
798 4
799 4
800 3
801 0
815 5
816 96
817 100
818 102
819 123
820 124
821 130
822 147
823 146
824 162
825 168
826 174
827 189
828 193
829 209
830 224
831 233
832 234
833 235
834 237
835 239
836 240
837 241
838 240
839 238
840 238
841 237
842 238
843 239
844 239
845 237
846 239
847 238
848 240
849 240
850 240
851 243
852 243
853 246
854 246
855 249
856 247
857 251
858 254
859 251
860 249
861 249
862 247
863 248
864 247
865 246
866 243
867 242
868 238
869 241
870 241
871 241
872 241
873 239
874 241
875 239
876 242
877 240
878 242
879 243
880 240
881 243
882 241
883 241
884 237
885 237
886 234
887 5
896 0
897 0
899 4
901 0
903 2
904 5
905 6
906 2
907 4
908 6
909 5
910 5
911 4
912 4
913 3
914 631
915 632
916 628
917 631
918 7
919 9
920 8
921 633
922 633
923 632
924 634
925 12
926 11
927 11
928 13
929 12
930 9
931 12
932 12
933 13
934 11
935 13
936 9
937 10
938 11
939 35
940 37
941 38
942 37
943 37
944 36
945 38
946 42
947 40
948 39
949 36
950 39
951 40
952 39
953 39
954 45
955 47
956 45
957 54
958 44
959 57
960 49
961 46
962 49
963 48
964 47
965 48
966 47
967 41
968 35
969 34
970 6
971 3
972 29
973 11
974 15
975 18
976 19
977 619
978 622
979 624
980 626
981 628
982 624
983 30
984 631
985 632
986 33
987 33
988 36
989 37
990 39
991 41
992 42
993 43
994 44
995 47
996 50
997 49
998 53
999 54
1000 55
1001 54
1002 58
1003 58
1004 59
1005 7
1006 9
1007 62
1008 64
1009 64
1010 67
1011 70
1012 72
1013 73
1014 76
1015 76
1016 77
1017 80
1018 80
1019 82
1020 80
1021 86
1022 87
1023 89
1024 91
1025 93
1026 93
1027 95
1028 96
1029 94
1030 100
1031 102
1032 104
1033 102
1034 107
1035 109
1036 109
1037 108
1038 112
1039 115
1040 116
1041 118
1042 119
1043 117
1044 120
1045 121
1046 122
1047 124
1048 123
1049 133
1050 134
1051 133
1052 136
1053 135
1054 137
1055 137
1056 138
1057 140
1058 141
1059 143
1060 143
1061 148
1062 149
1063 151
1064 151
1065 152
1066 152
1067 153
1068 158
1069 157
1070 160
1071 161
1072 162
1073 164
1074 164
1075 166
1076 165
1077 169
1078 170
1079 170
