810 19
811 24
812 25
813 25
814 28
815 27
816 30
817 46
818 48
819 50
820 53
821 53
822 53
823 55
824 55
825 57
826 58
827 57
828 57
829 57
830 54
831 55
832 54
833 54
834 52
835 50
836 38
837 33
838 32
839 6
840 6
841 8
842 8
843 8
844 8
845 6
846 8
847 6
848 8
849 8
850 7
851 5
852 8
853 8
854 7
855 5
856 8
857 7
858 9
859 9
860 9
861 7
862 7
863 6
864 7
865 7
866 8
867 7
868 7
869 7
870 5
871 6
872 6
873 7
874 6
875 4
876 6
877 6
878 6
879 7
880 6
881 4
882 7
883 5
884 8
885 6
886 6
887 6
888 7
889 6
890 6
891 6
892 6
893 5
894 5
895 7
896 7
897 5
898 6
899 7
900 5
901 4
902 254
903 254
904 254
905 375
906 376
907 377
908 377
909 413
910 424
911 430
912 434
913 443
914 445
915 446
916 455
917 455
918 462
919 468
920 468
921 468
922 476
923 479
924 489
925 490
926 492
927 499
928 499
929 507
930 510
931 511
932 512
933 514
934 520
935 523
936 525
937 524
938 527
939 536
940 533
941 538
942 543
943 545
944 549
945 551
946 551
947 558
948 563
949 564
950 568
951 570
952 571
953 575
954 579
955 581
956 583
957 585
958 589
959 592
960 596
961 599
962 600
963 603
964 610
965 611
966 617
967 618
968 618
969 621
970 625
971 627
972 1035
973 1036
974 1036
975 1034
976 1032
977 1033
978 1030
979 1029
980 1029
981 1027
982 1028
983 1027
984 1003
985 1000
986 971
987 969
988 953
989 940
990 921
991 914
992 901
993 881
994 818
995 806
996 796
997 769
998 760
999 741
1000 733
1001 729
1002 700
1003 701
1004 688
1005 676
1006 664
1007 649
1008 647
1009 628
1010 622
1011 601
1012 599
1013 583
1014 575
1015 564
1016 553
1017 536
1018 528
1019 513
1020 507
1021 490
1022 483
1023 467
1024 452
1025 441
1026 430
1027 418
1028 430
1029 415
1030 410
1031 399
1032 387
1033 369
1034 345
1035 327
1036 312
1037 301
1038 293
1039 256
1040 172
1041 181
1042 180
1043 181
1044 181
1045 178
1046 178
1047 173
1048 173
1049 173
1050 168
1051 168
1052 163
1053 162
1054 165
1055 164
1056 163
1057 162
1058 162
1059 140
1060 158
1061 174
1062 181
1063 70
1064 74
1065 83
1066 94
1067 68
1068 64
1069 57
1070 46
1071 44
1072 29
1073 21
1074 13
1075 0
1076 0
0 0
0 0
0 0
0 0
0 0
0 0
0 0
0 0
0 0
0 0
0 0
0 0
0 0
0 0
0 0
0 0
0 0
0 0
0 0
0 0
0 0
0 0
0 0
0 0
0 0
0 0
0 0
0 0
0 0
0 0
0 0
0 0
0 0
