0 250
1 247
2 249
3 250
4 251
5 250
6 249
7 251
8 252
9 251
10 250
11 250
12 250
13 250
14 250
15 250
16 250
17 248
18 247
19 251
20 252
21 250
22 249
23 249
24 249
25 248
26 251
27 248
28 251
29 250
30 249
31 251
32 251
33 247
34 252
35 253
36 251
37 252
38 250
39 252
40 250
41 251
42 250
43 252
44 252
45 251
46 252
47 251
48 253
49 252
50 251
51 250
52 250
53 248
54 250
55 250
56 251
57 251
58 249
59 250
60 250
61 252
62 252
63 249
64 251
65 247
66 249
67 249
68 250
69 250
70 249
71 249
72 250
73 248
74 250
75 251
76 249
77 250
78 250
79 250
80 250
81 249
82 248
83 250
84 250
85 249
86 251
87 251
88 251
89 249
90 250
91 250
92 249
93 250
94 248
95 250
96 250
97 251
98 252
99 251
100 250
101 249
102 251
103 251
104 249
105 250
106 250
107 247
108 12
109 12
110 9
111 11
112 12
113 11
114 13
115 13
116 11
117 12
118 12
119 13
120 14
121 11
122 12
123 11
124 11
125 9
126 11
127 12
128 13
129 14
130 12
131 10
132 8
133 7
134 4
135 4
138 1
139 0
140 32
141 32
142 33
143 31
144 34
145 33
146 31
147 34
148 31
149 32
150 32
151 34
152 34
153 33
154 33
155 34
156 33
157 32
158 34
159 33
160 33
161 34
162 32
163 5
164 5
165 3
166 3
167 5
168 3
169 4
170 3
171 4
172 4
173 4
174 36
175 37
176 39
177 36
178 39
179 39
180 40
181 36
182 40
183 41
184 40
185 38
186 38
187 40
188 40
189 41
190 42
191 41
192 41
193 38
194 39
195 40
196 40
197 38
198 40
199 41
200 41
201 39
202 42
203 41
204 41
205 40
206 40
207 42
208 40
209 41
210 41
211 39
212 38
213 40
214 39
215 40
216 40
217 40
218 38
219 40
220 40
221 39
222 37
223 38
224 37
225 39
226 40
227 39
228 2
229 41
230 40
231 41
232 38
233 40
234 41
235 41
236 38
237 38
238 38
239 39
240 36
241 39
242 38
243 40
244 38
245 40
246 40
247 39
248 39
249 40
250 40
251 41
252 40
253 38
254 36
255 39
256 39
257 36
258 37
259 38
260 39
261 39
262 38
263 39
264 39
265 41
266 41
267 39
268 36
269 36
270 38
271 39
272 38
273 40
274 36
275 37
276 36
277 38
278 37
279 34
280 39
281 38
282 39
283 38
284 39
285 37
286 36
287 36
288 35
289 34
290 36
291 38
292 37
293 38
294 37
295 39
296 38
297 40
298 38
299 36
300 39
301 38
302 38
303 38
304 40
305 41
306 39
307 38
308 38
309 38
310 39
311 37
312 37
313 39
314 41
315 40
316 39
317 38
318 38
319 38
320 39
321 40
322 37
323 41
324 39
325 40
326 38
327 41
328 41
329 40
330 37
331 40
332 38
333 40
334 38
335 39
336 38
337 39
338 38
339 39
340 37
341 39
342 39
343 40
344 40
345 40
346 40
347 40
348 39
349 39
350 40
351 39
352 40
353 39
354 39
355 39
356 40
357 38
358 36
359 39
360 41
361 39
362 41
363 41
364 37
365 38
366 38
367 38
368 39
369 37
370 6
371 39
372 39
373 39
374 39
375 40
376 40
377 38
378 38
379 37
380 5
381 38
382 40
383 40
384 38
385 40
386 4
387 5
388 38
389 37
390 38
391 40
392 40
393 39
394 38
395 40
396 39
397 4
398 40
399 39
400 38
401 39
402 40
403 41
404 42
405 40
406 40
407 39
408 38
409 40
410 39
411 41
412 38
413 39
414 40
415 38
416 37
417 40
418 39
419 38
420 38
421 38
422 42
423 41
424 42
425 41
426 40
427 42
428 40
429 41
430 41
431 40
432 42
433 41
434 40
435 41
436 42
437 41
438 42
439 5
440 4
441 41
442 39
443 42
444 42
445 37
446 42
447 42
448 43
449 43
450 43
451 42
452 43
453 44
454 44
455 44
456 44
457 44
458 44
459 43
460 44
461 44
462 45
463 44
464 45
465 44
466 45
467 43
468 44
469 40
470 42
471 44
472 44
473 43
474 45
475 45
476 44
477 46
478 44
479 45
480 44
481 45
482 44
483 45
484 46
485 46
486 48
487 45
488 43
489 47
490 45
491 47
492 45
493 46
494 45
495 47
496 45
497 48
498 48
499 48
500 46
501 47
502 47
503 45
504 47
505 46
506 46
507 44
508 48
509 45
510 45
511 47
512 49
513 48
514 47
515 46
516 48
517 50
518 50
519 47
520 49
521 49
522 50
523 49
524 50
525 49
526 50
527 47
528 49
529 49
530 50
531 49
532 49
533 50
534 47
535 49
536 49
537 49
538 48
539 47
540 47
541 48
542 49
543 48
544 48
545 50
546 50
547 47
548 50
549 45
550 50
551 49
552 50
553 46
554 49
555 48
556 48
557 46
558 49
559 48
560 47
561 50
562 49
563 49
564 49
565 50
566 49
567 48
568 48
569 48
570 50
571 48
572 48
573 48
574 48
575 49
576 49
577 50
578 47
579 49
580 46
581 49
582 47
583 47
584 47
585 48
586 48
587 48
588 48
589 49
590 47
591 48
592 47
593 47
594 47
595 47
596 46
597 45
598 46
599 45
600 47
601 46
602 45
603 46
604 45
605 44
606 46
607 47
608 45
609 43
610 45
611 46
612 45
613 45
614 43
615 43
616 43
617 44
618 42
619 40
620 41
621 38
622 41
623 2
624 0
625 40
626 39
627 43
628 42
629 42
630 39
631 41
632 43
633 41
634 41
635 40
636 41
637 40
638 3
639 1
640 2
642 2
643 4
644 4
645 3
646 3
647 2
648 3
649 1
650 2
651 1
652 2
653 4
654 39
655 39
656 38
659 0
663 2
664 2
665 4
666 1
667 0
668 3
669 1
670 3
671 2
672 1
673 2
674 0
675 1
680 0
681 1
682 0
683 1
684 0
685 1
688 0
689 0
694 0
699 0
700 0
703 0
704 2
705 0
707 1
708 0
715 0
716 1
717 0
718 0
719 1
720 1
723 0
724 1
731 0
732 1
733 1
734 32
735 30
736 0
740 0
745 0
746 31
747 1
748 1
750 1
751 0
752 0
753 2
754 0
755 3
756 0
757 1
758 3
759 2
760 1
761 0
762 2
763 33
764 32
765 30
766 33
767 33
768 32
769 3
770 32
771 1
772 31
773 0
774 31
775 32
776 32
777 0
778 1
779 1
781 1
783 32
784 2
786 30
787 31
788 31
789 0
790 1
791 0
792 30
793 2
794 28
795 30
796 33
797 31
798 32
799 34
800 31
801 31
802 32
803 32
804 32
805 32
806 30
807 34
808 39
809 47
810 52
811 58
812 67
813 68
814 73
815 83
816 86
817 91
818 94
819 96
820 108
821 113
822 114
823 125
824 128
825 128
826 142
827 146
828 160
829 162
830 172
831 173
832 181
833 185
834 191
835 189
836 200
837 204
838 213
839 215
840 222
841 228
842 233
843 241
844 242
845 245
846 247
847 247
848 249
849 247
850 247
851 250
852 250
853 248
854 250
855 249
856 249
857 246
858 248
859 248
860 249
861 251
862 252
863 254
864 254
865 256
866 253
867 257
868 254
869 254
870 253
871 254
872 252
873 252
874 251
875 254
876 254
877 253
878 252
879 249
880 251
881 250
882 249
883 248
884 250
885 246
886 250
887 249
888 251
889 842
890 845
891 848
892 848
893 852
894 849
895 861
896 847
897 845
898 844
899 14
900 12
901 12
902 12
903 12
904 12
905 9
906 8
907 9
908 8
909 8
910 8
911 9
912 7
913 5
914 9
915 5
916 2
917 5
918 4
919 5
920 3
921 0
922 0
924 3
925 5
926 6
927 5
928 7
929 7
930 6
931 12
932 13
933 15
934 14
935 16
936 18
937 21
938 20
939 22
940 23
941 19
942 21
943 21
944 29
945 29
946 28
947 29
948 30
949 54
950 58
951 56
952 57
953 56
954 60
955 59
956 57
957 58
958 56
959 58
960 57
961 56
962 59
963 53
964 56
965 55
966 53
967 54
968 52
969 643
970 644
971 644
972 648
973 646
974 647
975 646
976 651
977 649
978 647
979 646
980 44
981 39
982 39
983 42
984 38
985 42
986 42
987 43
988 44
989 43
990 46
991 47
992 49
993 50
994 53
995 54
996 52
997 56
998 55
999 55
1000 59
1001 61
1002 60
1003 62
1004 64
1005 65
1006 67
1007 68
1008 70
1009 73
1010 72
1011 77
1012 77
1013 80
1014 76
1015 83
1016 85
1017 86
1018 87
1019 87
1020 89
1021 92
1022 91
1023 93
1024 96
1025 97
1026 98
1027 98
1028 101
1029 104
1030 106
1031 108
1032 109
1033 107
1034 111
1035 113
1036 115
1037 118
1038 118
1039 119
1040 120
1041 123
1042 123
1043 123
1044 121
1045 134
1046 135
1047 136
1048 135
1049 137
1050 136
1051 137
1052 140
1053 142
1054 143
1055 144
1056 146
1057 145
1058 148
1059 150
1060 151
1061 151
1062 152
1063 155
1064 156
1065 158
1066 158
1067 162
1068 159
1069 163
1070 165
1071 167
1072 169
1073 168
1074 170
1075 173
1076 173
1077 175
1078 175
1079 177
