0 249
1 249
2 251
3 249
4 248
5 249
6 250
7 248
8 247
9 250
10 249
11 251
12 250
13 248
14 250
15 249
16 250
17 251
18 248
19 250
20 250
21 250
22 250
23 251
24 250
25 249
26 249
27 248
28 250
29 250
30 248
31 250
32 250
33 251
34 251
35 251
36 251
37 251
38 251
39 250
40 251
41 250
42 250
43 252
44 249
45 251
46 244
47 250
48 252
49 251
50 250
51 251
52 250
53 251
54 249
55 249
56 251
57 251
58 249
59 249
60 251
61 251
62 251
63 252
64 250
65 251
66 249
67 251
68 249
69 251
70 251
71 250
72 250
73 251
74 249
75 250
76 251
77 249
78 247
79 249
80 249
81 250
82 250
83 251
84 249
85 248
86 250
87 251
88 250
89 248
90 250
91 249
92 250
93 247
94 249
95 250
96 250
97 251
98 250
99 250
100 249
101 249
102 251
103 249
104 249
105 248
106 249
107 250
108 250
109 250
110 249
111 249
112 249
113 249
114 248
115 249
116 250
117 250
118 249
119 249
120 249
121 250
122 249
123 249
124 250
125 251
126 248
127 250
128 250
129 247
130 250
131 247
132 247
133 249
134 250
135 247
136 250
137 247
138 247
139 249
140 247
141 248
142 248
143 247
144 250
145 250
146 250
147 250
148 249
149 249
150 249
151 249
152 249
153 248
154 249
155 246
156 247
157 249
158 248
159 250
160 248
161 250
162 250
163 249
164 250
165 247
166 249
167 249
168 249
169 249
170 247
171 248
172 249
173 248
174 248
175 246
176 246
177 247
178 247
179 245
180 248
181 248
182 245
183 247
184 247
185 248
186 248
187 247
188 245
189 244
190 244
191 242
192 241
193 240
194 241
195 239
196 239
197 239
198 238
199 3
200 5
201 5
202 6
203 2
204 6
205 4
206 4
207 5
208 5
209 5
210 5
211 3
212 5
213 6
214 3
215 251
216 251
217 250
218 252
219 252
220 252
221 250
222 252
223 251
224 252
225 250
226 252
227 253
228 252
229 250
230 251
231 7
232 6
233 242
234 6
235 242
236 6
237 6
238 252
239 254
240 252
241 251
242 252
243 252
244 252
245 250
246 252
247 1
248 2
249 1
250 4
251 4
252 4
253 1
254 3
255 0
256 0
257 2
258 0
259 1
260 2
261 3
262 3
263 2
264 4
265 4
266 0
267 3
268 0
269 2
270 0
271 1
272 1
273 0
274 3
275 1
276 14
277 15
278 14
279 15
280 15
281 15
282 14
283 15
284 15
285 14
286 17
287 17
288 15
289 5
290 5
291 14
292 16
293 4
294 16
295 15
296 17
297 16
298 4
299 4
300 18
301 18
302 18
303 18
304 18
305 18
306 18
307 18
308 18
309 18
310 18
311 18
312 19
313 14
314 18
315 17
316 17
317 16
318 18
319 17
320 17
321 16
322 18
323 17
324 16
325 16
326 19
327 19
328 17
329 19
330 19
331 19
332 18
333 17
334 19
335 18
336 20
337 18
338 20
339 19
340 20
341 18
342 20
343 20
344 20
345 17
346 20
347 17
348 19
349 19
350 19
351 19
352 19
353 18
354 18
355 19
356 20
357 19
358 18
359 20
360 21
361 20
362 21
363 22
364 19
365 21
366 21
367 21
368 20
369 21
370 20
371 21
372 23
373 22
374 22
375 21
376 21
377 20
378 20
379 20
380 20
381 22
382 21
383 23
384 23
385 21
386 23
387 22
388 23
389 21
390 23
391 24
392 23
393 23
394 21
395 23
396 22
397 22
398 24
399 24
400 22
401 23
402 24
403 24
404 22
405 24
406 24
407 24
408 24
409 23
410 24
411 25
412 23
413 23
414 24
415 24
416 25
417 24
418 24
419 24
420 25
421 25
422 24
423 25
424 23
425 26
426 26
427 26
428 24
429 23
430 24
431 6
432 6
433 5
434 26
435 23
436 25
437 25
438 26
439 26
440 27
441 28
442 28
443 27
444 27
445 24
446 26
447 28
448 28
449 28
450 28
451 26
452 27
453 26
454 27
455 28
456 28
457 27
458 27
459 28
460 29
461 29
462 30
463 29
464 29
465 30
466 30
467 29
468 28
469 29
470 30
471 30
472 31
473 28
474 28
475 31
476 30
477 29
478 31
479 32
480 32
481 30
482 30
483 29
484 31
485 30
486 32
487 33
488 32
489 32
490 33
491 32
492 32
493 32
494 29
495 32
496 32
497 32
498 31
499 33
500 32
501 34
502 34
503 33
504 34
505 34
506 33
507 34
508 32
509 35
510 33
511 35
512 34
513 34
514 35
515 35
516 35
517 37
518 34
519 35
520 37
521 36
522 37
523 38
524 36
525 38
526 37
527 38
528 38
529 38
530 38
531 36
532 38
533 37
534 38
535 38
536 38
537 37
538 38
539 39
540 39
541 38
542 38
543 39
544 39
545 38
546 36
547 37
548 38
549 36
550 38
551 39
552 40
553 39
554 38
555 39
556 39
557 40
558 38
559 40
560 39
561 41
562 41
563 41
564 37
565 39
566 40
567 40
568 39
569 39
570 41
571 41
572 42
573 41
574 41
575 40
576 41
577 41
578 42
579 39
580 41
581 41
582 41
583 41
584 42
585 42
586 42
587 42
588 40
589 40
590 40
591 40
592 39
593 41
594 40
595 40
596 38
597 41
598 39
599 41
600 40
601 41
602 40
603 41
604 41
605 42
606 39
607 40
608 39
609 39
610 40
611 37
612 40
613 40
614 37
615 38
616 38
617 40
618 39
619 39
620 38
621 39
622 37
623 38
624 37
625 39
626 39
627 39
628 41
629 41
630 40
631 39
632 41
633 39
634 41
635 39
636 41
637 41
638 41
639 39
640 40
641 36
642 39
643 37
644 39
645 40
646 40
647 39
648 40
649 40
650 37
651 39
652 40
653 39
654 37
655 37
656 38
657 37
658 35
659 32
660 32
661 31
662 34
663 33
664 33
665 33
666 33
667 33
668 33
669 29
670 31
671 32
672 34
673 34
674 32
675 34
676 34
677 34
678 33
679 33
680 34
681 34
682 33
683 34
684 33
685 35
686 35
687 35
688 33
689 30
690 34
691 34
692 34
693 33
694 30
695 32
696 28
697 31
698 31
699 31
700 32
701 32
702 34
703 33
704 32
705 33
706 33
707 33
708 32
709 33
710 33
711 33
712 33
713 34
714 35
715 33
716 33
717 33
718 33
719 32
720 33
721 31
722 34
723 31
724 34
725 34
726 34
727 34
728 33
729 32
730 34
731 33
732 32
733 32
734 33
735 32
736 31
737 32
738 34
739 33
740 33
741 33
742 31
743 32
744 32
745 31
746 33
747 33
748 32
749 34
750 32
751 33
752 31
753 32
754 30
755 32
756 30
757 31
758 32
759 32
760 33
761 33
762 32
763 32
764 33
765 32
766 31
767 33
768 33
769 33
770 34
771 33
772 31
773 30
774 32
775 32
776 31
777 32
778 3
779 32
780 4
781 34
782 30
783 33
784 31
785 32
786 33
787 29
788 34
789 32
790 31
791 34
792 33
793 33
794 34
795 30
796 34
797 35
798 34
799 34
800 33
801 33
802 31
803 31
804 34
805 33
806 52
807 53
808 63
809 66
810 81
811 85
812 86
813 111
814 124
815 134
816 149
817 149
818 166
819 169
820 178
821 189
822 207
823 213
824 218
825 229
826 239
827 243
828 245
829 245
830 248
831 246
832 249
833 249
834 249
835 249
836 247
837 247
838 246
839 246
840 244
841 244
842 244
843 245
844 243
845 244
846 246
847 248
848 248
849 249
850 254
851 253
852 250
853 252
854 252
855 251
856 251
857 253
858 254
859 258
860 254
861 256
862 254
863 252
864 251
865 252
866 251
867 246
868 251
869 249
870 252
871 252
872 252
873 251
874 251
875 249
876 251
877 250
878 251
879 249
880 250
881 249
882 246
883 247
884 248
885 244
886 244
887 241
895 0
897 1
898 1
899 0
900 2
901 2
902 4
903 1
904 2
905 5
906 4
907 6
908 8
909 5
910 6
911 4
912 1
913 0
914 3
915 6
916 632
917 631
918 5
919 8
920 9
921 8
922 10
923 10
924 10
925 11
926 10
927 11
928 11
929 12
930 14
931 11
932 11
933 15
934 13
935 12
936 13
937 10
938 13
939 14
940 13
941 11
942 13
943 39
944 41
945 40
946 43
947 47
948 40
949 48
950 43
951 41
952 43
953 43
954 56
955 57
956 57
957 55
958 52
959 53
960 52
961 54
962 58
963 54
964 55
965 55
966 54
967 50
968 50
969 50
970 50
971 47
972 40
973 41
974 37
975 34
976 621
977 624
978 621
979 625
980 626
981 626
982 628
983 31
984 32
985 35
986 37
987 40
988 37
989 40
990 43
991 44
992 45
993 43
994 49
995 49
996 53
997 54
998 54
999 56
1000 57
1001 57
1002 56
1003 58
1004 62
1005 61
1006 65
1007 65
1008 69
1009 70
1010 71
1011 72
1012 73
1013 73
1014 78
1015 79
1016 81
1017 81
1018 85
1019 86
1020 87
1021 89
1022 89
1023 92
1024 94
1025 92
1026 95
1027 96
1028 99
1029 103
1030 102
1031 105
1032 107
1033 108
1034 109
1035 110
1036 111
1037 110
1038 114
1039 117
1040 119
1041 116
1042 121
1043 123
1044 124
1045 126
1046 127
1047 128
1048 135
1049 135
1050 136
1051 136
1052 138
1053 137
1054 137
1055 142
1056 140
1057 143
1058 145
1059 143
1060 146
1061 146
1062 150
1063 152
1064 151
1065 153
1066 156
1067 152
1068 158
1069 158
1070 160
1071 162
1072 164
1073 165
1074 167
1075 167
1076 169
1077 171
1078 173
1079 174
