0 249
1 250
2 251
3 250
4 250
5 250
6 249
7 250
8 251
9 251
10 246
11 247
12 251
13 250
14 249
15 248
16 252
17 252
18 247
19 249
20 252
21 251
22 251
23 252
24 252
25 252
26 250
27 250
28 248
29 251
30 250
31 251
32 252
33 251
34 252
35 252
36 251
37 251
38 250
39 252
40 253
41 251
42 250
43 251
44 250
45 250
46 251
47 250
48 252
49 252
50 250
51 251
52 252
53 252
54 252
55 253
56 251
57 249
58 250
59 249
60 252
61 252
62 251
63 251
64 251
65 250
66 250
67 249
68 249
69 251
70 1222
71 249
72 251
73 250
74 251
75 251
76 251
77 249
78 249
79 251
80 251
81 250
82 251
83 246
84 250
85 248
86 251
87 249
88 250
89 251
90 250
91 250
92 251
93 250
94 251
95 251
96 249
97 251
98 251
99 250
100 249
101 250
102 248
103 251
104 251
105 251
106 251
107 251
108 250
109 251
110 250
111 250
112 251
113 251
114 249
115 250
116 249
117 251
118 249
119 249
120 248
121 248
122 248
123 250
124 247
125 247
126 248
127 12
128 12
129 12
130 13
131 13
132 14
133 12
134 11
135 11
136 7
137 6
138 4
139 3
172 0
173 2
174 0
175 2
176 2
177 0
178 4
179 4
180 1
181 2
182 0
183 4
184 2
185 1
186 0
189 1
194 1
195 1
196 1
203 0
210 0
211 0
212 0
216 0
217 1
240 0
242 0
255 0
256 1
257 0
258 27
259 0
260 1
261 0
262 1
263 3
264 4
265 0
266 0
267 0
268 0
269 29
270 28
271 28
272 0
274 2
275 1
276 2
277 25
278 29
279 27
280 28
281 29
282 28
283 30
284 31
285 31
286 28
287 30
288 31
289 29
290 26
291 27
292 2
293 28
294 28
295 30
296 28
297 29
298 29
299 30
300 28
301 28
302 1
305 1
306 3
307 0
308 2
309 2
310 3
311 2
312 4
313 4
314 0
315 2
316 3
317 2
318 0
319 0
320 2
321 1
322 3
323 3
324 27
325 30
326 30
327 29
328 1
329 0
330 27
331 25
332 28
333 28
334 2
336 2
337 28
338 28
339 29
340 29
341 28
342 0
344 1
345 26
346 28
347 5
348 28
349 29
350 26
351 27
352 26
353 29
354 27
355 25
356 3
357 27
358 27
359 29
360 27
361 30
362 28
363 3
364 29
365 4
366 0
367 27
368 1
369 2
370 2
371 26
372 27
373 27
374 28
375 5
376 4
377 28
378 26
379 27
380 4
381 4
382 26
383 4
384 27
385 28
386 2
387 4
388 3
389 27
390 27
391 28
392 26
393 26
394 3
395 4
396 4
397 6
398 27
399 5
400 27
401 27
402 4
403 5
404 28
405 5
406 28
407 29
408 28
409 2
410 27
411 25
412 4
413 29
414 2
415 4
416 27
417 4
418 3
419 27
420 26
421 25
422 4
423 28
424 28
425 27
426 28
427 26
428 27
429 2
430 27
431 28
432 27
433 28
434 28
435 29
436 28
437 26
438 29
439 31
440 29
441 29
442 31
443 30
444 27
445 31
446 29
447 31
448 30
449 30
450 30
451 4
452 3
453 32
454 32
455 4
456 5
457 5
458 5
459 6
460 6
461 5
462 6
463 6
464 33
465 33
466 34
467 33
468 33
469 4
470 42
471 45
472 46
473 45
474 49
475 45
476 49
477 48
478 50
479 50
480 50
481 47
482 50
483 47
484 51
485 53
486 54
487 51
488 52
489 50
490 49
491 48
492 47
493 48
494 45
495 46
496 47
497 45
498 47
499 46
500 47
501 45
502 45
503 45
504 46
505 45
506 45
507 46
508 44
509 47
510 47
511 47
512 47
513 46
514 46
515 47
516 49
517 48
518 44
519 48
520 48
521 46
522 55
523 55
524 57
525 56
526 55
527 49
528 47
529 47
530 49
531 49
532 49
533 47
534 50
535 49
536 50
537 49
538 48
539 49
540 50
541 49
542 50
543 51
544 50
545 50
546 51
547 52
548 49
549 50
550 50
551 51
552 49
553 49
554 51
555 51
556 49
557 52
558 53
559 53
560 50
561 51
562 52
563 54
564 51
565 53
566 53
567 54
568 53
569 51
570 44
571 52
572 54
573 54
574 54
575 40
576 43
577 42
578 43
579 43
580 43
581 41
582 42
583 43
584 44
585 42
586 39
587 40
588 43
589 43
590 44
591 44
592 42
593 43
594 42
595 42
596 42
597 6
598 43
599 38
600 42
601 41
602 41
603 41
604 40
605 40
606 37
607 40
608 41
609 40
610 40
611 39
612 42
613 40
614 39
615 40
616 40
617 40
618 38
619 38
620 41
621 38
622 37
623 38
624 37
625 35
626 37
627 36
628 34
629 35
630 4
631 34
632 34
633 33
634 5
635 36
636 32
637 35
638 36
639 39
640 36
641 37
642 33
643 35
644 34
645 35
646 33
647 36
648 36
649 36
650 35
651 34
652 31
653 34
654 28
655 35
656 33
657 34
658 0
659 3
660 3
661 2
662 4
663 4
664 31
665 34
666 1
667 0
669 28
670 30
671 28
672 31
673 31
674 2
675 27
676 29
677 5
678 2
679 0
680 2
681 1
682 29
683 29
684 2
685 0
686 2
687 29
688 29
689 28
690 28
691 2
692 2
693 2
694 27
695 28
696 27
697 28
698 28
699 1
700 27
701 27
702 28
703 27
704 27
705 2
706 1
707 3
708 0
709 1
710 0
711 28
712 2
713 0
714 25
715 0
716 0
717 0
718 29
720 2
721 0
722 2
723 2
724 4
725 3
726 2
727 0
728 0
729 28
730 28
731 29
732 2
733 30
734 28
735 25
737 3
738 2
739 3
740 2
741 0
744 0
745 0
748 0
749 2
750 0
751 3
752 2
753 2
754 2
755 2
756 1
757 2
758 0
759 0
760 3
761 1
762 27
763 3
765 0
767 25
768 0
769 2
770 2
771 0
772 3
773 1
774 1
776 0
777 1
778 2
779 3
780 0
781 2
783 0
784 1
785 3
786 1
787 2
788 1
789 2
790 26
791 28
792 4
793 3
794 29
795 28
796 24
797 27
798 26
799 26
800 28
801 29
802 29
803 26
804 29
805 29
806 31
807 31
808 39
809 45
810 52
811 58
812 64
813 68
814 76
815 79
816 82
817 88
818 94
819 100
820 107
821 111
822 115
823 117
824 124
825 132
826 131
827 135
828 141
829 145
830 159
831 157
832 165
833 171
834 176
835 181
836 191
837 192
838 202
839 205
840 210
841 219
842 220
843 223
844 224
845 235
846 242
847 244
848 243
849 243
850 244
851 245
852 247
853 244
854 249
855 248
856 249
857 249
858 248
859 249
860 251
861 250
862 252
863 253
864 251
865 253
866 252
867 254
868 256
869 256
870 255
871 256
872 253
873 256
874 251
875 255
876 254
877 251
878 252
879 251
880 251
881 252
882 250
883 248
884 248
885 247
886 249
887 250
888 841
889 843
890 844
891 846
892 845
893 843
894 847
895 846
896 845
897 845
898 844
899 845
900 843
901 845
902 840
903 11
904 10
905 9
906 10
907 7
908 8
909 7
910 6
911 6
912 5
913 5
914 4
915 2
916 2
917 2
924 1
928 0
929 3
930 9
931 11
932 11
933 12
934 11
935 11
936 12
937 13
938 9
939 13
940 15
941 15
942 15
943 13
944 16
945 24
946 23
947 21
948 25
949 26
950 53
951 57
952 56
953 56
954 58
955 58
956 58
957 54
958 57
959 57
960 58
961 58
962 53
963 58
964 59
965 59
966 58
967 54
968 53
969 50
970 49
971 640
972 646
973 641
974 650
975 639
976 640
977 646
978 645
979 643
980 631
981 41
982 41
983 39
984 39
985 40
986 42
987 41
988 44
989 43
990 47
991 47
992 48
993 47
994 53
995 51
996 52
997 57
998 55
999 57
1000 58
1001 58
1002 61
1003 58
1004 64
1005 66
1006 68
1007 70
1008 71
1009 71
1010 76
1011 78
1012 76
1013 76
1014 83
1015 84
1016 84
1017 86
1018 86
1019 87
1020 89
1021 91
1022 91
1023 93
1024 97
1025 97
1026 99
1027 100
1028 103
1029 101
1030 103
1031 108
1032 109
1033 110
1034 111
1035 113
1036 114
1037 116
1038 118
1039 120
1040 119
1041 122
1042 124
1043 125
1044 125
1045 132
1046 135
1047 135
1048 133
1049 135
1050 136
1051 135
1052 139
1053 139
1054 144
1055 145
1056 145
1057 146
1058 147
1059 150
1060 150
1061 152
1062 152
1063 155
1064 157
1065 158
1066 160
1067 161
1068 163
1069 163
1070 166
1071 167
1072 168
1073 170
1074 167
1075 171
1076 171
1077 176
1078 175
1079 178
