0 248
1 246
2 246
3 247
4 244
5 247
6 246
7 246
8 247
9 249
10 245
11 247
12 247
13 243
14 249
15 247
16 249
17 249
18 250
19 250
20 250
21 248
22 250
23 250
24 249
25 250
26 251
27 250
28 251
29 251
30 250
31 249
32 250
33 251
34 251
35 251
36 252
37 250
38 251
39 251
40 251
41 251
42 249
43 251
44 251
45 251
46 250
47 250
48 248
49 246
50 250
51 250
52 250
53 252
54 249
55 252
56 250
57 251
58 250
59 251
60 251
61 252
62 252
63 252
64 250
65 250
66 249
67 250
68 248
69 251
70 249
71 251
72 250
73 249
74 248
75 250
76 246
77 250
78 250
79 251
80 250
81 249
82 250
83 250
84 249
85 250
86 247
87 250
88 250
89 250
90 250
91 251
92 251
93 249
94 248
95 249
96 251
97 252
98 250
99 250
100 251
101 248
102 251
103 251
104 250
105 248
106 249
107 251
108 251
109 251
110 250
111 251
112 248
113 249
114 249
115 250
116 249
117 248
118 249
119 249
120 248
121 245
122 10
123 11
124 10
125 9
126 12
127 12
128 12
129 11
130 12
131 9
132 11
133 10
134 10
135 9
136 5
137 0
157 0
159 0
160 3
161 0
166 0
167 0
169 1
170 2
171 2
172 0
173 3
174 0
175 2
176 1
177 1
178 2
179 2
180 0
181 0
182 0
183 0
214 0
215 1
216 0
217 1
219 1
220 1
221 1
222 2
224 1
225 0
226 1
227 0
228 0
229 2
230 2
231 2
232 3
233 1
234 3
235 1
236 2
237 1
238 2
239 3
240 3
241 3
242 3
243 4
244 5
245 4
246 1
247 3
248 4
249 4
250 4
251 3
252 0
253 2
254 2
255 3
256 4
257 3
258 4
259 4
260 3
261 3
262 2
263 4
264 3
265 6
266 4
267 2
268 2
269 2
270 1
271 4
272 3
273 2
274 31
275 29
276 29
277 5
278 32
279 29
280 29
281 30
282 4
283 2
284 4
285 29
286 30
287 30
288 31
289 1
290 3
291 4
292 4
293 2
294 4
295 30
296 30
297 29
298 4
299 3
300 4
301 2
302 3
303 2
304 30
305 0
306 3
307 1
308 2
309 29
310 31
311 31
312 4
313 28
314 31
315 30
316 32
317 32
318 31
319 31
320 31
321 4
322 27
323 30
324 26
325 0
326 1
327 4
328 31
329 29
330 31
331 30
332 29
333 31
334 30
335 4
336 3
337 30
338 31
339 1
340 29
341 4
342 2
343 4
344 29
345 27
346 2
347 30
348 29
349 3
350 2
351 5
352 3
353 2
354 1
355 28
356 28
357 29
358 29
359 27
360 27
361 2
362 28
363 3
364 29
365 28
366 27
367 30
368 29
369 29
370 28
371 3
372 28
373 26
374 28
375 29
376 30
377 27
378 30
379 30
380 30
381 30
382 31
383 30
384 29
385 29
386 29
387 28
388 5
389 29
390 30
391 28
392 29
393 30
394 28
395 31
396 30
397 29
398 30
399 28
400 30
401 30
402 6
403 2
404 6
405 4
406 4
407 5
408 5
409 4
410 5
411 2
412 4
413 3
414 2
415 3
416 4
417 5
418 5
419 28
420 30
421 29
422 5
423 4
424 5
425 2
426 4
427 3
428 29
429 5
430 4
431 2
432 5
433 4
434 5
435 4
436 5
437 5
438 6
439 6
440 5
441 6
442 38
443 38
444 40
445 39
446 41
447 40
448 42
449 43
450 42
451 41
452 41
453 39
454 40
455 41
456 43
457 43
458 40
459 41
460 41
461 43
462 41
463 44
464 44
465 45
466 43
467 44
468 43
469 41
470 41
471 42
472 41
473 41
474 41
475 43
476 42
477 43
478 42
479 42
480 44
481 43
482 42
483 41
484 43
485 43
486 45
487 45
488 45
489 43
490 46
491 46
492 46
493 45
494 45
495 48
496 48
497 46
498 43
499 45
500 46
501 41
502 46
503 44
504 43
505 42
506 40
507 42
508 42
509 43
510 40
511 42
512 41
513 42
514 43
515 41
516 40
517 41
518 42
519 42
520 42
521 41
522 42
523 43
524 42
525 43
526 42
527 42
528 41
529 42
530 44
531 44
532 42
533 41
534 44
535 43
536 43
537 44
538 40
539 44
540 44
541 42
542 43
543 41
544 42
545 43
546 41
547 43
548 42
549 42
550 44
551 44
552 44
553 43
554 41
555 44
556 42
557 43
558 44
559 43
560 43
561 42
562 44
563 45
564 42
565 45
566 43
567 45
568 45
569 45
570 44
571 44
572 42
573 43
574 43
575 43
576 43
577 43
578 45
579 44
580 42
581 42
582 44
583 42
584 42
585 43
586 43
587 45
588 44
589 42
590 44
591 43
592 44
593 43
594 40
595 44
596 44
597 43
598 42
599 43
600 44
601 42
602 43
603 43
604 43
605 41
606 43
607 44
608 44
609 43
610 40
611 38
612 41
613 38
614 40
615 39
616 41
617 41
618 39
619 39
620 38
621 38
622 38
623 38
624 37
625 36
626 35
627 36
628 37
629 36
630 34
631 5
632 4
633 1
634 1
635 4
636 3
637 3
638 34
639 36
640 36
641 34
642 37
643 33
644 3
645 33
646 35
647 2
648 33
649 37
650 38
651 3
652 0
653 3
654 2
655 3
656 4
657 3
658 4
659 1
660 2
661 3
662 4
663 35
664 1
665 30
666 31
667 33
668 33
669 30
670 1
671 0
672 1
673 0
674 30
675 30
676 28
677 29
678 2
679 1
680 0
681 0
682 1
683 2
684 4
685 3
686 3
687 3
688 2
689 1
690 1
691 2
692 3
693 1
694 4
695 0
696 4
697 2
698 2
699 3
702 1
703 3
704 3
705 0
706 1
707 0
709 0
710 0
711 1
712 0
713 0
714 0
717 28
718 26
719 0
720 0
721 27
722 0
723 28
724 26
725 29
726 28
727 25
728 27
729 26
730 1
732 2
735 0
736 0
737 0
738 2
739 2
740 0
741 0
742 0
743 0
753 0
754 1
755 1
756 1
757 2
758 1
759 2
760 0
761 1
762 27
763 1
764 27
765 2
766 28
767 26
768 3
769 0
770 0
771 0
772 1
773 29
774 28
775 27
776 1
777 1
778 1
779 1
780 0
781 0
782 2
783 3
784 3
785 2
786 0
787 2
788 0
789 2
790 2
791 3
792 4
793 2
794 1
795 3
796 3
797 2
798 1
799 0
800 26
801 28
802 27
803 26
804 31
805 29
806 30
807 31
808 33
809 47
810 56
811 57
812 64
813 69
814 76
815 79
816 85
817 86
818 95
819 103
820 104
821 110
822 118
823 122
824 126
825 131
826 140
827 146
828 150
829 153
830 159
831 162
832 170
833 179
834 178
835 181
836 190
837 197
838 205
839 207
840 213
841 216
842 225
843 228
844 232
845 236
846 242
847 244
848 245
849 245
850 247
851 248
852 248
853 247
854 247
855 247
856 247
857 246
858 245
859 249
860 246
861 249
862 250
863 251
864 250
865 254
866 255
867 256
868 254
869 255
870 253
871 254
872 253
873 252
874 255
875 255
876 252
877 251
878 251
879 251
880 250
881 249
882 251
883 248
884 249
885 248
886 251
887 249
888 249
889 838
890 838
891 840
892 249
893 250
894 248
895 845
896 845
897 844
898 845
899 845
900 843
901 840
902 839
903 8
904 10
905 8
906 8
907 5
908 0
909 3
911 4
912 4
913 3
914 5
915 2
916 0
918 1
919 0
920 0
924 0
928 2
929 6
930 5
931 8
932 8
933 14
934 14
935 14
936 15
937 20
938 15
939 16
940 16
941 17
942 19
943 20
944 20
945 20
946 28
947 26
948 26
949 53
950 56
951 56
952 54
953 50
954 52
955 53
956 51
957 58
958 56
959 58
960 60
961 58
962 60
963 58
964 57
965 52
966 57
967 53
968 55
969 48
970 645
971 648
972 648
973 648
974 645
975 643
976 645
977 638
978 637
979 625
980 30
981 35
982 38
983 38
984 39
985 42
986 40
987 40
988 40
989 43
990 46
991 47
992 49
993 51
994 51
995 54
996 55
997 55
998 55
999 58
1000 59
1001 60
1002 60
1003 62
1004 64
1005 65
1006 67
1007 69
1008 71
1009 72
1010 75
1011 76
1012 78
1013 80
1014 79
1015 83
1016 84
1017 85
1018 86
1019 86
1020 89
1021 91
1022 92
1023 94
1024 96
1025 98
1026 99
1027 100
1028 102
1029 103
1030 105
1031 107
1032 107
1033 110
1034 112
1035 110
1036 116
1037 118
1038 118
1039 119
1040 119
1041 123
1042 123
1043 122
1044 126
1045 133
1046 133
1047 135
1048 133
1049 135
1050 137
1051 137
1052 137
1053 140
1054 142
1055 144
1056 146
1057 143
1058 149
1059 149
1060 150
1061 153
1062 154
1063 155
1064 155
1065 157
1066 158
1067 163
1068 161
1069 164
1070 164
1071 167
1072 169
1073 170
1074 172
1075 171
1076 171
1077 172
1078 176
1079 175
