810 19
811 24
812 26
813 30
814 34
815 46
816 52
817 55
818 58
819 57
820 56
821 59
822 57
823 58
824 59
825 58
826 53
827 45
828 37
829 36
830 37
831 36
832 36
833 37
834 9
835 8
836 10
837 10
838 8
839 9
840 9
841 9
842 9
843 9
844 7
845 9
846 9
847 8
848 8
849 6
850 9
851 8
852 9
853 9
854 8
855 8
856 6
857 9
858 7
859 7
860 8
861 8
862 8
863 9
864 10
865 10
866 9
867 9
868 9
869 9
870 8
871 9
872 8
873 8
874 7
875 9
876 9
877 9
878 8
879 7
880 10
881 9
882 8
883 7
884 10
885 6
886 7
887 8
888 9
889 9
890 10
891 9
892 10
893 9
894 9
895 8
896 8
897 10
898 9
899 8
900 8
901 7
902 7
903 240
904 240
905 6
906 241
907 240
908 240
909 240
910 242
911 242
912 242
913 241
914 241
915 242
916 241
917 243
918 240
919 240
920 240
921 240
922 240
923 239
924 238
925 234
926 237
927 238
928 234
929 233
930 236
931 235
932 236
933 235
934 233
935 234
936 234
937 234
938 231
939 231
940 228
941 230
942 232
943 230
944 231
945 230
946 229
947 226
948 226
949 225
950 224
951 226
952 222
953 223
954 223
955 223
956 220
957 222
958 222
959 223
960 221
961 221
962 217
963 220
964 219
965 217
966 218
967 217
968 217
969 213
970 933
971 930
972 1037
973 1035
974 1036
975 1035
976 1030
977 1032
978 1031
979 1028
980 1031
981 1029
982 1028
983 1026
984 1012
985 998
986 972
987 964
988 959
989 950
990 932
991 402
992 815
993 815
994 797
995 779
996 772
997 774
998 767
999 749
1000 747
1001 744
1002 720
1003 701
1004 693
1005 679
1006 670
1007 666
1008 651
1009 644
1010 626
1011 618
1012 610
1013 596
1014 587
1015 570
1016 560
1017 549
1018 538
1019 525
1020 511
1021 500
1022 492
1023 483
1024 466
1025 459
1026 439
1027 429
1028 416
1029 398
1030 387
1031 388
1032 365
1033 353
1034 332
1035 329
1036 322
1037 281
1038 279
1039 270
1040 243
1041 237
1042 234
1043 205
1044 199
1045 195
1046 187
1047 178
1048 174
1049 96
1050 97
1051 90
1052 84
1053 84
1054 83
1055 73
1056 67
1057 137
1058 136
1059 131
1060 131
1061 133
1062 143
1063 155
1064 165
1065 167
1066 182
1067 191
1068 65
1069 60
1070 50
1071 44
1072 38
1073 21
1074 16
1075 8
0 0
0 0
0 0
0 0
0 0
0 0
0 0
0 0
0 0
0 0
0 0
0 0
0 0
0 0
0 0
0 0
0 0
0 0
0 0
0 0
0 0
0 0
0 0
0 0
0 0
0 0
0 0
0 0
0 0
