0 247
1 245
2 249
3 246
4 248
5 248
6 249
7 249
8 249
9 247
10 251
11 248
12 250
13 251
14 250
15 252
16 250
17 249
18 249
19 247
20 249
21 247
22 248
23 249
24 250
25 249
26 251
27 251
28 249
29 249
30 250
31 248
32 249
33 249
34 250
35 250
36 249
37 251
38 249
39 251
40 250
41 250
42 250
43 248
44 251
45 248
46 251
47 249
48 250
49 249
50 251
51 250
52 247
53 248
54 251
55 250
56 250
57 250
58 250
59 248
60 250
61 250
62 248
63 250
64 249
65 249
66 250
67 249
68 248
69 251
70 248
71 251
72 251
73 250
74 250
75 251
76 250
77 248
78 249
79 250
80 249
81 249
82 251
83 249
84 249
85 248
86 250
87 251
88 250
89 250
90 250
91 250
92 249
93 250
94 249
95 248
96 249
97 248
98 248
99 250
100 251
101 251
102 249
103 249
104 249
105 248
106 248
107 249
108 248
109 249
110 249
111 250
112 251
113 249
114 249
115 248
116 248
117 249
118 249
119 249
120 248
121 248
122 249
123 247
124 249
125 249
126 247
127 249
128 249
129 250
130 250
131 245
132 247
133 247
134 248
135 250
136 250
137 249
138 250
139 251
140 251
141 249
142 249
143 248
144 249
145 247
146 249
147 247
148 249
149 247
150 246
151 249
152 250
153 248
154 249
155 246
156 259
157 261
158 262
159 259
160 260
161 5
162 4
163 5
164 5
165 5
166 4
167 4
168 5
169 4
170 3
171 4
172 0
173 5
174 3
175 2
176 4
177 3
178 5
179 263
180 261
181 264
182 262
183 262
184 263
185 263
186 5
187 261
188 263
189 262
190 263
191 6
192 6
193 7
194 262
195 263
196 263
197 264
198 263
199 263
200 263
201 265
202 261
203 264
204 263
205 263
206 262
207 1
208 2
209 3
210 264
211 265
212 264
213 262
214 265
215 264
216 264
217 263
218 265
219 264
220 264
221 263
222 2
223 22
224 23
226 0
227 2
228 2
229 1
230 25
231 26
232 25
233 25
234 25
235 25
236 25
237 2
238 0
239 0
240 0
242 26
245 0
246 0
247 0
248 0
249 25
250 0
251 26
252 1
253 2
254 26
255 25
256 1
257 1
258 2
259 3
260 0
261 4
262 1
263 3
264 0
265 0
266 0
267 2
268 3
269 2
270 2
271 4
272 3
273 3
274 0
275 25
277 3
278 3
279 4
280 3
281 3
282 0
283 2
284 3
285 27
286 0
287 27
288 3
289 4
290 2
291 0
292 3
293 25
294 25
295 25
296 25
297 2
298 0
299 27
300 25
301 3
302 2
303 0
304 1
305 1
306 28
307 26
308 28
309 27
310 27
311 28
312 27
313 27
314 4
315 2
316 3
317 3
318 4
319 2
320 3
321 27
322 27
323 3
324 1
325 1
326 3
327 30
328 29
329 28
330 4
331 28
332 28
333 29
334 29
335 27
336 27
337 29
338 28
339 27
340 31
341 27
342 29
343 27
344 29
345 29
346 27
347 29
348 29
349 28
350 28
351 0
352 30
353 30
354 29
355 30
356 27
357 29
358 29
359 32
360 31
361 28
362 32
363 30
364 4
365 3
366 3
367 5
368 3
369 5
370 2
371 3
372 3
373 3
374 3
375 31
376 31
377 33
378 28
379 32
380 33
381 32
382 31
383 32
384 32
385 32
386 33
387 30
388 31
389 33
390 5
391 3
392 31
393 5
394 3
395 32
396 32
397 32
398 4
399 4
400 32
401 32
402 33
403 3
404 34
405 3
406 4
407 33
408 34
409 34
410 31
411 33
412 33
413 34
414 33
415 35
416 34
417 34
418 3
419 3
420 3
421 3
422 3
423 3
424 2
425 33
426 36
427 36
428 36
429 37
430 35
431 4
432 38
433 5
434 37
435 2
436 37
437 33
438 38
439 40
440 40
441 38
442 39
443 37
444 4
445 39
446 40
447 38
448 38
449 39
450 38
451 39
452 39
453 42
454 40
455 42
456 39
457 41
458 39
459 3
460 43
461 43
462 42
463 43
464 5
465 44
466 40
467 41
468 2
470 3
471 3
472 3
473 4
474 44
475 0
476 44
477 43
478 44
479 45
480 46
481 47
482 46
483 47
484 48
485 47
486 45
487 45
488 46
489 46
490 47
491 48
492 47
493 45
494 48
495 48
496 6
497 47
498 47
499 47
500 50
501 50
502 50
503 49
504 48
505 48
506 47
507 49
508 50
509 5
510 51
511 49
512 4
513 50
514 50
515 50
516 51
517 52
518 51
519 50
520 49
521 52
522 52
523 52
524 52
525 5
526 6
527 51
528 50
529 53
530 53
531 51
532 51
533 51
534 52
535 4
536 52
537 49
538 51
539 50
540 54
541 54
542 54
543 54
544 53
545 6
546 53
547 54
548 55
549 54
550 52
551 55
552 55
553 52
554 54
555 53
556 55
557 54
558 54
559 53
560 52
561 55
562 56
563 55
564 55
565 56
566 55
567 56
568 56
569 55
570 54
571 54
572 56
573 53
574 54
575 54
576 53
577 55
578 55
579 55
580 53
581 53
582 53
583 52
584 54
585 54
586 52
587 53
588 54
589 53
590 53
591 52
592 52
593 54
594 50
595 53
596 50
597 47
598 50
599 49
600 52
601 52
602 52
603 54
604 53
605 54
606 55
607 54
608 55
609 55
610 56
611 54
612 56
613 57
614 52
615 53
616 53
617 52
618 53
619 49
620 53
621 51
622 52
623 52
624 51
625 52
626 53
627 51
628 51
629 53
630 53
631 52
632 54
633 50
634 49
635 51
636 50
637 51
638 51
639 51
640 51
641 47
642 48
643 47
644 44
645 46
646 45
647 45
648 44
649 44
650 42
651 44
652 45
653 2
654 4
655 43
656 43
657 43
658 43
659 45
660 43
661 45
662 44
663 44
664 1
665 4
666 3
667 41
668 42
669 0
670 0
671 1
672 0
674 40
675 40
676 1
677 4
678 2
679 0
680 1
681 2
682 2
683 41
684 0
685 1
686 39
687 42
688 3
689 0
690 2
691 0
692 1
693 3
695 0
696 2
697 0
698 1
700 40
701 40
702 1
703 0
704 0
705 37
706 38
707 39
708 38
709 3
710 2
711 2
712 4
713 40
714 0
715 0
716 3
717 38
718 3
719 40
720 39
721 2
723 0
724 39
725 39
726 39
727 2
728 0
729 0
730 2
731 0
732 0
736 0
738 0
739 0
740 1
741 0
742 36
743 2
744 37
745 40
746 36
747 36
748 1
749 0
750 2
751 0
756 2
757 37
758 40
759 38
761 0
763 0
764 0
765 1
766 1
767 1
769 0
770 0
772 1
773 1
774 0
775 1
776 1
779 0
781 1
782 0
783 34
784 3
785 39
786 38
787 1
788 4
789 39
790 38
791 39
792 39
793 39
794 36
795 39
796 40
797 42
798 40
799 37
800 41
801 41
802 39
803 38
804 39
805 39
806 47
807 49
808 63
809 76
810 76
811 97
812 111
813 128
814 125
815 136
816 161
817 163
818 182
819 198
820 203
821 218
822 238
823 246
824 245
825 247
826 251
827 251
828 255
829 254
830 256
831 255
832 256
833 253
834 250
835 249
836 248
837 245
838 247
839 247
840 248
841 244
842 249
843 249
844 251
845 252
846 253
847 257
848 258
849 256
850 253
851 255
852 255
853 253
854 253
855 255
856 256
857 264
858 262
859 263
860 257
861 252
862 254
863 253
864 252
865 253
866 250
867 251
868 249
869 251
870 250
871 251
872 250
873 250
874 251
875 251
876 250
877 251
878 250
879 250
880 249
881 246
882 240
883 245
884 239
885 1
893 1
894 0
895 6
899 0
900 0
901 2
902 1
903 3
904 8
905 9
906 7
907 7
908 6
909 4
910 3
911 627
912 630
913 630
914 630
915 6
916 5
917 7
918 633
919 632
920 632
921 632
922 634
923 12
924 12
925 11
926 12
927 8
928 10
929 9
930 1
931 14
932 9
933 10
934 14
935 12
936 8
937 10
938 37
939 37
940 13
941 36
942 39
943 37
944 37
945 37
946 36
947 36
948 36
949 37
950 37
951 38
952 47
953 47
954 44
955 47
956 46
957 49
958 49
959 54
960 56
961 52
962 54
963 54
964 56
965 53
966 49
967 55
968 55
969 48
970 49
971 16
972 13
973 12
974 640
975 643
976 623
977 622
978 628
979 624
980 628
981 630
982 630
983 32
984 33
985 37
986 38
987 37
988 40
989 41
990 41
991 43
992 45
993 47
994 49
995 50
996 50
997 52
998 54
999 57
1000 57
1001 54
1002 55
1003 9
1004 61
1005 62
1006 62
1007 68
1008 68
1009 71
1010 72
1011 74
1012 75
1013 73
1014 78
1015 78
1016 82
1017 84
1018 84
1019 85
1020 87
1021 89
1022 90
1023 91
1024 93
1025 92
1026 95
1027 95
1028 100
1029 102
1030 103
1031 105
1032 105
1033 106
1034 109
1035 110
1036 109
1037 110
1038 115
1039 119
1040 119
1041 119
1042 120
1043 122
1044 123
1045 126
1046 128
1047 135
1048 135
1049 136
1050 134
1051 135
1052 135
1053 139
1054 140
1055 140
1056 142
1057 144
1058 144
1059 142
1060 147
1061 149
1062 151
1063 152
1064 154
1065 155
1066 154
1067 156
1068 159
1069 162
1070 162
1071 163
1072 166
1073 167
1074 166
1075 170
1076 172
1077 171
1078 174
1079 175
