0 250
1 252
2 251
3 252
4 250
5 250
6 249
7 251
8 251
9 249
10 249
11 244
12 251
13 252
14 252
15 251
16 251
17 250
18 249
19 251
20 252
21 251
22 252
23 250
24 251
25 251
26 252
27 251
28 250
29 251
30 250
31 249
32 252
33 250
34 251
35 250
36 251
37 251
38 251
39 250
40 251
41 250
42 251
43 251
44 250
45 248
46 250
47 251
48 252
49 251
50 251
51 249
52 250
53 250
54 252
55 252
56 250
57 250
58 251
59 253
60 252
61 250
62 253
63 251
64 251
65 252
66 251
67 252
68 251
69 251
70 251
71 251
72 251
73 251
74 251
75 251
76 251
77 251
78 251
79 251
80 249
81 249
82 251
83 248
84 251
85 248
86 251
87 251
88 251
89 248
90 248
91 249
92 251
93 251
94 250
95 249
96 248
97 252
98 250
99 250
100 250
101 251
102 251
103 250
104 250
105 250
106 250
107 251
108 250
109 251
110 251
111 249
112 251
113 249
114 249
115 251
116 249
117 249
118 250
119 249
120 250
121 250
122 248
123 248
124 248
125 248
126 248
127 245
128 5
129 5
130 4
131 248
132 4
133 5
134 5
135 244
136 5
137 1
138 3
139 5
140 250
141 249
142 250
143 5
144 5
145 250
146 5
147 5
148 5
149 251
150 5
151 5
152 6
153 3
154 5
155 4
156 4
157 2
158 5
159 6
160 5
161 3
162 6
163 6
164 4
165 6
166 251
167 6
168 251
169 3
170 6
171 4
172 5
173 2
174 1
175 0
192 0
193 0
194 2
195 0
196 3
197 2
198 2
199 11
200 10
201 8
202 1
204 1
205 0
206 0
207 0
208 1
210 2
211 2
212 0
213 2
214 0
219 0
220 1
221 0
222 0
223 1
224 14
225 13
226 1
227 2
228 12
229 2
230 9
231 12
232 12
233 14
234 3
235 13
236 14
237 14
238 13
239 14
240 15
241 14
242 3
243 15
244 13
245 14
246 16
247 14
248 14
249 11
250 16
251 14
252 16
253 15
254 14
255 16
256 12
257 15
258 13
259 12
260 15
261 4
262 16
263 4
264 4
265 14
266 15
267 15
268 15
269 15
270 13
271 17
272 17
273 16
274 16
275 5
276 3
277 5
278 15
279 18
280 20
281 18
282 17
283 16
284 19
285 18
286 18
287 17
288 17
289 17
290 17
291 18
292 16
293 19
294 19
295 17
296 19
297 17
298 20
299 19
300 21
301 20
302 21
303 21
304 20
305 20
306 20
307 21
308 20
309 21
310 21
311 20
312 22
313 21
314 20
315 21
316 19
317 20
318 20
319 20
320 18
321 20
322 24
323 23
324 22
325 23
326 23
327 22
328 22
329 23
330 23
331 21
332 22
333 22
334 23
335 23
336 24
337 22
338 22
339 24
340 24
341 23
342 25
343 26
344 23
345 25
346 25
347 23
348 26
349 27
350 25
351 27
352 27
353 28
354 28
355 28
356 28
357 30
358 26
359 28
360 31
361 32
362 30
363 30
364 28
365 29
366 30
367 32
368 32
369 32
370 31
371 32
372 33
373 33
374 31
375 32
376 34
377 34
378 33
379 32
380 32
381 32
382 30
383 32
384 34
385 34
386 33
387 34
388 34
389 33
390 34
391 35
392 34
393 35
394 35
395 36
396 34
397 36
398 36
399 36
400 36
401 36
402 36
403 36
404 36
405 37
406 37
407 37
408 36
409 37
410 36
411 38
412 31
413 37
414 38
415 38
416 37
417 33
418 38
419 40
420 41
421 41
422 40
423 39
424 41
425 41
426 41
427 42
428 42
429 40
430 40
431 40
432 40
433 43
434 44
435 44
436 43
437 43
438 42
439 44
440 44
441 42
442 45
443 45
444 43
445 45
446 45
447 46
448 45
449 41
450 46
451 46
452 43
453 43
454 45
455 46
456 47
457 46
458 47
459 48
460 48
461 48
462 47
463 48
464 47
465 47
466 47
467 46
468 49
469 48
470 50
471 50
472 49
473 49
474 49
475 50
476 50
477 50
478 50
479 51
480 52
481 52
482 50
483 51
484 50
485 51
486 49
487 52
488 52
489 51
490 51
491 53
492 54
493 50
494 53
495 53
496 53
497 53
498 52
499 53
500 53
501 54
502 54
503 55
504 54
505 55
506 52
507 51
508 55
509 57
510 54
511 55
512 55
513 56
514 57
515 58
516 56
517 57
518 56
519 57
520 58
521 57
522 57
523 58
524 59
525 59
526 58
527 59
528 59
529 58
530 58
531 60
532 58
533 58
534 60
535 58
536 61
537 59
538 62
539 60
540 60
541 61
542 62
543 58
544 61
545 62
546 62
547 59
548 62
549 63
550 63
551 63
552 61
553 61
554 64
555 64
556 62
557 62
558 61
559 64
560 63
561 61
562 60
563 64
564 64
565 65
566 63
567 63
568 62
569 64
570 64
571 63
572 63
573 64
574 65
575 65
576 62
577 60
578 64
579 64
580 66
581 66
582 64
583 64
584 65
585 66
586 65
587 65
588 62
589 63
590 61
591 65
592 61
593 64
594 62
595 64
596 66
597 65
598 66
599 66
600 65
601 65
602 67
603 67
604 67
605 65
606 66
607 65
608 65
609 63
610 67
611 67
612 66
613 66
614 66
615 67
616 66
617 67
618 68
619 66
620 69
621 69
622 68
623 66
624 66
625 68
626 67
627 63
628 67
629 65
630 66
631 68
632 67
633 68
634 69
635 69
636 68
637 68
638 67
639 69
640 69
641 69
642 67
643 69
644 69
645 68
646 67
647 69
648 68
649 67
650 67
651 68
652 67
653 69
654 67
655 69
656 66
657 68
658 68
659 65
660 67
661 67
662 65
663 67
664 67
665 64
666 66
667 67
668 64
669 66
670 66
671 64
672 66
673 63
674 64
675 64
676 64
677 62
678 64
679 64
680 63
681 62
682 3
683 62
684 61
685 5
686 5
687 4
688 6
689 4
690 6
691 8
692 8
693 6
694 60
695 7
696 8
697 7
698 5
699 5
700 4
701 2
702 3
703 4
704 5
705 7
706 4
707 6
708 2
709 2
710 3
711 2
712 5
713 2
716 0
717 2
718 0
719 0
720 1
721 1
722 2
723 2
724 3
725 4
726 4
727 4
728 3
729 4
730 4
731 1
741 0
742 0
743 0
764 1
793 0
802 0
807 45
808 47
809 47
810 47
811 47
812 46
813 48
814 49
815 51
816 54
817 58
818 65
819 64
820 72
821 78
822 84
823 87
824 90
825 97
826 98
827 109
828 104
829 110
830 118
831 120
832 128
833 128
834 138
835 138
836 145
837 151
838 153
839 162
840 164
841 166
842 170
843 175
844 182
845 188
846 190
847 190
848 201
849 203
850 207
851 211
852 216
853 218
854 225
855 229
856 236
857 239
858 241
859 238
860 245
861 244
862 248
863 246
864 251
865 249
866 247
867 248
868 244
869 246
870 242
871 245
872 245
873 244
874 245
875 245
876 244
877 246
878 247
879 249
880 250
881 252
882 252
883 255
884 254
885 253
886 253
887 250
888 249
889 247
890 247
891 244
892 246
893 241
894 245
895 836
896 834
897 243
898 836
899 244
900 840
901 840
902 841
903 839
904 842
905 841
906 841
907 840
908 839
909 839
910 838
911 842
912 833
913 831
914 2
915 3
916 1
918 0
920 0
921 1
922 0
923 2
940 2
941 5
942 6
943 8
944 9
945 9
946 10
947 11
948 11
949 8
950 28
951 26
952 10
953 10
954 28
955 26
956 28
957 27
958 29
959 27
960 23
961 25
962 23
963 26
964 27
965 28
966 27
967 55
968 53
969 50
970 46
971 45
972 41
973 41
974 9
975 6
976 15
977 619
978 645
979 645
980 645
981 643
982 629
983 631
984 633
985 34
986 31
987 36
988 35
989 38
990 37
991 41
992 43
993 44
994 43
995 46
996 48
997 49
998 51
999 54
1000 56
1001 57
1002 57
1003 56
1004 59
1005 27
1006 27
1007 62
1008 63
1009 66
1010 69
1011 70
1012 71
1013 74
1014 74
1015 78
1016 80
1017 78
1018 81
1019 83
1020 85
1021 87
1022 84
1023 87
1024 92
1025 92
1026 94
1027 95
1028 96
1029 99
1030 99
1031 103
1032 104
1033 104
1034 107
1035 108
1036 109
1037 108
1038 111
1039 112
1040 116
1041 117
1042 120
1043 120
1044 122
1045 122
1046 124
1047 124
1048 125
1049 133
1050 134
1051 135
1052 135
1053 136
1054 135
1055 136
1056 138
1057 141
1058 142
1059 144
1060 147
1061 145
1062 147
1063 150
1064 152
1065 155
1066 154
1067 155
1068 154
1069 155
1070 161
1071 161
1072 166
1073 165
1074 166
1075 168
1076 167
1077 165
1078 170
1079 171
