0 249
1 248
2 249
3 251
4 252
5 246
6 249
7 249
8 247
9 247
10 248
11 247
12 249
13 246
14 247
15 249
16 248
17 247
18 248
19 248
20 246
21 247
22 247
23 248
24 247
25 246
26 242
27 248
28 246
29 250
30 249
31 248
32 248
33 250
34 249
35 250
36 250
37 246
38 248
39 251
40 251
41 250
42 249
43 250
44 248
45 250
46 250
47 250
48 249
49 248
50 250
51 248
52 250
53 248
54 250
55 250
56 250
57 251
58 252
59 252
60 251
61 249
62 250
63 250
64 251
65 250
66 251
67 250
68 248
69 250
70 247
71 250
72 250
73 250
74 250
75 250
76 250
77 250
78 250
79 250
80 248
81 250
82 246
83 250
84 248
85 247
86 249
87 248
88 248
89 249
90 247
91 249
92 250
93 249
94 250
95 248
96 251
97 249
98 250
99 251
100 251
101 251
102 249
103 247
104 249
105 247
106 251
107 251
108 250
109 249
110 248
111 248
112 247
113 250
114 248
115 244
116 247
117 250
118 248
119 247
120 247
121 248
122 248
123 250
124 244
125 247
126 246
127 248
128 246
129 11
130 10
131 9
132 9
133 10
134 9
135 11
136 11
137 9
138 11
139 10
140 10
141 9
142 10
143 10
144 10
145 9
146 11
147 11
148 11
149 9
150 10
151 11
152 11
153 11
154 10
155 11
156 11
157 11
158 9
159 7
160 4
161 0
175 1
176 3
177 0
178 3
179 0
180 3
181 3
182 1
183 0
184 0
185 0
186 0
193 0
194 1
195 1
196 0
197 0
200 1
202 2
203 3
204 2
205 1
206 2
207 2
208 0
209 2
211 0
212 0
213 2
214 2
215 2
216 0
217 1
218 1
219 2
220 0
221 0
222 2
223 2
224 1
225 0
226 0
227 2
228 2
229 0
230 2
231 3
232 3
233 4
234 1
235 4
236 4
237 2
238 2
239 2
240 2
241 2
242 3
243 3
244 0
245 1
246 1
249 0
250 0
251 4
252 0
253 2
254 4
255 3
256 5
257 3
258 0
259 3
260 3
261 2
262 4
263 5
264 5
265 4
266 1
267 4
268 4
269 5
270 3
271 5
272 5
273 4
274 4
275 4
276 4
277 4
278 4
279 3
280 3
281 2
282 4
283 2
284 4
285 4
286 5
287 3
288 4
289 4
290 4
291 3
292 3
293 4
294 5
295 5
296 5
297 4
298 5
299 5
300 5
301 3
302 2
303 4
304 4
305 3
306 4
307 4
308 4
309 4
310 3
311 4
312 4
313 4
314 4
315 4
316 4
317 4
318 4
319 4
320 4
321 3
322 4
323 4
324 5
325 5
326 4
327 5
328 4
329 4
330 6
331 7
332 9
333 7
334 4
335 2
336 3
337 0
338 1
339 4
340 11
341 13
342 12
343 13
344 13
345 12
346 13
347 11
348 12
349 13
350 15
351 13
352 14
353 14
354 16
355 16
356 15
357 17
358 2
359 5
360 18
361 4
362 20
363 5
364 18
365 16
366 16
367 16
368 20
369 22
370 23
371 22
372 3
373 3
374 2
375 0
376 1
377 4
378 3
379 2
380 1
381 4
382 3
383 28
384 29
385 27
386 27
387 26
388 2
389 27
390 2
391 3
392 32
393 31
394 32
395 32
396 32
397 34
398 34
399 36
400 38
401 37
402 38
403 38
404 38
405 36
406 38
407 39
408 40
409 40
410 42
411 42
412 40
413 42
414 41
415 43
416 44
417 45
418 42
419 45
420 41
421 47
422 47
423 48
424 49
425 47
426 46
427 48
428 48
429 49
430 52
431 7
432 52
433 48
434 52
435 52
436 54
437 52
438 56
439 53
440 55
441 57
442 59
443 59
444 60
445 59
446 59
447 59
448 60
449 60
450 62
451 63
452 60
453 63
454 63
455 64
456 65
457 65
458 63
459 67
460 67
461 67
462 67
463 69
464 70
465 68
466 71
467 70
468 72
469 73
470 70
471 73
472 75
473 72
474 78
475 80
476 79
477 81
478 81
479 83
480 84
481 86
482 87
483 83
484 86
485 88
486 88
487 89
488 90
489 91
490 92
491 91
492 92
493 93
494 94
495 126
496 129
497 129
498 132
499 131
500 195
501 194
502 196
503 202
504 203
505 204
506 206
507 204
508 207
509 210
510 210
511 211
512 212
513 214
514 211
515 216
516 214
517 217
518 217
519 217
520 220
521 219
522 221
523 222
524 222
525 224
526 221
527 223
528 225
529 224
530 225
531 226
532 225
533 227
534 228
535 227
536 229
537 230
538 229
539 230
540 230
541 230
542 232
543 233
544 233
545 232
546 229
547 230
548 233
549 234
550 234
551 235
552 235
553 235
554 235
555 234
556 235
557 235
558 237
559 236
560 236
561 237
562 235
563 237
564 238
565 239
566 239
567 240
568 240
569 240
570 240
571 240
572 240
573 240
574 240
575 240
576 242
577 242
578 242
579 242
580 242
581 242
582 242
583 242
584 242
585 241
586 242
587 241
588 243
589 242
590 243
591 242
592 242
593 242
594 242
595 240
596 244
597 245
598 244
599 242
600 245
601 245
602 243
603 244
604 241
605 243
606 241
607 244
608 245
609 245
610 246
611 247
612 247
613 246
614 248
615 248
616 248
617 248
618 248
619 250
620 249
621 249
622 250
623 249
624 250
625 251
626 251
627 251
628 250
629 252
630 250
631 251
632 251
633 251
634 252
635 252
636 251
637 252
638 251
639 252
640 252
641 250
642 251
643 253
644 253
645 253
646 252
647 253
648 253
649 252
650 253
651 252
652 253
653 253
654 252
655 252
656 252
657 253
658 253
659 251
660 253
661 252
662 252
663 251
664 251
665 253
666 251
667 249
668 250
669 251
670 250
671 250
672 247
673 248
674 247
675 249
676 246
677 248
678 249
679 248
680 247
681 246
682 248
683 246
684 249
685 249
686 250
687 250
688 247
689 249
690 250
691 249
692 250
693 250
694 251
695 250
696 250
697 250
698 250
699 250
700 250
701 250
702 250
703 250
704 250
705 250
706 251
707 251
708 250
709 252
710 250
711 252
712 252
713 251
714 253
715 253
716 253
717 252
718 253
719 253
720 251
721 251
722 249
723 250
724 250
725 249
726 248
727 248
728 247
729 246
730 244
731 245
732 246
733 247
734 248
735 248
736 11
737 9
738 244
739 13
740 14
741 244
742 242
743 242
744 241
745 239
746 240
747 238
748 235
749 230
750 228
751 229
752 228
753 229
754 228
755 229
756 228
757 227
758 225
759 225
760 222
761 222
762 222
763 217
764 214
765 214
766 216
767 215
768 211
769 210
770 208
771 205
772 198
773 198
774 198
775 197
776 195
777 5
778 4
779 5
780 2
781 3
782 171
783 170
784 171
785 174
786 176
787 176
788 174
789 172
790 4
791 3
792 164
793 163
794 162
795 149
796 150
797 153
798 151
799 148
800 2
801 2
802 3
803 1
814 1
815 2
816 98
817 110
818 112
819 121
820 118
821 126
822 133
823 143
824 149
825 170
826 178
827 181
828 195
829 203
830 218
831 220
832 232
833 235
834 236
835 238
836 240
837 240
838 240
839 241
840 242
841 244
842 243
843 239
844 241
845 239
846 235
847 237
848 237
849 240
850 238
851 239
852 242
853 241
854 245
855 244
856 245
857 245
858 249
859 248
860 244
861 246
862 242
863 243
864 242
865 242
866 243
867 242
868 241
869 240
870 239
871 240
872 241
873 239
874 240
875 240
876 242
877 240
878 241
879 241
880 242
881 242
882 244
883 238
884 240
885 238
886 236
887 10
888 2
896 2
897 0
901 0
902 2
904 0
905 5
906 6
907 9
908 3
909 5
910 2
911 1
912 6
913 5
914 627
915 632
916 629
917 630
918 5
919 4
920 630
921 8
922 9
923 8
924 9
925 9
926 11
927 12
928 13
929 12
930 11
931 13
932 13
933 10
934 11
935 12
936 10
937 12
938 37
939 37
940 37
941 38
942 38
943 41
944 39
945 40
946 40
947 37
948 40
949 39
950 39
951 40
952 38
953 53
954 49
955 52
956 46
957 46
958 46
959 51
960 53
961 50
962 50
963 47
964 38
965 49
966 38
967 39
968 36
969 33
970 33
971 5
973 13
974 15
975 15
976 18
977 19
978 624
979 21
980 619
981 623
982 627
983 629
984 630
985 31
986 33
987 34
988 34
989 37
990 40
991 41
992 43
993 41
994 44
995 47
996 50
997 48
998 51
999 54
1000 53
1001 55
1002 56
1003 58
1004 59
1005 57
1006 10
1007 10
1008 63
1009 66
1010 68
1011 71
1012 70
1013 72
1014 74
1015 78
1016 79
1017 77
1018 78
1019 81
1020 8
1021 85
1022 87
1023 87
1024 89
1025 92
1026 92
1027 96
1028 97
1029 97
1030 99
1031 102
1032 102
1033 101
1034 107
1035 108
1036 109
1037 109
1038 110
1039 111
1040 115
1041 117
1042 118
1043 119
1044 120
1045 122
1046 124
1047 125
1048 125
1049 133
1050 132
1051 133
1052 136
1053 134
1054 136
1055 137
1056 137
1057 141
1058 140
1059 140
1060 144
1061 148
1062 149
1063 146
1064 151
1065 150
1066 153
1067 155
1068 155
1069 153
1070 158
1071 162
1072 164
1073 163
1074 166
1075 165
1076 166
1077 165
1078 171
1079 171
