810 17
811 19
812 23
813 25
814 30
815 31
816 48
817 50
818 49
819 51
820 51
821 52
822 52
823 53
824 51
825 51
826 51
827 52
828 53
829 51
830 51
831 52
832 48
833 31
834 5
835 6
836 5
837 4
838 5
839 5
840 7
841 5
842 4
843 4
844 5
845 5
846 3
847 4
848 5
849 7
850 7
851 6
852 5
853 5
854 3
855 6
856 3
857 4
858 6
859 5
860 5
861 5
862 5
863 5
864 4
865 1
866 4
867 5
868 4
869 6
870 6
871 4
872 6
873 3
874 0
875 6
876 5
877 5
878 5
879 4
880 4
881 5
882 5
883 7
884 6
885 5
886 4
887 5
888 5
889 5
890 4
891 5
892 4
893 4
894 5
895 5
896 4
897 3
898 5
899 4
900 4
901 4
902 257
903 257
904 259
905 261
906 260
907 259
908 259
909 259
910 260
911 260
912 259
913 259
914 257
915 258
916 252
917 256
918 254
919 256
920 253
921 254
922 252
923 253
924 251
925 250
926 251
927 251
928 248
929 247
930 246
931 246
932 246
933 247
934 246
935 245
936 247
937 245
938 246
939 247
940 247
941 246
942 244
943 238
944 241
945 239
946 239
947 238
948 235
949 237
950 235
951 234
952 235
953 233
954 233
955 232
956 233
957 230
958 231
959 230
960 228
961 229
962 228
963 229
964 226
965 229
966 226
967 227
968 225
969 225
970 1032
971 1034
972 1035
973 1034
974 1032
975 1028
976 1029
977 1027
978 1027
979 1027
980 1027
981 999
982 986
983 971
984 966
985 957
986 939
987 929
988 921
989 911
990 889
991 872
992 798
993 790
994 790
995 788
996 788
997 823
998 850
999 850
1000 850
1001 850
1002 756
1003 739
1004 700
1005 647
1006 626
1007 623
1008 613
1009 610
1010 586
1011 575
1012 562
1013 554
1014 546
1015 535
1016 526
1017 510
1018 495
1019 487
1020 475
1021 458
1022 448
1023 444
1024 428
1025 414
1026 403
1027 387
1028 375
1029 372
1030 359
1031 343
1032 332
1033 324
1034 311
1035 293
1036 264
1037 7
1038 8
1039 192
1040 200
1041 198
1042 193
1043 190
1044 184
1045 176
1046 172
1047 168
1048 163
1049 155
1050 61
1051 55
1052 52
1053 116
1054 122
1055 138
1056 142
1057 134
1058 121
1059 60
1060 62
1061 67
1062 55
1063 66
1064 61
1065 67
1066 64
1067 57
1068 49
1069 39
1070 28
1071 16
1072 14
0 0
0 0
0 0
0 0
0 0
0 0
0 0
0 0
0 0
0 0
0 0
0 0
0 0
0 0
0 0
0 0
0 0
0 0
0 0
0 0
0 0
0 0
0 0
0 0
0 0
0 0
0 0
0 0
0 0
0 0
