1031 726
1033 724
1109 1079
1110 1079
1112 1079
1115 1079
1032 724
1111 1078
1113 1078
1114 1077
1116 1073
1030 726
1034 489
1035 485
1036 279
1108 1074
1037 93
1029 697
1107 1042
1028 688
1106 1025
1105 1002
1027 629
1104 970
1026 604
1103 939
1102 918
1025 542
1101 880
1024 522
1100 844
1099 827
1023 469
1098 805
1022 429
1097 770
1096 750
1021 403
1020 400
1095 733
1094 693
1019 344
1093 672
1092 654
1018 302
1091 639
1090 529
1017 265
1089 413
1010 203
1011 203
1003 207
1005 205
1012 201
1015 199
1016 199
995 210
996 208
1000 209
1002 206
1006 201
1007 204
1009 202
1014 199
994 210
997 208
1001 206
1004 204
1008 201
1013 198
987 213
992 212
959 232
981 215
988 211
990 210
958 229
962 230
965 227
966 225
967 226
968 226
955 231
956 230
961 227
963 226
913 252
914 254
919 251
915 253
871 281
870 281
872 280
874 278
877 276
868 281
869 280
873 279
875 278
876 276
878 275
879 273
867 278
866 264
880 246
865 255
1065 27
1066 26
1064 27
1067 23
1068 11
1069 19
1063 25
1070 20
1088 21
1075 8
1077 7
1076 7
1078 6
1079 4
1074 2
1073 2
1071 0
1062 0
1061 3
1060 0
1055 3
1058 0
1059 0
1053 1
1056 2
1054 0
1057 1
1051 1
1052 2
1049 2
1048 0
1050 0
999 5
998 5
993 7
991 5
989 4
985 4
984 5
986 3
982 5
983 2
979 5
980 4
976 5
978 5
974 5
975 3
977 4
971 6
972 6
973 5
970 7
969 7
964 6
960 7
954 6
957 5
952 5
953 2
950 6
948 7
949 7
951 3
945 7
946 6
947 3
944 7
943 7
941 7
942 7
937 7
938 8
939 8
940 4
935 6
936 6
931 9
933 5
929 8
932 6
930 7
934 4
926 6
927 5
928 7
924 7
923 8
925 4
922 7
921 7
918 8
917 6
920 4
916 6
911 8
912 6
910 8
909 8
908 8
907 8
905 8
903 7
906 7
902 6
904 5
900 7
899 8
897 8
898 5
901 4
895 9
896 7
894 8
890 10
891 9
893 7
888 9
889 8
892 7
887 9
885 9
884 9
886 8
882 7
883 8
881 8
863 10
864 10
862 8
861 9
858 10
857 7
854 8
856 8
859 8
855 5
851 10
852 9
850 9
853 8
860 3
847 12
848 11
849 10
846 11
845 10
843 10
842 10
844 8
840 11
841 10
838 11
839 11
836 9
837 10
833 11
834 10
831 12
832 11
835 10
830 10
828 10
829 9
825 12
826 11
824 11
827 9
823 11
822 11
821 9
818 10
820 9
817 11
819 9
816 10
814 12
815 11
813 11
812 11
811 10
808 10
809 11
810 9
805 11
807 10
806 8
802 10
804 8
799 12
800 11
801 9
797 11
803 7
798 11
795 11
796 10
793 11
794 9
792 12
790 10
791 10
788 12
789 10
787 11
784 12
786 8
783 8
785 10
782 10
780 11
779 8
781 9
778 10
777 10
774 11
775 11
776 10
773 11
772 10
771 9
767 12
770 10
766 11
769 10
765 11
768 9
761 11
763 9
764 8
760 10
762 7
757 10
759 10
755 12
758 9
752 12
756 10
753 9
754 11
751 11
747 12
749 11
748 10
750 8
745 12
746 9
741 13
742 12
744 12
743 11
739 13
740 11
738 11
736 12
737 11
735 12
732 10
733 10
734 11
731 10
730 10
727 9
726 9
728 8
729 7
723 11
724 11
725 10
722 10
721 11
719 10
720 10
718 9
717 10
714 12
715 12
716 10
713 11
711 11
712 10
707 14
709 11
710 9
708 9
704 12
705 12
706 12
703 12
699 11
701 12
698 13
702 11
700 8
696 12
697 11
694 10
695 10
692 12
693 11
689 11
691 9
687 12
686 12
688 10
690 7
682 11
683 12
684 10
685 8
679 12
680 12
677 12
678 11
681 9
674 10
675 10
676 9
668 12
669 12
673 10
671 9
672 7
670 8
666 12
667 8
664 11
665 8
661 11
663 9
658 11
659 11
660 10
662 9
657 11
655 13
656 11
652 11
653 10
651 10
654 8
647 15
650 7
649 11
646 14
648 11
644 13
645 13
642 12
643 12
635 12
641 8
636 10
638 11
639 9
640 10
633 11
634 10
632 10
637 9
631 11
629 11
626 12
627 9
628 8
630 10
625 11
623 12
624 11
622 11
621 10
617 13
619 12
616 12
618 10
620 8
614 11
615 10
613 11
612 10
608 10
609 11
611 9
606 10
607 11
610 10
605 10
604 11
603 9
601 11
602 8
600 9
598 8
599 8
595 8
596 11
590 11
591 11
592 12
594 9
597 9
589 12
593 11
587 11
585 12
586 9
588 8
584 12
583 11
582 10
581 9
578 11
579 11
580 10
575 12
577 10
574 9
576 11
570 11
571 11
572 10
569 11
573 7
567 14
568 11
566 12
561 11
565 9
560 11
563 10
564 8
562 10
555 11
556 9
557 11
559 8
551 12
554 11
558 9
553 10
552 11
550 9
548 13
546 8
547 9
549 8
542 13
545 10
541 13
543 12
544 11
540 13
536 8
538 12
539 12
533 13
534 9
537 6
535 6
528 12
529 11
530 11
532 11
527 13
531 10
524 13
525 9
523 8
526 7
521 14
522 9
520 12
519 8
518 8
516 6
511 8
512 8
513 8
514 7
517 5
510 11
515 6
509 9
508 10
1117 0
502 10
503 10
506 10
505 10
504 10
500 6
501 7
507 5
493 8
495 8
497 7
498 8
494 6
499 7
496 6
492 4
490 2
491 3
486 0
487 1
489 1
485 0
488 0
