14.912174 153.494752
37.748581 140.512411
20.230241 142.232963
36.966512 158.343578
2.399074 121.429934
3.493970 121.273521
35.558788 139.886756
39.156304 153.963994
29.615066 137.384137
35.245961 158.187165
1.773419 131.753242
1.773419 118.927315
1.617005 159.907716
39.312718 138.791860
29.302238 141.920135
4.432453 142.858618
1.773419 130.971173
28.363756 153.651166
39.469132 157.405096
1.773419 127.373657
18.196862 158.969233
2.555488 122.368417
3.493970 120.647866
2.086247 122.055589
17.258380 142.389376
8.499210 142.702204
32.586927 141.763721
14.130105 136.445654
5.527349 143.484273
25.548308 137.227723
1.773419 123.776141
2.086247 128.155726
2.086247 125.809519
1.929833 159.594888
1.617005 122.994072
2.086247 128.937794
29.302238 142.545790
2.555488 128.468553
1.617005 143.015031
1.773419 128.312139
3.024729 126.435174
2.711902 123.306899
2.399074 119.396556
1.617005 131.909655
2.242660 120.804279
1.617005 119.083728
2.242660 130.345518
12.253140 153.338339
18.040449 159.438475
1.617005 130.658345
4.119625 120.335038
2.711902 121.586348
5.840176 153.181925
1.773419 135.194344
29.615066 158.656406
1.929833 129.563449
1.773419 127.217243
1.617005 125.027451
3.650384 122.212003
16.007070 159.125647
2.086247 127.842898
1.929833 133.473793
2.086247 123.463313
2.242660 129.250622
2.555488 126.904416
1.617005 124.401796
2.399074 134.725103
2.242660 129.094208
2.555488 121.899176
2.242660 127.999312
1.773419 119.552970
30.866376 158.499992
2.399074 119.865797
1.617005 122.837658
2.242660 119.709383
1.617005 120.178624
1.929833 135.037930
1.617005 135.819999
1.617005 126.591588
1.929833 130.501932
1.617005 132.222483
1.773419 125.965933
1.617005 125.496692
2.399074 132.848138
2.242660 131.440414
1.617005 125.183864
3.024729 122.524831
2.711902 129.407035
2.868315 120.960693
3.650384 121.117107
1.617005 134.568689
1.929833 159.751302
2.555488 128.624967
1.617005 130.032690
1.773419 134.099448
3.024729 118.614487
1.617005 126.122347
2.711902 126.278761
2.086247 118.770901
2.711902 123.150486
2.242660 133.630207
1.617005 123.932554
2.242660 131.284000
3.493970 120.491452
1.617005 132.691724
1.617005 124.245382
1.773419 124.558209
1.617005 131.596828
1.617005 133.943034
18.978931 159.282061
1.929833 134.255862
1.773419 135.507172
1.617005 127.060829
2.242660 128.781381
1.617005 123.619727
1.773419 127.686484
1.617005 125.653106
1.617005 124.714623
1.617005 134.881517
1.617005 131.127587
1.617005 119.240142
1.617005 124.088968
1.617005 129.876277
2.399074 132.066069
1.617005 133.160965
1.617005 133.004552
1.617005 130.189104
1.617005 133.317379
