1.617005 14.286519
2.711902 19.604586
1.617005 100.470493
2.242660 100.939734
1.617005 121.273521
5.214521 36.653684
1.617005 62.305539
1.617005 20.073827
1.929833 51.200163
1.617005 18.978931
1.617005 43.692303
1.617005 14.755760
1.929833 53.702783
1.929833 131.753242
2.399074 100.783320
2.242660 20.543069
1.617005 36.966512
2.711902 19.761000
1.773419 20.699482
6.465831 37.592167
5.683763 38.374236
1.929833 35.715202
2.086247 53.077128
1.617005 18.666104
9.124865 15.068587
1.773419 21.168724
12.878795 35.871616
2.086247 100.314079
5.683763 37.904994
1.617005 24.609826
1.617005 63.087607
1.617005 35.402374
1.617005 121.899176
1.617005 36.810098
8.812038 20.386655
1.617005 22.889275
1.929833 61.992711
1.773419 116.581108
9.124865 20.230241
1.617005 34.151064
1.617005 21.012310
2.242660 38.217822
1.617005 53.546369
1.773419 121.586348
1.617005 34.620306
1.617005 119.083728
2.399074 100.626906
2.399074 37.748581
1.617005 101.096148
1.773419 142.389376
1.617005 38.530649
2.086247 19.135345
1.773419 61.836297
1.617005 17.414794
1.773419 19.448172
1.617005 63.244021
5.527349 37.279339
1.617005 122.055589
1.617005 62.774780
2.242660 18.196862
1.773419 19.291759
1.617005 43.379475
1.773419 13.973691
2.242660 36.028029
1.617005 37.435753
1.617005 62.618366
2.242660 62.931194
1.617005 73.567328
1.617005 11.001830
1.617005 23.984171
1.617005 43.848717
1.617005 14.912174
1.617005 54.954093
1.617005 121.429934
1.617005 10.532589
1.773419 73.410915
1.617005 34.933133
1.617005 35.558788
1.617005 36.340857
1.617005 36.497271
1.617005 118.301660
1.617005 33.838237
1.617005 52.920714
1.617005 37.122926
1.617005 38.061408
1.617005 117.988832
1.617005 23.671343
1.617005 73.723742
1.617005 15.694242
1.617005 15.225001
1.617005 158.030751
