16.163484 153.494752
13.035209 136.445654
35.245961 135.507172
21.168724 136.132827
13.035209 159.282061
19.135345 136.289240
40.564028 135.037930
26.956032 135.663585
38.530649 134.255862
2.555488 159.907716
12.409554 153.338339
2.086247 127.060829
14.755760 136.602068
3.806798 127.217243
37.592167 135.350758
38.999891 159.125647
32.117686 135.819999
21.637965 153.651166
33.368996 158.812820
2.868315 119.396556
24.766240 128.781381
3.181143 124.088968
39.156304 134.725103
2.242660 160.220543
2.242660 123.776141
35.089547 135.194344
2.555488 125.965933
14.599346 159.594888
32.430513 134.568689
2.242660 124.245382
3.181143 160.376957
3.337557 127.373657
37.904994 153.807580
22.420033 135.976413
2.242660 125.027451
2.399074 125.496692
2.711902 126.591588
2.555488 125.340278
1.617005 126.904416
2.868315 126.435174
2.868315 126.122347
33.838237 160.064130
11.158244 158.969233
3.493970 136.758482
13.973691 159.751302
2.555488 126.748002
3.337557 137.071309
2.399074 123.932554
1.617005 124.401796
1.617005 124.558209
2.086247 125.653106
1.617005 153.025511
2.086247 124.714623
3.181143 160.689785
3.024729 137.227723
1.929833 159.438475
1.929833 125.809519
2.242660 136.914895
1.617005 120.178624
1.929833 124.871037
2.711902 126.278761
1.617005 120.022211
1.617005 118.614487
1.617005 118.927315
1.617005 153.181925
3.024729 160.533371
1.617005 125.183864
1.617005 119.240142
1.617005 119.083728
