24.140585 141.450894
13.973691 145.674065
39.469132 141.607308
36.497271 153.963994
32.274099 141.920135
38.687063 158.187165
35.558788 142.076549
1.617005 129.876277
2.711902 122.681244
39.781959 157.248682
19.448172 140.825239
34.933133 142.545790
40.564028 154.120407
2.711902 120.178624
2.868315 135.350758
16.007070 153.651166
29.927893 144.891996
8.968451 158.969233
2.868315 122.524831
3.024729 121.586348
1.617005 119.709383
13.973691 145.517651
28.832997 158.343578
3.181143 120.960693
39.156304 145.048410
8.029969 145.830479
14.286519 158.812820
3.650384 123.776141
1.617005 126.591588
2.399074 134.881517
1.617005 134.725103
3.024729 121.742762
1.773419 139.261101
24.766240 141.294480
2.555488 128.781381
1.929833 136.758482
3.806798 124.714623
2.711902 131.284000
1.929833 132.848138
1.773419 124.558209
22.576447 145.204824
1.617005 134.568689
1.773419 128.468553
18.978931 153.807580
14.912174 158.656406
3.963211 127.373657
1.929833 135.194344
14.286519 159.751302
10.219761 159.594888
1.929833 123.306899
2.086247 120.804279
1.773419 130.971173
2.242660 123.150486
1.773419 119.865797
3.337557 121.429934
12.722381 159.438475
2.086247 127.842898
1.773419 127.217243
19.448172 145.361238
4.119625 121.273521
1.773419 127.686484
4.588866 153.338339
2.868315 120.491452
12.253140 153.494752
13.035209 140.355998
2.711902 124.088968
3.493970 122.212003
2.399074 133.473793
2.086247 139.730343
1.773419 128.624967
2.555488 126.122347
3.337557 125.496692
1.617005 131.596828
3.650384 124.401796
2.711902 131.440414
2.868315 124.245382
2.555488 127.530071
2.555488 122.837658
2.086247 145.986893
3.024729 121.899176
1.617005 153.181925
1.773419 130.032690
1.617005 131.753242
2.555488 120.335038
2.086247 137.384137
1.773419 135.663585
2.242660 135.507172
2.711902 131.909655
2.399074 123.932554
1.617005 133.004552
1.617005 137.227723
1.929833 133.630207
2.242660 125.183864
2.399074 123.619727
2.711902 122.055589
1.617005 136.602068
1.617005 130.189104
1.773419 120.022211
3.493970 121.117107
2.399074 125.809519
2.555488 129.719863
1.929833 131.127587
2.242660 129.250622
2.086247 125.027451
1.773419 125.965933
1.617005 135.976413
1.617005 138.322619
10.063348 159.125647
1.773419 138.479033
1.617005 132.378897
2.868315 125.340278
2.086247 128.937794
2.086247 138.009792
1.617005 136.914895
1.773419 125.653106
2.711902 127.060829
3.650384 122.994072
1.617005 146.299720
1.617005 133.943034
2.242660 137.696964
2.086247 128.155726
1.617005 134.099448
1.617005 137.540550
1.617005 124.871037
1.617005 132.222483
1.617005 135.037930
2.399074 119.552970
1.773419 138.948274
1.617005 133.317379
1.617005 132.535310
1.929833 130.658345
1.617005 126.748002
1.617005 136.445654
1.929833 137.071309
2.399074 122.368417
1.617005 126.278761
1.617005 129.563449
1.617005 159.907716
1.617005 128.312139
1.773419 123.463313
1.617005 136.289240
1.617005 132.066069
1.617005 134.255862
