2.086247 44.005130
2.399074 2.711902
3.493970 2.868315
2.711902 2.242660
2.555488 47.289819
1.617005 52.920714
2.868315 44.161544
2.711902 22.420033
1.773419 62.149125
2.242660 43.535889
2.868315 2.555488
3.650384 42.753820
3.181143 37.279339
2.086247 42.597407
1.617005 51.825818
1.773419 74.505811
2.399074 74.192983
2.242660 43.692303
2.086247 37.435753
3.963211 48.228302
11.471071 61.836297
2.868315 43.223062
1.617005 38.061408
2.711902 37.122926
5.370935 44.787199
1.617005 21.168724
1.929833 102.816699
3.024729 48.071888
1.617005 53.077128
2.242660 62.931194
2.399074 62.305539
4.119625 40.876855
3.963211 42.910234
1.773419 121.429934
1.617005 78.416154
2.711902 46.038509
3.493970 42.284579
1.929833 62.461952
2.711902 44.474372
1.617005 69.969812
2.555488 61.992711
2.711902 42.440993
10.845416 61.679884
1.929833 18.196862
2.399074 16.319897
1.617005 63.713262
5.527349 45.100027
4.432453 41.971752
5.214521 44.630785
1.773419 114.547730
2.242660 74.818638
1.617005 20.855896
1.617005 42.128165
2.868315 45.725682
1.617005 22.107206
2.086247 50.418094
5.370935 45.412854
1.617005 56.361816
1.773419 84.985532
1.773419 56.048989
11.001830 61.523470
1.617005 38.530649
2.868315 48.384715
2.242660 48.541129
1.617005 37.592167
1.773419 114.078488
3.181143 46.976992
1.773419 110.168145
2.868315 44.943613
2.242660 61.367056
2.711902 43.848717
1.773419 66.059469
1.617005 66.685123
1.617005 65.120986
1.773419 54.954093
1.617005 121.899176
2.399074 50.574508
2.399074 63.087607
2.086247 74.036570
1.617005 52.138645
2.242660 43.066648
3.024729 47.446233
1.773419 50.261680
2.242660 49.010370
1.617005 90.772840
1.617005 131.127587
3.806798 41.658924
1.617005 52.607886
1.617005 66.528710
1.617005 18.353276
1.617005 51.982231
2.242660 46.194923
1.773419 90.616427
1.617005 41.815338
1.617005 130.971173
2.868315 45.882095
2.242660 44.317958
1.929833 37.748581
2.086247 62.618366
1.773419 74.662225
3.337557 2.399074
1.773419 21.481551
2.555488 45.569268
1.773419 66.841537
3.806798 41.346097
1.617005 37.904994
1.773419 50.730921
5.214521 45.256440
1.773419 40.094787
1.617005 85.767600
1.617005 56.205403
5.214521 41.502510
1.617005 121.273521
2.086247 80.293119
2.086247 2.086247
1.617005 69.813398
2.086247 19.917414
2.555488 41.189683
1.773419 46.820578
1.617005 63.869676
1.617005 91.085668
1.617005 75.913534
1.617005 3.024729
1.617005 20.699482
1.617005 40.251200
1.617005 84.829118
1.617005 38.374236
1.773419 41.033269
1.617005 75.131466
1.617005 75.444293
2.242660 43.379475
1.773419 46.351337
1.617005 20.543069
1.617005 131.440414
1.773419 75.287879
1.617005 85.611187
1.617005 78.572568
2.086247 62.774780
1.617005 65.903055
1.617005 36.966512
1.617005 67.936433
1.617005 36.810098
1.617005 40.407614
1.617005 21.637965
1.617005 110.324559
1.617005 16.163484
1.617005 73.410915
1.617005 53.233541
1.617005 47.133405
1.617005 102.973112
1.617005 48.853956
1.617005 61.210642
1.617005 142.858618
1.617005 48.697543
1.617005 18.040449
