2.399074 73.567328
6.622245 38.843477
3.024729 74.505811
2.086247 86.706083
2.555488 45.100027
1.617005 68.405675
1.617005 41.971752
2.242660 80.449533
2.555488 82.639326
1.617005 40.094787
3.024729 74.818638
9.750520 60.584987
2.086247 66.841537
3.181143 39.625545
2.555488 37.279339
1.773419 36.497271
2.555488 45.256440
2.555488 60.272160
1.617005 117.676005
2.086247 78.259741
1.773419 91.398495
2.711902 74.349397
1.773419 45.725682
21.012310 98.437114
2.555488 69.500571
1.773419 85.141945
6.153004 41.658924
2.242660 66.997951
2.399074 73.880156
2.711902 60.741401
5.370935 54.172024
1.617005 142.858618
2.555488 78.728982
2.711902 96.716563
3.650384 41.815338
1.617005 96.090908
7.717141 36.966512
2.555488 90.616427
5.683763 39.469132
2.868315 68.718502
1.773419 94.683184
2.555488 36.653684
2.242660 80.293119
2.086247 86.236842
2.399074 86.549669
2.399074 44.787199
2.555488 82.952153
2.399074 60.428574
8.812038 60.897815
2.242660 70.439053
2.086247 60.115746
2.711902 96.872976
1.929833 36.184443
2.555488 44.943613
7.404314 69.344157
1.929833 82.482912
1.929833 85.767600
5.527349 41.346097
1.617005 43.848717
1.617005 67.467192
1.617005 30.084307
2.555488 61.054229
1.773419 44.161544
5.370935 41.189683
1.617005 52.295059
2.555488 69.656985
1.617005 89.365117
1.773419 51.825818
2.399074 61.679884
2.399074 36.340857
2.399074 86.393255
1.929833 67.780020
1.773419 39.938373
1.773419 112.670765
4.901694 41.502510
7.560728 36.810098
2.242660 96.560149
2.555488 37.122926
5.214521 42.597407
1.617005 76.226362
1.617005 90.460013
1.617005 84.985532
2.711902 76.382776
2.086247 67.310778
2.086247 79.980292
1.617005 66.685123
1.617005 38.530649
1.617005 66.372296
1.617005 44.317958
2.242660 61.836297
2.399074 80.918774
2.555488 80.762361
1.617005 36.028029
1.773419 68.562088
1.617005 82.326498
2.399074 70.282640
1.929833 53.077128
1.617005 63.244021
1.617005 40.407614
2.086247 81.075188
1.773419 76.539189
1.617005 73.254501
1.617005 130.658345
1.773419 45.569268
1.773419 84.047049
2.555488 74.975052
2.242660 66.528710
1.773419 43.066648
2.555488 80.136706
2.399074 86.080428
6.778659 39.312718
1.617005 82.013671
1.617005 89.834358
6.935073 39.156304
1.617005 30.397135
1.617005 43.692303
2.555488 70.126226
6.778659 69.031330
1.617005 31.804858
2.711902 89.521530
7.717141 31.648444
1.617005 81.231602
1.773419 72.628846
2.086247 76.852017
1.617005 77.164844
6.778659 37.435753
2.868315 61.210642
2.555488 61.523470
1.773419 68.249261
2.086247 68.874916
1.773419 112.514351
1.617005 42.910234
1.773419 43.223062
1.617005 106.101387
1.617005 52.138645
1.617005 83.108567
1.773419 75.287879
1.773419 84.672704
1.773419 70.595467
2.399074 69.969812
1.617005 74.036570
2.399074 96.247321
1.617005 38.687063
1.773419 84.516290
2.086247 90.303599
1.773419 72.785260
1.617005 77.008431
2.086247 44.630785
7.091486 79.198223
1.617005 84.829118
1.617005 77.477672
2.399074 82.795739
1.929833 91.867737
1.617005 51.669404
7.247900 38.999891
2.086247 67.623606
7.404314 69.187743
2.242660 37.592167
1.773419 67.936433
1.617005 96.403735
2.399074 73.723742
3.024729 61.367056
1.773419 89.677944
2.242660 85.924014
1.773419 44.474372
2.242660 97.498631
1.617005 69.813398
1.617005 105.632146
1.929833 90.772840
1.617005 97.655045
1.617005 78.416154
1.617005 75.913534
1.617005 54.484851
1.617005 107.039870
1.617005 107.509111
1.617005 42.440993
1.617005 91.711323
2.399074 45.412854
1.617005 78.103327
1.617005 130.814759
2.242660 82.170084
7.560728 87.488152
1.617005 51.512990
1.617005 91.242082
1.617005 95.308839
1.617005 75.131466
1.617005 74.662225
2.242660 41.033269
2.086247 90.929254
1.617005 72.941673
1.617005 106.883456
1.617005 94.996011
2.399074 76.695603
1.773419 51.356576
1.617005 117.832418
1.617005 89.052289
1.617005 68.092847
1.617005 70.751881
1.617005 85.611187
1.617005 97.029390
1.617005 95.465253
1.617005 76.069948
1.617005 87.957393
1.617005 142.545790
1.617005 105.944974
1.617005 80.605947
1.617005 38.061408
1.617005 142.702204
1.617005 89.208703
1.773419 94.839598
1.617005 91.085668
1.617005 86.862497
1.617005 59.959332
1.617005 106.570629
1.617005 61.992711
