18.040449 153.651166
2.242660 135.976413
19.448172 143.484273
35.871616 153.963994
12.878795 143.327859
28.832997 142.702204
14.130105 158.656406
1.617005 131.596828
33.212582 142.389376
34.776719 138.948274
30.397135 140.668825
15.225001 159.594888
33.368996 158.499992
1.773419 132.848138
13.348036 159.751302
1.617005 129.876277
2.399074 136.602068
16.163484 158.812820
34.933133 158.343578
25.704722 142.858618
15.381415 159.282061
2.711902 126.278761
3.024729 136.914895
1.617005 123.776141
1.929833 125.809519
1.617005 134.725103
19.448172 143.171445
1.617005 123.619727
13.973691 159.438475
27.894515 153.807580
1.617005 134.568689
17.571207 153.494752
16.789139 143.015031
2.711902 122.681244
2.711902 135.194344
3.963211 129.407035
1.617005 128.468553
2.555488 123.306899
1.617005 133.630207
1.617005 133.473793
2.555488 126.435174
3.650384 125.027451
3.181143 130.971173
1.617005 136.758482
3.493970 127.842898
2.242660 128.937794
1.773419 122.837658
9.594106 159.125647
2.711902 125.653106
1.929833 128.624967
1.773419 135.037930
2.868315 122.994072
3.181143 129.250622
2.711902 121.899176
1.617005 133.160965
2.868315 125.183864
3.024729 124.871037
2.555488 143.640686
1.617005 130.189104
2.399074 125.496692
1.617005 133.004552
2.711902 125.340278
3.181143 124.088968
2.086247 133.317379
2.555488 123.150486
2.711902 128.781381
10.219761 153.338339
2.086247 122.055589
2.399074 127.060829
1.617005 130.345518
1.617005 134.099448
1.617005 135.819999
2.555488 153.181925
1.773419 143.797100
3.493970 131.284000
1.617005 136.132827
2.555488 122.212003
2.399074 122.368417
1.929833 132.378897
7.717141 158.969233
1.929833 124.245382
1.617005 127.217243
13.973691 159.907716
1.617005 134.255862
1.929833 121.273521
3.650384 125.965933
1.617005 124.401796
1.617005 123.932554
1.617005 133.943034
1.929833 129.563449
3.337557 129.094208
1.617005 127.999312
1.617005 131.753242
1.773419 130.658345
1.617005 126.122347
2.555488 133.786620
1.617005 126.904416
1.617005 134.412275
1.617005 132.535310
2.868315 131.127587
1.773419 130.814759
1.617005 128.312139
2.555488 124.714623
1.617005 130.501932
1.617005 127.373657
1.617005 135.663585
1.617005 136.289240
1.617005 122.524831
1.617005 124.558209
