7.404314 36.497271
2.086247 91.398495
1.929833 68.718502
2.868315 80.136706
2.868315 86.080428
3.806798 77.008431
1.617005 41.971752
3.181143 80.449533
1.929833 79.041809
3.181143 76.069948
2.242660 3.963211
1.617005 37.435753
3.337557 65.746641
1.617005 45.256440
3.963211 96.872976
2.399074 42.128165
2.868315 73.567328
6.622245 36.340857
1.617005 61.679884
3.024729 76.539189
2.711902 73.410915
2.086247 76.382776
3.337557 80.762361
1.929833 75.131466
1.617005 75.600707
2.242660 98.593528
1.929833 43.692303
2.555488 70.751881
2.086247 68.874916
6.465831 37.122926
2.711902 65.903055
3.650384 76.852017
1.617005 82.482912
2.399074 86.862497
6.935073 36.653684
2.555488 86.236842
2.242660 87.175324
1.773419 3.806798
2.555488 86.549669
1.773419 41.658924
2.711902 67.936433
3.181143 66.059469
1.773419 19.448172
1.773419 62.305539
1.617005 44.317958
1.617005 89.521530
2.868315 87.018910
1.929833 36.184443
3.181143 77.321258
2.399074 71.221122
2.242660 68.092847
1.617005 75.913534
2.555488 68.405675
2.399074 75.287879
3.181143 85.924014
3.337557 85.767600
1.617005 96.560149
1.617005 1.929833
1.773419 41.502510
3.493970 97.185804
1.773419 64.651745
2.086247 65.120986
1.617005 78.572568
2.242660 89.208703
3.337557 86.706083
2.242660 86.393255
1.617005 31.648444
1.617005 4.432453
1.773419 82.952153
6.153004 39.469132
2.399074 78.885396
2.242660 66.215882
2.242660 66.528710
3.806798 75.444293
1.617005 121.742762
1.617005 38.530649
1.617005 41.033269
1.617005 96.716563
1.617005 74.505811
2.086247 81.544429
1.929833 74.192983
1.617005 82.639326
3.337557 76.695603
1.773419 69.187743
1.773419 66.685123
1.773419 24.922653
1.773419 73.880156
2.399074 71.064708
1.617005 33.525409
3.493970 97.029390
1.617005 72.628846
1.617005 81.857257
1.617005 89.677944
2.242660 72.472432
6.153004 39.312718
1.929833 97.342218
31.648444 141.920135
2.242660 38.687063
2.399074 84.516290
6.935073 36.810098
2.242660 91.085668
1.773419 44.630785
2.399074 72.159605
1.773419 63.087607
1.773419 98.749941
1.773419 70.282640
2.868315 64.964572
1.929833 42.440993
1.773419 4.119625
1.617005 67.780020
1.617005 72.003191
1.773419 72.316018
1.617005 21.168724
1.773419 142.076549
1.617005 21.012310
2.242660 65.277400
1.773419 70.439053
1.617005 65.433814
1.617005 85.298359
2.399074 77.164844
3.337557 80.605947
1.773419 89.052289
2.555488 79.980292
2.868315 81.700843
2.399074 82.795739
1.617005 4.588866
1.773419 78.416154
1.773419 69.344157
2.086247 76.226362
1.617005 64.495331
1.617005 68.562088
2.242660 82.170084
1.617005 61.367056
1.773419 62.931194
1.617005 44.474372
2.086247 70.126226
1.617005 91.242082
1.773419 42.284579
3.024729 73.723742
1.617005 78.259741
1.617005 2.242660
1.617005 89.834358
2.242660 37.279339
1.617005 69.656985
1.617005 16.632725
1.617005 33.368996
1.617005 15.850656
1.929833 42.597407
1.617005 68.249261
1.929833 82.013671
6.778659 39.156304
2.242660 42.753820
2.711902 81.231602
1.617005 19.604586
1.617005 64.338917
1.929833 84.672704
1.617005 70.595467
1.617005 98.280700
1.617005 58.082367
7.247900 36.966512
1.617005 81.388016
1.929833 1.617005
1.617005 29.458652
1.617005 38.843477
1.617005 72.785260
1.617005 116.737522
1.617005 62.461952
1.617005 18.040449
1.617005 77.477672
1.617005 40.564028
1.617005 82.326498
2.242660 71.377536
1.929833 69.969812
2.086247 61.836297
1.773419 121.586348
2.399074 83.108567
1.617005 45.412854
1.617005 44.787199
1.617005 75.757121
2.086247 69.031330
1.773419 31.492031
1.929833 79.198223
1.617005 81.075188
1.617005 63.869676
1.617005 70.908295
1.617005 142.232963
2.711902 38.999891
1.617005 87.957393
1.617005 21.481551
1.617005 16.007070
1.617005 98.124286
1.617005 84.359877
1.617005 41.346097
1.617005 78.728982
1.617005 97.967873
1.773419 85.611187
1.617005 20.543069
1.617005 43.066648
1.617005 20.073827
1.617005 65.590227
1.617005 40.720442
1.617005 80.918774
1.617005 61.523470
1.617005 29.927893
1.617005 21.325137
1.617005 121.429934
1.617005 63.400435
1.617005 66.372296
1.617005 40.407614
1.617005 74.662225
1.617005 61.992711
