3.493970 44.005130
5.058108 41.971752
2.711902 45.569268
1.617005 114.547730
1.617005 78.885396
1.617005 84.829118
2.242660 2.242660
3.181143 44.161544
2.555488 62.149125
5.370935 41.502510
2.399074 37.279339
5.527349 45.256440
4.119625 41.033269
2.242660 42.128165
1.617005 49.010370
1.773419 38.999891
2.711902 45.725682
1.773419 19.604586
3.024729 45.412854
1.773419 79.041809
1.617005 130.814759
1.773419 21.168724
4.276039 43.692303
3.337557 37.435753
3.024729 43.379475
3.181143 37.122926
2.711902 61.836297
4.745280 41.189683
2.242660 40.720442
2.399074 40.407614
1.617005 119.396556
6.309418 44.787199
1.617005 130.658345
1.929833 84.672704
1.617005 3.024729
1.617005 94.683184
1.773419 21.794378
3.337557 40.876855
3.650384 42.910234
2.086247 47.915474
1.617005 16.319897
4.432453 45.882095
3.493970 44.630785
1.929833 1.617005
2.399074 62.618366
2.086247 74.662225
3.181143 44.317958
2.399074 61.992711
1.617005 78.572568
2.242660 74.505811
3.024729 45.100027
1.773419 131.127587
1.773419 17.727621
2.399074 62.461952
1.773419 66.528710
1.773419 47.759060
3.024729 2.868315
1.617005 16.476311
2.555488 61.679884
1.617005 46.194923
1.773419 69.500571
1.773419 74.192983
1.617005 85.141945
2.242660 62.774780
1.929833 119.083728
1.617005 120.647866
1.617005 94.839598
1.929833 48.228302
1.773419 78.728982
1.617005 121.742762
1.617005 118.301660
2.242660 2.086247
4.901694 41.346097
1.773419 48.541129
1.617005 65.120986
3.963211 42.284579
1.773419 81.388016
3.024729 44.943613
1.617005 41.815338
2.086247 38.843477
1.773419 74.036570
2.086247 48.384715
1.929833 64.964572
1.929833 52.138645
1.773419 88.739462
1.617005 21.325137
1.773419 46.820578
1.617005 142.076549
1.617005 36.966512
2.555488 40.564028
1.617005 50.418094
1.929833 78.103327
2.399074 61.523470
1.617005 122.368417
1.773419 46.351337
1.617005 137.696964
4.119625 42.597407
3.181143 46.038509
1.929833 78.259741
1.617005 82.170084
2.242660 61.367056
1.773419 43.848717
1.929833 49.323198
1.617005 62.931194
3.024729 44.474372
1.773419 2.399074
1.617005 95.934494
1.617005 20.699482
1.617005 54.641265
2.399074 48.697543
2.399074 38.687063
2.399074 43.535889
3.963211 46.507750
4.588866 41.658924
1.617005 57.456712
3.650384 42.753820
1.617005 57.300299
1.617005 122.681244
1.773419 130.345518
1.929833 114.704143
2.086247 78.416154
2.399074 48.071888
1.773419 69.656985
2.086247 20.386655
1.617005 18.196862
1.617005 43.066648
21.637965 130.971173
1.617005 16.632725
2.399074 37.592167
1.929833 43.223062
1.617005 121.586348
1.617005 74.349397
1.617005 141.920135
1.617005 62.305539
1.617005 55.266920
1.617005 20.543069
1.617005 46.664164
1.929833 121.899176
1.617005 131.440414
1.617005 81.075188
1.617005 52.764300
1.617005 17.884035
1.929833 42.440993
1.617005 47.133405
1.617005 75.757121
1.617005 81.700843
1.617005 66.685123
1.617005 38.061408
1.617005 51.043749
1.617005 36.810098
1.617005 114.391316
1.617005 57.613126
3.181143 47.446233
1.617005 37.904994
1.617005 54.954093
1.617005 142.232963
1.773419 37.748581
1.617005 1.773419
1.617005 137.853378
1.617005 16.789139
1.617005 48.853956
1.617005 56.361816
1.617005 47.602647
1.617005 141.763721
1.617005 18.822517
1.617005 118.614487
