1.617005 87.331738
1.929833 88.895875
3.024729 38.843477
1.773419 33.056168
1.617005 32.899754
1.617005 32.743341
1.773419 26.956032
1.773419 62.149125
1.617005 6.622245
1.617005 31.335617
1.773419 27.581687
1.617005 18.666104
15.381415 66.997951
1.617005 71.064708
2.086247 33.212582
5.996590 37.122926
1.617005 61.836297
1.617005 96.716563
5.527349 37.904994
2.086247 38.999891
2.711902 87.488152
2.242660 97.811459
1.929833 12.722381
9.750520 27.894515
2.399074 66.685123
1.773419 66.059469
8.655624 26.486791
3.024729 38.530649
1.617005 69.813398
2.242660 6.778659
5.840176 38.061408
1.773419 89.521530
9.594106 19.761000
1.617005 8.968451
2.086247 15.068587
1.617005 37.592167
1.773419 70.595467
1.773419 69.969812
2.086247 39.156304
9.281279 21.950792
1.617005 61.523470
15.537829 66.841537
9.750520 27.425273
1.773419 95.465253
5.058108 37.748581
2.242660 76.695603
1.617005 24.453412
1.617005 116.737522
8.812038 20.543069
1.617005 66.528710
2.399074 89.365117
1.617005 10.532589
1.617005 95.934494
2.555488 65.590227
8.655624 26.799618
1.617005 7.247900
4.901694 36.340857
8.968451 26.643205
1.773419 98.124286
1.929833 23.827757
1.773419 77.008431
1.617005 86.236842
2.086247 62.774780
2.399074 89.052289
2.242660 105.475732
1.617005 85.454773
2.242660 66.372296
2.242660 65.746641
1.617005 19.604586
1.617005 28.832997
2.242660 102.347457
9.594106 28.050928
1.617005 90.616427
1.617005 69.187743
1.617005 117.363177
1.773419 31.804858
8.812038 20.386655
2.242660 76.539189
2.399074 36.184443
1.929833 70.908295
1.929833 89.834358
8.499210 21.794378
2.555488 89.208703
5.996590 36.497271
1.773419 35.245961
1.617005 14.130105
1.773419 117.206763
1.617005 97.655045
8.812038 32.430513
1.617005 67.310778
1.617005 9.594106
1.929833 15.225001
2.399074 66.215882
2.399074 102.816699
9.281279 20.699482
1.617005 36.653684
1.617005 21.012310
1.773419 103.129526
1.617005 13.973691
2.399074 65.903055
2.242660 8.029969
1.617005 77.164844
1.617005 11.783899
1.617005 62.931194
2.086247 31.022789
1.617005 37.435753
1.773419 67.154365
1.617005 31.961272
1.773419 102.660285
1.617005 25.704722
2.086247 95.308839
1.617005 91.398495
1.773419 82.795739
1.617005 10.219761
1.773419 16.476311
1.617005 49.792439
1.617005 23.202102
1.617005 85.767600
1.773419 38.374236
1.617005 94.996011
1.617005 22.107206
1.773419 121.273521
2.242660 7.091486
1.773419 70.126226
1.617005 98.280700
1.617005 32.586927
1.929833 95.152425
1.617005 13.504450
1.617005 83.108567
1.617005 18.978931
1.617005 24.140585
1.617005 36.966512
1.617005 102.191044
1.617005 61.367056
9.281279 28.520170
1.617005 7.873555
2.086247 95.621666
1.617005 83.264981
1.617005 10.845416
1.929833 95.778080
1.617005 114.078488
1.617005 13.191622
1.617005 23.045688
1.617005 25.548308
1.617005 27.738101
1.617005 85.611187
1.617005 37.279339
1.929833 69.656985
1.617005 69.031330
1.929833 28.989411
1.929833 29.302238
1.617005 20.230241
1.617005 24.766240
1.617005 117.050350
1.617005 70.751881
1.617005 28.207342
1.617005 68.874916
1.617005 23.671343
1.617005 18.509690
1.929833 8.186383
1.617005 77.477672
1.617005 33.525409
1.617005 71.221122
1.617005 102.503871
1.617005 65.433814
1.617005 97.967873
1.617005 25.391895
1.617005 39.469132
1.617005 117.676005
1.617005 9.750520
1.617005 27.112446
1.617005 38.217822
1.617005 102.973112
1.617005 20.073827
1.617005 71.377536
1.617005 87.644565
1.617005 31.179203
1.617005 7.717141
1.617005 67.467192
