2.399074 50.105266
1.617005 93.901115
1.617005 77.946913
2.555488 77.321258
2.399074 52.920714
2.555488 65.277400
3.963211 61.054229
2.555488 84.829118
2.399074 52.764300
1.617005 19.917414
2.399074 37.435753
2.242660 97.655045
2.868315 65.746641
2.555488 45.256440
1.773419 97.029390
2.711902 65.590227
1.617005 100.001251
2.555488 53.859196
2.399074 84.203463
1.929833 77.477672
2.242660 87.488152
1.773419 17.101966
1.929833 85.298359
1.617005 87.957393
2.711902 86.862497
1.617005 94.057529
2.399074 76.695603
2.242660 53.546369
2.242660 85.141945
1.617005 2.086247
2.711902 60.741401
2.242660 61.836297
2.711902 51.356576
1.617005 2.399074
1.617005 94.526770
2.711902 37.122926
1.773419 60.584987
1.617005 114.078488
2.399074 65.433814
2.242660 83.421394
2.399074 88.113807
2.555488 99.688424
2.242660 76.539189
3.024729 80.293119
1.617005 64.495331
2.711902 86.236842
1.617005 89.677944
2.711902 79.980292
2.399074 61.210642
1.773419 116.893936
2.868315 79.667464
2.242660 62.305539
2.711902 83.890636
2.086247 79.511051
2.086247 84.516290
1.617005 96.090908
1.617005 87.018910
2.086247 84.359877
2.242660 44.943613
1.617005 73.410915
2.086247 80.449533
1.929833 53.233541
1.617005 70.595467
1.773419 18.978931
1.929833 69.969812
2.242660 93.744701
1.773419 69.813398
1.617005 50.261680
2.399074 83.577808
2.399074 80.136706
2.086247 86.393255
2.242660 45.100027
1.617005 38.843477
1.617005 2.711902
2.868315 69.187743
1.929833 77.008431
1.617005 57.613126
2.399074 62.149125
2.399074 87.800979
1.773419 55.423334
1.929833 45.725682
1.773419 21.012310
1.617005 118.301660
1.617005 22.263620
2.399074 51.512990
2.086247 99.375596
1.617005 2.555488
2.086247 100.470493
1.929833 49.948853
2.399074 54.015610
2.242660 89.990772
2.555488 45.412854
1.929833 45.882095
1.617005 81.857257
2.399074 82.170084
1.617005 61.367056
1.617005 53.077128
3.963211 60.897815
1.929833 64.808159
1.617005 54.797679
2.086247 79.198223
2.086247 100.314079
1.773419 54.641265
1.617005 143.171445
2.399074 86.549669
1.617005 83.264981
1.617005 21.168724
2.868315 79.823878
2.555488 45.569268
2.242660 53.702783
2.399074 84.047049
1.617005 48.071888
1.617005 64.651745
2.399074 100.157665
1.617005 87.331738
1.617005 90.303599
1.773419 76.069948
1.617005 82.013671
1.617005 82.326498
1.617005 20.230241
1.617005 38.530649
1.773419 69.656985
1.617005 93.588288
2.242660 66.841537
1.617005 19.448172
2.555488 83.734222
2.242660 69.344157
1.617005 89.834358
3.024729 61.523470
1.773419 97.967873
2.555488 65.903055
1.773419 51.043749
1.617005 76.226362
2.086247 90.147185
1.617005 84.672704
2.242660 99.532010
1.773419 54.172024
2.399074 53.389955
2.086247 70.126226
1.617005 44.474372
1.617005 66.685123
1.929833 2.242660
1.773419 51.200163
2.242660 87.644565
2.399074 143.327859
1.617005 22.107206
1.773419 52.295059
1.617005 16.007070
1.929833 143.484273
1.617005 38.999891
2.086247 69.500571
1.617005 16.476311
1.617005 66.215882
1.773419 118.145246
2.242660 51.669404
2.399074 98.124286
1.617005 51.982231
2.555488 79.354637
2.086247 52.451473
1.617005 98.280700
1.929833 21.637965
2.086247 66.059469
2.399074 99.844838
1.617005 88.270220
1.773419 86.080428
2.242660 84.985532
1.617005 73.098087
1.617005 62.461952
1.617005 52.138645
2.242660 69.031330
1.617005 94.213943
1.617005 17.414794
1.617005 21.481551
1.773419 57.456712
1.617005 116.581108
1.617005 20.543069
2.242660 89.365117
1.617005 30.553548
2.555488 51.825818
2.242660 77.164844
1.617005 82.952153
2.242660 97.811459
1.773419 70.751881
1.617005 68.874916
1.617005 73.723742
1.617005 94.683184
1.617005 80.605947
1.929833 52.607886
1.929833 98.437114
1.617005 16.632725
1.617005 37.279339
1.617005 95.308839
1.617005 64.338917
1.617005 39.156304
2.242660 96.560149
1.617005 19.291759
1.617005 117.832418
1.617005 20.386655
1.617005 18.509690
1.617005 18.196862
1.617005 57.769540
1.617005 78.103327
1.617005 17.258380
1.617005 54.328438
1.617005 94.370356
1.617005 61.679884
1.773419 18.040449
1.773419 50.574508
1.617005 54.484851
1.617005 75.913534
1.617005 117.988832
1.617005 96.403735
