1.929833 66.528710
2.711902 34.776719
2.399074 93.431874
2.555488 102.347457
2.242660 38.217822
2.399074 53.702783
1.929833 53.546369
1.617005 43.692303
2.555488 75.913534
2.555488 35.715202
1.617005 54.954093
1.929833 33.994651
2.399074 37.435753
1.617005 52.451473
2.555488 102.816699
1.929833 37.592167
1.617005 75.757121
2.399074 93.588288
1.617005 33.681823
2.242660 102.034630
2.555488 35.871616
1.617005 14.912174
1.617005 75.287879
6.153004 38.061408
9.124865 35.402374
2.086247 36.340857
2.399074 48.697543
6.153004 37.904994
1.617005 74.505811
1.617005 19.761000
1.929833 49.166784
1.617005 52.138645
2.242660 102.660285
6.465831 36.653684
8.655624 36.497271
2.086247 35.089547
1.617005 48.853956
1.929833 102.973112
2.555488 102.191044
1.773419 53.859196
1.773419 36.028029
5.370935 37.122926
1.929833 49.323198
2.086247 53.389955
1.617005 52.920714
1.773419 52.607886
2.399074 51.825818
1.773419 101.878216
9.281279 35.558788
2.242660 34.307478
6.309418 36.810098
1.617005 116.737522
2.399074 49.010370
2.242660 14.755760
2.086247 34.463892
1.929833 103.129526
2.711902 34.620306
2.711902 102.503871
6.778659 37.748581
1.773419 55.110506
1.773419 34.151064
2.242660 35.245961
1.773419 48.541129
1.617005 96.560149
1.617005 51.669404
1.617005 75.131466
1.773419 52.764300
1.617005 36.966512
1.617005 53.077128
1.617005 54.015610
1.617005 27.268860
1.617005 43.223062
1.617005 27.112446
1.617005 53.233541
1.617005 51.512990
1.617005 74.662225
1.617005 117.050350
1.617005 14.599346
1.617005 20.073827
