18.666104 142.076549
2.399074 128.781381
2.086247 121.429934
37.592167 141.920135
32.274099 141.607308
39.469132 137.853378
27.894515 141.763721
3.181143 120.491452
39.781959 158.187165
39.469132 153.963994
38.061408 138.948274
1.617005 124.401796
27.581687 140.199584
16.476311 153.651166
2.086247 119.083728
16.789139 142.232963
2.086247 122.994072
2.555488 120.178624
2.399074 124.871037
3.806798 121.117107
3.650384 120.647866
1.617005 142.702204
2.242660 122.055589
2.711902 130.814759
33.838237 141.450894
11.001830 142.389376
26.330377 137.227723
3.181143 124.088968
1.617005 132.222483
1.617005 123.150486
2.086247 125.809519
2.086247 123.463313
8.968451 142.545790
6.153004 153.181925
30.084307 158.343578
22.732861 158.656406
2.711902 135.194344
1.929833 127.060829
5.370935 158.969233
2.711902 130.971173
4.276039 159.125647
1.617005 129.876277
2.711902 125.496692
3.806798 120.335038
1.773419 131.753242
1.617005 128.937794
9.281279 135.976413
7.404314 159.438475
30.240721 153.807580
1.617005 126.904416
1.617005 129.563449
14.755760 153.494752
2.399074 135.507172
1.617005 133.473793
1.929833 134.412275
2.242660 131.596828
18.822517 159.282061
1.929833 130.658345
1.617005 127.999312
2.399074 120.804279
2.242660 130.345518
1.617005 127.530071
7.873555 153.338339
2.868315 122.681244
1.617005 121.899176
2.711902 132.378897
1.773419 122.837658
3.024729 121.273521
1.617005 133.160965
2.242660 135.037930
2.086247 133.317379
1.617005 123.776141
1.617005 130.501932
1.929833 129.250622
1.617005 131.284000
1.617005 135.663585
1.617005 134.725103
1.617005 132.848138
13.504450 158.812820
2.086247 128.624967
2.555488 131.127587
1.617005 129.719863
14.912174 159.751302
2.399074 135.350758
2.399074 125.653106
2.242660 126.278761
2.242660 127.842898
1.617005 124.714623
1.617005 133.786620
2.711902 126.122347
1.773419 125.340278
1.773419 134.568689
1.617005 119.396556
1.773419 134.099448
1.617005 132.691724
1.617005 121.586348
2.086247 128.312139
2.086247 119.709383
1.617005 119.240142
8.968451 159.594888
1.617005 118.770901
1.617005 133.943034
1.617005 128.468553
1.617005 121.742762
1.617005 132.535310
1.617005 129.407035
1.617005 123.619727
2.086247 125.965933
1.617005 120.022211
2.242660 124.558209
1.617005 125.027451
1.617005 132.066069
1.617005 125.183864
1.929833 134.881517
1.617005 126.591588
1.617005 122.524831
1.617005 133.630207
1.617005 131.440414
1.617005 134.255862
