24.296998 129.876277
35.089547 153.807580
36.340857 136.289240
7.873555 153.338339
40.251200 135.194344
24.609826 136.914895
24.140585 130.345518
2.868315 126.278761
1.929833 119.396556
21.325137 137.071309
3.024729 126.435174
2.868315 122.994072
3.650384 125.653106
1.617005 138.009792
2.868315 123.150486
2.555488 124.871037
8.499210 153.181925
2.086247 137.540550
20.543069 137.227723
4.119625 159.438475
24.766240 136.758482
3.337557 121.742762
31.179203 136.602068
2.242660 123.619727
29.771480 153.494752
2.399074 128.781381
17.101966 137.384137
28.832997 160.064130
35.245961 136.445654
2.711902 121.899176
2.399074 119.709383
10.063348 159.282061
1.617005 120.022211
14.912174 159.594888
35.558788 159.125647
1.929833 127.999312
3.650384 126.904416
3.024729 122.681244
2.242660 122.837658
1.617005 160.220543
3.337557 124.558209
34.776719 136.132827
2.555488 123.776141
2.555488 125.809519
2.711902 128.468553
2.711902 124.401796
2.555488 127.217243
2.868315 123.932554
3.806798 120.647866
2.868315 127.686484
4.119625 120.960693
23.514930 153.651166
3.337557 125.965933
3.806798 125.496692
1.617005 122.212003
2.242660 122.524831
3.024729 127.373657
1.617005 121.117107
2.086247 137.853378
2.399074 125.027451
2.868315 126.591588
2.086247 121.586348
3.337557 127.530071
2.399074 124.088968
2.555488 128.312139
2.399074 125.183864
3.650384 159.751302
2.868315 124.245382
1.929833 122.368417
3.337557 125.340278
2.868315 121.273521
3.337557 126.122347
2.399074 126.748002
3.024729 159.907716
1.617005 123.306899
2.555488 122.055589
2.086247 128.155726
2.868315 121.429934
2.242660 127.060829
2.242660 120.804279
1.929833 124.714623
1.929833 119.865797
1.617005 138.322619
2.242660 123.463313
1.617005 160.376957
2.242660 127.842898
1.617005 120.491452
1.617005 137.696964
1.617005 138.166205
1.617005 120.178624
1.617005 118.927315
1.617005 128.624967
