2.711902 128.781381
38.843477 137.384137
18.509690 142.232963
23.202102 142.076549
30.709962 153.807580
9.124865 142.702204
2.711902 127.530071
37.435753 139.573929
39.156304 138.166205
36.497271 158.343578
16.476311 158.656406
31.492031 141.763721
2.242660 129.094208
3.181143 126.278761
26.956032 153.651166
2.399074 125.027451
2.086247 135.194344
1.929833 127.060829
25.861136 158.499992
1.929833 126.435174
13.973691 136.602068
2.399074 128.937794
25.704722 142.545790
1.617005 119.240142
2.711902 124.871037
2.086247 135.663585
33.994651 158.812820
26.486791 133.473793
2.711902 134.568689
2.086247 124.714623
1.929833 126.122347
2.086247 128.468553
12.722381 142.389376
2.711902 119.709383
19.135345 153.494752
5.683763 159.282061
5.214521 135.976413
15.537829 159.594888
31.804858 159.125647
1.929833 123.776141
2.086247 133.317379
1.929833 129.250622
1.617005 126.904416
17.727621 159.751302
2.242660 122.837658
2.086247 125.809519
2.555488 134.099448
1.617005 122.212003
2.086247 131.753242
2.555488 130.501932
2.242660 132.848138
2.086247 133.786620
2.399074 135.507172
1.617005 131.284000
1.617005 127.686484
2.242660 124.558209
2.086247 134.881517
1.617005 128.312139
2.086247 120.647866
7.404314 153.181925
1.929833 131.909655
1.617005 121.117107
2.242660 130.971173
1.773419 132.691724
3.493970 123.306899
2.711902 125.653106
1.773419 122.681244
1.617005 125.965933
2.242660 121.586348
12.722381 142.858618
3.650384 123.463313
2.086247 121.742762
3.337557 124.401796
19.761000 158.969233
1.773419 130.032690
3.493970 123.619727
1.617005 134.255862
15.537829 159.438475
1.617005 120.022211
2.399074 132.066069
15.537829 153.338339
1.617005 128.155726
1.617005 119.865797
2.868315 120.804279
1.773419 130.658345
1.617005 129.563449
2.086247 133.160965
2.555488 120.960693
2.086247 127.373657
1.617005 126.748002
1.617005 124.245382
1.929833 129.407035
2.555488 125.340278
3.181143 121.273521
1.773419 128.624967
1.617005 132.535310
2.242660 131.596828
1.773419 131.127587
1.617005 135.350758
1.617005 127.217243
2.086247 119.396556
1.617005 119.552970
1.617005 135.819999
2.086247 133.943034
1.773419 133.004552
1.617005 122.368417
1.617005 134.412275
1.617005 131.440414
