26.173963 134.412275
2.868315 119.552970
37.904994 134.725103
16.945552 158.812820
25.391895 135.350758
2.086247 121.117107
3.024729 125.027451
34.776719 134.881517
12.565967 159.125647
1.617005 119.709383
12.878795 136.132827
3.337557 123.776141
20.230241 135.663585
25.079067 135.507172
2.711902 159.907716
20.386655 135.819999
2.555488 126.591588
3.024729 124.871037
33.838237 159.438475
20.543069 158.969233
2.086247 123.619727
24.922653 134.568689
18.353276 153.181925
33.525409 159.594888
9.437693 136.445654
34.620306 135.037930
2.555488 126.748002
24.766240 153.494752
17.101966 158.656406
16.945552 153.338339
13.191622 135.976413
2.711902 124.558209
16.163484 136.289240
35.871616 159.282061
2.868315 125.809519
2.086247 124.401796
1.617005 121.742762
2.086247 160.376957
2.555488 127.060829
2.399074 123.932554
1.929833 125.965933
2.399074 126.435174
1.773419 124.088968
2.711902 159.751302
3.024729 125.496692
2.242660 124.714623
32.899754 135.194344
1.773419 137.540550
1.773419 136.602068
2.868315 120.335038
1.929833 125.340278
2.399074 123.306899
1.617005 121.899176
1.617005 120.022211
1.617005 121.273521
2.242660 119.396556
1.617005 123.463313
1.617005 137.696964
1.617005 160.533371
1.929833 122.994072
2.086247 125.653106
2.868315 126.904416
2.711902 126.122347
1.617005 124.245382
1.617005 123.150486
1.773419 120.491452
1.617005 120.647866
1.617005 119.240142
1.617005 137.384137
1.617005 126.278761
1.617005 118.927315
1.617005 118.614487
1.617005 120.178624
1.617005 119.083728
