38.843477 157.092268
2.242660 132.691724
2.555488 122.524831
3.024729 121.273521
14.286519 153.651166
38.374236 145.048410
3.024729 120.647866
34.307478 143.484273
3.650384 122.837658
39.156304 156.779441
3.337557 122.681244
35.245961 145.674065
2.242660 127.060829
3.337557 124.245382
22.263620 140.981653
13.348036 159.438475
11.471071 159.751302
14.599346 145.986893
2.711902 121.117107
30.709962 154.120407
35.089547 153.963994
9.124865 146.143306
2.086247 129.719863
28.207342 141.607308
23.827757 145.517651
18.509690 145.830479
2.868315 123.150486
10.689003 159.282061
18.822517 158.343578
3.650384 126.435174
2.242660 122.368417
33.838237 145.204824
31.648444 145.361238
35.715202 157.248682
2.242660 159.907716
1.773419 126.591588
17.571207 158.812820
39.156304 142.702204
2.711902 126.278761
31.179203 143.015031
3.493970 121.742762
3.650384 124.401796
1.617005 124.714623
1.773419 129.094208
1.773419 135.037930
3.650384 125.340278
1.773419 140.199584
21.637965 153.807580
2.086247 128.312139
1.617005 135.194344
1.773419 137.227723
3.493970 123.306899
3.024729 123.619727
16.789139 158.656406
2.399074 122.055589
1.773419 127.217243
21.168724 158.499992
2.555488 121.429934
3.650384 121.586348
1.773419 139.261101
2.711902 120.178624
1.617005 119.396556
1.617005 127.999312
2.868315 120.491452
1.617005 127.530071
2.242660 136.602068
2.399074 120.335038
2.868315 124.088968
2.555488 128.781381
2.555488 123.463313
18.978931 159.125647
1.617005 136.914895
2.086247 138.635446
1.773419 133.004552
3.963211 122.212003
1.773419 134.412275
2.399074 131.596828
2.399074 125.496692
1.617005 137.853378
1.617005 131.440414
3.024729 121.899176
17.414794 158.969233
2.242660 120.804279
1.929833 124.871037
3.024729 132.848138
1.617005 130.814759
2.399074 139.573929
2.242660 138.791860
2.555488 123.932554
11.940313 159.594888
1.617005 136.289240
1.617005 133.630207
1.929833 131.753242
1.617005 133.317379
8.968451 153.494752
2.555488 137.384137
1.773419 119.709383
1.617005 129.407035
1.617005 132.066069
2.086247 135.350758
1.929833 136.132827
1.617005 129.250622
1.773419 125.027451
2.555488 125.965933
2.555488 120.022211
1.617005 138.948274
1.617005 139.886756
1.617005 128.155726
3.650384 123.776141
2.399074 126.122347
1.773419 131.284000
5.058108 146.299720
2.399074 135.663585
1.617005 134.255862
2.399074 132.535310
2.399074 131.127587
1.617005 132.222483
2.399074 124.558209
2.399074 130.501932
1.617005 133.473793
1.617005 127.842898
3.806798 125.653106
2.242660 140.043170
1.617005 127.373657
2.399074 135.507172
1.617005 135.976413
1.617005 125.809519
1.929833 136.445654
1.773419 130.658345
1.617005 135.819999
1.617005 132.378897
1.617005 119.865797
2.399074 125.183864
1.617005 128.468553
1.617005 137.071309
1.617005 138.009792
1.617005 131.909655
1.617005 129.876277
2.711902 120.960693
1.617005 127.686484
1.617005 139.104688
