1.617005 121.117107
28.676583 159.594888
24.140585 140.668825
39.469132 136.445654
14.599346 134.881517
27.268860 140.512411
3.650384 125.027451
26.956032 140.981653
26.643205 153.651166
34.620306 140.825239
3.963211 127.530071
25.861136 159.438475
4.119625 141.450894
2.242660 121.586348
25.079067 141.294480
2.868315 124.871037
24.609826 140.043170
11.783899 141.138066
34.463892 140.199584
36.497271 136.602068
2.242660 131.753242
2.086247 124.714623
2.555488 129.094208
20.699482 153.494752
2.555488 125.340278
3.181143 124.088968
1.617005 127.373657
2.242660 126.278761
3.493970 123.306899
2.711902 123.776141
3.963211 133.317379
3.337557 122.681244
3.963211 126.591588
1.773419 126.904416
2.711902 126.748002
2.711902 127.217243
2.711902 129.719863
7.717141 134.568689
2.711902 122.994072
1.617005 131.596828
1.773419 126.435174
1.617005 122.212003
2.868315 128.312139
3.337557 125.496692
2.711902 129.250622
1.773419 123.150486
2.399074 121.899176
2.399074 120.804279
2.242660 132.691724
2.086247 124.245382
28.989411 159.282061
2.555488 129.563449
2.711902 125.183864
1.617005 129.876277
1.617005 141.607308
14.286519 159.907716
4.432453 153.181925
1.929833 128.937794
1.773419 121.429934
2.399074 123.932554
1.773419 119.865797
2.711902 123.619727
13.504450 159.751302
1.617005 131.440414
1.773419 120.960693
2.086247 122.837658
16.632725 153.338339
3.337557 122.368417
2.868315 130.971173
3.493970 130.032690
3.337557 130.658345
1.929833 133.630207
2.868315 128.155726
1.617005 120.647866
1.929833 125.965933
1.617005 132.066069
2.711902 133.786620
2.242660 123.463313
2.242660 125.653106
1.773419 133.473793
2.555488 124.558209
2.555488 132.535310
1.617005 120.491452
3.493970 132.222483
2.242660 131.284000
2.555488 129.407035
2.555488 125.809519
2.086247 124.401796
2.868315 130.189104
1.617005 127.686484
2.399074 133.160965
1.617005 134.099448
1.773419 127.999312
1.929833 122.055589
2.555488 128.468553
1.617005 127.842898
3.493970 132.848138
2.086247 120.335038
1.617005 126.122347
3.337557 130.814759
1.617005 133.943034
2.242660 128.781381
1.617005 131.127587
2.711902 131.909655
1.617005 122.524831
1.617005 127.060829
