2.242660 73.567328
2.242660 72.316018
2.555488 44.317958
2.086247 82.326498
2.242660 95.465253
2.399074 44.161544
3.024729 71.846777
2.086247 44.005130
5.058108 62.149125
8.029969 36.497271
1.773419 69.031330
8.342796 70.439053
3.024729 72.003191
2.399074 71.064708
8.655624 70.126226
2.555488 71.377536
4.276039 44.630785
2.711902 44.943613
2.242660 68.874916
1.773419 53.859196
1.617005 95.621666
2.711902 73.723742
2.711902 71.221122
3.024729 71.533950
1.929833 54.954093
2.868315 62.774780
4.432453 62.618366
2.868315 62.461952
1.617005 50.418094
2.868315 71.690363
2.555488 35.558788
1.617005 51.669404
1.929833 65.277400
1.773419 82.639326
1.929833 68.718502
2.086247 73.410915
1.773419 72.785260
6.778659 36.184443
2.555488 72.159605
2.086247 70.908295
2.086247 36.810098
1.773419 37.748581
2.086247 69.969812
2.711902 45.100027
4.901694 62.305539
1.773419 51.200163
2.086247 95.778080
2.242660 73.254501
1.929833 82.952153
13.348036 35.871616
4.276039 44.474372
1.929833 73.880156
2.242660 35.402374
1.773419 55.266920
2.086247 95.152425
1.773419 37.435753
1.773419 69.187743
2.399074 45.256440
13.660864 35.715202
8.968451 36.653684
2.242660 65.120986
2.086247 69.344157
1.617005 82.170084
1.773419 43.379475
1.617005 74.975052
1.929833 45.569268
2.086247 45.412854
1.929833 55.423334
8.812038 36.966512
9.124865 37.122926
2.242660 51.356576
1.617005 51.512990
1.773419 69.500571
1.617005 43.535889
1.617005 90.929254
5.370935 36.340857
2.086247 64.808159
1.617005 43.692303
1.617005 79.667464
1.617005 38.217822
2.242660 74.036570
1.929833 35.245961
2.242660 65.590227
1.617005 54.015610
1.617005 50.261680
1.929833 55.110506
2.711902 62.931194
2.242660 27.112446
1.773419 94.996011
1.773419 90.303599
1.617005 70.595467
4.119625 61.836297
1.617005 79.823878
2.086247 65.433814
1.773419 82.795739
1.617005 95.308839
2.711902 44.787199
2.086247 64.964572
1.617005 83.108567
1.929833 74.192983
1.617005 37.592167
2.242660 69.813398
1.617005 36.028029
1.617005 91.085668
1.617005 53.702783
1.617005 43.848717
9.281279 37.279339
1.617005 12.722381
1.617005 37.904994
1.617005 74.818638
1.617005 82.482912
1.773419 90.616427
1.617005 94.526770
1.617005 51.825818
1.617005 52.920714
1.617005 70.751881
1.617005 63.087607
1.617005 65.746641
1.617005 53.233541
1.617005 50.105266
1.617005 69.656985
