10.845416 153.651166
2.242660 139.417515
29.458652 147.238202
2.711902 121.117107
27.738101 153.963994
34.151064 146.925375
2.555488 123.932554
1.929833 138.479033
2.868315 124.401796
33.681823 147.081789
1.929833 137.071309
3.181143 130.971173
1.617005 148.020271
13.035209 158.656406
2.555488 124.871037
36.340857 158.499992
13.817277 158.969233
2.086247 122.055589
1.617005 133.004552
2.868315 122.368417
24.609826 159.438475
14.599346 159.125647
3.181143 134.725103
3.337557 123.776141
2.399074 137.853378
1.773419 140.355998
33.994651 157.248682
27.112446 154.120407
1.929833 141.294480
1.617005 124.245382
2.086247 139.886756
2.868315 127.060829
9.437693 159.594888
2.399074 127.999312
32.743341 158.812820
2.711902 127.373657
3.806798 123.306899
2.555488 147.551030
2.711902 122.212003
2.242660 132.066069
1.773419 120.804279
1.617005 139.730343
12.878795 159.282061
1.773419 123.150486
1.617005 120.647866
1.617005 125.809519
2.086247 131.596828
3.493970 147.394616
2.086247 139.104688
3.650384 127.686484
2.086247 138.635446
2.399074 132.848138
1.617005 133.473793
2.086247 127.217243
3.024729 123.619727
1.773419 138.791860
3.181143 127.842898
1.617005 132.691724
3.493970 124.558209
2.086247 129.094208
1.617005 130.501932
2.399074 121.742762
1.929833 126.435174
2.399074 137.540550
5.683763 153.494752
2.086247 135.194344
2.242660 120.960693
2.086247 136.914895
2.242660 128.312139
2.555488 132.222483
3.493970 126.591588
1.929833 133.943034
1.773419 139.573929
1.929833 128.468553
2.711902 134.255862
1.929833 125.340278
2.242660 125.496692
2.868315 123.463313
1.929833 135.663585
2.399074 128.155726
1.617005 135.819999
2.399074 140.512411
1.773419 138.009792
2.242660 130.658345
1.929833 132.378897
2.242660 139.261101
1.617005 134.099448
1.617005 133.630207
2.242660 133.317379
17.258380 153.807580
1.773419 160.064130
1.773419 125.183864
1.617005 140.668825
1.929833 130.189104
2.086247 126.904416
1.617005 140.981653
2.711902 121.586348
1.617005 137.384137
1.773419 136.132827
2.555488 138.166205
1.929833 138.948274
2.242660 141.607308
1.929833 128.781381
1.617005 135.350758
2.399074 129.563449
2.399074 126.122347
1.617005 134.412275
1.617005 130.814759
2.242660 129.250622
1.617005 141.138066
4.588866 120.178624
2.086247 120.022211
1.773419 128.624967
1.617005 135.976413
1.617005 132.535310
1.617005 137.696964
1.617005 120.491452
2.399074 130.032690
1.773419 122.837658
1.617005 131.127587
1.617005 140.043170
1.617005 129.719863
1.617005 129.876277
2.242660 121.273521
1.617005 140.825239
1.617005 122.681244
1.617005 131.440414
2.399074 133.786620
1.617005 159.907716
1.773419 124.088968
2.086247 127.530071
1.617005 131.284000
1.617005 141.450894
1.617005 125.653106
1.617005 125.027451
2.086247 131.909655
1.617005 126.278761
1.617005 133.160965
1.929833 124.714623
1.617005 130.345518
2.711902 122.994072
1.617005 136.758482
1.617005 126.748002
