10.376175 143.015031
26.017550 153.807580
15.850656 153.651166
38.061408 158.187165
28.832997 159.438475
38.687063 138.322619
22.732861 158.812820
2.868315 124.401796
2.086247 127.217243
28.520170 159.594888
36.653684 139.886756
2.555488 130.971173
11.627485 142.858618
18.040449 159.282061
28.520170 158.343578
35.245961 140.825239
32.586927 139.417515
8.186383 143.171445
2.555488 126.591588
1.617005 136.445654
25.704722 142.389376
3.024729 122.212003
2.399074 126.278761
33.212582 142.232963
1.617005 134.568689
3.806798 131.753242
2.086247 135.037930
27.894515 158.969233
21.794378 142.545790
2.868315 133.160965
2.868315 136.132827
19.604586 142.702204
1.773419 127.842898
13.348036 159.751302
1.617005 125.027451
3.650384 128.624967
2.555488 123.150486
1.617005 129.876277
20.073827 137.227723
3.337557 126.904416
1.929833 127.999312
1.773419 120.491452
2.555488 127.530071
2.086247 122.837658
14.755760 159.125647
1.929833 124.245382
3.024729 125.340278
13.504450 153.494752
10.532589 159.907716
2.711902 123.776141
1.929833 133.473793
2.555488 127.686484
1.617005 125.183864
2.555488 129.563449
2.399074 153.181925
1.617005 130.189104
3.650384 129.719863
1.773419 123.932554
2.711902 128.468553
1.773419 122.055589
1.929833 125.809519
3.337557 133.004552
1.929833 120.335038
1.617005 135.976413
1.617005 129.407035
1.617005 127.060829
1.929833 120.960693
1.617005 132.691724
1.617005 130.658345
2.868315 131.127587
1.773419 135.350758
3.024729 126.748002
2.868315 153.338339
1.617005 121.117107
1.773419 124.088968
1.617005 122.681244
2.399074 126.435174
1.617005 123.619727
1.617005 125.653106
1.617005 129.094208
2.086247 129.250622
4.119625 128.781381
1.773419 123.463313
2.399074 122.994072
1.929833 130.501932
2.086247 128.155726
1.617005 121.273521
1.617005 130.814759
2.868315 122.368417
4.119625 131.284000
1.617005 143.327859
3.337557 131.909655
2.555488 124.714623
3.650384 125.965933
1.617005 132.848138
1.617005 133.943034
19.917414 160.064130
1.617005 120.804279
1.617005 120.647866
1.617005 119.709383
1.617005 126.122347
1.617005 123.306899
1.617005 125.496692
1.617005 134.099448
1.617005 128.312139
1.617005 124.871037
1.617005 130.032690
1.773419 121.586348
1.617005 131.596828
