2.868315 121.117107
21.950792 147.238202
19.917414 159.438475
20.543069 153.651166
1.617005 140.355998
21.637965 147.394616
2.242660 124.714623
29.927893 159.282061
3.337557 121.742762
1.929833 134.412275
1.617005 137.227723
2.086247 136.758482
2.868315 122.212003
2.242660 139.261101
1.617005 132.848138
2.711902 124.558209
2.711902 121.586348
2.868315 136.914895
1.773419 135.037930
3.806798 122.994072
1.617005 132.691724
2.242660 138.791860
33.368996 146.925375
3.650384 122.524831
36.028029 147.081789
2.242660 140.981653
3.337557 122.055589
3.181143 134.725103
1.929833 137.696964
1.929833 130.189104
2.399074 135.194344
3.806798 123.619727
2.868315 130.032690
9.281279 153.494752
1.617005 124.245382
2.399074 122.681244
3.024729 138.479033
1.617005 135.350758
1.773419 133.943034
1.617005 129.250622
2.242660 140.199584
3.337557 139.104688
2.399074 130.971173
1.929833 140.043170
2.555488 128.781381
2.242660 132.066069
2.868315 120.647866
3.337557 125.653106
10.063348 159.594888
1.773419 153.181925
1.773419 130.658345
3.181143 121.899176
3.650384 131.909655
2.868315 125.496692
1.773419 128.155726
2.711902 134.568689
2.086247 140.668825
1.929833 125.027451
3.650384 125.183864
1.617005 136.602068
2.868315 138.009792
2.086247 136.289240
2.399074 122.368417
1.773419 134.255862
1.617005 139.886756
3.024729 123.463313
1.929833 127.842898
2.086247 130.814759
1.617005 132.535310
2.555488 123.776141
1.617005 133.473793
1.617005 122.837658
1.617005 159.907716
1.773419 126.591588
1.617005 133.004552
1.617005 123.150486
1.929833 128.468553
2.242660 139.417515
1.617005 160.376957
1.773419 140.512411
2.711902 128.312139
2.086247 129.563449
1.617005 124.088968
2.086247 138.635446
3.181143 127.530071
1.617005 160.220543
1.773419 120.491452
2.399074 137.540550
1.617005 126.278761
1.617005 124.871037
1.929833 127.373657
1.617005 134.099448
2.242660 124.401796
1.773419 135.976413
2.086247 131.284000
1.617005 125.340278
1.617005 138.166205
13.973691 153.338339
1.929833 138.948274
1.617005 139.573929
1.617005 131.440414
1.617005 127.999312
1.929833 123.932554
1.617005 125.809519
1.617005 136.132827
1.773419 133.630207
1.617005 128.937794
2.086247 137.853378
1.617005 127.686484
1.617005 135.819999
2.086247 120.804279
1.617005 139.730343
1.617005 131.596828
1.617005 126.904416
1.773419 140.825239
1.617005 137.384137
1.617005 123.306899
1.617005 120.960693
1.617005 138.322619
1.617005 129.719863
1.617005 126.435174
