2.086247 17.727621
3.024729 68.718502
1.929833 15.694242
2.555488 77.008431
2.399074 77.321258
1.617005 70.282640
1.617005 65.277400
1.617005 78.885396
1.617005 62.149125
2.555488 1.773419
2.242660 36.340857
1.773419 16.319897
2.399074 100.001251
1.773419 99.688424
2.086247 41.971752
3.024729 74.192983
1.617005 86.236842
1.617005 72.316018
1.773419 71.377536
2.086247 76.695603
1.773419 79.041809
2.868315 39.156304
2.555488 2.086247
6.935073 37.122926
1.617005 70.439053
1.617005 36.966512
1.773419 78.728982
2.399074 77.164844
6.935073 20.230241
1.617005 87.175324
1.617005 21.325137
1.617005 21.637965
2.555488 66.059469
3.337557 74.036570
2.086247 62.931194
1.773419 21.950792
2.555488 38.687063
1.929833 99.844838
8.499210 21.794378
2.086247 51.200163
1.929833 36.184443
2.086247 68.405675
2.242660 99.375596
2.086247 99.219183
1.617005 74.662225
2.242660 16.632725
2.555488 18.353276
8.186383 17.414794
7.404314 19.761000
1.929833 75.131466
2.711902 51.043749
2.399074 66.215882
1.617005 73.880156
2.242660 66.528710
1.617005 17.884035
1.773419 38.530649
2.242660 16.789139
1.929833 42.597407
2.868315 38.999891
1.617005 62.618366
1.617005 76.226362
1.617005 17.571207
1.773419 66.685123
1.617005 25.079067
2.399074 75.444293
2.086247 43.379475
6.935073 36.497271
2.399074 51.356576
1.773419 38.061408
1.617005 18.196862
2.242660 1.617005
2.711902 64.495331
2.711902 75.287879
1.617005 63.244021
1.617005 42.753820
2.242660 92.493392
1.773419 38.374236
2.086247 3.963211
2.086247 72.785260
1.617005 18.040449
1.617005 100.157665
2.399074 38.843477
1.617005 76.382776
1.773419 91.398495
2.399074 50.887335
2.086247 64.338917
1.773419 43.692303
2.086247 65.903055
2.242660 76.852017
7.247900 36.653684
1.773419 19.135345
8.186383 20.386655
1.617005 71.064708
1.929833 65.746641
1.773419 73.723742
1.617005 72.472432
1.773419 71.221122
1.773419 70.126226
1.617005 38.217822
1.617005 1.929833
1.617005 62.305539
1.773419 79.198223
1.617005 51.512990
1.617005 17.258380
2.555488 2.242660
1.617005 99.532010
1.617005 77.477672
1.929833 50.730921
1.617005 4.119625
2.399074 37.279339
1.617005 25.391895
2.242660 82.795739
1.773419 94.057529
1.617005 20.855896
1.929833 69.031330
2.242660 69.187743
1.929833 42.128165
1.617005 19.917414
1.617005 63.713262
1.773419 63.400435
2.711902 76.069948
1.617005 70.908295
1.617005 80.605947
1.617005 21.012310
2.555488 70.751881
1.617005 37.592167
2.242660 18.978931
2.086247 16.163484
1.617005 86.549669
2.711902 69.969812
1.617005 65.120986
1.617005 41.189683
1.617005 87.018910
1.617005 41.815338
2.711902 86.080428
1.617005 17.101966
2.711902 75.913534
1.617005 63.087607
1.929833 71.533950
1.617005 62.774780
1.617005 66.372296
1.617005 41.346097
1.617005 69.813398
1.617005 40.720442
1.617005 70.595467
1.617005 69.656985
1.617005 82.482912
2.086247 68.562088
1.617005 25.861136
1.617005 42.440993
1.617005 72.628846
1.617005 68.249261
1.617005 82.326498
1.617005 75.757121
1.617005 37.435753
1.617005 16.945552
1.617005 15.850656
1.617005 16.476311
1.617005 33.368996
6.465831 36.810098
1.617005 68.092847
1.617005 85.924014
1.617005 37.748581
1.617005 74.349397
