1.617005 81.388016
1.617005 145.674065
9.281279 21.481551
1.617005 94.996011
2.399074 132.222483
21.168724 130.658345
1.617005 125.496692
2.555488 88.895875
2.555488 132.066069
1.617005 74.818638
1.929833 149.271581
1.617005 145.830479
1.617005 84.829118
2.086247 53.233541
1.773419 117.050350
1.929833 140.981653
31.335617 143.015031
2.086247 43.692303
8.968451 19.917414
2.399074 37.435753
1.773419 47.759060
1.773419 140.668825
1.617005 1.773419
2.711902 43.535889
2.086247 24.922653
2.868315 64.808159
2.242660 22.732861
2.086247 58.864436
1.617005 114.547730
1.929833 137.384137
1.773419 42.597407
1.617005 122.368417
1.929833 87.800979
2.086247 51.825818
2.711902 78.728982
1.773419 148.958754
1.617005 14.286519
1.773419 55.423334
2.086247 45.725682
8.968451 19.604586
1.929833 86.862497
2.711902 142.702204
1.929833 76.695603
1.617005 151.304960
1.929833 4.119625
1.617005 54.484851
1.773419 118.458073
2.711902 71.377536
2.086247 144.109928
2.086247 120.647866
1.929833 21.168724
1.929833 147.707444
2.242660 97.811459
2.242660 54.172024
1.929833 65.903055
1.773419 94.526770
2.242660 64.651745
2.242660 114.078488
1.929833 127.373657
1.773419 138.322619
9.906934 94.839598
1.617005 99.688424
2.086247 91.711323
2.399074 122.524831
2.086247 147.551030
1.617005 24.609826
2.086247 143.797100
1.617005 147.394616
2.399074 45.882095
1.773419 147.238202
1.617005 146.299720
1.773419 31.648444
1.773419 98.124286
2.242660 54.328438
2.242660 61.210642
2.242660 84.672704
1.617005 71.846777
1.773419 29.615066
3.337557 70.595467
2.555488 44.474372
2.086247 2.399074
8.812038 21.637965
2.555488 70.439053
1.617005 17.571207
1.929833 62.931194
1.617005 69.813398
1.929833 97.967873
1.773419 38.374236
1.617005 138.166205
2.399074 51.669404
1.617005 42.910234
8.812038 20.855896
1.617005 84.516290
1.617005 87.488152
2.242660 84.359877
2.868315 69.344157
8.342796 27.112446
1.617005 26.956032
2.711902 44.005130
2.399074 43.848717
1.773419 15.068587
2.086247 1.617005
8.029969 18.978931
1.773419 62.618366
2.399074 98.593528
2.086247 129.094208
2.242660 97.498631
1.617005 130.032690
2.242660 1.929833
1.617005 17.884035
1.617005 37.904994
1.617005 18.196862
13.348036 121.273521
1.929833 123.306899
1.617005 91.554909
2.086247 126.122347
1.773419 54.015610
1.617005 143.171445
1.773419 98.906355
1.617005 50.730921
1.617005 145.517651
2.086247 14.912174
1.773419 90.460013
1.773419 16.319897
1.773419 57.613126
2.086247 52.920714
1.617005 123.619727
2.399074 66.215882
1.617005 56.674644
2.711902 44.317958
1.773419 99.062769
1.617005 123.150486
8.968451 20.073827
1.773419 120.022211
1.929833 131.596828
2.868315 22.889275
1.773419 110.324559
1.617005 40.094787
2.555488 81.231602
1.617005 128.781381
2.399074 72.628846
1.773419 59.177264
1.617005 69.500571
1.773419 80.918774
2.399074 67.623606
2.399074 80.293119
1.617005 118.301660
1.773419 125.965933
2.399074 44.787199
1.929833 67.310778
1.617005 28.520170
1.617005 147.863857
1.617005 73.880156
2.086247 29.771480
2.086247 66.372296
1.617005 116.737522
1.929833 75.444293
1.773419 51.356576
2.086247 43.379475
2.555488 59.020850
2.555488 89.365117
1.773419 117.832418
1.617005 120.960693
1.773419 32.743341
1.617005 125.340278
1.773419 133.473793
1.929833 129.719863
2.242660 121.586348
14.599346 122.681244
2.086247 47.915474
1.617005 10.689003
2.086247 133.786620
1.773419 148.489512
1.929833 87.175324
1.617005 11.627485
8.968451 22.420033
2.086247 86.236842
2.242660 82.326498
2.086247 75.287879
1.773419 151.774201
1.617005 152.243442
2.399074 71.221122
1.617005 66.059469
1.617005 117.988832
1.617005 70.126226
1.617005 149.740822
8.342796 26.330377
1.617005 110.793800
1.617005 65.120986
1.929833 146.612548
1.773419 98.437114
1.617005 137.696964
1.773419 54.641265
1.617005 91.398495
1.773419 32.117686
1.929833 124.088968
1.773419 59.333677
1.773419 115.486212
1.617005 117.676005
1.773419 45.569268
1.617005 70.908295
1.617005 122.837658
1.617005 128.312139
1.617005 48.697543
1.617005 110.637386
2.086247 66.528710
2.242660 64.964572
1.773419 52.138645
1.773419 44.161544
1.617005 43.066648
1.929833 145.048410
2.399074 87.331738
1.773419 129.250622
1.617005 13.035209
2.086247 45.256440
2.242660 91.867737
1.617005 112.983592
1.929833 16.789139
2.086247 62.774780
1.929833 2.086247
1.773419 39.781959
1.617005 119.709383
1.617005 123.932554
1.773419 126.278761
1.617005 61.836297
1.773419 48.228302
2.868315 88.739462
1.773419 146.925375
8.812038 28.676583
1.617005 81.075188
2.086247 12.878795
1.929833 50.418094
1.773419 57.769540
2.868315 72.941673
1.617005 64.495331
1.617005 130.814759
1.617005 89.677944
9.437693 89.052289
2.242660 51.512990
1.617005 148.333099
1.617005 152.712684
1.617005 16.632725
1.773419 123.776141
1.617005 14.442932
1.617005 25.079067
1.929833 87.018910
2.086247 46.038509
2.399074 44.943613
1.617005 80.136706
2.555488 72.785260
1.617005 79.041809
10.063348 98.280700
1.773419 58.708022
1.773419 114.391316
1.617005 150.210064
1.617005 68.092847
2.868315 70.751881
1.617005 148.176685
1.617005 115.329798
1.773419 140.199584
1.929833 48.071888
1.617005 74.036570
8.186383 22.576447
11.940313 119.552970
1.617005 50.887335
1.929833 144.422755
1.617005 119.240142
1.617005 133.317379
1.617005 21.794378
1.617005 27.268860
1.773419 115.799040
1.617005 80.762361
1.773419 4.276039
1.617005 63.713262
3.024729 71.533950
8.029969 22.107206
2.086247 67.467192
5.058108 45.100027
1.617005 114.860557
1.617005 97.185804
1.617005 140.512411
1.929833 126.591588
2.399074 131.909655
1.773419 20.230241
1.773419 141.607308
1.773419 25.235481
2.242660 149.115167
1.617005 134.568689
1.617005 81.544429
3.337557 77.008431
1.617005 10.219761
1.617005 87.957393
1.773419 67.780020
1.617005 85.454773
13.660864 121.899176
1.617005 130.501932
1.617005 129.563449
1.617005 97.655045
2.399074 51.982231
2.399074 43.223062
1.617005 13.973691
1.617005 46.976992
2.086247 87.644565
1.617005 92.024150
1.617005 151.461374
1.773419 46.820578
1.617005 92.180564
1.617005 131.127587
10.219761 94.683184
2.399074 45.412854
1.617005 138.791860
1.773419 127.217243
1.617005 134.725103
2.868315 81.700843
1.617005 145.986893
1.773419 28.363756
1.773419 56.518230
11.314658 119.865797
2.086247 146.768961
1.617005 151.617787
1.617005 95.152425
1.617005 134.412275
1.617005 142.858618
1.773419 78.416154
1.617005 78.259741
1.617005 11.471071
2.399074 82.170084
1.773419 73.098087
1.617005 85.767600
1.617005 19.448172
2.086247 129.407035
1.617005 140.825239
1.773419 118.927315
1.617005 144.266341
1.773419 55.266920
1.617005 92.336978
1.617005 32.899754
1.929833 89.208703
1.617005 55.736161
1.929833 95.308839
1.617005 90.929254
1.617005 69.187743
1.773419 74.975052
1.617005 138.635446
1.617005 42.128165
1.617005 77.634086
1.617005 36.966512
1.617005 73.723742
1.617005 39.938373
1.617005 75.131466
1.773419 127.060829
1.617005 118.770901
2.242660 133.004552
1.617005 150.053650
1.617005 57.143885
1.617005 111.106627
1.617005 19.761000
1.617005 110.950214
1.617005 26.486791
1.617005 2.242660
1.617005 37.592167
1.617005 122.055589
1.617005 22.263620
1.617005 31.961272
1.773419 76.539189
1.617005 147.081789
1.617005 136.914895
1.617005 18.666104
1.617005 116.893936
1.773419 75.600707
1.617005 137.853378
1.617005 100.314079
1.617005 131.440414
1.617005 142.545790
1.617005 121.117107
1.617005 73.254501
1.929833 125.653106
2.399074 44.630785
1.617005 28.989411
1.617005 74.662225
1.773419 69.656985
1.617005 139.886756
1.617005 21.325137
1.617005 61.679884
1.617005 126.748002
1.617005 38.999891
1.617005 25.391895
2.086247 133.160965
1.617005 134.881517
1.617005 78.885396
1.617005 151.930615
1.617005 124.558209
1.617005 95.465253
1.617005 16.476311
1.617005 141.294480
1.617005 132.848138
1.617005 74.192983
1.617005 128.624967
1.617005 152.869097
1.617005 146.456134
1.617005 50.574508
1.617005 41.189683
1.929833 74.349397
1.617005 131.284000
1.617005 15.381415
1.773419 91.085668
1.617005 73.410915
12.722381 120.804279
1.617005 72.472432
1.617005 26.799618
1.617005 128.468553
1.617005 69.969812
1.617005 47.446233
1.617005 131.753242
1.617005 152.556270
1.617005 28.207342
1.929833 145.204824
1.617005 25.548308
1.617005 133.943034
1.617005 149.427995
1.617005 23.202102
1.617005 122.994072
1.617005 50.261680
1.617005 24.766240
9.124865 14.755760
1.617005 88.583048
1.773419 18.040449
1.617005 26.643205
1.617005 124.245382
1.617005 17.258380
1.617005 48.853956
1.617005 117.206763
1.617005 76.852017
1.617005 71.690363
1.617005 144.891996
1.617005 32.586927
1.617005 110.480972
1.617005 145.361238
1.617005 77.164844
1.617005 139.261101
1.617005 61.367056
1.617005 27.894515
1.617005 139.104688
1.617005 97.342218
1.617005 41.033269
