1.929833 40.876855
1.617005 4.276039
2.242660 63.713262
2.399074 44.005130
1.773419 72.316018
1.617005 91.711323
1.773419 84.047049
2.399074 52.920714
2.555488 53.233541
1.929833 52.764300
6.465831 38.687063
2.399074 69.656985
1.617005 17.884035
2.711902 62.149125
3.650384 69.031330
1.773419 38.374236
2.555488 64.651745
2.242660 41.033269
5.370935 38.217822
2.086247 91.867737
1.929833 86.393255
1.617005 111.732282
2.399074 38.843477
1.773419 85.767600
3.181143 71.377536
2.242660 71.690363
3.024729 71.064708
2.711902 68.249261
2.086247 43.692303
6.778659 38.530649
6.778659 37.122926
3.024729 66.059469
2.399074 70.751881
2.868315 60.584987
1.773419 61.836297
2.711902 65.433814
5.214521 37.904994
6.778659 36.966512
2.555488 91.085668
1.929833 67.623606
1.617005 86.236842
1.773419 64.495331
2.868315 71.221122
2.399074 44.787199
3.650384 69.187743
2.711902 71.533950
2.555488 80.605947
2.086247 66.372296
3.024729 61.210642
3.024729 62.305539
3.493970 70.126226
1.617005 83.890636
2.555488 41.346097
3.650384 68.874916
3.963211 70.439053
2.555488 44.317958
3.024729 69.813398
1.617005 142.702204
1.773419 91.242082
2.868315 81.075188
6.778659 36.810098
2.555488 69.344157
3.337557 68.718502
2.555488 61.367056
1.929833 75.913534
1.617005 82.170084
1.773419 63.556849
1.773419 76.695603
2.399074 68.092847
2.555488 60.741401
2.242660 70.595467
2.399074 61.054229
2.868315 44.474372
3.181143 69.969812
1.929833 65.120986
2.868315 61.992711
7.247900 36.653684
1.773419 65.590227
2.711902 41.971752
2.086247 67.780020
1.617005 85.141945
1.617005 82.013671
2.711902 41.658924
1.617005 39.469132
2.086247 64.338917
1.617005 39.156304
2.868315 66.215882
2.399074 41.502510
3.963211 70.282640
2.555488 38.999891
2.555488 78.416154
1.617005 84.359877
2.868315 69.500571
1.617005 85.298359
2.399074 41.815338
2.086247 76.539189
2.711902 80.918774
1.617005 80.293119
2.242660 53.546369
3.963211 68.562088
3.024729 37.435753
2.086247 78.885396
1.617005 84.829118
1.773419 47.759060
6.153004 36.497271
1.617005 4.588866
1.773419 1.617005
1.773419 76.852017
2.399074 80.762361
1.617005 84.985532
1.773419 68.405675
1.773419 75.287879
2.555488 67.936433
1.617005 39.312718
1.773419 60.428574
2.399074 78.572568
2.555488 44.943613
1.929833 73.410915
2.711902 44.630785
2.555488 45.100027
2.711902 80.449533
2.868315 70.908295
2.242660 84.672704
3.024729 76.069948
1.773419 71.846777
2.711902 65.277400
1.929833 62.461952
2.711902 42.440993
6.153004 37.279339
2.086247 50.887335
3.493970 42.128165
1.773419 83.421394
1.617005 111.888696
2.868315 86.706083
2.399074 80.136706
1.773419 4.119625
1.773419 66.528710
1.617005 19.291759
3.024729 64.808159
1.617005 142.545790
2.868315 81.231602
1.617005 90.772840
1.773419 83.264981
1.617005 90.460013
1.617005 85.454773
2.086247 60.897815
1.929833 64.964572
1.617005 91.398495
1.929833 43.223062
1.617005 50.574508
2.086247 41.189683
1.617005 83.108567
2.242660 86.862497
1.929833 52.138645
1.773419 64.026090
3.181143 90.929254
1.617005 111.575868
2.711902 63.869676
2.086247 86.549669
1.617005 37.748581
1.617005 66.841537
2.555488 44.161544
2.868315 61.679884
1.617005 33.368996
1.929833 50.730921
1.617005 38.061408
1.617005 42.753820
1.617005 96.716563
1.773419 76.226362
2.086247 42.910234
1.617005 84.516290
1.773419 84.203463
1.617005 86.080428
1.617005 54.328438
1.617005 72.472432
1.773419 43.535889
1.617005 73.567328
1.773419 82.639326
1.617005 4.432453
2.242660 53.389955
1.617005 20.543069
1.617005 33.681823
1.617005 50.418094
1.929833 62.774780
1.617005 76.382776
1.617005 75.757121
1.617005 21.950792
1.617005 43.379475
1.617005 79.354637
1.773419 51.043749
2.399074 64.182504
2.711902 74.036570
1.929833 82.482912
1.617005 37.592167
1.617005 2.086247
1.617005 21.481551
1.929833 61.523470
1.617005 49.323198
1.617005 51.825818
1.773419 45.256440
1.617005 63.244021
1.617005 75.444293
1.617005 65.903055
1.617005 79.511051
1.617005 40.720442
1.617005 73.723742
1.617005 75.600707
1.617005 43.848717
2.086247 53.077128
1.617005 1.773419
1.617005 79.980292
1.617005 73.880156
1.617005 22.263620
1.617005 81.700843
1.617005 90.616427
1.617005 49.636025
