17.884035 153.338339
36.340857 142.076549
13.348036 158.656406
28.207342 141.607308
11.940313 143.015031
25.861136 142.232963
27.581687 138.479033
29.302238 153.807580
39.625545 141.920135
2.711902 122.524831
28.989411 140.199584
35.402374 139.886756
3.181143 127.373657
40.094787 140.355998
27.425273 139.730343
28.050928 142.389376
33.838237 138.948274
19.291759 137.384137
1.617005 127.217243
18.196862 142.858618
17.727621 158.499992
20.386655 137.696964
22.107206 142.545790
18.353276 159.438475
20.386655 158.812820
14.599346 153.651166
13.973691 143.171445
32.743341 158.343578
11.158244 136.914895
33.994651 138.166205
23.202102 142.702204
1.929833 126.278761
2.086247 159.907716
1.773419 129.250622
14.442932 159.594888
2.399074 121.742762
23.045688 141.763721
2.399074 124.714623
2.711902 134.568689
1.773419 135.037930
39.625545 154.120407
9.124865 136.602068
21.168724 159.125647
17.571207 137.071309
1.617005 133.473793
21.168724 159.282061
2.555488 135.976413
1.617005 135.663585
1.929833 133.943034
2.399074 120.491452
1.617005 130.032690
2.399074 133.160965
2.399074 123.619727
3.806798 143.327859
1.617005 128.624967
2.242660 124.245382
14.286519 158.969233
1.617005 123.150486
13.973691 153.494752
2.086247 132.691724
2.086247 129.563449
1.773419 126.591588
1.773419 120.335038
15.537829 159.751302
1.773419 119.865797
2.399074 131.127587
3.493970 131.284000
2.242660 133.786620
2.555488 125.809519
2.242660 131.596828
1.617005 129.407035
1.617005 129.719863
1.617005 130.971173
2.555488 127.530071
2.868315 153.181925
2.086247 120.960693
2.242660 127.842898
1.617005 128.312139
2.555488 128.781381
2.399074 126.435174
1.773419 124.088968
2.711902 127.999312
1.617005 134.255862
1.617005 128.937794
3.493970 122.212003
2.242660 121.586348
1.617005 132.066069
1.617005 120.178624
1.929833 135.350758
3.493970 126.122347
2.242660 132.535310
2.868315 132.222483
1.617005 126.904416
3.337557 131.440414
2.242660 125.965933
1.617005 125.496692
1.773419 133.317379
1.617005 133.004552
1.617005 127.060829
1.773419 130.501932
1.617005 132.848138
2.711902 123.776141
1.617005 121.273521
1.617005 128.155726
2.086247 123.463313
1.617005 121.899176
1.773419 122.368417
2.555488 123.306899
1.617005 126.748002
1.617005 125.340278
1.617005 132.378897
2.399074 130.814759
1.617005 125.183864
