8.812038 158.656406
28.832997 158.030751
32.899754 159.282061
2.868315 128.781381
28.989411 145.830479
35.089547 154.276821
40.407614 145.361238
2.868315 140.512411
2.555488 128.468553
17.727621 146.143306
23.514930 158.343578
2.868315 123.932554
36.653684 145.517651
2.399074 130.345518
3.024729 124.401796
31.804858 146.299720
26.956032 158.187165
34.151064 153.963994
24.609826 145.986893
32.274099 144.891996
3.024729 121.586348
2.086247 120.178624
2.399074 120.960693
2.086247 122.837658
2.711902 122.524831
2.711902 129.876277
2.242660 122.055589
3.024729 129.719863
2.555488 124.088968
2.711902 127.373657
35.402374 154.120407
3.181143 121.742762
2.086247 133.160965
2.399074 123.463313
3.493970 129.094208
3.337557 131.440414
3.337557 128.937794
2.555488 124.245382
1.929833 137.696964
2.868315 122.994072
12.722381 158.969233
2.868315 130.501932
2.242660 128.312139
19.448172 153.651166
1.773419 138.791860
3.024729 125.027451
2.711902 131.909655
1.617005 136.445654
2.555488 126.435174
8.812038 146.456134
2.242660 122.212003
2.086247 146.768961
2.086247 133.317379
2.399074 139.261101
1.617005 153.338339
1.617005 127.842898
2.086247 120.335038
3.181143 123.150486
2.555488 131.753242
32.430513 158.499992
2.399074 135.663585
3.806798 125.496692
33.368996 159.125647
2.086247 140.668825
2.242660 120.491452
2.242660 123.619727
1.617005 135.507172
3.024729 122.368417
2.242660 130.032690
1.773419 131.596828
2.711902 121.899176
2.399074 127.217243
1.617005 131.127587
2.555488 134.568689
2.086247 137.384137
1.617005 134.412275
1.617005 159.907716
3.493970 126.904416
1.617005 134.725103
21.794378 153.807580
2.242660 132.691724
2.086247 128.155726
3.024729 121.273521
1.617005 137.071309
2.711902 120.804279
2.555488 124.871037
1.929833 134.255862
3.181143 127.686484
2.868315 125.183864
2.242660 126.591588
1.773419 132.222483
3.493970 159.438475
2.242660 139.417515
2.555488 121.429934
2.242660 139.886756
3.337557 126.748002
3.337557 125.965933
1.617005 129.250622
1.617005 127.530071
2.086247 134.099448
2.711902 123.776141
1.617005 130.971173
2.868315 132.848138
5.996590 146.612548
2.711902 159.594888
11.940313 158.812820
3.181143 135.819999
2.242660 139.104688
2.711902 130.189104
2.868315 128.624967
1.773419 122.681244
1.773419 140.043170
2.399074 124.558209
2.086247 127.060829
1.617005 132.066069
2.242660 138.948274
2.399074 130.658345
3.650384 133.786620
2.086247 132.535310
1.617005 139.730343
1.929833 124.714623
2.086247 138.009792
1.773419 140.355998
1.617005 133.630207
1.617005 160.064130
1.773419 136.914895
1.929833 121.117107
2.086247 125.809519
1.617005 137.227723
1.617005 126.122347
2.242660 140.199584
1.617005 135.976413
1.773419 123.306899
2.242660 133.943034
1.617005 135.037930
2.086247 120.647866
1.617005 139.573929
7.873555 153.494752
1.617005 133.004552
2.086247 125.653106
1.617005 129.563449
1.617005 134.881517
1.617005 135.194344
1.773419 138.635446
2.399074 125.340278
1.617005 126.278761
1.617005 127.999312
1.617005 129.407035
