3.806798 122.837658
2.086247 129.876277
2.868315 135.350758
2.399074 123.932554
2.868315 136.445654
2.868315 126.591588
35.402374 143.484273
3.806798 132.378897
3.024729 127.530071
23.202102 153.963994
2.711902 143.953514
16.163484 143.171445
31.804858 143.640686
3.963211 133.004552
31.335617 154.120407
16.476311 159.282061
1.773419 131.753242
3.337557 125.027451
2.555488 121.429934
6.935073 159.594888
13.035209 153.651166
2.086247 128.937794
16.632725 159.125647
29.927893 158.812820
2.086247 127.060829
3.024729 130.971173
20.386655 153.807580
2.711902 126.435174
16.789139 158.969233
3.337557 123.776141
3.024729 121.899176
3.493970 128.155726
3.337557 121.273521
3.806798 123.150486
3.493970 129.563449
1.617005 161.315440
2.086247 130.189104
2.711902 121.742762
35.715202 158.656406
3.024729 125.496692
2.868315 123.619727
3.493970 128.781381
7.560728 153.494752
3.806798 127.999312
8.186383 159.438475
2.555488 129.407035
1.773419 129.719863
3.337557 134.099448
1.617005 126.122347
3.650384 133.473793
2.555488 122.681244
2.711902 124.558209
3.963211 129.250622
1.617005 137.227723
2.555488 133.943034
3.493970 125.809519
7.404314 159.751302
1.929833 130.501932
2.868315 122.368417
3.337557 128.468553
2.399074 135.037930
3.337557 124.401796
3.181143 133.786620
3.181143 125.965933
2.086247 134.412275
3.963211 132.848138
2.242660 134.881517
1.617005 130.814759
3.337557 131.909655
1.617005 137.540550
1.617005 135.663585
3.024729 120.647866
2.242660 133.630207
2.555488 122.212003
4.119625 132.066069
2.555488 134.255862
1.617005 134.568689
2.242660 132.535310
3.650384 124.871037
1.617005 160.533371
3.024729 137.071309
1.617005 133.317379
2.555488 136.602068
2.242660 120.491452
1.773419 134.725103
4.119625 123.306899
3.806798 125.340278
2.555488 120.960693
2.399074 124.088968
2.399074 136.132827
1.617005 128.312139
3.493970 137.384137
3.963211 123.463313
5.058108 153.338339
2.399074 130.345518
2.868315 125.183864
3.963211 122.524831
2.242660 160.064130
2.868315 124.245382
2.399074 136.289240
1.773419 120.178624
2.711902 159.907716
2.086247 120.022211
2.555488 126.278761
2.399074 121.586348
1.617005 144.891996
3.181143 136.914895
2.242660 160.376957
1.773419 135.976413
3.493970 143.797100
1.929833 144.109928
2.399074 133.160965
3.493970 122.994072
2.555488 126.748002
1.929833 127.217243
2.086247 131.440414
2.399074 127.373657
1.617005 131.596828
1.929833 132.691724
3.963211 135.819999
3.181143 127.686484
3.493970 127.842898
1.617005 125.653106
2.086247 135.507172
1.617005 131.127587
1.617005 130.032690
1.617005 160.220543
2.868315 136.758482
1.617005 126.904416
1.617005 121.117107
1.929833 120.804279
1.617005 132.222483
1.617005 124.714623
2.242660 128.624967
1.617005 120.335038
1.617005 135.194344
1.617005 129.094208
