13.660864 158.969233
2.555488 128.781381
20.699482 143.015031
34.307478 142.545790
2.868315 131.753242
3.181143 134.099448
2.399074 131.127587
2.555488 127.060829
3.493970 135.350758
39.781959 153.963994
1.617005 124.401796
33.994651 153.807580
13.348036 143.327859
2.711902 132.691724
2.242660 127.373657
26.330377 142.858618
2.242660 124.871037
34.620306 142.389376
3.493970 134.725103
28.676583 142.702204
14.130105 143.171445
13.660864 153.651166
2.711902 134.881517
3.650384 136.132827
2.711902 136.445654
2.868315 131.284000
2.086247 128.155726
2.555488 136.758482
2.086247 125.653106
2.868315 128.468553
11.001830 153.494752
3.650384 134.412275
2.086247 132.535310
3.337557 134.255862
2.555488 129.876277
2.242660 122.681244
2.399074 137.227723
3.806798 132.066069
9.437693 143.484273
2.555488 127.842898
3.337557 132.222483
2.555488 130.345518
3.493970 130.971173
2.399074 125.496692
1.617005 159.907716
11.627485 159.282061
2.868315 128.937794
3.181143 125.965933
15.225001 159.125647
2.399074 127.530071
2.399074 131.596828
2.399074 133.160965
2.086247 143.640686
3.024729 129.563449
2.399074 135.507172
2.242660 132.848138
2.242660 130.032690
2.711902 136.602068
2.711902 133.473793
2.242660 122.524831
3.493970 133.317379
2.555488 126.904416
2.868315 127.999312
2.555488 137.071309
3.650384 133.943034
3.024729 127.217243
1.929833 132.378897
2.555488 125.183864
3.493970 135.037930
2.242660 130.501932
2.399074 130.814759
1.773419 159.751302
2.242660 130.189104
2.868315 135.663585
1.617005 153.338339
3.024729 131.440414
2.399074 126.748002
2.711902 133.004552
2.086247 143.797100
3.493970 136.289240
1.617005 135.819999
1.617005 125.809519
3.650384 131.909655
1.929833 134.568689
1.929833 135.976413
3.024729 125.340278
3.181143 129.719863
37.904994 159.594888
2.868315 136.914895
2.555488 129.407035
2.555488 124.714623
2.399074 128.312139
1.929833 133.786620
2.399074 128.624967
1.617005 122.837658
1.617005 126.278761
1.929833 126.122347
3.337557 153.181925
1.617005 129.094208
1.929833 126.435174
3.650384 133.630207
2.555488 130.658345
1.617005 129.250622
1.929833 122.368417
2.242660 137.384137
2.399074 126.591588
1.617005 125.027451
1.617005 127.686484
