18.666104 158.656406
10.532589 159.282061
18.666104 153.807580
2.868315 145.674065
37.592167 154.276821
4.276039 131.440414
3.181143 129.876277
2.711902 127.373657
3.024729 122.681244
38.217822 141.607308
33.681823 158.030751
3.493970 125.027451
3.650384 124.401796
2.242660 129.563449
25.861136 140.355998
1.929833 127.530071
25.548308 144.579169
3.337557 122.368417
3.024729 120.960693
25.391895 145.048410
2.086247 136.602068
3.650384 129.719863
32.274099 145.204824
30.397135 140.668825
2.711902 120.491452
1.617005 136.914895
14.599346 159.125647
3.337557 128.155726
2.086247 125.809519
2.086247 133.160965
2.868315 128.781381
29.145825 145.361238
3.963211 122.212003
3.181143 129.094208
3.493970 129.407035
2.711902 134.568689
3.806798 121.742762
3.493970 124.088968
3.493970 132.535310
3.650384 130.032690
2.711902 128.312139
1.617005 135.194344
3.024729 122.837658
25.235481 158.187165
2.242660 131.284000
2.711902 120.647866
2.711902 133.473793
2.399074 126.435174
3.963211 121.586348
1.929833 127.842898
2.086247 127.217243
15.225001 158.969233
1.773419 121.117107
2.086247 135.663585
2.711902 138.166205
2.086247 125.653106
3.650384 124.245382
1.773419 121.273521
1.929833 127.686484
3.181143 130.971173
2.086247 135.037930
14.286519 153.651166
1.773419 122.994072
2.399074 125.496692
1.773419 128.937794
2.711902 134.412275
2.711902 120.804279
1.617005 133.004552
3.024729 124.871037
1.773419 135.507172
1.773419 121.899176
32.743341 158.812820
2.399074 123.619727
3.963211 132.222483
2.555488 132.691724
3.963211 132.848138
3.806798 124.714623
3.181143 129.250622
1.617005 138.635446
1.773419 138.322619
3.493970 123.150486
1.617005 122.524831
3.337557 123.932554
2.242660 134.255862
1.617005 145.986893
1.617005 145.830479
3.181143 123.463313
2.711902 136.758482
2.086247 127.060829
3.181143 136.289240
2.399074 126.278761
2.086247 159.594888
1.773419 122.055589
3.337557 125.965933
2.242660 126.904416
1.617005 138.948274
1.617005 135.976413
2.242660 130.345518
3.806798 125.183864
3.024729 159.438475
3.024729 133.630207
1.929833 138.791860
2.399074 137.696964
2.868315 126.122347
2.711902 137.853378
1.617005 128.468553
1.617005 132.378897
1.773419 133.943034
3.181143 138.479033
2.711902 123.776141
1.773419 126.748002
1.617005 139.104688
1.617005 136.132827
2.242660 123.306899
1.617005 134.099448
2.868315 124.558209
1.617005 131.596828
1.617005 130.501932
1.617005 127.999312
3.650384 126.591588
1.617005 133.317379
1.617005 120.335038
2.711902 133.786620
1.617005 131.127587
1.617005 136.445654
1.617005 120.022211
1.617005 135.819999
1.617005 125.340278
2.555488 119.865797
1.929833 131.909655
1.617005 130.658345
1.617005 128.624967
1.617005 121.429934
1.617005 135.350758
1.617005 139.417515
