1.929833 66.528710
13.191622 36.497271
1.773419 69.344157
1.929833 18.353276
2.555488 102.347457
5.370935 93.431874
1.773419 33.681823
2.086247 38.217822
2.086247 53.702783
2.086247 74.975052
2.711902 34.307478
2.399074 74.818638
1.617005 96.090908
1.773419 27.425273
1.617005 93.588288
1.929833 96.247321
1.773419 54.954093
2.399074 102.660285
2.086247 33.994651
1.617005 64.182504
1.773419 19.291759
2.086247 52.451473
1.617005 34.933133
2.242660 102.816699
12.722381 36.810098
1.617005 53.389955
1.617005 117.050350
1.929833 36.184443
2.242660 34.776719
2.086247 74.662225
1.773419 100.626906
2.086247 102.034630
1.773419 101.878216
2.242660 102.191044
1.617005 31.335617
2.086247 33.525409
12.409554 36.653684
1.929833 35.558788
1.617005 24.922653
1.773419 80.605947
2.086247 27.268860
6.309418 36.966512
1.773419 19.135345
1.617005 26.799618
1.929833 27.738101
2.242660 35.402374
1.617005 93.119047
2.399074 34.151064
1.773419 74.036570
2.086247 26.956032
2.555488 27.112446
1.617005 62.149125
1.929833 37.279339
2.399074 28.989411
1.617005 92.962633
2.399074 34.620306
1.773419 63.556849
1.929833 52.920714
1.773419 59.490091
2.086247 80.762361
5.996590 37.122926
1.617005 62.618366
6.153004 38.061408
1.617005 27.894515
1.617005 53.859196
1.617005 16.789139
1.617005 117.206763
2.086247 79.511051
2.399074 53.077128
3.963211 62.461952
1.617005 90.303599
1.929833 37.748581
2.242660 28.676583
1.617005 24.766240
1.617005 53.233541
1.617005 14.912174
2.399074 53.546369
2.086247 75.287879
1.929833 35.715202
1.773419 59.959332
1.773419 75.131466
1.617005 55.266920
1.773419 116.893936
1.617005 29.927893
2.399074 36.340857
1.617005 90.616427
1.617005 116.737522
1.773419 51.512990
1.617005 54.172024
2.086247 34.463892
1.617005 35.089547
1.617005 35.871616
1.617005 63.713262
1.617005 32.117686
2.711902 102.503871
1.617005 26.017550
1.617005 52.764300
1.617005 65.277400
1.617005 30.240721
1.773419 70.282640
1.617005 61.992711
1.617005 51.825818
5.683763 37.904994
1.617005 25.079067
1.617005 59.333677
2.242660 55.110506
1.617005 30.553548
1.773419 33.838237
1.617005 16.632725
2.086247 102.973112
1.617005 14.599346
1.617005 80.136706
1.617005 15.850656
1.617005 62.931194
1.617005 14.755760
1.617005 96.560149
1.617005 79.823878
1.617005 16.163484
1.617005 28.520170
1.617005 37.592167
1.617005 19.761000
1.773419 32.743341
2.086247 52.607886
1.617005 65.590227
2.242660 28.832997
1.617005 54.015610
1.617005 31.179203
1.617005 38.374236
1.617005 69.656985
1.617005 103.129526
1.617005 61.836297
1.617005 33.212582
1.617005 33.368996
1.617005 79.667464
1.617005 81.388016
1.617005 116.424695
1.617005 64.651745
1.617005 20.073827
1.617005 29.145825
1.617005 18.509690
1.617005 26.173963
1.617005 31.022789
1.617005 73.880156
1.617005 15.537829
1.617005 35.245961
1.617005 117.363177
