1.773419 73.567328
3.181143 87.331738
1.617005 67.780020
2.711902 82.013671
2.555488 67.154365
9.594106 32.743341
2.242660 37.435753
1.929833 62.149125
2.555488 38.374236
1.617005 64.651745
1.617005 77.790499
2.555488 65.590227
1.617005 88.270220
1.929833 86.393255
1.929833 75.131466
2.555488 76.695603
2.555488 76.069948
2.242660 67.310778
2.399074 38.530649
1.617005 70.439053
2.711902 61.836297
2.868315 88.113807
1.929833 94.839598
2.086247 73.723742
1.773419 121.742762
2.086247 76.852017
1.617005 27.425273
2.242660 31.961272
5.683763 36.653684
1.773419 31.804858
1.773419 31.648444
1.617005 30.553548
1.617005 44.787199
1.617005 66.372296
4.432453 87.644565
2.086247 121.429934
2.086247 81.544429
5.840176 36.810098
3.181143 87.488152
2.086247 32.117686
1.929833 79.823878
2.399074 70.908295
1.617005 84.672704
2.555488 62.461952
2.868315 75.600707
2.555488 67.467192
2.555488 70.595467
1.773419 25.704722
2.711902 61.992711
1.773419 34.307478
2.399074 61.679884
1.617005 17.727621
2.242660 95.308839
2.086247 81.388016
3.493970 87.800979
2.399074 77.008431
1.617005 7.247900
1.929833 95.621666
2.086247 76.539189
1.929833 67.623606
1.773419 79.041809
2.086247 66.997951
2.086247 73.880156
1.617005 98.124286
1.617005 81.075188
2.555488 77.164844
2.086247 86.706083
2.399074 80.293119
1.773419 78.103327
1.617005 26.173963
2.555488 37.748581
1.617005 96.247321
1.773419 92.336978
2.555488 86.080428
2.086247 36.184443
1.773419 77.321258
2.399074 75.287879
1.617005 34.151064
2.086247 74.662225
1.617005 80.762361
2.868315 75.757121
2.555488 70.751881
1.617005 29.145825
1.773419 92.024150
1.617005 23.514930
2.555488 87.957393
1.773419 79.980292
1.617005 84.829118
2.242660 61.523470
1.617005 28.989411
2.868315 65.903055
1.773419 64.808159
1.773419 33.056168
1.617005 78.259741
1.773419 36.340857
1.617005 82.170084
1.773419 80.605947
1.617005 7.404314
9.124865 28.676583
2.242660 86.549669
1.617005 77.946913
2.242660 95.465253
2.086247 74.818638
1.617005 6.935073
1.617005 37.279339
3.024729 87.175324
1.617005 77.477672
1.617005 32.430513
1.617005 11.158244
1.773419 71.377536
1.617005 116.581108
2.399074 66.215882
1.617005 76.382776
1.617005 32.586927
1.617005 31.492031
1.617005 95.152425
1.773419 74.349397
1.929833 92.180564
1.617005 71.221122
1.617005 73.098087
1.617005 98.437114
2.555488 79.198223
1.929833 80.449533
1.617005 104.224422
1.617005 16.163484
1.617005 81.700843
2.242660 76.226362
1.617005 86.236842
1.929833 81.857257
4.745280 36.497271
1.617005 104.068009
1.773419 28.832997
2.086247 121.586348
1.617005 74.975052
1.617005 27.581687
1.773419 75.913534
1.617005 44.005130
1.617005 21.168724
4.745280 37.592167
1.617005 16.632725
1.617005 66.841537
1.617005 9.750520
1.929833 74.192983
1.617005 27.894515
1.617005 64.495331
1.929833 85.924014
1.617005 71.064708
2.242660 65.746641
1.617005 37.122926
1.929833 79.667464
1.617005 73.410915
1.617005 77.634086
1.617005 80.136706
1.617005 86.862497
1.617005 94.996011
1.617005 21.325137
2.086247 71.533950
2.399074 62.305539
1.617005 84.203463
1.617005 31.022789
1.617005 44.943613
1.617005 98.593528
1.617005 38.217822
1.617005 38.687063
