4.276039 41.815338
1.617005 43.692303
2.242660 70.595467
6.935073 38.843477
4.588866 41.502510
3.493970 71.533950
6.778659 36.810098
2.242660 68.405675
2.086247 79.511051
2.086247 54.328438
5.527349 37.435753
4.119625 41.971752
3.650384 71.377536
1.617005 71.690363
2.555488 61.679884
1.617005 68.249261
4.119625 70.751881
2.086247 71.064708
1.617005 78.885396
3.024729 71.846777
1.617005 79.667464
7.404314 38.999891
1.929833 61.210642
3.181143 71.221122
2.242660 72.785260
1.617005 82.482912
2.242660 69.031330
4.901694 45.100027
7.247900 39.156304
6.622245 39.312718
1.773419 4.276039
1.617005 45.256440
1.773419 61.054229
1.617005 42.284579
2.086247 44.161544
5.058108 44.630785
2.711902 69.813398
7.247900 37.279339
5.996590 41.658924
1.617005 53.233541
1.929833 4.119625
1.929833 43.848717
2.868315 39.469132
1.617005 62.305539
6.309418 38.530649
2.242660 44.474372
2.242660 44.943613
1.617005 37.592167
2.086247 43.535889
2.086247 51.200163
1.773419 33.838237
1.773419 78.728982
1.617005 62.149125
1.929833 61.836297
2.399074 60.897815
1.929833 44.005130
2.086247 44.787199
1.617005 68.562088
1.773419 99.062769
1.617005 70.908295
1.773419 36.966512
1.617005 72.628846
1.617005 86.393255
1.617005 36.653684
1.617005 54.484851
1.617005 38.374236
1.617005 42.910234
2.242660 61.367056
1.929833 81.857257
1.773419 50.887335
1.617005 42.440993
1.617005 41.189683
1.617005 37.748581
6.622245 38.687063
2.086247 70.126226
2.242660 68.874916
1.617005 51.982231
1.617005 79.198223
1.617005 82.170084
1.617005 52.138645
1.617005 37.122926
1.773419 61.992711
1.617005 81.700843
1.617005 41.346097
1.929833 44.317958
1.617005 51.043749
1.617005 4.588866
1.617005 69.969812
2.086247 68.718502
1.617005 76.226362
2.086247 61.523470
1.617005 69.187743
1.617005 82.013671
1.617005 76.069948
1.617005 70.439053
1.617005 43.066648
1.617005 43.223062
1.617005 54.172024
