2.711902 90.929254
18.509690 38.687063
2.086247 95.778080
1.929833 86.393255
3.181143 44.630785
2.555488 77.321258
2.555488 95.465253
2.555488 80.449533
14.755760 38.843477
1.617005 88.895875
3.337557 62.461952
1.617005 70.282640
6.309418 37.592167
1.617005 65.277400
1.617005 84.829118
2.242660 52.295059
2.242660 62.618366
2.399074 75.757121
6.935073 37.435753
2.242660 17.258380
5.683763 36.810098
2.555488 88.739462
6.622245 37.122926
1.773419 54.797679
2.086247 42.597407
2.242660 50.261680
2.399074 38.217822
2.711902 87.800979
2.399074 95.152425
2.086247 53.859196
2.399074 51.825818
1.773419 95.621666
1.929833 74.505811
1.773419 81.544429
2.555488 90.616427
1.617005 19.604586
2.399074 75.131466
2.711902 67.780020
2.711902 45.412854
1.929833 79.041809
2.242660 67.310778
2.555488 63.244021
1.617005 43.692303
3.337557 61.836297
2.399074 100.783320
2.242660 78.728982
3.024729 45.256440
2.399074 96.090908
1.773419 74.349397
1.773419 121.742762
1.617005 76.852017
1.617005 103.755181
2.555488 80.293119
2.399074 78.103327
1.929833 86.236842
3.024729 62.774780
2.555488 54.484851
1.617005 18.666104
2.555488 61.210642
1.617005 71.064708
2.711902 67.936433
2.711902 75.600707
2.242660 43.848717
4.119625 62.305539
6.309418 36.966512
2.086247 51.669404
2.086247 95.934494
2.555488 88.583048
2.555488 78.416154
2.399074 78.259741
2.242660 18.822517
2.399074 86.080428
1.617005 81.857257
2.242660 44.005130
2.399074 85.924014
1.617005 53.702783
1.773419 141.920135
2.399074 61.054229
1.617005 99.219183
2.242660 74.662225
6.935073 37.279339
2.868315 61.992711
2.555488 44.161544
6.465831 38.374236
1.929833 87.644565
2.086247 78.572568
2.242660 91.242082
1.773419 50.887335
2.242660 80.136706
1.617005 37.748581
1.617005 82.326498
2.086247 120.178624
2.399074 52.920714
3.024729 62.149125
2.399074 52.764300
2.242660 89.365117
1.617005 64.026090
2.086247 69.813398
1.617005 20.855896
1.617005 98.124286
2.086247 20.230241
2.086247 88.426634
1.617005 120.022211
3.181143 61.679884
1.929833 90.303599
1.773419 45.725682
5.527349 45.100027
1.617005 69.500571
1.617005 76.226362
2.242660 74.192983
2.242660 85.767600
2.086247 53.546369
3.024729 44.787199
3.806798 63.400435
1.773419 82.013671
1.617005 84.985532
2.086247 104.068009
1.773419 119.083728
1.617005 29.771480
1.773419 41.346097
1.929833 43.223062
1.773419 17.414794
1.617005 49.948853
2.399074 54.015610
1.773419 84.672704
1.617005 18.509690
2.399074 74.975052
2.555488 54.172024
3.337557 62.931194
3.024729 44.474372
2.399074 53.077128
1.617005 17.884035
2.868315 94.996011
1.773419 121.429934
2.399074 54.641265
2.399074 91.085668
5.214521 44.943613
2.086247 88.270220
2.086247 68.405675
1.617005 85.141945
2.242660 67.467192
2.399074 101.096148
1.929833 43.066648
1.773419 21.950792
1.773419 21.325137
2.399074 64.651745
1.617005 94.213943
2.086247 100.626906
2.399074 90.772840
2.086247 45.569268
2.242660 90.460013
1.773419 85.454773
2.399074 78.885396
3.963211 63.087607
1.617005 66.841537
2.086247 71.846777
2.711902 75.444293
2.242660 96.560149
1.617005 38.530649
1.773419 120.335038
1.617005 18.978931
1.773419 32.743341
1.773419 96.716563
1.773419 99.688424
1.617005 89.052289
1.773419 79.980292
3.024729 61.523470
1.773419 81.700843
1.773419 21.168724
2.242660 51.512990
1.617005 42.753820
2.711902 44.317958
2.555488 61.367056
1.617005 118.614487
1.617005 71.533950
1.929833 75.913534
2.399074 53.233541
2.399074 53.389955
2.242660 69.656985
2.086247 20.386655
1.617005 41.189683
1.773419 32.430513
1.617005 90.147185
2.555488 54.328438
2.086247 64.964572
1.617005 98.280700
2.086247 95.308839
1.617005 40.876855
1.617005 40.720442
1.617005 50.730921
1.617005 104.224422
2.555488 51.982231
1.617005 91.554909
2.086247 50.418094
1.773419 77.164844
1.617005 86.549669
2.086247 68.249261
2.086247 101.252561
2.242660 67.623606
2.399074 75.287879
1.617005 63.556849
2.399074 68.092847
2.242660 74.036570
1.617005 118.927315
2.086247 52.138645
1.617005 43.535889
2.242660 21.794378
1.929833 18.196862
1.617005 101.565389
1.617005 41.033269
1.617005 88.113807
1.617005 87.488152
1.929833 80.605947
1.773419 73.880156
1.929833 43.379475
1.617005 117.519591
1.929833 21.637965
1.617005 52.607886
1.617005 142.389376
1.617005 70.126226
1.617005 66.059469
1.617005 65.433814
2.399074 100.939734
1.617005 20.699482
1.617005 66.528710
1.617005 89.208703
1.929833 87.957393
1.617005 82.639326
1.617005 23.671343
1.617005 80.918774
1.929833 80.762361
1.617005 82.170084
2.086247 85.611187
1.617005 60.741401
1.617005 52.451473
1.617005 16.163484
1.617005 74.818638
1.617005 42.440993
1.617005 94.839598
2.399074 96.403735
1.617005 77.477672
1.617005 117.363177
1.617005 30.240721
1.617005 98.593528
1.617005 17.101966
1.617005 142.545790
1.617005 22.263620
1.617005 22.107206
1.617005 76.539189
1.617005 66.997951
1.617005 141.763721
1.617005 64.808159
1.617005 50.574508
1.617005 16.319897
1.617005 18.040449
