8.655624 24.296998
2.242660 50.105266
1.773419 107.196284
1.773419 86.080428
2.399074 80.449533
1.617005 142.232963
1.929833 113.609247
8.812038 22.107206
1.929833 57.925954
1.617005 17.727621
1.929833 71.846777
2.399074 155.528131
2.086247 75.757121
2.868315 38.374236
8.655624 24.922653
1.617005 37.279339
1.929833 98.124286
1.929833 123.306899
1.617005 41.033269
2.711902 77.790499
1.929833 65.590227
2.399074 50.261680
1.773419 46.820578
2.086247 107.821939
1.773419 28.520170
2.086247 84.203463
2.868315 77.634086
2.242660 55.423334
1.773419 119.709383
8.499210 17.101966
1.929833 90.616427
2.242660 49.792439
2.242660 75.131466
1.773419 86.862497
2.086247 72.941673
1.773419 79.823878
1.773419 79.041809
1.929833 76.069948
1.773419 81.857257
1.617005 58.551609
1.929833 54.484851
3.024729 61.210642
1.617005 118.458073
1.617005 15.850656
1.617005 54.172024
1.617005 123.463313
1.773419 42.753820
2.555488 65.746641
1.617005 100.783320
1.617005 28.050928
2.399074 61.836297
8.812038 28.832997
2.555488 51.356576
8.186383 25.704722
1.617005 114.078488
1.617005 24.140585
2.399074 23.671343
1.617005 79.354637
1.773419 46.976992
1.929833 78.728982
1.617005 117.519591
1.617005 14.286519
1.773419 121.586348
1.617005 94.996011
1.617005 121.742762
1.773419 99.688424
1.617005 46.194923
1.617005 77.164844
1.617005 21.012310
2.086247 57.769540
1.929833 27.894515
2.242660 45.412854
1.617005 86.236842
2.086247 54.328438
1.773419 84.672704
1.773419 60.897815
2.242660 70.595467
1.617005 98.280700
8.499210 21.637965
8.812038 26.330377
2.242660 155.215304
2.242660 69.813398
2.242660 38.061408
1.773419 2.555488
8.812038 19.135345
1.617005 64.808159
1.773419 100.470493
1.929833 100.314079
2.086247 81.075188
9.281279 22.732861
2.086247 78.259741
2.399074 40.407614
2.242660 69.344157
1.773419 49.636025
1.929833 40.251200
8.968451 23.045688
3.024729 77.008431
8.499210 26.956032
1.617005 102.347457
1.773419 26.486791
2.242660 53.233541
2.399074 76.695603
8.812038 15.068587
2.242660 79.667464
1.773419 1.617005
1.773419 62.618366
2.242660 38.217822
1.617005 119.552970
1.617005 65.120986
2.399074 1.929833
1.617005 154.276821
2.555488 2.086247
2.086247 91.554909
2.242660 54.015610
8.655624 25.391895
2.242660 44.005130
2.399074 67.780020
1.617005 90.460013
8.342796 26.017550
3.493970 109.073249
8.655624 20.855896
1.773419 85.454773
2.242660 52.920714
1.773419 84.829118
1.929833 52.764300
1.773419 62.461952
1.929833 120.647866
1.617005 67.154365
2.242660 66.215882
2.242660 73.880156
2.399074 69.656985
1.617005 14.912174
1.617005 24.766240
1.617005 64.651745
1.617005 109.229662
1.617005 115.955453
2.399074 100.626906
8.812038 26.799618
2.086247 100.001251
1.617005 28.363756
2.711902 61.679884
2.242660 88.113807
1.773419 81.544429
2.399074 45.725682
1.773419 50.418094
2.242660 69.500571
7.873555 16.476311
2.399074 75.913534
1.773419 71.690363
2.242660 79.980292
1.617005 71.064708
3.024729 61.523470
2.242660 51.512990
8.655624 25.079067
1.773419 19.761000
1.773419 75.444293
2.711902 65.903055
2.555488 16.632725
1.773419 44.317958
1.929833 23.827757
8.812038 22.889275
1.617005 51.043749
2.555488 77.477672
1.773419 49.948853
1.617005 142.858618
1.773419 76.852017
2.086247 107.978352
1.617005 31.961272
2.555488 86.706083
2.242660 142.545790
2.399074 80.293119
9.437693 22.420033
1.773419 45.882095
1.929833 78.103327
2.086247 2.711902
1.929833 26.643205
2.868315 61.367056
8.342796 26.173963
1.929833 75.600707
2.555488 109.855317
1.773419 120.491452
2.868315 66.059469
2.711902 53.077128
2.242660 51.200163
2.242660 1.773419
1.617005 99.375596
1.617005 94.839598
1.929833 63.869676
1.773419 91.398495
1.617005 113.452833
1.617005 113.922075
1.773419 124.088968
1.929833 44.630785
1.617005 15.537829
2.555488 80.605947
1.617005 85.924014
1.617005 85.767600
1.773419 16.319897
1.773419 67.467192
2.555488 61.054229
2.555488 52.295059
2.868315 63.087607
1.617005 116.424695
2.086247 97.498631
9.124865 19.917414
2.086247 52.138645
1.773419 44.161544
1.929833 43.066648
2.242660 100.157665
1.929833 50.887335
1.773419 24.453412
8.812038 19.291759
2.086247 77.946913
1.929833 87.957393
1.773419 80.918774
1.617005 39.156304
18.196862 2.399074
1.929833 122.837658
1.617005 116.268281
1.773419 154.902476
1.617005 28.676583
1.929833 53.859196
1.773419 40.094787
1.773419 23.514930
2.555488 18.353276
1.617005 74.192983
1.773419 76.539189
1.773419 120.960693
2.242660 66.372296
1.617005 28.989411
2.086247 18.978931
1.773419 13.973691
2.399074 51.669404
1.929833 50.574508
1.617005 41.189683
2.711902 80.762361
2.555488 73.098087
1.617005 85.611187
1.617005 62.931194
1.617005 67.936433
1.773419 39.312718
1.773419 124.245382
2.868315 22.576447
2.242660 61.992711
1.929833 25.548308
1.773419 155.058890
1.617005 79.198223
1.929833 87.644565
1.617005 81.388016
2.086247 91.711323
1.617005 95.778080
2.086247 77.321258
1.773419 70.908295
1.617005 110.324559
2.555488 2.242660
1.617005 120.022211
1.617005 38.530649
1.617005 64.964572
1.929833 62.149125
1.617005 97.185804
1.773419 29.302238
2.399074 87.488152
2.086247 90.772840
1.617005 40.564028
1.617005 14.755760
2.086247 142.702204
2.242660 76.382776
2.242660 67.310778
2.086247 110.011731
2.086247 53.389955
2.086247 43.692303
1.773419 116.581108
1.617005 121.899176
1.773419 70.751881
1.617005 70.126226
2.086247 97.655045
1.617005 48.228302
2.555488 51.982231
1.617005 90.929254
1.929833 21.481551
1.617005 91.867737
1.773419 122.524831
1.773419 85.298359
13.660864 122.055589
1.617005 12.722381
1.617005 71.533950
2.399074 75.287879
1.617005 114.234902
1.929833 74.975052
9.124865 20.386655
2.086247 79.511051
2.242660 97.342218
1.617005 42.910234
1.773419 74.349397
1.617005 44.943613
1.617005 13.191622
2.086247 102.503871
1.617005 43.848717
1.773419 16.007070
1.773419 48.071888
1.617005 118.927315
1.773419 43.535889
1.617005 29.458652
2.242660 18.196862
1.617005 107.352697
1.929833 50.730921
1.617005 41.971752
1.617005 82.013671
1.617005 39.469132
1.617005 47.289819
8.342796 28.207342
2.555488 51.825818
1.617005 39.938373
1.617005 76.226362
1.617005 85.141945
1.929833 43.379475
1.617005 19.604586
1.929833 109.542490
1.617005 16.945552
1.929833 73.723742
1.617005 27.425273
1.617005 87.018910
1.617005 41.815338
1.617005 81.700843
1.617005 17.571207
1.773419 94.370356
1.929833 109.386076
1.617005 143.015031
1.617005 29.145825
1.617005 84.359877
2.086247 91.085668
1.617005 32.117686
1.617005 88.270220
2.242660 73.254501
13.660864 122.212003
1.617005 98.593528
1.617005 38.687063
2.399074 55.266920
1.617005 87.331738
1.617005 45.100027
1.617005 102.660285
1.773419 155.684545
1.617005 62.774780
1.617005 114.547730
1.617005 20.699482
1.617005 66.528710
1.617005 55.110506
1.617005 64.026090
1.773419 45.256440
1.617005 39.625545
1.929833 22.263620
1.617005 18.509690
1.617005 66.685123
1.929833 109.698904
1.617005 116.737522
1.617005 94.526770
1.617005 99.844838
1.617005 21.325137
1.617005 17.258380
1.617005 44.474372
8.812038 24.609826
1.617005 84.516290
1.617005 23.358516
2.086247 106.570629
1.617005 63.713262
1.617005 45.569268
1.617005 21.794378
1.617005 42.128165
1.617005 122.368417
2.242660 80.136706
1.617005 95.465253
1.617005 23.202102
1.617005 16.789139
1.617005 117.206763
1.617005 155.371717
1.617005 107.665525
1.617005 13.660864
1.617005 18.040449
1.617005 69.187743
1.617005 86.549669
1.617005 113.296420
1.617005 52.451473
1.617005 120.178624
1.617005 40.720442
1.617005 15.381415
1.617005 117.988832
1.617005 18.822517
1.617005 15.225001
1.617005 20.543069
1.617005 108.760421
