37.279339 154.276821
35.715202 139.104688
38.374236 154.120407
25.704722 153.807580
26.173963 142.076549
20.386655 137.071309
1.617005 120.491452
25.079067 137.227723
3.181143 120.647866
1.617005 127.060829
31.648444 139.417515
19.135345 158.499992
3.650384 121.586348
1.617005 119.709383
4.432453 135.976413
33.212582 158.187165
2.555488 127.530071
2.711902 120.178624
1.617005 124.871037
1.617005 122.837658
2.868315 130.814759
1.617005 134.725103
1.617005 118.458073
16.163484 142.389376
16.945552 153.651166
30.397135 141.763721
1.929833 133.004552
2.399074 124.088968
2.242660 134.568689
20.230241 153.494752
3.024729 121.742762
27.268860 158.343578
21.012310 142.232963
24.609826 142.545790
2.086247 129.876277
2.711902 121.117107
1.617005 135.350758
1.929833 119.552970
8.812038 142.702204
12.409554 153.338339
2.399074 120.804279
3.493970 119.865797
26.486791 158.656406
1.617005 127.217243
2.711902 124.245382
1.617005 129.563449
3.181143 159.594888
1.773419 132.848138
12.096726 158.812820
1.617005 131.596828
1.617005 123.776141
1.617005 127.842898
2.868315 122.055589
2.555488 126.122347
13.660864 158.969233
1.773419 131.753242
2.555488 134.412275
2.399074 126.904416
2.711902 130.658345
2.555488 121.899176
2.242660 130.345518
2.399074 133.160965
2.086247 134.255862
1.617005 119.240142
5.996590 142.858618
2.399074 130.501932
2.399074 159.282061
1.929833 130.189104
2.399074 126.748002
1.773419 121.429934
1.617005 123.463313
1.617005 131.127587
1.773419 134.099448
2.555488 153.181925
1.617005 123.306899
1.617005 133.473793
14.130105 159.125647
1.617005 131.440414
1.773419 128.312139
2.555488 129.250622
2.242660 128.155726
3.337557 120.022211
2.555488 159.438475
2.242660 127.999312
1.617005 124.714623
1.617005 132.691724
2.242660 128.624967
1.773419 132.535310
1.617005 122.681244
1.773419 130.032690
1.617005 126.435174
2.242660 126.278761
2.242660 135.194344
1.773419 134.881517
1.617005 135.819999
2.242660 124.558209
1.773419 131.909655
1.773419 131.284000
2.086247 133.317379
2.555488 133.943034
1.617005 133.786620
2.242660 125.653106
1.617005 135.507172
1.617005 128.781381
1.617005 143.640686
1.617005 159.751302
1.617005 132.066069
1.617005 125.340278
1.617005 128.468553
1.617005 122.212003
1.617005 125.496692
1.773419 121.273521
3.493970 120.335038
1.773419 129.719863
1.617005 118.301660
1.617005 143.484273
1.617005 129.407035
1.617005 118.927315
1.617005 122.368417
1.617005 132.222483
2.086247 127.686484
1.929833 125.027451
1.617005 122.524831
1.617005 118.614487
1.617005 128.937794
