2.086247 73.567328
1.929833 81.388016
2.242660 16.319897
12.565967 36.497271
1.617005 21.481551
5.058108 72.785260
13.348036 36.340857
9.281279 82.639326
2.555488 81.857257
2.242660 72.941673
2.399074 72.159605
2.711902 34.776719
1.617005 23.045688
8.655624 82.795739
2.399074 38.530649
8.342796 21.325137
9.281279 59.959332
2.399074 99.062769
9.437693 82.482912
2.399074 93.119047
2.555488 81.544429
1.617005 74.505811
3.181143 72.628846
2.399074 74.192983
2.399074 72.003191
1.929833 72.316018
2.399074 79.041809
2.399074 83.264981
10.376175 81.700843
3.024729 60.115746
2.555488 73.880156
6.935073 37.122926
2.555488 78.728982
1.773419 26.643205
1.617005 23.827757
1.773419 74.349397
1.617005 121.742762
2.086247 99.688424
1.617005 19.604586
1.617005 87.175324
2.555488 82.013671
1.929833 89.677944
1.773419 97.811459
7.873555 23.984171
1.929833 98.749941
1.617005 37.592167
2.086247 92.962633
1.617005 45.412854
2.242660 73.723742
1.617005 12.253140
1.773419 78.259741
2.242660 66.372296
9.281279 59.490091
2.242660 78.416154
1.929833 83.421394
8.029969 98.906355
8.186383 38.999891
2.242660 59.333677
1.929833 59.177264
2.242660 89.052289
8.029969 38.843477
1.617005 118.458073
3.024729 70.908295
2.086247 99.532010
1.773419 45.100027
8.029969 16.632725
1.773419 18.978931
2.086247 99.219183
2.555488 99.375596
2.555488 35.245961
1.773419 93.744701
9.281279 82.326498
2.555488 78.572568
8.812038 17.727621
1.773419 25.235481
1.617005 86.706083
1.773419 119.240142
1.617005 25.548308
2.399074 15.537829
2.242660 35.402374
3.024729 82.952153
1.617005 16.163484
2.242660 39.469132
2.711902 78.885396
8.029969 98.593528
8.186383 20.386655
9.281279 59.646505
1.617005 142.702204
2.555488 45.256440
7.873555 39.156304
1.617005 119.083728
2.242660 93.588288
2.086247 79.354637
2.711902 35.558788
7.091486 36.653684
1.773419 142.545790
1.617005 39.625545
1.617005 110.950214
1.617005 118.301660
2.242660 65.746641
1.773419 16.945552
1.617005 15.068587
8.499210 21.637965
1.929833 70.751881
1.617005 26.956032
2.086247 93.275460
1.617005 25.079067
1.773419 99.844838
1.773419 121.429934
2.086247 38.374236
1.617005 21.168724
8.655624 59.802919
2.555488 74.036570
1.929833 88.739462
3.024729 82.170084
1.617005 23.358516
1.617005 19.291759
1.617005 35.871616
1.617005 25.391895
7.560728 16.476311
1.773419 28.520170
1.617005 16.007070
30.397135 141.920135
1.617005 26.173963
1.617005 36.966512
1.617005 76.852017
1.617005 20.230241
1.617005 118.770901
1.617005 44.787199
2.868315 83.108567
1.617005 28.363756
2.086247 66.215882
1.929833 44.943613
3.806798 39.312718
1.617005 27.425273
2.086247 89.521530
2.086247 14.286519
1.617005 22.889275
6.465831 36.810098
1.617005 83.734222
1.773419 37.748581
1.617005 13.660864
1.773419 79.198223
8.342796 22.732861
1.617005 142.232963
7.560728 38.687063
1.617005 19.917414
1.773419 60.428574
1.929833 21.012310
2.868315 60.272160
1.617005 26.799618
1.617005 83.577808
1.617005 79.980292
1.617005 71.064708
2.086247 35.715202
7.873555 19.135345
1.617005 38.217822
1.929833 66.528710
1.617005 81.075188
1.617005 84.047049
1.617005 19.448172
1.617005 34.463892
1.617005 24.453412
2.555488 35.089547
1.773419 12.565967
1.617005 37.279339
1.617005 19.761000
2.555488 89.208703
2.086247 88.895875
2.399074 20.543069
1.617005 28.207342
1.617005 111.106627
2.242660 34.933133
1.617005 130.501932
1.617005 142.858618
1.617005 121.586348
1.617005 72.472432
2.086247 66.059469
2.086247 28.676583
2.242660 15.694242
1.617005 17.414794
1.617005 34.620306
1.617005 87.018910
1.617005 66.685123
1.617005 18.353276
1.617005 15.381415
1.617005 65.903055
2.242660 89.365117
1.617005 66.997951
1.617005 142.389376
1.617005 45.569268
1.617005 36.184443
1.617005 74.975052
1.617005 66.841537
1.617005 17.884035
1.617005 86.549669
1.617005 17.258380
1.617005 87.800979
1.617005 18.040449
1.617005 76.695603
1.617005 98.437114
1.617005 28.050928
1.617005 83.890636
1.617005 71.377536
1.617005 12.409554
1.617005 24.609826
1.617005 71.533950
1.617005 68.092847
