1.617005 87.331738
1.617005 91.711323
2.399074 149.115167
1.617005 153.651166
1.929833 40.251200
1.617005 86.080428
2.399074 130.814759
1.617005 77.946913
2.242660 86.393255
2.242660 44.630785
1.617005 125.183864
21.325137 130.658345
1.617005 136.445654
1.773419 41.971752
1.929833 38.843477
2.399074 54.328438
1.617005 132.535310
2.868315 61.367056
1.617005 132.066069
2.086247 149.271581
8.655624 18.978931
1.773419 52.295059
1.617005 75.757121
1.617005 140.981653
2.086247 13.348036
9.281279 22.576447
1.617005 19.917414
1.617005 140.668825
1.773419 62.149125
2.555488 43.535889
1.773419 57.925954
1.773419 97.655045
2.242660 130.345518
13.035209 120.804279
2.242660 131.909655
1.617005 25.861136
2.868315 22.732861
1.929833 98.124286
1.773419 50.887335
1.617005 42.128165
1.773419 142.702204
1.773419 18.666104
1.617005 117.676005
1.617005 46.507750
1.617005 129.876277
3.493970 45.256440
2.399074 148.958754
1.617005 55.423334
1.773419 119.709383
1.773419 85.298359
1.617005 26.330377
1.773419 39.938373
2.086247 76.695603
1.617005 149.427995
2.399074 81.857257
1.617005 85.454773
2.086247 15.850656
2.555488 43.692303
1.617005 97.811459
2.242660 54.172024
2.555488 130.501932
2.711902 70.751881
1.617005 123.463313
2.086247 43.379475
2.242660 17.101966
9.281279 16.632725
9.281279 19.448172
1.617005 9.906934
1.929833 122.055589
1.617005 117.519591
1.617005 77.477672
1.929833 129.719863
1.773419 148.489512
1.617005 147.551030
1.773419 24.609826
1.773419 143.797100
2.555488 45.412854
1.617005 146.299720
1.617005 13.035209
1.617005 64.182504
1.617005 26.173963
2.086247 70.595467
2.086247 67.936433
1.617005 14.755760
1.617005 16.476311
1.617005 17.571207
1.929833 44.317958
1.929833 69.813398
2.242660 98.437114
2.086247 14.286519
2.399074 78.572568
2.242660 54.641265
2.399074 87.488152
1.929833 98.906355
2.555488 44.943613
1.773419 121.117107
30.866376 142.545790
2.086247 155.997372
2.399074 71.221122
1.617005 26.486791
2.711902 79.980292
2.555488 53.233541
1.929833 53.702783
1.617005 27.738101
1.929833 135.507172
1.617005 21.794378
1.617005 129.407035
1.617005 94.683184
2.242660 97.498631
1.617005 64.964572
1.617005 11.001830
1.773419 52.138645
2.086247 44.161544
2.242660 61.992711
1.773419 141.607308
2.555488 20.386655
2.086247 133.317379
1.617005 144.266341
2.711902 61.679884
1.773419 32.899754
9.281279 20.230241
1.773419 80.762361
2.242660 135.194344
2.399074 76.852017
1.929833 44.005130
1.773419 149.584409
2.242660 67.780020
4.745280 45.569268
2.242660 53.546369
2.086247 120.178624
1.617005 52.920714
31.179203 142.389376
1.773419 52.764300
1.617005 37.435753
2.711902 23.045688
9.594106 22.420033
1.773419 97.185804
2.242660 121.742762
9.124865 18.353276
1.617005 13.504450
1.617005 10.532589
8.812038 20.855896
1.617005 99.062769
2.399074 77.790499
1.773419 123.150486
1.773419 120.022211
2.555488 51.825818
1.929833 132.848138
2.242660 40.094787
1.617005 88.113807
1.929833 38.999891
2.399074 45.725682
1.617005 84.359877
1.773419 69.500571
1.617005 41.815338
1.773419 133.004552
2.242660 155.684545
2.086247 150.992132
1.617005 71.690363
2.086247 54.484851
2.242660 61.210642
2.086247 61.523470
2.086247 144.109928
1.617005 128.937794
1.929833 120.647866
2.086247 51.512990
1.617005 135.663585
1.929833 66.372296
1.617005 156.623027
8.029969 31.179203
1.773419 70.439053
1.617005 25.079067
1.617005 119.396556
1.617005 146.456134
1.773419 46.976992
1.617005 125.340278
1.617005 133.473793
1.617005 9.594106
2.242660 50.574508
2.399074 121.586348
2.242660 1.617005
1.773419 69.344157
1.617005 80.918774
1.617005 86.862497
2.086247 45.882095
2.242660 44.787199
1.929833 78.103327
1.617005 75.287879
9.437693 19.135345
12.565967 120.491452
1.929833 66.059469
1.773419 29.615066
1.617005 154.902476
2.086247 98.749941
1.617005 114.860557
1.617005 38.217822
1.773419 38.687063
1.617005 153.494752
2.086247 53.077128
1.773419 51.200163
8.812038 21.950792
1.617005 20.699482
1.617005 154.589649
1.617005 63.869676
1.929833 32.117686
1.617005 124.088968
2.242660 125.653106
2.711902 45.100027
1.773419 80.449533
1.617005 133.160965
2.242660 22.107206
1.773419 153.963994
2.555488 67.467192
1.929833 4.276039
2.086247 63.087607
1.929833 130.032690
1.929833 66.528710
1.617005 118.927315
1.617005 122.994072
2.399074 54.015610
2.086247 53.859196
1.617005 134.568689
2.086247 80.136706
1.773419 91.867737
1.929833 72.941673
1.617005 31.804858
1.773419 134.881517
2.555488 67.310778
2.399074 61.836297
1.773419 48.228302
1.617005 142.076549
8.812038 28.676583
1.773419 64.026090
1.773419 51.982231
1.617005 29.145825
1.617005 141.138066
2.711902 22.889275
9.437693 19.291759
1.617005 70.908295
2.399074 143.953514
14.442932 122.681244
8.342796 17.258380
1.773419 14.130105
1.773419 98.280700
2.399074 51.669404
8.812038 21.325137
2.555488 81.075188
1.617005 78.259741
1.617005 84.203463
9.281279 13.191622
1.929833 90.772840
1.617005 139.573929
1.617005 73.098087
1.773419 125.027451
1.773419 29.927893
1.617005 16.945552
1.617005 75.600707
1.617005 151.461374
2.242660 120.960693
1.617005 85.611187
1.617005 47.602647
1.617005 129.094208
1.617005 48.071888
1.617005 62.305539
2.086247 27.268860
1.773419 21.481551
1.617005 97.342218
1.617005 143.640686
1.929833 144.422755
1.773419 87.644565
1.773419 32.430513
1.773419 63.713262
1.929833 125.496692
8.655624 28.832997
1.617005 62.461952
1.617005 1.773419
2.242660 38.374236
1.773419 37.279339
1.617005 29.302238
1.617005 94.839598
1.773419 154.276821
14.286519 122.368417
1.773419 77.634086
1.773419 90.616427
1.617005 79.823878
1.617005 79.041809
1.617005 82.013671
1.617005 41.658924
1.617005 123.932554
1.617005 147.707444
1.929833 37.122926
1.617005 121.899176
1.929833 27.112446
1.617005 129.563449
2.086247 51.356576
1.617005 91.554909
1.617005 128.781381
1.929833 133.786620
14.286519 122.524831
1.929833 80.293119
1.617005 146.143306
2.086247 71.064708
1.617005 152.243442
1.617005 145.986893
1.929833 148.333099
2.242660 130.189104
1.617005 74.349397
1.617005 145.674065
1.773419 43.848717
8.499210 58.238781
2.086247 62.618366
1.617005 148.020271
2.086247 122.212003
1.617005 17.884035
1.773419 29.458652
1.929833 50.261680
1.773419 28.520170
1.617005 17.414794
1.617005 25.391895
1.617005 141.763721
1.617005 26.017550
2.555488 53.389955
2.086247 98.593528
1.617005 123.619727
1.617005 94.996011
1.617005 10.063348
2.086247 97.029390
1.617005 150.366477
1.929833 23.827757
1.929833 67.623606
2.086247 118.301660
1.617005 80.605947
1.617005 150.053650
2.242660 75.444293
1.617005 41.502510
1.773419 65.903055
1.773419 19.604586
1.617005 24.140585
1.617005 125.809519
1.617005 50.730921
2.086247 76.539189
1.617005 86.236842
1.617005 139.417515
8.186383 22.263620
1.929833 59.802919
9.124865 18.509690
1.617005 21.637965
1.617005 131.284000
1.773419 78.416154
8.968451 18.822517
1.617005 60.115746
1.773419 72.785260
1.617005 118.458073
1.617005 15.068587
1.773419 140.825239
1.617005 136.602068
1.617005 153.025511
1.617005 25.235481
1.617005 150.679305
1.617005 9.750520
1.617005 144.579169
1.617005 142.232963
1.617005 67.154365
1.929833 66.215882
1.617005 73.880156
1.617005 20.073827
2.242660 150.835719
1.929833 50.418094
1.617005 14.599346
1.617005 153.181925
1.617005 73.723742
1.617005 24.766240
1.617005 11.627485
1.617005 23.984171
2.086247 147.238202
1.617005 84.672704
1.617005 20.543069
1.617005 23.358516
1.617005 55.266920
1.617005 32.274099
1.617005 133.943034
1.617005 155.528131
1.617005 24.922653
1.617005 13.817277
1.617005 40.564028
1.617005 87.957393
1.617005 39.156304
1.617005 42.597407
1.617005 154.433235
1.617005 78.728982
1.617005 81.700843
1.617005 119.865797
1.617005 28.989411
1.617005 70.126226
1.617005 23.202102
1.617005 131.753242
1.617005 114.704143
1.617005 33.056168
1.617005 142.858618
1.617005 46.038509
1.617005 130.971173
1.617005 147.081789
1.617005 77.008431
1.617005 117.988832
1.617005 150.210064
1.617005 148.176685
1.617005 44.474372
1.617005 19.761000
1.617005 131.440414
