3.806798 128.781381
37.435753 139.417515
2.555488 129.876277
2.711902 123.932554
3.963211 121.586348
2.086247 123.150486
3.024729 127.530071
21.950792 133.473793
29.145825 158.969233
2.086247 131.753242
1.617005 140.512411
3.337557 126.435174
24.922653 153.651166
3.963211 125.027451
2.711902 120.178624
2.242660 126.591588
3.024729 127.060829
3.337557 128.312139
38.217822 153.807580
2.242660 122.994072
3.493970 128.937794
26.173963 139.730343
1.617005 140.981653
3.337557 127.217243
39.938373 138.479033
2.868315 124.871037
39.781959 139.104688
22.889275 140.199584
3.650384 120.335038
36.184443 139.573929
35.715202 153.963994
3.493970 130.032690
2.399074 131.284000
3.024729 122.055589
1.617005 141.294480
3.181143 122.837658
2.711902 129.407035
3.650384 125.496692
29.927893 159.438475
26.330377 159.125647
28.989411 159.282061
3.493970 128.624967
2.711902 122.212003
2.555488 127.999312
2.711902 126.278761
3.181143 125.183864
26.173963 159.751302
16.163484 153.494752
3.337557 128.155726
3.181143 121.429934
2.711902 125.809519
2.868315 129.719863
3.024729 124.401796
1.929833 122.681244
2.711902 120.804279
22.263620 140.355998
3.650384 122.368417
28.363756 139.886756
3.650384 130.814759
2.711902 130.658345
26.643205 159.594888
1.929833 129.563449
2.242660 127.373657
2.399074 120.491452
2.555488 131.909655
3.650384 128.468553
27.268860 140.043170
2.399074 132.378897
1.617005 120.647866
2.868315 129.250622
1.929833 121.899176
2.868315 130.189104
2.242660 123.619727
3.024729 121.742762
1.929833 125.965933
2.711902 125.340278
2.711902 130.345518
2.242660 123.776141
3.024729 132.066069
2.242660 124.245382
3.337557 122.524831
3.493970 131.440414
1.617005 126.122347
2.555488 121.117107
2.555488 126.748002
3.650384 123.463313
2.242660 124.558209
2.868315 123.306899
2.086247 129.094208
1.617005 119.709383
2.711902 130.501932
1.617005 119.865797
2.555488 124.714623
1.773419 131.127587
1.617005 159.907716
3.806798 126.904416
1.617005 132.222483
1.617005 140.668825
1.617005 140.825239
1.617005 127.842898
2.555488 131.596828
2.555488 153.181925
2.242660 125.653106
1.617005 153.338339
2.086247 124.088968
1.617005 120.960693
3.181143 132.535310
1.617005 130.971173
1.617005 120.022211
1.617005 127.686484
