2.399074 73.567328
1.773419 95.778080
1.617005 74.505811
2.242660 86.706083
1.929833 86.080428
2.399074 86.393255
2.711902 45.100027
1.617005 51.825818
1.773419 40.094787
1.929833 37.748581
2.711902 45.569268
1.617005 72.941673
2.086247 57.925954
2.711902 70.282640
6.153004 39.469132
2.399074 37.592167
1.929833 52.920714
2.242660 53.233541
1.929833 66.841537
6.309418 39.625545
1.929833 67.154365
1.773419 104.224422
2.868315 69.031330
2.086247 97.185804
2.711902 45.256440
3.181143 106.257801
1.929833 78.259741
1.929833 84.203463
2.242660 45.725682
2.399074 75.131466
1.617005 86.862497
1.773419 67.623606
2.086247 85.141945
2.555488 53.546369
2.711902 39.156304
10.219761 60.741401
1.617005 52.607886
2.086247 94.526770
1.773419 54.172024
1.929833 50.574508
1.929833 61.836297
2.086247 91.554909
5.370935 51.356576
2.555488 97.029390
7.247900 36.966512
2.086247 94.213943
1.773419 79.354637
2.555488 96.716563
1.617005 41.815338
1.617005 94.996011
2.086247 94.839598
1.617005 91.085668
2.086247 45.882095
2.242660 86.549669
2.555488 44.787199
2.242660 79.980292
2.399074 70.595467
2.242660 94.370356
2.555488 70.439053
1.773419 69.813398
2.086247 106.101387
3.181143 106.570629
2.242660 96.403735
2.711902 44.943613
10.532589 60.897815
5.683763 38.843477
2.086247 78.103327
9.906934 61.367056
1.617005 84.985532
1.929833 90.147185
2.242660 53.702783
10.063348 61.054229
1.617005 43.066648
1.773419 44.161544
1.929833 69.656985
1.773419 40.876855
5.996590 38.999891
2.555488 90.929254
2.242660 105.632146
2.399074 80.136706
2.868315 77.008431
1.773419 90.772840
1.617005 44.005130
1.617005 57.613126
1.617005 75.757121
2.242660 66.528710
2.086247 93.588288
1.929833 96.560149
7.247900 79.041809
1.617005 83.734222
1.617005 95.152425
2.242660 61.679884
2.242660 90.303599
1.617005 105.475732
2.399074 72.628846
2.242660 69.500571
2.868315 77.321258
1.773419 76.695603
7.247900 69.187743
1.773419 82.013671
1.773419 66.997951
1.929833 80.605947
2.242660 67.310778
7.091486 37.435753
1.929833 54.484851
9.906934 61.523470
1.617005 66.372296
6.153004 37.122926
2.086247 96.872976
2.086247 89.521530
2.242660 106.727042
10.376175 61.210642
2.242660 76.852017
2.086247 89.990772
2.555488 80.918774
2.399074 80.762361
1.773419 87.175324
2.399074 80.293119
2.868315 45.412854
1.617005 71.533950
1.773419 89.677944
1.617005 50.105266
1.773419 73.098087
1.617005 75.600707
2.086247 112.827178
1.617005 67.936433
1.617005 107.039870
3.024729 74.662225
2.399074 53.077128
5.527349 51.200163
7.247900 36.810098
6.622245 38.687063
2.242660 79.198223
2.086247 84.516290
1.617005 51.669404
1.617005 72.785260
1.773419 58.551609
2.399074 85.924014
1.617005 85.767600
5.527349 43.379475
1.617005 112.670765
7.091486 37.279339
1.617005 89.208703
1.773419 77.477672
6.465831 39.312718
1.773419 76.069948
1.773419 31.804858
1.773419 66.215882
1.773419 106.414215
1.929833 78.728982
1.773419 77.164844
1.617005 82.639326
1.617005 76.539189
2.242660 94.683184
1.929833 57.769540
2.399074 36.653684
2.555488 39.781959
1.929833 84.829118
1.617005 84.047049
1.617005 83.890636
2.555488 68.874916
1.773419 112.514351
1.773419 79.511051
1.617005 78.572568
1.617005 69.344157
2.399074 86.236842
1.773419 72.472432
1.773419 74.975052
1.929833 70.751881
2.086247 44.474372
9.906934 60.428574
1.929833 52.138645
1.617005 38.374236
2.399074 44.630785
1.773419 90.616427
2.086247 90.460013
5.370935 41.033269
1.617005 105.944974
1.617005 42.440993
9.594106 60.584987
1.617005 68.249261
2.242660 81.075188
1.617005 73.723742
1.773419 84.359877
1.617005 75.913534
1.773419 93.431874
1.773419 91.242082
1.929833 91.398495
1.617005 93.901115
1.617005 57.456712
1.617005 89.834358
1.617005 73.880156
1.617005 75.444293
1.773419 44.317958
1.617005 41.502510
1.617005 96.090908
2.242660 84.672704
1.929833 66.059469
1.617005 89.365117
1.929833 96.247321
1.617005 54.797679
1.617005 79.823878
1.617005 116.424695
1.617005 39.938373
2.242660 53.389955
1.617005 78.885396
1.617005 74.192983
1.617005 66.685123
1.617005 36.497271
2.242660 106.883456
1.617005 54.328438
1.617005 97.342218
1.617005 68.718502
1.617005 67.467192
1.617005 41.658924
1.617005 42.284579
1.617005 21.950792
1.617005 54.954093
1.617005 91.711323
1.617005 83.264981
1.617005 81.388016
1.617005 82.170084
1.617005 68.092847
1.617005 79.667464
1.617005 93.744701
1.617005 41.189683
1.617005 95.308839
