6.778659 159.282061
39.938373 138.009792
37.122926 138.166205
15.537829 139.104688
37.122926 154.276821
30.240721 138.479033
1.929833 127.373657
32.274099 138.322619
2.399074 123.932554
36.184443 157.405096
3.806798 158.969233
27.425273 135.976413
25.391895 158.030751
1.929833 127.530071
24.609826 136.132827
30.866376 153.963994
3.181143 124.088968
2.242660 129.876277
23.984171 138.635446
21.168724 138.791860
1.773419 130.814759
16.319897 138.948274
2.711902 120.491452
3.181143 129.250622
3.181143 124.558209
2.868315 125.809519
3.024729 128.781381
2.086247 124.714623
3.024729 123.306899
3.806798 125.965933
23.514930 158.187165
2.399074 121.742762
3.650384 126.904416
22.576447 153.807580
1.617005 128.312139
2.711902 126.278761
2.399074 120.960693
3.806798 126.122347
2.086247 119.396556
2.086247 122.055589
3.181143 120.178624
3.024729 122.837658
3.024729 127.842898
3.181143 125.027451
1.773419 122.681244
2.555488 119.083728
2.086247 130.345518
1.773419 130.971173
2.868315 126.591588
9.437693 139.261101
2.399074 120.335038
5.370935 159.438475
2.399074 121.586348
31.179203 154.120407
2.555488 126.748002
1.773419 131.596828
1.773419 127.686484
23.045688 158.343578
2.086247 123.463313
2.242660 120.647866
3.024729 122.994072
1.617005 122.524831
1.617005 140.043170
2.086247 131.753242
2.242660 122.212003
1.773419 123.150486
5.214521 139.417515
2.555488 127.217243
2.086247 121.899176
6.935073 159.125647
1.617005 118.927315
2.711902 121.273521
1.617005 119.240142
1.773419 158.812820
3.024729 125.496692
2.399074 125.183864
3.337557 120.804279
2.086247 123.619727
2.555488 122.368417
1.617005 124.245382
11.314658 158.499992
1.773419 128.155726
2.086247 129.407035
3.024729 127.999312
1.617005 129.563449
2.242660 128.624967
2.555488 125.340278
1.617005 129.719863
3.337557 130.032690
1.773419 130.658345
3.024729 121.117107
2.555488 125.653106
2.711902 128.468553
2.086247 123.776141
7.717141 158.656406
3.181143 128.937794
10.532589 153.651166
2.086247 119.552970
2.242660 127.060829
1.617005 119.865797
3.024729 121.429934
1.617005 131.127587
1.773419 124.871037
2.555488 126.435174
2.086247 130.501932
5.996590 159.594888
21.168724 159.751302
1.773419 129.094208
2.868315 120.022211
1.617005 132.066069
1.617005 130.189104
