1.773419 21.481551
1.929833 73.254501
2.399074 93.901115
2.555488 77.321258
1.617005 54.328438
2.086247 52.295059
1.773419 66.841537
1.617005 19.917414
2.242660 62.149125
1.929833 97.655045
2.086247 37.279339
1.929833 54.797679
1.929833 99.062769
1.617005 83.734222
2.242660 87.488152
1.617005 17.101966
1.773419 50.418094
1.617005 21.012310
2.399074 94.057529
2.242660 76.695603
2.242660 79.041809
2.399074 85.141945
2.086247 71.064708
1.617005 99.219183
2.086247 2.086247
1.617005 70.751881
6.622245 94.526770
1.617005 81.231602
1.617005 76.226362
2.711902 76.539189
1.617005 80.918774
2.086247 86.862497
1.773419 45.412854
2.242660 69.187743
3.181143 79.980292
2.086247 61.210642
1.773419 85.611187
1.773419 70.595467
2.399074 83.890636
1.617005 98.280700
1.617005 96.247321
2.086247 51.669404
2.086247 69.344157
2.555488 50.105266
1.617005 82.170084
1.617005 53.702783
1.929833 99.532010
1.773419 43.848717
2.868315 79.667464
1.617005 21.794378
1.617005 69.969812
2.399074 61.992711
1.773419 96.872976
2.242660 69.031330
2.086247 97.185804
2.399074 79.198223
1.773419 87.644565
1.929833 143.171445
1.929833 83.577808
1.617005 86.706083
2.711902 91.867737
1.617005 95.152425
1.617005 90.616427
1.617005 16.319897
1.617005 16.163484
1.773419 20.230241
2.086247 52.920714
3.024729 65.746641
1.773419 51.825818
2.555488 61.679884
1.773419 88.113807
1.617005 82.482912
1.617005 54.484851
1.773419 81.700843
2.086247 51.356576
1.617005 60.584987
1.617005 70.439053
2.399074 69.813398
3.806798 65.433814
2.399074 94.213943
2.399074 79.354637
2.242660 18.509690
1.773419 50.574508
2.086247 49.948853
1.617005 85.298359
2.242660 86.236842
2.086247 22.420033
1.773419 117.363177
2.399074 52.607886
2.555488 60.897815
2.711902 60.741401
1.773419 51.512990
1.773419 98.437114
1.773419 51.200163
1.617005 84.516290
1.773419 96.716563
2.242660 100.314079
2.086247 87.018910
1.617005 91.711323
2.086247 73.410915
1.773419 86.393255
1.617005 70.908295
2.399074 67.467192
2.399074 61.054229
1.773419 116.424695
1.929833 64.651745
3.337557 65.590227
1.929833 87.331738
1.617005 53.859196
1.617005 45.256440
2.399074 80.136706
1.617005 67.310778
1.929833 45.569268
1.617005 68.249261
2.711902 82.013671
2.399074 53.389955
2.868315 65.277400
1.617005 100.157665
2.399074 100.001251
1.773419 90.929254
1.617005 81.544429
1.617005 86.549669
1.617005 89.834358
1.617005 80.605947
2.555488 61.523470
1.617005 97.811459
2.711902 79.511051
1.773419 83.421394
1.773419 21.325137
1.617005 84.203463
1.929833 61.367056
1.929833 53.233541
1.773419 93.744701
1.617005 89.365117
1.773419 81.075188
1.617005 22.107206
1.617005 85.454773
1.617005 16.007070
2.086247 97.498631
1.617005 18.666104
1.773419 95.308839
2.868315 79.823878
1.617005 66.215882
1.617005 19.448172
1.617005 37.122926
1.773419 51.982231
1.617005 77.790499
1.617005 97.342218
2.086247 64.808159
1.773419 87.800979
2.242660 80.293119
2.086247 52.451473
2.086247 66.059469
1.617005 97.967873
1.773419 73.723742
1.617005 17.884035
1.773419 68.092847
2.399074 81.857257
2.868315 89.677944
1.617005 54.172024
1.617005 91.554909
2.086247 91.085668
1.929833 77.008431
1.617005 116.737522
1.617005 52.764300
2.399074 61.836297
1.617005 17.727621
1.617005 49.792439
1.617005 78.103327
1.617005 73.098087
1.617005 16.945552
1.617005 21.637965
1.773419 94.370356
1.617005 67.623606
1.617005 80.449533
1.617005 50.261680
1.929833 143.484273
1.617005 86.080428
1.617005 19.291759
1.617005 44.787199
1.617005 20.386655
1.617005 54.015610
1.617005 33.994651
1.617005 53.077128
1.617005 44.630785
1.617005 84.047049
2.086247 96.560149
1.617005 45.725682
1.617005 89.990772
1.617005 21.950792
1.617005 110.480972
1.617005 54.954093
1.617005 65.903055
1.617005 62.461952
1.617005 62.305539
