5.527349 153.494752
28.207342 158.030751
38.687063 145.674065
16.789139 145.986893
20.073827 145.830479
20.699482 146.299720
38.843477 154.433235
39.625545 156.623027
10.376175 146.143306
26.956032 145.361238
2.086247 133.317379
1.773419 130.971173
2.868315 129.719863
3.493970 130.032690
2.868315 124.088968
1.617005 120.178624
3.493970 127.373657
2.399074 124.871037
34.151064 145.204824
23.202102 141.920135
22.263620 141.294480
2.242660 120.960693
2.399074 139.573929
1.617005 138.635446
1.617005 132.378897
3.024729 131.440414
1.929833 146.612548
12.409554 159.125647
2.868315 133.943034
29.302238 153.963994
29.458652 145.517651
33.681823 159.438475
1.773419 137.853378
2.242660 139.261101
2.711902 125.965933
1.617005 137.540550
35.558788 143.640686
2.711902 124.714623
25.391895 158.187165
30.709962 154.120407
2.399074 122.994072
2.086247 137.696964
2.711902 128.468553
3.181143 126.278761
3.024729 125.340278
2.711902 128.312139
2.086247 129.876277
3.024729 135.194344
24.296998 153.807580
14.286519 153.651166
2.555488 136.289240
2.399074 127.842898
2.399074 125.027451
2.086247 122.681244
2.399074 134.881517
1.929833 120.804279
1.929833 139.730343
3.024729 125.496692
3.181143 134.725103
29.927893 158.499992
3.181143 127.999312
1.617005 137.227723
14.442932 158.343578
2.711902 127.686484
3.181143 123.619727
3.493970 131.596828
3.963211 146.456134
2.086247 126.435174
3.024729 132.066069
33.368996 159.282061
2.086247 123.776141
1.617005 134.568689
2.086247 124.245382
1.617005 136.914895
2.555488 123.463313
3.024729 129.250622
1.929833 122.212003
2.242660 140.043170
1.617005 122.055589
1.617005 134.412275
3.650384 132.691724
2.242660 124.401796
2.555488 130.658345
2.555488 128.937794
2.399074 140.355998
1.773419 135.819999
12.096726 158.969233
2.242660 127.217243
2.399074 120.647866
1.773419 122.837658
2.242660 125.183864
1.617005 146.768961
1.773419 138.479033
1.773419 122.524831
1.929833 126.591588
1.929833 130.501932
1.929833 133.160965
31.335617 158.656406
2.868315 121.429934
2.555488 139.886756
1.929833 130.189104
1.773419 120.022211
1.929833 125.809519
2.868315 121.117107
1.617005 123.150486
2.555488 140.512411
2.242660 133.004552
1.617005 132.535310
1.617005 135.663585
2.242660 138.948274
2.399074 123.306899
2.086247 122.368417
2.399074 128.781381
1.617005 130.345518
1.617005 134.255862
2.555488 128.155726
1.617005 136.602068
2.086247 139.104688
2.399074 126.748002
1.617005 146.925375
1.617005 134.099448
3.650384 127.060829
2.555488 125.653106
2.242660 126.122347
2.086247 133.473793
1.617005 129.094208
1.929833 126.904416
1.617005 138.166205
21.950792 158.812820
3.963211 131.909655
1.773419 131.284000
1.617005 153.338339
2.086247 133.786620
1.617005 133.630207
1.617005 121.899176
1.617005 121.742762
3.650384 132.848138
1.617005 124.558209
23.358516 159.594888
1.617005 120.335038
2.868315 128.624967
1.929833 135.350758
1.773419 131.127587
3.024729 132.222483
2.242660 139.417515
2.555488 123.932554
2.555488 130.814759
2.086247 121.273521
3.650384 135.976413
1.617005 140.199584
2.555488 129.563449
1.617005 129.407035
1.617005 121.586348
1.617005 135.507172
