2.242660 9.594106
2.399074 20.073827
3.024729 44.630785
1.617005 10.689003
1.617005 38.530649
1.929833 66.528710
5.683763 37.435753
2.868315 21.012310
1.617005 86.549669
2.555488 7.091486
1.617005 28.832997
1.773419 31.492031
5.996590 36.340857
1.617005 24.453412
6.153004 37.592167
1.773419 65.277400
1.773419 69.500571
1.617005 61.210642
1.617005 66.059469
1.617005 94.683184
1.617005 71.221122
1.617005 13.504450
2.399074 80.449533
2.711902 19.917414
2.555488 36.966512
1.617005 66.997951
1.617005 70.908295
1.617005 44.317958
2.242660 70.282640
2.555488 19.761000
2.086247 79.823878
1.617005 87.175324
2.399074 7.247900
1.773419 21.168724
2.555488 7.560728
2.242660 29.458652
1.617005 33.368996
6.622245 37.904994
3.337557 87.018910
2.399074 97.811459
1.617005 11.471071
1.929833 30.240721
2.242660 18.040449
1.773419 32.586927
3.024729 86.393255
2.711902 19.604586
1.617005 94.526770
6.309418 36.184443
1.617005 31.961272
2.399074 24.922653
1.773419 65.903055
1.773419 27.738101
2.086247 20.230241
1.617005 36.653684
1.617005 65.590227
4.588866 36.497271
1.929833 92.180564
3.181143 86.706083
1.929833 69.344157
1.617005 27.894515
1.773419 6.935073
4.588866 37.122926
2.086247 32.430513
1.617005 92.336978
1.773419 32.899754
2.086247 87.644565
1.617005 30.084307
5.214521 44.787199
1.617005 79.667464
1.617005 94.839598
1.929833 91.867737
3.337557 80.293119
1.617005 28.207342
1.773419 31.804858
6.309418 38.061408
1.773419 21.481551
1.773419 32.117686
1.617005 66.215882
2.086247 20.543069
2.242660 21.325137
2.711902 37.748581
1.617005 65.433814
1.773419 8.029969
1.617005 10.063348
1.617005 23.827757
1.617005 66.372296
2.242660 94.370356
1.617005 65.746641
1.617005 85.141945
1.617005 30.709962
2.242660 32.274099
1.773419 31.179203
1.617005 70.439053
1.773419 86.236842
2.711902 20.386655
1.617005 19.135345
2.399074 36.028029
1.929833 9.750520
1.929833 70.126226
1.773419 69.969812
1.617005 24.296998
1.617005 18.196862
2.711902 20.855896
1.617005 18.509690
1.773419 92.024150
1.617005 20.699482
2.242660 7.717141
1.617005 32.743341
1.617005 31.022789
1.617005 97.967873
1.617005 33.056168
1.617005 23.671343
1.617005 13.035209
1.617005 86.862497
1.617005 38.374236
2.555488 36.810098
1.617005 33.212582
1.617005 88.270220
1.617005 9.906934
1.773419 69.656985
1.617005 25.079067
1.617005 28.050928
1.617005 26.173963
1.617005 87.800979
1.617005 38.687063
1.617005 26.330377
1.617005 88.739462
1.617005 44.474372
