34.463892 153.807580
38.217822 139.573929
34.307478 141.450894
31.022789 158.656406
2.399074 127.530071
2.555488 122.837658
2.086247 126.591588
37.435753 139.261101
40.094787 158.499992
11.001830 142.389376
3.181143 121.117107
10.532589 142.232963
3.181143 126.278761
1.617005 134.881517
2.086247 126.435174
18.509690 142.076549
3.181143 125.027451
31.335617 153.651166
37.592167 158.187165
25.704722 141.763721
1.929833 127.060829
2.868315 125.653106
1.617005 124.871037
2.555488 121.273521
2.086247 125.965933
1.617005 128.937794
35.245961 141.920135
2.399074 121.742762
1.773419 125.496692
29.145825 153.494752
22.889275 159.125647
2.868315 121.899176
1.773419 127.999312
2.242660 126.748002
1.773419 126.122347
1.929833 128.468553
2.868315 123.619727
10.063348 153.181925
1.617005 119.865797
2.242660 133.473793
33.056168 158.812820
1.617005 131.909655
18.822517 142.545790
19.448172 159.282061
3.024729 124.558209
1.617005 135.350758
2.242660 131.127587
10.063348 135.819999
2.399074 134.099448
1.617005 135.037930
2.086247 122.681244
1.773419 122.212003
1.773419 129.094208
14.130105 159.594888
1.617005 130.345518
1.773419 124.088968
2.399074 133.630207
2.242660 132.066069
1.617005 124.714623
1.929833 128.312139
1.617005 132.535310
1.773419 130.189104
2.868315 120.491452
1.773419 121.429934
1.617005 129.876277
1.617005 129.407035
2.086247 122.055589
1.929833 134.568689
1.617005 133.317379
2.868315 120.335038
1.617005 132.848138
1.929833 130.032690
1.773419 122.524831
1.773419 134.412275
31.022789 159.438475
2.555488 120.178624
2.868315 123.150486
2.399074 134.255862
2.399074 122.368417
1.617005 131.440414
1.617005 127.842898
2.555488 122.994072
3.024729 125.340278
2.711902 121.586348
1.773419 123.306899
1.773419 126.904416
2.555488 131.753242
1.617005 132.222483
1.617005 120.804279
29.927893 158.969233
1.929833 132.378897
1.617005 127.217243
1.617005 128.781381
2.242660 120.647866
1.773419 127.373657
2.399074 131.596828
1.617005 160.064130
1.773419 119.240142
1.773419 120.960693
1.617005 125.183864
1.617005 130.501932
1.617005 159.751302
2.242660 130.814759
2.555488 130.971173
3.337557 124.401796
1.617005 132.691724
1.617005 133.786620
1.617005 159.907716
1.617005 129.719863
15.850656 153.338339
1.617005 133.004552
1.617005 119.709383
1.617005 124.245382
1.617005 129.563449
1.617005 119.552970
2.086247 133.943034
1.617005 135.507172
1.617005 123.776141
1.617005 119.396556
1.617005 128.624967
