36.184443 153.807580
2.242660 131.753242
25.704722 158.656406
4.588866 158.969233
2.868315 119.709383
37.435753 138.166205
29.458652 158.499992
26.173963 141.920135
39.625545 141.450894
23.984171 141.607308
2.555488 129.094208
16.007070 159.125647
15.381415 159.594888
3.024729 119.865797
7.560728 142.076549
17.571207 158.812820
2.555488 119.396556
1.617005 123.776141
16.632725 141.763721
15.381415 159.282061
1.773419 130.189104
37.122926 158.343578
14.755760 153.338339
1.929833 132.848138
37.122926 153.651166
3.806798 153.181925
1.929833 127.999312
3.181143 124.714623
1.617005 129.407035
2.399074 134.568689
2.711902 122.212003
3.493970 120.960693
1.617005 128.624967
3.493970 122.368417
1.773419 125.809519
2.242660 120.804279
1.617005 121.273521
15.850656 159.438475
1.929833 159.751302
2.399074 134.099448
1.929833 134.412275
2.086247 128.312139
3.963211 120.647866
3.337557 124.088968
1.617005 125.027451
2.711902 121.117107
2.086247 123.150486
1.617005 125.496692
1.617005 134.725103
3.337557 121.899176
3.493970 120.491452
5.370935 142.545790
1.617005 128.468553
1.617005 132.378897
1.617005 122.837658
1.773419 122.681244
1.929833 130.345518
1.929833 119.083728
3.181143 121.586348
2.086247 133.160965
1.617005 123.306899
1.929833 129.250622
2.086247 134.255862
1.617005 132.222483
2.399074 121.429934
2.868315 121.742762
1.773419 120.178624
3.806798 123.463313
2.086247 132.066069
2.555488 120.335038
2.086247 122.524831
2.399074 131.596828
2.242660 126.904416
1.617005 127.842898
1.617005 125.183864
1.773419 126.435174
2.399074 130.501932
1.617005 129.563449
1.773419 133.004552
1.617005 127.217243
3.024729 125.653106
1.617005 124.871037
1.617005 124.245382
1.617005 126.748002
3.337557 123.932554
1.773419 133.317379
1.617005 124.401796
21.012310 142.232963
3.806798 123.619727
1.773419 125.340278
2.399074 127.060829
1.617005 132.535310
1.929833 120.022211
1.617005 131.284000
1.617005 126.591588
2.086247 122.994072
1.617005 131.440414
1.617005 126.278761
1.617005 159.907716
1.617005 126.122347
1.617005 133.943034
1.929833 127.530071
1.617005 119.552970
1.617005 130.814759
1.617005 131.909655
