25.235481 153.807580
31.648444 154.120407
2.711902 121.429934
2.711902 121.273521
25.391895 145.830479
35.089547 144.579169
12.722381 159.282061
3.806798 126.904416
21.012310 145.986893
27.581687 145.674065
4.119625 124.245382
31.492031 158.499992
33.212582 145.517651
3.024729 124.401796
3.181143 121.117107
22.576447 153.963994
4.119625 123.150486
2.711902 127.530071
32.117686 154.276821
40.094787 143.640686
12.409554 158.656406
4.901694 158.969233
2.868315 120.647866
1.617005 138.635446
1.773419 129.876277
35.715202 158.343578
2.711902 140.043170
2.086247 138.479033
21.481551 158.812820
15.537829 146.143306
9.281279 159.438475
3.337557 146.612548
37.435753 158.187165
28.050928 141.763721
1.929833 140.512411
26.173963 146.299720
10.532589 159.594888
2.242660 122.994072
1.617005 137.696964
2.399074 121.899176
2.711902 131.440414
2.868315 122.681244
8.499210 159.751302
2.868315 126.278761
23.045688 153.494752
2.555488 138.791860
2.086247 136.132827
7.717141 140.825239
3.806798 127.842898
2.555488 130.658345
2.555488 119.396556
1.773419 126.591588
3.806798 121.586348
3.181143 120.491452
2.086247 130.345518
1.617005 138.009792
1.929833 131.596828
2.242660 129.719863
2.555488 133.160965
2.868315 125.653106
3.181143 120.960693
1.929833 130.032690
2.086247 134.881517
8.499210 146.456134
2.399074 122.212003
1.929833 128.312139
3.963211 126.122347
3.493970 124.558209
3.493970 119.552970
16.163484 153.651166
3.650384 121.742762
1.773419 128.937794
1.929833 126.435174
2.242660 123.463313
3.650384 122.837658
21.637965 159.125647
3.024729 120.804279
2.555488 123.932554
2.555488 124.871037
1.617005 129.563449
2.399074 130.501932
2.555488 124.088968
2.086247 139.417515
1.773419 130.814759
3.181143 159.907716
2.086247 131.909655
3.963211 124.714623
3.337557 125.340278
1.617005 129.250622
1.929833 133.004552
1.617005 139.261101
1.929833 120.178624
2.555488 133.786620
1.773419 137.853378
1.617005 125.183864
3.181143 122.524831
3.024729 123.306899
2.086247 140.355998
1.617005 134.255862
3.337557 122.055589
2.711902 125.809519
1.617005 128.468553
2.242660 134.099448
2.711902 119.865797
3.650384 125.965933
2.555488 119.709383
1.617005 137.071309
1.773419 133.630207
2.399074 139.573929
2.086247 160.064130
1.929833 123.619727
1.617005 138.166205
1.617005 127.999312
2.086247 136.914895
1.617005 132.378897
2.555488 127.373657
1.617005 132.222483
1.617005 136.602068
2.868315 127.686484
1.617005 132.691724
1.617005 128.155726
1.617005 130.971173
1.617005 133.943034
1.617005 138.322619
1.617005 129.094208
2.086247 125.496692
1.617005 120.022211
1.617005 132.848138
1.617005 135.819999
1.617005 135.037930
1.617005 133.317379
1.617005 131.753242
1.617005 131.127587
1.617005 135.194344
1.617005 134.725103
1.617005 128.624967
1.617005 137.384137
2.242660 134.568689
1.617005 135.350758
1.617005 130.189104
1.617005 131.284000
1.617005 140.199584
1.617005 135.507172
