9.124865 20.543069
2.242660 53.233541
1.617005 38.530649
1.773419 63.087607
2.242660 52.607886
1.773419 43.223062
1.773419 34.151064
3.181143 62.461952
1.617005 98.906355
1.929833 69.031330
1.773419 18.040449
2.399074 53.546369
1.773419 42.910234
1.929833 52.451473
1.617005 21.168724
1.617005 116.424695
1.929833 53.859196
3.181143 43.066648
5.840176 37.592167
1.929833 38.374236
2.399074 37.279339
1.617005 43.379475
2.399074 35.245961
1.617005 18.822517
1.617005 61.523470
1.617005 52.138645
1.617005 37.904994
8.812038 38.061408
1.617005 53.389955
1.617005 36.966512
8.655624 38.217822
1.617005 16.163484
1.617005 62.931194
1.773419 52.295059
1.929833 62.149125
5.214521 37.748581
1.617005 61.679884
1.617005 36.653684
1.617005 69.813398
1.773419 69.656985
1.617005 27.581687
1.929833 51.982231
1.617005 116.268281
1.929833 52.764300
1.617005 44.317958
1.617005 15.068587
1.617005 34.307478
1.617005 131.284000
1.617005 62.618366
1.617005 18.196862
2.086247 37.435753
1.617005 89.208703
1.617005 27.268860
1.617005 54.954093
1.617005 16.319897
1.617005 53.077128
1.617005 131.596828
2.086247 53.702783
1.617005 37.122926
1.617005 89.521530
1.617005 19.291759
1.617005 14.755760
1.929833 36.497271
2.555488 44.005130
1.773419 33.994651
1.617005 38.687063
1.617005 43.535889
1.617005 44.161544
1.617005 44.474372
1.617005 20.073827
1.617005 156.779441
