8.342796 158.656406
3.337557 128.781381
35.245961 154.120407
40.251200 157.092268
6.935073 153.651166
21.012310 145.048410
39.781959 144.579169
26.330377 158.187165
34.307478 154.276821
36.184443 144.735583
2.868315 129.876277
3.493970 127.373657
37.435753 157.874337
11.471071 145.674065
1.773419 123.932554
39.625545 154.433235
2.399074 129.563449
27.581687 153.963994
1.773419 130.971173
12.253140 158.499992
14.130105 145.517651
3.493970 129.719863
2.711902 130.032690
2.868315 124.088968
1.773419 137.540550
34.151064 157.717923
1.617005 122.837658
18.509690 158.343578
1.929833 122.055589
30.866376 144.891996
2.086247 134.881517
2.868315 132.222483
2.711902 126.278761
3.181143 136.602068
2.399074 123.776141
1.929833 137.853378
2.711902 133.004552
3.650384 134.725103
2.711902 125.965933
2.555488 124.401796
20.230241 145.361238
2.868315 123.306899
2.711902 124.245382
3.493970 136.758482
38.687063 154.746062
3.181143 122.994072
23.045688 145.204824
2.086247 124.558209
3.806798 128.937794
3.806798 128.468553
29.771480 158.030751
1.929833 132.535310
2.399074 128.312139
2.242660 135.194344
16.789139 153.807580
1.773419 135.350758
1.617005 137.227723
4.901694 140.043170
3.024729 120.960693
1.617005 138.791860
2.555488 136.132827
3.181143 130.814759
3.806798 127.686484
3.493970 131.127587
2.555488 120.804279
2.555488 127.842898
2.711902 125.027451
1.929833 139.730343
1.617005 131.753242
1.617005 135.663585
2.399074 133.943034
2.242660 127.530071
3.806798 145.986893
2.086247 127.060829
3.806798 127.217243
2.868315 133.160965
1.929833 126.435174
2.555488 123.463313
2.711902 123.619727
2.399074 134.568689
3.181143 129.094208
2.242660 133.317379
4.432453 153.494752
1.617005 134.412275
2.399074 123.150486
2.086247 126.904416
3.024729 132.691724
2.086247 159.282061
2.868315 159.125647
1.617005 137.071309
1.617005 135.819999
2.555488 124.871037
2.399074 120.647866
8.499210 145.830479
1.929833 122.524831
2.555488 126.591588
2.242660 139.573929
2.242660 127.999312
2.555488 135.507172
4.432453 153.338339
2.399074 125.496692
1.773419 121.742762
1.617005 126.748002
3.493970 129.407035
2.399074 125.183864
1.929833 139.261101
1.617005 130.189104
3.337557 134.099448
3.650384 133.630207
1.617005 138.322619
2.868315 122.368417
2.868315 130.501932
2.399074 129.250622
1.929833 133.473793
2.242660 128.155726
4.276039 137.696964
1.929833 132.848138
2.242660 139.886756
2.086247 120.491452
2.086247 130.658345
1.929833 131.440414
1.773419 121.586348
2.242660 132.066069
2.711902 125.653106
2.086247 134.255862
1.617005 121.899176
1.929833 138.948274
2.399074 130.345518
1.773419 121.117107
2.086247 125.340278
2.399074 124.714623
1.617005 138.009792
1.773419 146.143306
1.617005 158.812820
1.929833 132.378897
3.024729 135.037930
3.650384 131.596828
1.773419 120.335038
1.929833 125.809519
2.242660 126.122347
2.555488 135.976413
3.337557 133.786620
1.617005 136.289240
1.617005 122.212003
2.086247 122.681244
1.617005 159.438475
1.617005 137.384137
2.242660 139.417515
1.773419 136.914895
1.929833 138.166205
1.617005 120.022211
1.617005 158.969233
