2.242660 91.711323
1.617005 20.073827
1.617005 108.447594
1.617005 24.296998
2.242660 77.946913
1.617005 86.393255
3.024729 71.533950
1.929833 77.321258
2.086247 110.324559
2.868315 76.695603
17.727621 2.242660
1.617005 16.163484
1.617005 74.975052
1.929833 74.818638
2.399074 110.637386
2.711902 53.233541
2.086247 52.764300
2.242660 97.498631
2.399074 66.215882
2.399074 44.161544
1.773419 97.185804
1.773419 97.655045
1.617005 38.374236
1.617005 50.887335
1.929833 32.274099
14.130105 122.368417
2.555488 100.626906
2.242660 100.001251
2.242660 122.212003
2.711902 77.634086
1.617005 77.477672
1.773419 90.303599
7.873555 21.481551
2.242660 81.231602
2.399074 45.725682
8.655624 17.101966
2.399074 40.564028
3.181143 76.852017
2.086247 85.298359
8.499210 21.012310
2.242660 75.913534
1.929833 76.382776
3.181143 61.523470
1.773419 105.006491
8.812038 24.922653
2.711902 61.836297
1.773419 70.126226
8.812038 25.391895
2.242660 65.903055
1.773419 37.122926
1.617005 37.592167
2.555488 51.356576
1.617005 46.976992
1.773419 109.229662
2.868315 81.544429
1.617005 99.688424
1.929833 121.742762
7.247900 107.978352
2.086247 24.609826
2.086247 45.882095
1.617005 86.549669
1.617005 69.187743
1.773419 31.804858
1.773419 64.182504
2.399074 61.210642
2.711902 75.757121
2.242660 43.848717
9.594106 20.386655
2.086247 98.749941
2.242660 26.330377
2.399074 70.439053
2.555488 53.077128
2.086247 44.317958
1.773419 97.967873
1.929833 15.225001
2.399074 98.437114
1.617005 108.134766
2.086247 2.555488
2.555488 100.470493
2.555488 64.808159
1.929833 99.844838
1.617005 19.761000
1.617005 143.015031
2.555488 87.488152
9.124865 22.732861
1.617005 78.416154
1.617005 107.352697
2.086247 40.407614
1.617005 40.876855
2.399074 76.539189
1.617005 23.045688
2.086247 87.175324
2.242660 78.103327
1.617005 26.486791
2.086247 75.131466
2.086247 85.924014
1.617005 85.767600
2.711902 61.054229
2.868315 61.367056
2.086247 70.282640
2.086247 4.276039
1.617005 112.827178
1.929833 47.602647
1.773419 18.978931
1.617005 25.704722
2.242660 98.593528
2.086247 61.992711
2.086247 2.086247
1.773419 43.535889
1.617005 91.242082
1.617005 108.604007
2.086247 50.261680
1.617005 81.388016
2.242660 47.133405
1.617005 50.730921
3.024729 77.008431
1.617005 106.414215
2.242660 87.957393
1.617005 80.449533
2.711902 45.569268
1.773419 90.460013
2.242660 53.546369
1.617005 26.017550
2.242660 52.920714
1.617005 84.829118
1.617005 38.530649
1.773419 37.435753
1.617005 55.110506
1.617005 154.902476
1.929833 98.124286
1.773419 97.029390
2.399074 77.790499
8.342796 28.363756
1.929833 51.825818
3.181143 61.679884
1.773419 23.514930
2.242660 73.254501
1.773419 50.418094
8.029969 16.476311
5.527349 41.815338
2.399074 72.941673
1.617005 4.432453
2.555488 45.412854
1.617005 118.770901
2.086247 67.310778
8.968451 25.079067
2.242660 98.280700
2.242660 65.746641
1.617005 96.872976
1.773419 109.542490
1.773419 119.396556
8.655624 23.827757
13.660864 122.055589
2.399074 1.929833
1.617005 78.728982
7.873555 26.643205
1.773419 40.720442
2.086247 51.043749
13.191622 88.113807
1.617005 28.050928
2.086247 80.918774
2.242660 142.545790
8.186383 22.420033
1.617005 80.136706
1.617005 44.787199
2.242660 22.263620
1.773419 16.945552
2.242660 75.600707
2.399074 44.474372
2.555488 51.512990
2.399074 22.576447
1.773419 47.446233
1.617005 52.451473
2.086247 2.399074
1.617005 18.353276
2.399074 100.314079
2.399074 1.773419
13.973691 121.899176
2.086247 98.906355
1.773419 32.117686
1.773419 40.251200
1.617005 15.537829
1.617005 107.821939
1.773419 7.717141
2.399074 80.605947
9.124865 21.168724
2.399074 73.098087
1.773419 79.980292
1.773419 53.702783
2.868315 70.595467
3.024729 110.480972
1.773419 11.627485
1.773419 64.964572
2.242660 52.138645
1.773419 15.068587
2.555488 100.157665
1.773419 24.453412
1.929833 91.398495
1.773419 80.762361
2.086247 91.867737
1.617005 14.912174
1.773419 102.660285
1.617005 14.755760
1.773419 117.050350
8.342796 16.789139
2.086247 109.073249
2.086247 85.454773
8.499210 28.520170
2.555488 53.389955
1.773419 66.528710
3.024729 51.982231
1.617005 17.414794
2.868315 38.061408
1.773419 65.590227
1.617005 20.699482
1.617005 26.173963
1.617005 90.929254
2.086247 40.094787
1.773419 39.938373
2.086247 121.273521
2.086247 80.293119
2.086247 113.296420
1.617005 18.666104
1.617005 23.671343
1.929833 75.444293
1.929833 25.861136
2.086247 100.783320
1.617005 123.776141
8.968451 18.509690
2.399074 51.669404
2.399074 22.889275
8.812038 21.325137
1.773419 73.723742
2.086247 1.617005
1.929833 46.038509
1.617005 54.015610
8.968451 21.637965
1.929833 78.259741
1.773419 31.961272
1.773419 17.258380
2.086247 90.772840
2.086247 75.287879
1.617005 26.799618
1.773419 120.491452
1.773419 62.931194
2.555488 70.751881
1.773419 39.312718
1.617005 119.552970
1.773419 97.342218
2.242660 51.200163
8.029969 25.235481
1.617005 27.268860
1.929833 24.140585
8.655624 18.822517
1.929833 86.080428
1.617005 38.843477
1.617005 105.319319
1.617005 113.452833
2.242660 28.832997
1.617005 19.917414
1.617005 29.302238
1.773419 37.279339
2.086247 41.033269
9.281279 20.230241
2.242660 45.256440
2.242660 79.823878
2.242660 110.168145
1.617005 19.291759
1.617005 110.011731
2.555488 71.064708
1.617005 109.855317
2.086247 43.692303
1.617005 123.463313
1.929833 48.228302
1.617005 120.335038
8.812038 22.107206
2.242660 90.616427
1.617005 122.524831
2.086247 76.226362
1.617005 142.702204
1.617005 27.894515
1.617005 64.495331
1.773419 39.625545
1.617005 130.658345
1.773419 70.908295
1.617005 42.753820
1.617005 94.370356
8.655624 20.543069
1.617005 32.586927
1.617005 42.910234
8.342796 20.855896
1.617005 13.504450
1.617005 4.588866
1.617005 87.331738
2.086247 112.983592
1.617005 79.667464
2.242660 63.087607
1.773419 48.071888
1.617005 118.927315
1.617005 37.904994
1.617005 30.866376
1.617005 67.623606
2.242660 76.069948
1.617005 116.581108
1.617005 155.528131
1.617005 71.846777
1.929833 39.156304
2.242660 155.215304
8.812038 24.766240
1.617005 117.676005
1.617005 38.999891
1.617005 69.500571
1.617005 85.141945
1.617005 4.119625
2.086247 120.647866
2.086247 66.372296
1.773419 43.379475
2.555488 16.632725
1.617005 87.644565
1.617005 28.207342
1.617005 113.765661
1.617005 81.700843
2.399074 66.059469
8.342796 23.984171
1.617005 78.572568
1.617005 29.145825
1.617005 95.308839
1.617005 15.381415
1.617005 102.347457
1.617005 44.005130
1.773419 27.738101
1.617005 62.774780
2.242660 28.989411
1.617005 91.554909
1.617005 86.706083
1.617005 41.971752
1.773419 155.684545
1.617005 64.338917
1.617005 62.149125
1.617005 120.178624
1.617005 47.759060
2.086247 64.651745
1.617005 64.026090
1.617005 155.997372
1.617005 9.281279
1.617005 116.893936
1.617005 71.221122
1.617005 81.857257
1.617005 54.484851
1.617005 66.685123
1.617005 79.511051
1.617005 43.223062
1.617005 92.024150
1.617005 49.948853
1.617005 102.503871
2.242660 120.804279
1.617005 118.301660
1.617005 19.448172
1.617005 50.105266
1.617005 12.878795
1.617005 63.400435
1.617005 67.154365
1.617005 53.859196
1.617005 117.363177
1.617005 95.465253
1.617005 21.950792
1.617005 118.145246
1.617005 28.676583
1.617005 87.800979
1.617005 11.471071
1.617005 106.101387
1.617005 58.082367
1.617005 47.915474
1.617005 50.574508
1.617005 2.711902
1.617005 117.988832
1.617005 15.694242
1.617005 25.548308
1.617005 62.305539
1.617005 69.656985
1.617005 23.358516
