3.493970 121.273521
1.929833 131.753242
2.711902 120.178624
16.007070 153.338339
20.699482 135.663585
32.743341 140.981653
37.122926 158.343578
39.156304 136.914895
8.342796 134.568689
3.650384 126.591588
38.217822 153.963994
26.486791 153.651166
17.884035 158.812820
24.609826 140.825239
2.711902 121.117107
17.414794 159.594888
12.878795 141.607308
2.711902 122.212003
11.627485 141.450894
3.493970 141.763721
1.929833 125.653106
15.225001 141.294480
2.868315 123.776141
3.650384 121.742762
14.130105 134.881517
3.181143 123.150486
1.617005 142.232963
1.929833 128.937794
1.773419 119.396556
26.330377 153.494752
1.617005 126.748002
3.493970 122.055589
1.929833 132.535310
1.617005 123.619727
4.432453 134.412275
1.617005 130.032690
3.181143 126.122347
2.086247 119.709383
3.650384 124.088968
2.555488 131.127587
8.812038 159.438475
2.399074 122.837658
2.086247 141.920135
1.929833 130.345518
36.966512 153.807580
2.555488 133.943034
1.617005 132.378897
2.399074 119.552970
1.617005 124.714623
3.337557 126.904416
16.163484 158.656406
3.650384 122.368417
1.773419 128.624967
1.773419 125.809519
1.773419 130.501932
2.242660 132.848138
3.493970 127.217243
3.181143 120.804279
1.617005 118.770901
2.555488 125.965933
1.773419 128.312139
3.024729 120.335038
2.399074 133.630207
2.399074 129.563449
3.181143 125.027451
1.617005 132.066069
14.599346 158.969233
2.242660 130.189104
13.817277 159.282061
1.617005 128.155726
1.929833 124.871037
1.773419 131.909655
1.617005 132.691724
1.617005 129.876277
2.242660 133.317379
2.086247 121.586348
2.242660 118.927315
2.711902 120.647866
3.337557 127.842898
2.399074 123.306899
2.399074 123.463313
13.348036 159.125647
1.929833 133.160965
3.181143 124.245382
1.617005 119.240142
1.617005 119.083728
1.929833 122.994072
1.617005 121.899176
1.617005 159.907716
2.868315 120.491452
2.399074 130.971173
1.617005 120.960693
2.242660 125.183864
1.617005 122.681244
3.024729 124.558209
1.773419 132.222483
1.617005 127.060829
1.773419 133.004552
7.404314 159.751302
2.711902 120.022211
3.337557 123.932554
1.617005 122.524831
2.868315 130.814759
1.617005 129.407035
2.242660 125.340278
1.617005 121.429934
1.617005 134.255862
1.617005 125.496692
1.929833 133.786620
1.929833 119.865797
2.086247 127.373657
1.617005 160.064130
1.617005 129.250622
18.196862 153.181925
1.617005 124.401796
1.617005 127.530071
1.617005 131.596828
1.617005 131.440414
1.617005 128.468553
