26.486791 139.573929
24.296998 139.417515
17.258380 153.651166
2.711902 122.681244
33.212582 139.261101
28.050928 138.479033
1.929833 132.378897
11.158244 158.656406
15.694242 140.043170
25.391895 158.969233
26.799618 159.125647
33.838237 139.886756
2.242660 121.742762
3.493970 124.088968
39.781959 138.948274
24.922653 153.494752
2.242660 121.117107
29.771480 140.512411
31.804858 139.730343
2.555488 121.429934
1.617005 160.220543
2.242660 120.178624
36.497271 139.104688
1.617005 161.002612
3.806798 129.094208
3.963211 122.994072
26.956032 159.282061
3.493970 128.937794
3.650384 130.189104
4.432453 124.871037
2.711902 123.150486
4.276039 129.563449
1.617005 126.591588
2.711902 127.686484
30.553548 140.199584
20.073827 153.807580
2.555488 124.245382
1.773419 121.899176
4.119625 132.848138
2.086247 125.496692
3.024729 132.691724
23.984171 140.355998
3.181143 130.032690
26.643205 159.594888
1.929833 123.619727
2.555488 128.781381
3.493970 131.440414
2.868315 122.055589
3.963211 124.714623
3.493970 129.719863
3.337557 123.932554
2.868315 131.909655
3.181143 122.837658
2.399074 129.250622
1.773419 122.212003
4.119625 127.217243
3.024729 120.960693
2.399074 123.776141
2.868315 125.809519
2.399074 131.127587
2.086247 119.865797
3.337557 128.155726
3.024729 128.468553
2.555488 122.368417
6.778659 153.338339
3.024729 130.658345
3.493970 127.060829
3.493970 120.647866
27.268860 159.907716
3.650384 126.435174
27.268860 159.438475
1.617005 140.668825
3.024729 130.814759
3.806798 127.373657
2.399074 128.312139
3.806798 122.524831
1.773419 130.971173
2.555488 123.306899
2.242660 125.653106
3.963211 124.558209
3.181143 132.222483
26.330377 159.751302
2.555488 121.273521
2.242660 132.535310
1.617005 141.763721
3.024729 125.340278
2.711902 132.066069
2.086247 124.401796
1.929833 120.335038
3.181143 127.999312
2.242660 121.586348
2.555488 126.122347
3.493970 123.463313
2.868315 131.284000
1.617005 126.278761
1.773419 128.624967
4.276039 125.027451
3.650384 125.183864
1.617005 131.753242
2.868315 126.748002
3.337557 129.407035
1.773419 120.022211
1.617005 120.491452
1.773419 131.596828
1.617005 126.904416
2.242660 127.530071
1.617005 153.181925
4.745280 127.842898
1.617005 141.138066
3.650384 120.804279
1.617005 160.064130
1.617005 125.965933
1.617005 160.533371
1.617005 160.376957
1.617005 140.981653
1.617005 140.825239
