8.342796 17.414794
2.242660 77.477672
2.242660 35.871616
1.773419 94.213943
2.711902 35.402374
8.655624 72.941673
2.399074 51.043749
2.555488 69.656985
2.399074 28.520170
2.711902 69.344157
2.399074 37.435753
1.617005 14.130105
2.868315 35.089547
5.996590 38.530649
8.812038 21.325137
1.617005 88.426634
9.437693 74.192983
8.499210 73.723742
2.555488 79.667464
2.242660 72.628846
2.399074 45.256440
2.711902 79.980292
1.617005 72.316018
6.309418 39.156304
1.929833 69.500571
1.617005 18.666104
2.868315 44.787199
1.617005 70.126226
2.086247 77.008431
1.617005 18.509690
8.968451 74.505811
9.437693 74.036570
2.242660 66.997951
7.873555 19.448172
1.617005 28.989411
1.773419 51.356576
6.622245 38.999891
1.773419 122.055589
1.617005 131.596828
1.773419 13.973691
8.499210 74.349397
1.773419 18.196862
1.617005 22.889275
1.617005 116.893936
2.242660 77.164844
1.617005 117.988832
9.124865 73.880156
2.399074 28.676583
1.773419 38.217822
1.617005 21.637965
2.399074 37.592167
2.242660 27.425273
1.929833 68.562088
2.399074 80.449533
1.773419 68.405675
1.929833 79.511051
2.242660 45.412854
2.399074 80.136706
2.555488 68.874916
2.555488 36.184443
1.773419 66.372296
2.242660 66.685123
1.617005 23.045688
8.342796 17.884035
1.929833 77.790499
2.086247 83.734222
2.399074 69.187743
2.086247 72.472432
2.711902 27.581687
2.868315 45.100027
1.773419 72.159605
2.242660 37.748581
1.617005 18.978931
1.617005 143.015031
2.086247 35.245961
1.617005 103.285940
1.617005 37.279339
5.996590 38.687063
2.711902 69.031330
8.186383 15.381415
8.342796 20.230241
2.711902 68.718502
2.711902 36.340857
8.812038 28.207342
1.617005 34.307478
6.465831 38.843477
2.086247 50.887335
8.342796 20.543069
1.773419 24.766240
2.086247 90.303599
1.617005 26.173963
2.242660 79.823878
1.773419 13.035209
1.617005 83.890636
1.773419 130.501932
2.399074 69.969812
2.711902 80.293119
1.773419 25.704722
1.617005 49.792439
2.399074 35.558788
1.617005 121.586348
2.086247 18.353276
1.617005 22.420033
2.399074 95.152425
1.617005 73.098087
2.555488 69.813398
1.929833 74.975052
2.555488 53.389955
1.773419 53.233541
2.086247 44.943613
1.929833 39.312718
2.086247 88.270220
2.242660 106.414215
2.086247 94.057529
1.929833 51.512990
2.399074 66.528710
1.617005 14.442932
1.617005 131.127587
7.560728 23.514930
2.242660 44.474372
2.555488 74.818638
2.242660 94.526770
2.399074 34.933133
8.968451 74.662225
8.499210 27.894515
1.773419 37.904994
1.617005 24.922653
1.617005 24.453412
1.929833 53.077128
1.617005 17.101966
2.086247 94.370356
2.399074 44.630785
8.812038 24.296998
1.773419 19.291759
8.342796 14.286519
2.242660 95.308839
2.399074 36.028029
1.617005 120.960693
1.773419 34.776719
8.342796 20.386655
1.773419 66.215882
2.242660 36.497271
1.617005 19.135345
8.186383 84.047049
1.617005 22.576447
1.773419 54.328438
3.024729 27.738101
2.086247 27.268860
7.717141 23.358516
2.086247 66.841537
8.499210 72.785260
1.617005 25.861136
1.773419 21.168724
1.617005 15.537829
1.617005 37.122926
8.499210 21.481551
1.929833 77.634086
1.929833 142.702204
2.399074 77.321258
1.773419 28.363756
1.773419 94.839598
1.773419 130.345518
1.617005 53.702783
1.617005 28.832997
1.617005 38.061408
1.617005 45.569268
1.617005 11.001830
1.617005 27.112446
2.086247 24.609826
1.617005 73.254501
1.617005 28.050928
1.929833 36.966512
1.929833 94.683184
1.617005 21.012310
1.617005 53.859196
1.617005 142.858618
1.617005 12.878795
1.617005 49.636025
1.617005 22.107206
1.617005 16.945552
1.617005 94.996011
1.617005 23.984171
1.929833 121.899176
1.617005 143.327859
1.617005 116.424695
1.929833 106.570629
1.617005 38.374236
1.617005 25.079067
1.929833 35.715202
1.617005 121.742762
1.617005 36.810098
1.617005 142.545790
1.773419 17.258380
1.617005 44.161544
1.617005 16.789139
1.617005 19.917414
1.617005 16.476311
1.617005 26.643205
1.617005 23.671343
1.617005 142.076549
1.617005 36.653684
1.617005 76.852017
1.617005 14.755760
1.617005 61.523470
1.617005 53.546369
1.617005 22.732861
