3.650384 128.781381
35.715202 141.138066
2.555488 121.429934
26.330377 140.668825
32.743341 154.120407
30.709962 154.433235
18.196862 144.735583
2.086247 131.440414
3.181143 122.681244
17.727621 139.886756
16.632725 144.891996
33.838237 158.030751
1.617005 127.060829
35.089547 144.266341
8.499210 159.438475
33.994651 154.276821
6.465831 159.594888
4.588866 121.117107
30.866376 153.963994
3.024729 129.407035
2.399074 123.619727
31.961272 158.499992
1.773419 127.530071
36.340857 158.187165
10.689003 159.282061
22.576447 158.343578
7.560728 158.969233
26.173963 144.579169
4.119625 120.960693
12.409554 145.048410
31.022789 144.422755
26.486791 158.656406
20.073827 140.199584
3.493970 121.742762
1.617005 134.725103
2.242660 124.401796
23.045688 140.355998
1.617005 139.104688
1.617005 137.071309
2.868315 122.994072
2.086247 135.037930
18.353276 153.807580
1.929833 128.312139
4.119625 120.022211
1.773419 136.132827
2.399074 122.055589
11.001830 145.204824
16.163484 153.651166
2.086247 132.222483
3.024729 123.150486
2.086247 119.552970
3.963211 145.517651
2.399074 129.876277
3.493970 119.865797
3.181143 120.335038
3.181143 120.178624
1.617005 135.194344
1.773419 137.696964
1.617005 128.937794
1.617005 125.653106
2.555488 131.596828
3.181143 121.273521
1.773419 132.378897
14.130105 153.494752
2.242660 132.848138
1.773419 130.032690
1.617005 133.160965
2.242660 128.624967
3.024729 120.647866
15.068587 139.730343
7.404314 145.361238
1.617005 126.122347
2.711902 138.635446
1.617005 133.004552
2.086247 132.691724
1.773419 124.245382
1.617005 137.540550
1.773419 123.306899
1.617005 125.965933
11.940313 159.125647
4.119625 119.709383
2.086247 123.932554
1.929833 126.904416
5.527349 153.338339
3.650384 127.217243
5.370935 159.751302
1.617005 133.630207
2.086247 133.786620
2.242660 121.899176
2.711902 119.396556
2.086247 128.155726
2.242660 122.524831
2.868315 120.491452
1.617005 134.099448
2.399074 130.658345
2.868315 131.127587
1.773419 129.094208
1.617005 129.250622
1.773419 130.345518
1.617005 132.066069
1.617005 127.999312
1.617005 122.837658
2.399074 124.088968
3.806798 126.435174
3.493970 124.714623
2.399074 133.473793
3.493970 121.586348
1.617005 131.284000
2.555488 134.255862
1.617005 130.189104
1.617005 122.212003
1.617005 135.976413
3.493970 124.558209
1.617005 125.183864
2.555488 122.368417
1.617005 138.166205
1.617005 130.971173
1.929833 130.501932
8.812038 158.812820
1.617005 126.591588
1.929833 133.317379
2.242660 120.804279
1.617005 131.753242
1.773419 133.943034
1.617005 129.719863
1.617005 138.009792
1.617005 134.881517
1.617005 125.340278
1.773419 138.948274
2.555488 131.909655
1.617005 119.083728
1.617005 129.563449
1.617005 123.776141
2.868315 123.463313
1.617005 160.064130
1.617005 137.227723
1.617005 136.289240
1.617005 124.871037
1.617005 128.468553
1.617005 130.814759
1.617005 127.373657
1.617005 135.507172
