17.258380 143.015031
26.956032 159.282061
37.279339 142.232963
1.773419 122.524831
39.938373 140.199584
35.089547 142.545790
23.514930 137.540550
30.553548 153.807580
1.929833 127.373657
19.291759 137.384137
36.497271 153.963994
2.711902 125.027451
1.773419 135.350758
5.370935 143.484273
26.956032 153.651166
3.024729 124.401796
3.650384 127.217243
14.755760 159.751302
11.783899 143.327859
1.773419 127.842898
13.348036 143.171445
7.560728 158.969233
33.994651 140.825239
1.617005 120.960693
28.520170 142.702204
19.917414 158.812820
26.643205 158.343578
20.699482 137.853378
32.430513 142.389376
1.773419 128.781381
1.773419 129.094208
1.617005 129.407035
1.617005 125.653106
1.929833 134.568689
2.086247 135.507172
2.711902 126.278761
3.806798 128.468553
14.912174 159.594888
2.242660 127.686484
21.950792 142.858618
3.337557 126.435174
2.711902 128.624967
1.617005 131.753242
18.196862 159.438475
2.868315 127.999312
2.711902 131.596828
5.370935 153.338339
3.024729 130.971173
1.929833 134.881517
1.773419 128.312139
2.555488 130.345518
1.617005 126.122347
2.086247 122.212003
8.968451 153.494752
1.617005 135.037930
1.617005 132.691724
1.617005 132.535310
2.555488 125.183864
23.045688 158.656406
3.650384 124.871037
2.242660 159.907716
1.617005 130.814759
2.086247 130.189104
1.617005 134.412275
2.555488 133.004552
1.773419 135.663585
1.617005 123.619727
2.711902 126.591588
2.086247 123.932554
2.399074 136.758482
21.012310 159.125647
2.242660 125.496692
2.555488 123.150486
1.773419 120.804279
1.617005 134.099448
1.929833 131.127587
1.773419 129.250622
1.617005 125.965933
1.617005 122.837658
2.399074 136.132827
1.617005 132.848138
1.617005 133.630207
1.617005 122.681244
1.617005 122.368417
3.181143 127.530071
2.086247 135.976413
1.617005 132.222483
1.617005 128.155726
1.617005 122.055589
1.617005 119.552970
1.617005 126.748002
1.617005 123.306899
1.773419 127.060829
1.617005 131.440414
1.617005 135.819999
1.617005 130.501932
1.617005 124.245382
1.617005 160.064130
1.617005 125.340278
1.617005 126.904416
1.617005 123.776141
1.617005 121.273521
1.617005 131.284000
1.617005 130.658345
1.617005 143.640686
1.617005 136.289240
1.617005 124.558209
