32.117686 153.651166
23.358516 135.194344
15.225001 160.064130
23.984171 136.445654
22.889275 133.786620
29.771480 136.289240
2.399074 120.491452
28.832997 136.914895
24.296998 134.725103
18.666104 159.594888
8.029969 129.876277
23.671343 132.691724
18.666104 159.751302
1.617005 127.217243
3.337557 121.117107
1.929833 119.709383
19.135345 132.222483
38.999891 134.881517
1.617005 164.756542
4.745280 161.002612
36.028029 136.758482
17.884035 159.907716
4.432453 160.846198
2.399074 124.871037
5.840176 160.376957
4.432453 160.533371
18.509690 135.350758
32.586927 136.132827
1.617005 128.781381
16.163484 131.753242
5.214521 161.628267
3.493970 125.027451
18.978931 131.440414
30.709962 137.071309
2.555488 123.150486
19.604586 136.602068
3.806798 161.471853
8.342796 130.189104
14.442932 130.658345
31.804858 159.125647
3.493970 161.315440
2.242660 122.055589
3.806798 122.212003
3.806798 121.742762
1.773419 138.479033
3.963211 161.159026
1.617005 127.373657
3.024729 122.837658
3.493970 162.566750
3.806798 121.429934
2.711902 128.468553
3.493970 123.306899
13.191622 153.338339
34.307478 158.969233
1.929833 164.130887
19.604586 159.438475
2.242660 162.879577
2.242660 121.586348
3.650384 124.401796
15.850656 153.494752
2.399074 119.083728
5.214521 160.220543
3.181143 124.558209
2.242660 122.994072
3.963211 122.368417
1.617005 121.899176
5.058108 137.384137
3.337557 129.094208
3.337557 122.524831
1.617005 128.937794
1.773419 129.250622
4.588866 160.689785
39.312718 135.819999
2.555488 120.804279
1.617005 126.748002
19.135345 159.282061
2.242660 153.181925
2.242660 162.723163
1.617005 137.853378
3.024729 121.273521
3.493970 161.784681
3.181143 163.505232
1.617005 124.245382
2.086247 163.192405
1.617005 120.178624
2.242660 161.941095
1.617005 125.183864
1.617005 119.240142
1.773419 124.088968
1.617005 127.060829
6.465831 137.227723
1.617005 163.348818
1.617005 125.653106
1.617005 127.999312
3.181143 120.647866
3.024729 120.335038
2.711902 125.340278
2.242660 128.624967
1.617005 119.396556
2.086247 120.960693
1.617005 137.540550
1.617005 120.022211
4.119625 126.278761
3.493970 126.591588
2.555488 119.865797
4.119625 162.253922
1.617005 128.155726
2.711902 162.410336
1.617005 126.122347
1.617005 123.619727
1.617005 126.435174
1.773419 125.965933
2.242660 124.714623
2.868315 123.463313
1.929833 162.097508
1.617005 163.818060
1.617005 165.225783
1.617005 163.035991
1.617005 138.009792
