10.376175 153.494752
33.525409 154.276821
20.230241 153.807580
1.617005 128.781381
38.217822 154.120407
35.715202 145.517651
2.555488 121.429934
28.989411 158.343578
35.715202 144.422755
13.191622 153.651166
28.832997 158.499992
3.024729 120.491452
2.711902 129.876277
17.414794 146.143306
24.766240 158.656406
1.929833 138.166205
2.242660 138.322619
3.493970 127.217243
26.799618 159.594888
24.140585 145.986893
34.151064 143.171445
3.650384 130.971173
29.615066 153.963994
4.901694 159.907716
3.650384 126.435174
1.773419 137.540550
2.399074 121.117107
2.711902 120.647866
32.743341 144.579169
39.156304 142.702204
39.938373 142.076549
1.617005 138.479033
24.922653 158.812820
2.399074 134.881517
25.861136 145.830479
16.632725 159.282061
1.773419 136.602068
2.868315 123.463313
1.929833 131.753242
2.086247 139.104688
2.399074 129.094208
14.130105 146.299720
6.622245 140.981653
1.617005 138.791860
1.929833 130.032690
1.929833 125.340278
3.024729 122.681244
2.399074 135.194344
2.555488 123.306899
3.650384 127.530071
3.181143 120.804279
14.755760 158.969233
10.689003 159.751302
17.258380 159.438475
2.399074 128.624967
1.617005 153.338339
3.806798 127.842898
2.399074 140.355998
1.617005 130.345518
3.806798 125.965933
2.555488 121.742762
3.493970 126.748002
1.617005 131.596828
2.555488 124.088968
2.242660 127.686484
2.711902 119.709383
10.689003 146.456134
1.929833 135.037930
2.086247 160.064130
2.555488 146.768961
1.617005 132.222483
2.086247 138.635446
2.399074 123.150486
2.711902 140.668825
1.617005 128.155726
2.242660 121.273521
27.112446 159.125647
1.929833 132.691724
1.617005 122.368417
1.617005 128.312139
1.617005 133.160965
2.086247 129.563449
1.929833 126.591588
2.868315 123.932554
1.773419 139.886756
2.399074 135.507172
2.711902 121.899176
2.399074 140.512411
2.555488 126.278761
1.617005 137.227723
2.086247 122.055589
19.135345 146.612548
2.868315 124.401796
1.773419 123.776141
2.242660 134.255862
2.555488 124.558209
1.617005 131.284000
1.617005 122.837658
3.806798 126.904416
1.617005 136.445654
1.617005 127.999312
2.399074 127.060829
1.617005 132.848138
1.617005 130.814759
2.399074 131.127587
1.773419 140.043170
1.617005 135.350758
2.555488 134.412275
1.617005 139.261101
1.617005 138.948274
2.086247 122.212003
1.773419 123.619727
2.555488 133.473793
1.773419 129.250622
2.399074 125.653106
2.711902 121.586348
1.617005 137.071309
1.617005 133.943034
2.242660 136.914895
8.968451 119.865797
3.181143 122.994072
2.399074 125.183864
1.617005 120.022211
1.617005 130.501932
2.711902 122.524831
1.617005 133.004552
2.242660 140.199584
1.617005 120.335038
2.242660 130.658345
2.399074 129.719863
3.337557 128.468553
1.929833 135.663585
1.617005 135.976413
2.086247 136.289240
1.617005 120.960693
1.773419 131.909655
1.617005 134.725103
1.617005 132.378897
1.617005 146.925375
