37.279339 136.758482
40.094787 153.651166
25.235481 137.227723
33.525409 136.914895
3.493970 129.876277
3.024729 127.373657
2.868315 122.681244
28.676583 137.071309
22.263620 133.317379
1.617005 123.932554
36.497271 154.120407
3.337557 127.217243
14.130105 153.338339
24.453412 159.125647
3.181143 123.619727
22.889275 137.384137
2.868315 127.530071
3.181143 123.150486
2.086247 121.586348
14.130105 132.066069
2.711902 122.837658
3.337557 120.022211
3.493970 126.591588
18.353276 137.540550
8.812038 137.853378
2.868315 125.809519
3.181143 124.401796
3.024729 123.306899
2.086247 129.094208
21.794378 133.473793
2.555488 125.653106
2.711902 122.055589
1.929833 127.060829
2.868315 122.994072
1.929833 124.558209
2.555488 128.937794
15.537829 137.696964
2.086247 121.742762
2.242660 121.117107
3.806798 127.842898
2.399074 125.027451
3.337557 138.009792
2.555488 125.965933
2.555488 120.491452
1.929833 120.647866
1.617005 119.396556
3.181143 124.245382
11.001830 159.438475
2.868315 119.709383
3.650384 120.335038
2.086247 125.340278
1.929833 130.032690
2.399074 124.088968
27.268860 158.969233
2.399074 122.524831
3.181143 123.463313
1.617005 127.999312
3.024729 128.155726
2.399074 124.871037
1.929833 120.178624
4.276039 159.282061
3.650384 126.748002
2.555488 120.960693
2.399074 124.714623
3.024729 129.250622
2.086247 130.345518
2.399074 127.686484
1.617005 129.563449
2.555488 121.899176
2.711902 125.183864
2.086247 126.278761
2.711902 119.865797
2.086247 126.435174
2.555488 126.122347
3.806798 128.312139
1.617005 130.189104
3.181143 128.468553
1.617005 153.181925
1.617005 129.407035
2.711902 122.212003
2.086247 126.904416
2.711902 123.776141
2.242660 138.166205
1.617005 159.751302
1.617005 129.719863
2.242660 128.624967
1.617005 120.804279
1.929833 128.781381
1.617005 152.869097
1.617005 121.429934
1.617005 122.368417
