5.058108 44.630785
2.711902 45.100027
2.399074 41.971752
9.281279 21.168724
6.465831 37.592167
1.773419 92.024150
1.773419 52.295059
9.124865 22.576447
1.773419 55.110506
5.370935 44.161544
2.711902 43.535889
1.773419 64.651745
5.996590 40.876855
6.309418 40.720442
5.058108 42.597407
1.617005 46.507750
1.617005 85.298359
5.527349 40.094787
2.086247 43.692303
6.778659 37.122926
2.868315 43.379475
2.242660 38.217822
5.996590 42.753820
1.617005 16.632725
6.622245 38.530649
2.555488 61.836297
1.617005 107.196284
9.750520 18.353276
2.868315 44.787199
1.929833 130.658345
5.840176 41.815338
2.711902 37.748581
3.181143 44.474372
5.683763 41.346097
1.773419 21.637965
1.929833 48.541129
1.773419 20.543069
2.555488 38.061408
1.617005 19.917414
1.929833 100.939734
1.773419 95.934494
5.996590 40.564028
3.181143 44.943613
1.773419 25.548308
9.437693 18.509690
3.024729 43.848717
1.617005 88.739462
1.617005 47.602647
1.929833 62.618366
1.773419 143.015031
5.996590 38.687063
2.086247 88.270220
2.086247 62.305539
1.617005 25.079067
1.617005 21.950792
5.840176 42.440993
2.086247 21.325137
5.840176 42.128165
3.650384 44.005130
2.242660 45.569268
9.124865 16.319897
6.153004 41.658924
7.247900 37.435753
1.617005 20.230241
1.617005 95.308839
2.868315 39.312718
1.617005 58.238781
1.617005 91.711323
1.617005 47.759060
1.617005 62.149125
1.617005 17.101966
1.617005 96.560149
1.617005 27.425273
3.493970 43.223062
5.527349 41.033269
1.617005 61.679884
2.242660 45.725682
9.906934 18.040449
8.029969 22.263620
2.086247 48.384715
1.617005 19.761000
2.242660 101.408975
3.337557 44.317958
2.555488 40.407614
2.711902 40.251200
2.399074 45.412854
1.617005 45.882095
1.773419 39.156304
1.617005 14.442932
3.024729 43.066648
1.617005 26.643205
5.840176 41.189683
5.683763 42.284579
1.617005 39.781959
1.773419 63.087607
1.617005 52.764300
1.617005 49.166784
1.773419 74.662225
2.711902 37.904994
1.617005 38.374236
6.309418 37.279339
1.617005 56.048989
2.086247 59.020850
1.617005 142.076549
9.437693 19.448172
1.617005 120.335038
1.773419 18.978931
2.242660 100.626906
1.773419 59.177264
3.337557 42.910234
5.527349 39.938373
2.086247 74.192983
1.773419 46.976992
2.086247 100.470493
1.929833 64.808159
1.773419 50.574508
1.617005 74.349397
9.124865 22.420033
1.617005 19.291759
1.617005 16.007070
1.617005 17.884035
1.617005 88.895875
3.181143 36.966512
1.929833 23.358516
1.617005 131.284000
1.773419 52.138645
1.617005 25.391895
1.773419 27.738101
1.617005 53.233541
1.617005 52.920714
2.086247 94.996011
8.499210 15.537829
1.617005 130.345518
1.617005 50.887335
2.242660 45.256440
1.617005 74.505811
3.024729 38.843477
1.929833 130.814759
1.617005 52.607886
1.617005 118.145246
6.778659 41.502510
1.617005 130.189104
1.617005 120.178624
1.617005 26.017550
1.773419 63.556849
1.617005 70.282640
1.773419 55.266920
1.773419 74.036570
2.555488 101.096148
1.617005 52.451473
1.617005 61.992711
2.086247 14.286519
1.617005 107.665525
2.086247 20.699482
1.617005 97.498631
8.342796 22.107206
1.617005 16.163484
1.617005 56.205403
1.617005 101.565389
1.617005 48.853956
1.773419 142.389376
1.617005 118.458073
1.617005 95.152425
1.617005 57.300299
1.929833 28.989411
1.929833 101.252561
1.617005 142.858618
2.086247 121.586348
1.617005 117.363177
1.617005 58.708022
1.617005 57.613126
1.617005 47.446233
1.617005 24.296998
1.617005 78.572568
2.242660 88.426634
1.617005 58.864436
1.617005 55.423334
1.617005 136.758482
1.617005 20.386655
1.773419 16.789139
1.617005 58.395195
1.617005 54.954093
1.617005 17.414794
1.617005 142.232963
1.617005 131.127587
1.617005 48.697543
1.617005 64.964572
1.773419 58.082367
1.617005 17.727621
1.773419 57.769540
1.617005 14.599346
1.617005 23.984171
1.617005 117.206763
1.617005 62.774780
1.617005 85.454773
1.617005 19.604586
1.617005 26.330377
1.617005 50.418094
1.617005 121.429934
1.617005 23.671343
1.617005 19.135345
