1.617005 86.706083
1.617005 86.393255
2.242660 44.630785
2.399074 77.321258
1.773419 41.971752
1.773419 125.496692
1.773419 74.818638
1.773419 84.829118
1.773419 140.981653
2.086247 66.215882
2.555488 66.528710
1.773419 52.920714
2.555488 44.161544
1.773419 22.420033
1.773419 43.535889
1.773419 31.335617
9.281279 15.068587
1.617005 54.797679
2.711902 22.732861
1.617005 59.959332
2.086247 42.597407
2.086247 46.820578
1.929833 87.800979
1.617005 51.825818
13.973691 122.212003
1.617005 55.423334
1.617005 81.231602
2.711902 85.298359
1.617005 127.060829
1.929833 88.895875
2.242660 72.941673
1.617005 135.663585
2.242660 31.022789
1.617005 121.899176
1.617005 129.563449
2.242660 42.753820
3.806798 64.651745
1.617005 88.426634
1.773419 38.217822
1.617005 46.976992
2.086247 87.644565
1.617005 92.493392
1.929833 27.738101
1.617005 40.720442
1.617005 14.286519
1.617005 11.783899
1.773419 12.722381
2.086247 71.221122
1.617005 130.658345
1.773419 43.848717
1.617005 66.685123
2.086247 74.975052
9.124865 20.386655
2.242660 97.811459
1.773419 66.372296
2.086247 75.444293
1.773419 31.179203
1.773419 37.592167
1.617005 126.435174
4.119625 61.836297
1.773419 137.227723
1.773419 65.433814
1.617005 19.135345
3.181143 59.646505
1.773419 138.166205
1.617005 87.018910
2.399074 87.488152
1.773419 142.858618
2.086247 44.943613
2.086247 38.843477
1.773419 87.175324
1.617005 76.695603
2.399074 67.467192
8.968451 21.794378
1.617005 48.697543
1.773419 1.617005
9.437693 28.989411
8.499210 18.978931
1.617005 74.662225
1.773419 119.552970
2.242660 62.305539
2.086247 95.465253
1.773419 42.440993
1.929833 143.640686
1.773419 79.198223
1.617005 17.727621
1.929833 99.062769
1.617005 133.630207
1.617005 27.425273
1.617005 91.398495
1.773419 126.748002
1.617005 119.240142
1.617005 77.008431
1.617005 113.609247
1.617005 64.495331
1.617005 122.837658
1.929833 132.066069
1.773419 16.319897
1.617005 16.163484
1.617005 65.277400
1.617005 124.401796
1.617005 75.757121
1.929833 120.647866
1.773419 37.435753
1.617005 47.759060
9.124865 16.476311
2.399074 131.909655
1.773419 142.076549
2.242660 77.790499
1.929833 141.294480
1.617005 19.291759
2.555488 61.679884
1.617005 128.781381
1.617005 46.194923
1.617005 59.177264
1.773419 41.815338
1.617005 85.767600
1.617005 118.770901
1.617005 79.041809
1.929833 44.787199
1.773419 89.834358
3.181143 62.774780
2.086247 125.809519
1.617005 137.071309
1.929833 141.763721
1.929833 71.064708
1.617005 10.845416
2.242660 61.210642
1.773419 43.379475
9.124865 29.302238
3.181143 70.439053
1.617005 10.532589
1.617005 46.351337
1.617005 69.813398
2.086247 89.521530
9.437693 23.827757
1.617005 50.574508
1.617005 121.586348
9.750520 18.353276
1.617005 28.050928
1.617005 69.344157
2.242660 77.164844
1.617005 135.976413
2.242660 142.545790
1.617005 142.702204
1.773419 139.573929
1.773419 147.238202
1.773419 67.310778
1.929833 20.073827
2.242660 84.672704
1.617005 148.176685
1.617005 31.804858
1.617005 48.541129
1.617005 14.442932
2.086247 97.967873
1.773419 98.437114
1.617005 148.020271
2.086247 137.540550
1.929833 23.358516
8.968451 29.145825
1.929833 11.001830
1.929833 125.653106
1.617005 71.533950
1.617005 45.100027
1.929833 44.005130
1.773419 61.054229
1.617005 70.908295
1.773419 149.271581
2.399074 105.632146
1.773419 63.087607
1.773419 99.219183
1.617005 48.384715
2.242660 23.045688
1.617005 15.225001
2.555488 89.208703
1.617005 14.599346
1.773419 45.256440
1.773419 74.505811
1.617005 14.912174
1.929833 41.658924
1.773419 85.454773
8.968451 20.230241
1.773419 28.832997
1.617005 62.149125
2.399074 62.618366
1.929833 66.841537
1.617005 126.278761
9.124865 17.101966
1.929833 124.558209
1.617005 28.676583
1.617005 51.982231
2.086247 92.024150
1.773419 40.094787
1.617005 23.514930
1.617005 127.217243
8.186383 22.263620
1.617005 134.099448
2.399074 61.523470
1.929833 70.282640
1.773419 122.994072
1.617005 143.953514
1.929833 70.126226
1.929833 152.869097
14.130105 122.368417
1.617005 146.768961
1.773419 119.865797
1.617005 51.043749
2.086247 74.349397
1.617005 92.180564
1.773419 11.627485
2.555488 61.367056
1.617005 89.677944
2.242660 89.052289
1.929833 63.556849
1.773419 68.092847
1.773419 62.931194
1.617005 70.595467
2.399074 44.474372
1.773419 31.648444
1.773419 74.036570
1.617005 122.055589
2.555488 61.992711
2.242660 17.884035
2.242660 43.066648
1.617005 97.342218
1.929833 100.314079
1.773419 1.773419
1.617005 42.284579
1.773419 11.471071
8.968451 13.973691
1.773419 132.222483
1.773419 119.083728
8.655624 11.314658
1.617005 52.764300
2.242660 62.461952
1.773419 59.020850
1.617005 38.687063
1.617005 137.384137
1.773419 141.607308
2.242660 95.621666
1.617005 145.048410
1.617005 78.728982
1.617005 77.634086
1.773419 38.061408
1.617005 117.363177
2.086247 87.957393
1.773419 75.131466
1.773419 14.755760
1.929833 131.127587
1.617005 130.814759
1.773419 144.109928
1.773419 116.581108
2.242660 70.751881
1.617005 19.604586
2.399074 43.223062
1.617005 22.889275
2.242660 91.867737
1.617005 122.524831
1.617005 74.192983
1.617005 123.932554
1.617005 120.960693
1.929833 75.287879
1.773419 114.234902
14.130105 122.681244
2.242660 44.317958
2.242660 105.162905
1.929833 100.939734
2.086247 42.910234
1.617005 130.971173
1.773419 94.057529
1.773419 86.080428
9.594106 18.509690
1.617005 135.507172
1.617005 54.172024
1.617005 128.312139
1.617005 118.927315
1.617005 37.279339
1.617005 116.111867
1.617005 55.736161
1.773419 81.388016
1.617005 98.906355
1.617005 129.876277
1.617005 77.946913
1.617005 139.730343
1.617005 43.692303
1.617005 20.543069
1.617005 130.189104
1.617005 18.666104
1.773419 46.507750
1.617005 81.544429
1.617005 78.416154
1.617005 95.934494
1.617005 55.579748
1.617005 91.711323
1.617005 143.797100
1.617005 54.328438
1.929833 75.600707
1.929833 126.122347
1.617005 63.244021
1.617005 92.336978
1.617005 81.075188
1.617005 54.641265
2.086247 78.103327
1.617005 12.878795
1.617005 79.667464
1.617005 19.448172
1.617005 129.407035
1.617005 98.593528
1.617005 52.138645
1.617005 47.446233
1.929833 87.331738
8.812038 14.130105
1.929833 141.138066
2.555488 67.623606
1.617005 81.857257
1.617005 71.377536
1.617005 144.891996
1.617005 30.240721
1.617005 79.511051
1.929833 120.178624
1.617005 47.915474
1.617005 13.191622
1.617005 124.714623
1.617005 86.549669
1.617005 114.391316
1.617005 31.492031
1.773419 85.611187
2.399074 98.749941
1.617005 64.808159
1.617005 112.045110
31.022789 143.015031
1.617005 137.696964
1.617005 46.664164
1.617005 79.980292
1.617005 133.943034
1.617005 113.452833
1.617005 97.498631
1.617005 130.032690
8.812038 22.576447
1.617005 30.709962
1.617005 42.128165
1.617005 79.354637
1.617005 40.564028
1.617005 26.486791
1.617005 16.789139
1.617005 20.855896
1.617005 21.950792
1.617005 126.591588
1.617005 69.500571
1.617005 27.894515
1.617005 45.412854
1.617005 29.458652
1.617005 60.897815
1.617005 32.586927
1.617005 26.799618
1.617005 143.484273
1.617005 40.407614
1.617005 18.822517
1.617005 69.656985
1.617005 55.266920
