0 246
1 248
2 246
3 247
4 249
5 246
6 249
7 249
8 246
9 249
10 249
11 248
12 249
13 248
14 249
15 246
16 246
17 245
18 248
19 249
20 247
21 250
22 248
23 248
24 248
25 250
26 248
27 248
28 250
29 250
30 250
31 249
32 251
33 249
34 250
35 248
36 250
37 250
38 249
39 250
40 250
41 250
42 250
43 249
44 248
45 249
46 247
47 249
48 249
49 246
50 245
51 245
52 6
53 249
54 249
55 251
56 248
57 248
58 249
59 246
60 246
61 249
62 247
63 249
64 250
65 249
66 248
67 246
68 249
69 246
70 249
71 247
72 246
73 247
74 247
75 248
76 249
77 249
78 248
79 245
80 247
81 248
82 247
83 250
84 250
85 250
86 248
87 248
88 249
89 4
90 4
91 0
92 4
93 2
94 4
95 3
96 4
97 244
98 245
99 261
100 260
101 244
102 260
103 260
104 261
105 261
106 261
107 259
108 261
109 261
110 260
111 243
112 261
113 259
114 3
115 3
116 4
117 258
118 260
119 262
120 3
121 3
122 259
123 260
124 259
125 258
126 244
127 259
128 4
129 3
130 4
131 5
132 260
133 260
134 259
135 260
136 242
137 243
138 3
139 4
140 2
141 5
142 5
143 4
144 3
145 4
146 2
147 4
148 2
149 2
150 4
151 2
152 1
153 3
154 4
155 2
156 241
157 2
158 0
162 0
163 19
164 20
165 1
168 0
169 20
170 1
171 19
172 0
173 2
174 2
175 3
176 18
177 18
178 19
179 2
180 0
181 20
182 1
183 3
184 2
185 1
194 1
196 20
197 20
198 1
199 0
200 0
201 0
202 0
203 21
204 20
205 0
209 0
210 18
211 19
212 0
213 19
214 2
215 0
216 0
217 1
219 1
220 0
221 20
222 19
223 0
224 0
225 1
227 20
228 1
229 0
230 0
231 1
232 1
233 3
234 20
235 2
236 22
237 22
238 21
239 3
240 1
241 20
242 21
243 1
244 3
245 2
246 20
247 22
248 19
249 21
251 22
252 23
253 21
254 21
255 18
256 20
257 24
258 23
259 23
260 23
261 23
262 2
263 21
264 0
265 21
266 3
267 22
268 23
269 22
270 24
271 24
272 24
273 3
274 24
275 24
276 24
277 22
278 2
279 22
280 24
281 23
282 23
283 25
284 24
285 24
286 25
287 23
288 24
289 2
290 2
291 4
292 3
293 1
294 4
295 5
296 23
297 24
298 24
299 25
300 26
301 23
302 27
303 27
304 26
305 28
306 26
307 27
308 26
309 4
310 25
311 27
312 26
313 28
314 27
315 26
316 26
317 25
318 28
319 28
320 28
321 29
322 30
323 30
324 29
325 30
326 27
327 29
328 30
329 29
330 26
331 29
332 28
333 32
334 30
335 32
336 30
337 31
338 31
339 27
340 3
341 30
342 32
343 33
344 4
345 31
346 32
347 33
348 31
349 34
350 30
351 33
352 35
353 33
354 33
355 34
356 34
357 35
358 34
359 34
360 34
361 31
362 33
363 34
364 33
365 36
366 31
367 34
368 36
369 34
370 33
371 35
372 34
373 36
374 35
375 36
376 36
377 36
378 35
379 35
380 34
381 36
382 36
383 34
384 33
385 33
386 35
387 33
388 34
389 35
390 36
391 35
392 37
393 37
394 36
395 36
396 36
397 34
398 36
399 37
400 37
401 37
402 37
403 36
404 35
405 38
406 36
407 37
408 38
409 35
410 38
411 37
412 38
413 37
414 38
415 37
416 37
417 37
418 38
419 37
420 37
421 38
422 37
423 38
424 39
425 37
426 38
427 37
428 38
429 36
430 38
431 39
432 38
433 36
434 38
435 39
436 39
437 37
438 38
439 39
440 40
441 37
442 38
443 40
444 40
445 40
446 39
447 41
448 39
449 37
450 41
451 41
452 41
453 42
454 40
455 42
456 42
457 42
458 42
459 42
460 42
461 42
462 42
463 42
464 43
465 43
466 43
467 43
468 43
469 43
470 43
471 43
472 42
473 42
474 44
475 44
476 45
477 44
478 43
479 43
480 42
481 43
482 43
483 43
484 44
485 43
486 43
487 43
488 44
489 43
490 43
491 42
492 44
493 44
494 44
495 45
496 45
497 45
498 45
499 45
500 45
501 44
502 44
503 45
504 43
505 40
506 44
507 46
508 46
509 46
510 44
511 46
512 44
513 45
514 44
515 44
516 43
517 43
518 42
519 46
520 44
521 44
522 44
523 46
524 45
525 46
526 46
527 47
528 47
529 46
530 45
531 46
532 47
533 46
534 47
535 46
536 46
537 46
538 46
539 44
540 46
541 46
542 46
543 47
544 47
545 45
546 47
547 43
548 46
549 46
550 47
551 46
552 46
553 44
554 45
555 47
556 46
557 47
558 46
559 47
560 48
561 46
562 47
563 47
564 48
565 47
566 45
567 47
568 46
569 46
570 46
571 46
572 48
573 47
574 45
575 46
576 46
577 47
578 45
579 46
580 47
581 46
582 43
583 45
584 46
585 45
586 47
587 45
588 46
589 45
590 46
591 45
592 42
593 44
594 44
595 45
596 43
597 43
598 41
599 44
600 44
601 44
602 44
603 45
604 45
605 44
606 45
607 44
608 43
609 43
610 43
611 43
612 44
613 44
614 45
615 43
616 43
617 40
618 43
619 43
620 40
621 41
622 41
623 42
624 43
625 42
626 43
627 40
628 40
629 41
630 39
631 41
632 41
633 40
634 40
635 40
636 39
637 36
638 37
639 40
640 40
641 39
642 39
643 40
644 39
645 37
646 38
647 37
648 38
649 39
650 37
651 36
652 37
653 37
654 37
655 35
656 36
657 35
658 34
659 33
660 36
661 36
662 36
663 35
664 37
665 38
666 36
667 36
668 37
669 37
670 37
671 38
672 36
673 33
674 37
675 34
676 36
677 35
678 38
679 37
680 37
681 32
682 32
683 35
684 3
685 5
686 5
687 2
688 35
689 35
690 4
691 35
692 36
693 3
694 32
695 3
696 28
697 30
698 30
699 32
700 30
701 30
702 31
703 30
704 30
705 30
706 31
707 32
708 29
709 2
710 29
711 30
712 29
713 26
714 30
715 27
716 29
717 30
718 30
719 28
720 30
721 2
722 2
723 30
724 30
725 1
726 1
727 3
728 30
729 26
730 28
731 0
732 27
733 28
734 29
735 27
736 28
737 27
738 31
739 31
740 29
741 28
742 27
743 30
744 28
745 30
746 29
747 29
748 29
749 29
750 4
751 30
752 28
753 31
754 30
755 29
756 29
757 28
758 28
759 0
760 2
761 0
762 29
763 27
764 27
765 27
766 2
767 2
768 27
769 28
770 1
771 0
772 25
773 27
774 0
775 2
776 4
777 2
778 28
779 28
780 26
781 26
782 3
783 1
784 0
785 29
786 4
787 4
788 0
789 0
790 0
791 28
792 27
793 2
794 1
795 4
796 1
797 2
798 1
799 2
800 26
801 28
802 25
803 27
804 29
805 26
806 29
807 30
808 31
809 34
810 41
811 44
812 52
813 57
814 59
815 60
816 68
817 70
818 78
819 80
820 81
821 89
822 95
823 96
824 101
825 108
826 112
827 114
828 114
829 123
830 127
831 133
832 137
833 139
834 146
835 148
836 154
837 159
838 161
839 162
840 171
841 174
842 178
843 179
844 185
845 190
846 194
847 194
848 202
849 205
850 206
851 211
852 216
853 221
854 224
855 229
856 229
857 234
858 240
859 242
860 243
861 242
862 244
863 244
864 247
865 248
866 246
867 245
868 243
869 246
870 242
871 245
872 244
873 243
874 244
875 243
876 244
877 246
878 246
879 247
880 249
881 250
882 250
883 250
884 251
885 256
886 256
887 255
888 254
889 252
890 252
891 251
892 247
893 246
894 246
895 245
896 246
897 245
898 839
899 839
900 839
901 835
902 836
903 836
904 837
905 245
906 839
907 838
908 243
909 838
910 834
911 244
912 836
913 239
914 0
942 3
943 3
944 3
945 4
946 7
947 8
948 8
949 8
950 12
951 12
952 12
953 15
954 9
955 10
956 10
957 10
958 10
959 26
960 21
961 19
962 8
963 10
964 11
965 11
966 13
967 17
968 11
969 6
970 6
971 634
972 631
973 628
974 618
975 617
976 619
977 622
978 27
979 29
980 29
981 31
982 33
983 33
984 34
985 36
986 39
987 42
988 36
989 44
990 45
991 45
992 47
993 51
994 52
995 53
996 54
997 53
998 57
999 56
1000 57
1001 26
1002 8
1003 61
1004 64
1005 67
1006 66
1007 70
1008 71
1009 73
1010 76
1011 77
1012 77
1013 79
1014 81
1015 81
1016 83
1017 86
1018 85
1019 87
1020 89
1021 91
1022 91
1023 94
1024 95
1025 98
1026 99
1027 101
1028 102
1029 102
1030 106
1031 106
1032 108
1033 109
1034 109
1035 111
1036 112
1037 118
1038 117
1039 120
1040 121
1041 121
1042 121
1043 125
1044 125
1045 133
1046 133
1047 132
1048 134
1049 132
1050 135
1051 135
1052 137
1053 139
1054 140
1055 144
1056 145
1057 147
1058 148
1059 150
1060 150
1061 151
1062 153
1063 156
1064 154
1065 156
1066 159
1067 161
1068 161
1069 161
1070 163
1071 165
1072 167
1073 167
1074 169
1075 172
1076 174
1077 174
1078 173
1079 174
