17.101966 81.857257
18.040449 78.416154
18.040449 67.936433
39.312718 89.052289
21.637965 120.804279
17.414794 85.141945
3.337557 96.403735
17.414794 73.880156
17.727621 38.217822
17.571207 70.126226
17.727621 27.268860
17.571207 56.205403
39.469132 94.839598
17.101966 28.676583
17.258380 84.672704
23.202102 121.899176
17.884035 70.751881
17.414794 56.674644
17.884035 118.301660
18.196862 80.136706
17.884035 30.084307
18.196862 58.551609
28.520170 125.027451
17.727621 86.080428
7.717141 112.357937
17.414794 81.544429
18.353276 72.941673
18.196862 67.780020
38.999891 131.440414
17.258380 48.384715
17.884035 61.992711
18.040449 54.172024
18.196862 80.449533
18.040449 62.618366
17.414794 41.033269
40.251200 132.222483
17.727621 77.477672
5.058108 110.793800
17.258380 8.342796
17.571207 43.066648
18.040449 65.277400
18.509690 118.927315
18.040449 39.312718
17.571207 1.617005
16.945552 22.107206
39.625545 93.119047
17.414794 75.757121
18.040449 23.514930
31.492031 126.904416
17.414794 13.504450
18.040449 67.467192
39.781959 94.370356
17.571207 62.461952
17.414794 84.985532
38.843477 88.426634
33.212582 87.800979
17.258380 36.497271
24.140585 122.212003
17.414794 53.389955
17.414794 14.912174
17.258380 31.804858
18.040449 62.931194
39.625545 89.990772
39.312718 93.275460
39.469132 93.901115
17.414794 47.289819
17.884035 45.412854
18.040449 52.764300
19.761000 119.709383
39.469132 131.909655
17.884035 11.627485
35.715202 129.563449
18.040449 48.853956
18.196862 80.762361
17.101966 32.586927
17.258380 40.720442
38.999891 96.090908
8.029969 112.827178
18.040449 33.994651
17.727621 8.029969
17.884035 8.812038
17.884035 83.734222
17.258380 36.028029
17.884035 70.595467
16.945552 68.718502
17.884035 78.259741
17.571207 76.069948
17.884035 36.810098
17.727621 44.161544
17.258380 81.388016
18.040449 76.852017
17.727621 9.750520
17.258380 85.298359
17.884035 16.632725
5.683763 108.916835
18.196862 66.372296
39.469132 94.057529
17.884035 37.435753
40.564028 132.378897
17.414794 15.225001
18.196862 72.159605
18.196862 66.841537
17.727621 14.286519
39.156304 92.962633
17.727621 38.843477
18.040449 75.600707
16.632725 117.519591
17.571207 73.567328
17.258380 63.400435
17.571207 41.815338
18.196862 72.785260
17.884035 22.732861
37.592167 130.501932
17.727621 77.946913
18.196862 39.469132
17.571207 71.690363
39.781959 90.460013
38.843477 95.934494
17.101966 21.637965
18.040449 52.607886
17.884035 64.026090
18.040449 5.996590
18.040449 23.045688
18.196862 66.215882
31.648444 127.060829
39.781959 90.616427
17.414794 44.630785
17.727621 20.230241
17.571207 80.605947
16.789139 32.430513
17.258380 51.043749
17.414794 39.938373
39.156304 93.588288
33.994651 128.468553
17.571207 2.868315
17.727621 77.790499
17.571207 75.913534
17.414794 27.738101
17.727621 6.153004
38.843477 131.284000
17.884035 48.228302
35.245961 129.250622
17.414794 57.613126
17.727621 7.560728
17.727621 41.502510
17.884035 51.512990
17.884035 76.226362
17.414794 54.015610
17.414794 82.013671
17.884035 7.247900
18.040449 44.943613
34.307478 128.781381
17.884035 11.158244
17.884035 84.203463
17.884035 74.818638
17.884035 43.379475
17.571207 32.274099
23.358516 122.055589
14.755760 116.581108
17.258380 28.363756
18.040449 64.651745
17.101966 42.597407
17.727621 54.641265
18.196862 81.075188
32.899754 127.842898
17.727621 23.984171
39.156304 131.596828
17.414794 13.973691
17.727621 17.414794
17.414794 4.588866
19.291759 119.552970
17.414794 2.399074
38.530649 130.971173
18.196862 60.897815
39.625545 95.152425
6.778659 111.888696
17.727621 77.164844
17.571207 74.505811
39.469132 92.493392
18.040449 75.131466
17.884035 24.453412
2.868315 97.029390
17.884035 7.404314
18.040449 5.214521
39.625545 95.465253
12.878795 115.486212
18.040449 47.446233
17.571207 56.831058
18.196862 25.861136
17.727621 4.276039
17.884035 9.594106
17.258380 84.516290
5.527349 111.106627
17.727621 76.695603
36.340857 129.876277
14.599346 116.424695
30.084307 125.809519
17.884035 34.151064
39.938373 132.066069
18.040449 64.182504
17.258380 68.562088
39.781959 89.521530
17.727621 78.103327
17.884035 79.511051
17.258380 117.988832
34.933133 128.937794
17.571207 29.458652
18.353276 57.925954
17.727621 30.866376
38.374236 88.739462
31.022789 126.591588
18.040449 34.463892
18.040449 52.451473
17.571207 38.999891
17.727621 9.281279
18.040449 63.244021
17.101966 53.859196
17.414794 42.284579
18.040449 60.741401
17.884035 12.253140
17.571207 10.689003
17.258380 63.087607
2.086247 107.821939
39.469132 94.213943
29.458652 125.496692
17.414794 46.664164
17.884035 30.397135
17.884035 79.041809
39.781959 89.834358
18.353276 72.003191
21.481551 120.960693
17.414794 49.636025
18.040449 63.869676
16.945552 85.767600
17.727621 73.723742
18.040449 25.704722
6.935073 112.045110
17.727621 15.694242
17.884035 34.933133
39.469132 94.683184
16.476311 40.564028
18.196862 53.546369
18.040449 79.198223
34.933133 129.094208
39.312718 93.431874
24.453412 122.368417
39.625545 131.753242
17.101966 44.005130
17.258380 36.184443
18.040449 47.915474
18.196862 51.669404
27.738101 124.558209
16.945552 50.261680
15.850656 117.206763
20.230241 86.549669
17.727621 69.187743
17.571207 26.173963
22.889275 121.429934
18.196862 68.249261
17.571207 82.170084
17.571207 33.681823
17.884035 82.795739
18.196862 45.100027
17.884035 17.258380
18.040449 55.579748
17.884035 46.507750
18.040449 24.922653
39.312718 95.621666
18.040449 35.402374
17.414794 26.330377
6.778659 111.419455
17.258380 71.221122
17.414794 69.656985
17.884035 34.620306
17.884035 84.359877
17.727621 17.727621
18.040449 52.295059
31.648444 127.217243
17.414794 59.802919
14.130105 116.111867
16.789139 77.634086
17.727621 118.614487
18.040449 61.210642
34.776719 128.624967
25.079067 122.837658
17.571207 10.845416
2.086247 39.625545
18.040449 52.920714
17.727621 61.054229
17.414794 83.264981
17.258380 118.145246
39.469132 91.554909
39.312718 88.895875
39.156304 95.778080
32.743341 127.530071
17.727621 2.555488
28.676583 87.644565
5.840176 108.447594
17.414794 60.115746
17.571207 60.584987
17.884035 37.122926
17.258380 46.038509
17.571207 82.326498
21.168724 120.335038
39.625545 95.308839
14.130105 116.268281
17.884035 78.572568
17.414794 82.952153
26.643205 124.401796
17.884035 69.813398
17.414794 31.648444
17.884035 118.458073
17.884035 68.874916
17.258380 45.725682
17.258380 3.493970
18.196862 65.590227
17.884035 12.878795
17.884035 7.873555
16.789139 1.773419
18.978931 119.396556
39.625545 89.208703
17.571207 40.251200
17.727621 53.233541
37.592167 130.345518
17.727621 22.576447
13.035209 115.329798
17.884035 19.448172
17.258380 84.047049
17.414794 59.490091
17.101966 50.574508
18.040449 71.846777
17.884035 6.778659
18.040449 49.948853
20.386655 86.393255
17.101966 79.823878
18.040449 69.500571
17.571207 23.671343
17.414794 28.989411
22.576447 121.117107
17.571207 69.031330
17.884035 71.064708
30.553548 126.435174
39.312718 91.242082
17.571207 7.091486
17.414794 49.323198
36.966512 130.032690
17.101966 27.112446
17.101966 74.036570
17.884035 80.918774
18.040449 25.391895
18.196862 61.836297
16.945552 50.730921
18.196862 58.864436
17.884035 14.130105
16.945552 20.073827
17.414794 42.440993
38.999891 88.583048
16.789139 12.096726
17.414794 9.906934
18.196862 81.700843
28.050928 124.871037
20.386655 120.178624
17.414794 15.068587
17.258380 58.238781
17.727621 16.945552
16.945552 26.643205
17.414794 83.108567
30.084307 126.122347
18.196862 72.628846
18.196862 56.048989
16.945552 30.709962
18.040449 79.667464
17.884035 45.569268
17.258380 66.685123
17.258380 8.499210
16.632725 38.374236
20.386655 119.865797
28.363756 87.018910
17.571207 18.196862
17.884035 3.963211
39.781959 89.677944
5.683763 108.291180
17.414794 57.456712
16.945552 40.876855
18.040449 68.092847
29.927893 125.653106
17.571207 3.337557
16.789139 47.602647
39.312718 91.867737
17.414794 37.279339
17.101966 49.479611
1.773419 108.134766
17.727621 4.745280
17.884035 6.935073
18.040449 72.472432
17.414794 27.894515
18.040449 19.917414
17.258380 50.418094
16.632725 31.335617
18.196862 69.344157
17.571207 47.133405
17.258380 54.484851
24.296998 122.524831
17.414794 8.655624
4.588866 110.168145
17.884035 18.040449
18.040449 70.908295
13.348036 115.799040
39.625545 91.085668
17.571207 29.615066
23.045688 121.586348
17.414794 56.987471
17.884035 20.543069
18.196862 67.310778
39.312718 92.806219
18.040449 45.256440
36.028029 129.719863
17.884035 8.968451
17.884035 16.789139
17.571207 32.743341
39.625545 90.147185
17.571207 57.300299
17.571207 56.518230
39.625545 90.772840
16.632725 22.889275
38.687063 88.270220
3.493970 96.560149
17.571207 67.623606
12.878795 115.642626
18.040449 25.079067
17.414794 28.832997
5.527349 109.542490
6.153004 111.263041
17.884035 62.774780
18.196862 65.433814
17.884035 35.245961
17.884035 39.156304
25.861136 123.463313
7.717141 112.983592
17.258380 33.056168
17.414794 31.492031
12.409554 115.173385
17.101966 20.386655
4.432453 110.011731
18.040449 64.338917
16.476311 18.666104
18.040449 20.699482
31.335617 87.488152
17.884035 5.527349
15.381415 117.050350
21.168724 120.647866
11.783899 114.860557
17.884035 19.761000
17.727621 12.409554
16.945552 49.166784
39.156304 90.303599
17.727621 10.532589
17.258380 77.321258
16.632725 71.533950
16.945552 85.454773
17.101966 55.266920
16.632725 43.692303
25.548308 123.306899
17.414794 7.717141
18.040449 35.089547
18.040449 61.523470
5.370935 109.698904
17.258380 82.482912
8.029969 113.140006
17.101966 29.927893
37.748581 88.113807
28.989411 125.340278
7.873555 112.670765
17.884035 18.978931
20.073827 120.022211
17.571207 11.940313
18.040449 75.287879
17.884035 44.787199
17.571207 55.423334
17.258380 68.405675
18.978931 119.083728
17.571207 59.333677
17.727621 38.687063
17.101966 28.050928
17.101966 83.577808
17.571207 3.181143
13.660864 115.955453
17.884035 12.565967
17.727621 3.806798
17.884035 35.715202
31.022789 126.748002
17.258380 48.071888
30.084307 125.965933
17.571207 27.581687
17.414794 59.646505
18.196862 58.395195
12.096726 115.016971
16.632725 24.296998
18.040449 5.840176
33.212582 87.957393
18.353276 59.959332
3.024729 96.872976
18.040449 72.316018
17.101966 82.639326
17.258380 4.901694
17.727621 57.143885
17.101966 24.140585
28.832997 125.183864
16.789139 10.219761
17.884035 5.058108
17.414794 33.838237
3.181143 96.716563
17.571207 78.885396
17.884035 24.609826
17.727621 74.975052
18.040449 55.736161
25.235481 123.150486
17.571207 33.212582
17.258380 70.282640
17.727621 48.697543
32.586927 127.686484
17.258380 28.520170
16.945552 18.509690
16.789139 40.407614
16.945552 42.753820
17.258380 117.832418
17.414794 29.302238
17.258380 41.658924
17.884035 37.592167
17.101966 14.755760
33.994651 128.312139
17.258380 18.353276
17.571207 79.980292
6.778659 111.732282
38.061408 130.814759
17.258380 34.307478
27.268860 124.245382
25.079067 122.681244
17.727621 16.163484
22.889275 121.742762
18.040449 64.964572
5.058108 110.950214
18.040449 53.702783
2.555488 86.862497
18.196862 66.059469
17.727621 26.017550
17.101966 45.882095
5.058108 110.637386
18.040449 33.368996
17.884035 78.728982
35.402374 129.407035
18.196862 74.349397
18.040449 35.871616
17.258380 51.825818
17.884035 13.348036
18.040449 66.997951
17.258380 16.319897
26.643205 123.932554
18.040449 54.797679
18.353276 57.769540
5.214521 109.386076
17.727621 74.192983
26.017550 123.619727
18.196862 62.305539
18.040449 50.887335
17.884035 85.924014
17.727621 15.850656
17.258380 29.145825
17.414794 29.771480
17.414794 5.683763
7.873555 112.514351
32.274099 127.373657
17.727621 69.969812
17.884035 17.884035
16.007070 117.363177
17.571207 44.474372
18.040449 79.354637
17.727621 4.119625
18.978931 119.240142
39.469132 89.365117
18.196862 67.154365
17.101966 22.420033
18.040449 32.117686
18.040449 49.010370
17.884035 11.471071
17.727621 17.101966
17.258380 44.317958
18.040449 65.746641
17.571207 21.325137
2.555488 3.650384
18.040449 33.525409
17.884035 25.548308
18.040449 36.340857
17.414794 83.890636
17.727621 24.766240
17.884035 20.855896
17.414794 43.848717
18.509690 118.770901
17.571207 37.748581
39.469132 92.024150
17.727621 2.711902
17.571207 13.191622
28.207342 87.331738
17.414794 61.367056
17.884035 13.817277
17.884035 64.808159
18.040449 70.439053
5.683763 109.229662
26.956032 124.088968
17.884035 38.061408
2.242660 114.704143
17.414794 23.202102
17.571207 2.242660
17.414794 84.829118
17.258380 23.827757
17.884035 15.537829
16.945552 10.376175
17.414794 50.105266
17.571207 37.904994
17.884035 6.465831
17.414794 83.421394
39.312718 93.744701
37.592167 130.658345
17.884035 19.135345
17.727621 16.476311
18.040449 60.428574
17.414794 21.950792
17.414794 52.138645
17.884035 8.186383
17.884035 73.410915
17.884035 17.571207
18.196862 73.254501
17.727621 54.328438
18.196862 21.168724
18.196862 21.481551
18.040449 66.528710
17.884035 51.356576
22.420033 121.273521
17.414794 41.346097
4.745280 110.324559
17.258380 25.235481
14.599346 116.737522
17.258380 30.553548
4.432453 109.855317
17.414794 12.722381
17.884035 9.124865
37.122926 130.189104
39.625545 91.711323
25.235481 122.994072
18.040449 34.776719
18.040449 26.956032
18.040449 49.792439
18.196862 74.662225
16.945552 19.291759
18.196862 23.358516
33.681823 128.155726
26.643205 123.776141
39.469132 94.996011
16.632725 42.128165
17.414794 26.799618
17.727621 76.539189
17.258380 10.063348
17.571207 54.954093
17.884035 6.622245
16.945552 117.676005
18.040449 46.351337
6.778659 111.575868
18.196862 80.293119
17.884035 11.314658
33.525409 127.999312
18.040449 61.679884
17.414794 32.899754
39.156304 90.929254
17.571207 81.231602
38.217822 131.127587
17.414794 36.966512
17.884035 60.272160
3.181143 86.706083
17.727621 59.177264
17.727621 40.094787
17.727621 11.001830
17.884035 13.035209
18.196862 63.713262
17.571207 43.535889
5.840176 108.604007
17.571207 77.008431
17.884035 35.558788
17.258380 36.653684
17.258380 1.929833
39.312718 92.649805
17.571207 9.437693
17.884035 48.541129
18.353276 59.020850
16.945552 86.236842
28.050928 87.175324
39.312718 94.526770
18.196862 58.708022
18.040449 47.759060
17.884035 21.012310
21.481551 120.491452
18.040449 46.820578
39.312718 91.398495
17.414794 55.110506
17.258380 38.530649
17.258380 71.377536
16.789139 26.486791
17.727621 31.179203
17.727621 4.432453
17.414794 27.425273
18.040449 43.223062
17.101966 85.611187
17.884035 15.381415
17.884035 30.240721
4.745280 110.480972
17.101966 31.961272
17.571207 14.599346
16.789139 11.783899
17.258380 42.910234
39.156304 92.336978
2.242660 107.665525
18.353276 56.361816
5.527349 109.073249
17.884035 5.370935
17.884035 64.495331
30.240721 126.278761
15.381415 116.893936
16.632725 21.794378
18.040449 75.444293
17.727621 39.781959
17.101966 28.207342
17.258380 55.892575
17.414794 46.976992
17.571207 58.082367
17.727621 65.903055
17.727621 6.309418
17.258380 2.086247
17.101966 3.024729
18.196862 73.098087
38.687063 96.247321
17.884035 13.660864
17.258380 65.120986
17.414794 63.556849
27.112446 124.714623
18.040449 53.077128
39.469132 92.180564
17.101966 16.007070
17.571207 41.971752
17.884035 62.149125
17.884035 51.200163
2.399074 97.185804
6.778659 112.201523
5.840176 108.760421
17.727621 14.442932
17.727621 18.822517
2.711902 22.263620
17.414794 41.189683
17.884035 31.022789
17.101966 51.982231
17.414794 46.194923
17.884035 76.382776
1.773419 107.978352
17.571207 19.604586
1.773419 107.509111
1.617005 113.296420
