1.876965 122.002722
1.720551 112.774311
1.876965 117.153895
1.876965 119.187274
1.720551 132.169615
1.720551 116.371827
1.876965 119.969343
1.720551 113.243552
2.033379 109.020381
1.720551 120.907825
1.876965 118.248792
1.720551 128.259271
2.033379 129.041340
1.720551 114.651276
1.720551 131.543960
1.720551 129.666995
1.720551 116.997482
2.033379 119.500102
1.876965 131.387546
1.876965 119.812929
1.876965 119.343688
1.720551 113.712793
1.876965 108.863967
1.720551 111.366587
1.876965 115.589758
1.720551 108.394726
1.720551 132.795270
1.720551 124.661755
1.876965 110.584518
1.720551 116.684654
1.876965 128.728513
1.876965 119.030860
1.720551 113.556379
1.876965 127.946444
1.720551 108.551139
2.033379 122.159135
1.720551 129.823409
1.720551 129.979823
2.033379 112.148656
1.720551 110.428104
1.720551 131.700374
1.720551 113.087138
1.720551 127.164375
1.720551 110.115277
1.720551 118.561619
1.720551 110.897346
1.876965 115.746172
1.720551 109.176794
1.720551 112.461483
1.720551 108.707553
1.720551 124.348928
1.720551 124.192514
1.720551 130.449064
1.876965 112.305069
1.720551 120.125757
1.720551 116.841068
1.720551 110.271691
1.720551 114.964103
1.876965 110.740932
