11.158244 13.973691
11.001830 44.474372
10.376175 24.453412
9.906934 43.692303
39.312718 3.337557
11.314658 40.720442
10.689003 34.151064
11.471071 25.861136
10.376175 62.149125
11.158244 28.207342
10.845416 83.108567
11.314658 54.172024
10.689003 54.641265
10.845416 56.361816
11.627485 12.722381
9.906934 81.700843
10.376175 10.219761
11.471071 35.715202
3.337557 5.840176
10.532589 28.989411
10.219761 24.609826
11.158244 25.548308
11.471071 17.258380
10.532589 47.759060
11.471071 40.251200
11.314658 53.077128
11.627485 13.504450
10.845416 21.794378
10.689003 46.194923
2.242660 73.098087
11.471071 36.653684
9.906934 72.941673
11.001830 40.564028
10.845416 29.927893
10.845416 26.486791
39.156304 2.399074
3.181143 6.309418
11.783899 18.978931
11.001830 35.245961
11.783899 10.845416
10.689003 67.936433
11.471071 13.191622
11.471071 21.168724
11.627485 23.358516
11.940313 15.537829
10.689003 64.338917
11.001830 43.535889
10.845416 82.795739
11.001830 58.395195
10.845416 84.359877
10.376175 83.577808
11.471071 12.409554
10.845416 23.671343
11.627485 14.130105
9.906934 8.029969
9.594106 70.595467
10.063348 45.256440
11.001830 26.956032
10.689003 34.933133
10.376175 46.820578
11.471071 19.448172
10.845416 83.734222
9.594106 57.143885
9.750520 9.124865
11.471071 18.822517
10.219761 9.594106
10.845416 16.632725
11.314658 27.738101
11.314658 52.920714
11.627485 20.543069
10.219761 48.541129
10.689003 84.829118
9.906934 48.384715
10.845416 28.363756
11.471071 13.035209
39.312718 1.773419
11.314658 68.405675
11.001830 72.159605
1.773419 73.723742
10.376175 41.346097
11.158244 13.817277
10.219761 9.437693
38.217822 5.214521
2.711902 7.091486
10.689003 25.235481
10.689003 42.128165
11.001830 39.781959
11.314658 50.887335
11.471071 23.514930
10.376175 48.228302
10.689003 79.511051
11.158244 65.277400
11.158244 49.010370
11.001830 39.469132
10.532589 45.412854
11.314658 38.217822
11.314658 49.792439
11.471071 37.279339
11.627485 20.230241
10.689003 69.813398
10.845416 74.975052
10.845416 26.173963
11.783899 14.442932
2.555488 85.611187
11.471071 31.492031
10.845416 44.317958
11.783899 15.225001
10.689003 42.910234
10.532589 87.175324
11.314658 61.367056
11.471071 27.268860
11.001830 51.669404
10.376175 55.579748
10.532589 36.028029
11.471071 21.325137
9.437693 70.908295
10.845416 8.186383
11.471071 19.917414
11.627485 16.163484
11.001830 14.286519
11.627485 22.263620
11.471071 22.107206
11.158244 26.017550
10.063348 46.976992
10.689003 57.925954
11.471071 37.904994
11.158244 11.158244
11.471071 18.509690
9.906934 77.164844
10.219761 80.136706
10.845416 29.302238
11.627485 18.040449
11.158244 49.948853
11.314658 27.894515
10.689003 30.084307
11.314658 46.351337
10.845416 17.414794
10.219761 71.377536
38.843477 2.555488
10.063348 44.943613
11.627485 22.576447
10.219761 61.054229
11.471071 28.520170
10.845416 84.203463
10.376175 55.266920
9.750520 45.100027
11.158244 66.841537
10.845416 80.762361
11.158244 39.312718
10.689003 36.184443
10.063348 8.812038
11.314658 10.532589
10.845416 23.202102
11.471071 15.068587
2.711902 6.935073
11.627485 17.101966
11.627485 21.012310
11.158244 67.780020
10.689003 41.971752
10.845416 41.815338
10.689003 80.449533
11.158244 82.639326
2.242660 88.426634
11.001830 75.131466
10.689003 80.918774
39.312718 4.588866
11.158244 28.676583
11.471071 20.699482
10.689003 39.625545
10.845416 80.605947
10.845416 31.648444
11.627485 22.732861
11.001830 33.838237
11.001830 71.846777
10.532589 63.556849
10.532589 52.295059
10.845416 56.048989
39.469132 4.432453
10.063348 23.827757
10.845416 42.284579
10.219761 26.799618
10.689003 34.776719
11.158244 36.497271
10.376175 69.187743
38.999891 4.901694
10.689003 80.293119
10.845416 82.326498
39.469132 3.493970
10.219761 24.296998
10.376175 42.753820
11.471071 32.274099
10.845416 83.421394
11.158244 62.774780
11.314658 39.938373
11.627485 21.481551
11.001830 32.430513
11.471071 34.620306
10.063348 46.664164
1.929833 88.895875
10.376175 59.333677
11.471071 32.743341
39.469132 3.650384
39.469132 2.242660
11.314658 38.061408
10.532589 69.969812
11.471071 58.708022
10.689003 60.272160
10.532589 81.231602
10.532589 10.063348
11.314658 30.866376
10.845416 24.922653
10.845416 68.092847
11.001830 35.558788
10.689003 59.959332
11.783899 15.694242
39.156304 2.868315
10.689003 50.574508
11.627485 16.476311
10.845416 67.623606
11.158244 66.997951
11.627485 30.553548
10.376175 41.658924
11.314658 40.876855
10.532589 69.656985
11.001830 33.525409
10.689003 87.488152
11.627485 10.689003
11.783899 19.604586
10.532589 68.562088
11.314658 40.407614
11.001830 82.013671
11.158244 64.808159
39.156304 3.181143
10.845416 71.690363
11.158244 51.825818
11.940313 14.599346
10.532589 56.205403
11.314658 19.761000
11.940313 18.353276
11.158244 65.903055
11.471071 20.855896
10.532589 25.391895
37.748581 5.370935
10.689003 44.161544
11.001830 79.041809
10.532589 69.344157
10.845416 44.787199
9.750520 9.281279
10.689003 22.889275
10.689003 59.802919
11.314658 68.249261
11.001830 14.755760
11.001830 21.637965
10.532589 31.335617
11.314658 25.704722
9.437693 7.717141
1.617005 86.393255
9.594106 41.033269
11.627485 16.789139
10.845416 31.804858
10.689003 28.832997
11.001830 25.079067
11.001830 36.340857
11.001830 65.120986
11.158244 69.031330
11.471071 40.094787
11.001830 68.874916
11.471071 38.530649
11.314658 45.569268
10.219761 60.428574
10.532589 61.992711
11.001830 56.674644
3.024729 5.996590
39.312718 2.086247
10.845416 33.994651
11.314658 11.627485
10.219761 7.873555
10.063348 78.416154
11.627485 20.073827
11.471071 31.022789
10.063348 61.523470
11.471071 47.446233
10.689003 60.115746
11.627485 13.660864
39.156304 3.806798
10.845416 34.463892
10.376175 61.210642
11.627485 12.253140
11.158244 77.321258
10.063348 53.702783
10.532589 41.502510
10.219761 29.145825
10.689003 24.140585
10.532589 49.323198
10.376175 84.672704
10.689003 51.512990
10.532589 41.189683
10.845416 54.015610
10.219761 77.008431
38.999891 4.276039
11.158244 23.045688
11.627485 38.687063
11.471071 18.196862
39.469132 1.929833
10.532589 20.386655
10.845416 33.056168
9.906934 77.477672
11.783899 16.007070
10.845416 70.126226
11.001830 60.741401
10.532589 45.882095
11.158244 77.790499
10.376175 51.982231
10.845416 27.581687
10.845416 29.771480
11.001830 21.950792
2.399074 7.404314
10.845416 58.082367
11.158244 78.885396
11.001830 9.750520
39.469132 4.119625
10.219761 81.075188
10.689003 8.342796
10.845416 56.987471
11.783899 11.314658
10.376175 74.505811
10.689003 32.899754
10.532589 44.005130
9.906934 79.823878
10.845416 82.170084
10.689003 87.331738
10.689003 38.374236
11.001830 79.980292
10.376175 37.122926
10.845416 60.897815
11.001830 11.471071
10.689003 56.518230
39.156304 2.711902
10.845416 75.287879
9.750520 8.655624
10.845416 64.495331
9.594106 85.298359
11.314658 49.636025
11.001830 50.730921
3.181143 6.622245
11.158244 67.467192
10.845416 47.602647
10.219761 23.984171
11.158244 65.746641
10.063348 75.444293
11.158244 51.043749
2.711902 85.924014
10.063348 76.539189
10.532589 42.440993
10.376175 45.725682
11.314658 50.105266
10.689003 24.766240
11.001830 53.859196
10.532589 48.071888
9.750520 76.226362
9.750520 73.410915
11.158244 22.420033
11.158244 33.368996
37.592167 5.527349
11.471071 16.945552
9.750520 58.551609
11.627485 12.565967
10.689003 67.154365
10.532589 55.892575
9.437693 66.528710
11.314658 37.592167
9.750520 72.785260
10.219761 78.259741
10.689003 42.597407
10.689003 8.499210
11.158244 37.435753
10.063348 73.254501
11.001830 67.310778
2.868315 6.465831
10.219761 17.884035
10.845416 54.797679
11.314658 48.853956
10.689003 66.685123
10.532589 85.141945
10.219761 78.572568
11.001830 32.586927
11.471071 12.878795
11.001830 9.906934
11.471071 33.212582
11.783899 19.291759
1.617005 86.549669
11.627485 11.783899
11.627485 11.940313
11.627485 18.666104
10.532589 54.484851
10.532589 63.869676
10.845416 81.857257
10.376175 66.372296
10.532589 57.456712
9.906934 84.516290
10.063348 79.667464
38.999891 3.024729
10.689003 27.425273
11.001830 72.003191
10.063348 47.133405
1.929833 88.270220
10.063348 85.454773
11.158244 35.089547
10.689003 51.356576
11.471071 34.307478
9.437693 70.751881
11.471071 38.843477
11.627485 12.096726
11.471071 53.233541
10.532589 75.913534
2.711902 63.400435
3.337557 5.683763
38.843477 5.058108
11.001830 83.264981
11.627485 28.050928
10.689003 43.379475
9.281279 7.560728
3.181143 58.864436
39.312718 4.745280
10.845416 83.890636
11.158244 73.567328
38.999891 3.963211
10.376175 17.571207
10.845416 31.961272
11.314658 30.709962
11.314658 13.348036
9.906934 8.968451
11.783899 15.850656
10.532589 57.300299
11.158244 36.966512
10.376175 26.330377
10.689003 70.439053
11.627485 11.001830
11.001830 10.376175
10.219761 59.490091
10.532589 52.138645
11.158244 82.482912
2.242660 88.583048
9.594106 76.069948
11.471071 19.135345
11.001830 61.836297
10.689003 54.328438
11.158244 63.244021
9.750520 26.643205
10.689003 57.769540
10.219761 72.316018
2.399074 88.113807
10.689003 43.223062
10.219761 68.718502
11.158244 37.748581
11.158244 27.112446
1.617005 86.706083
11.158244 49.166784
10.376175 63.713262
11.314658 47.915474
2.868315 6.153004
11.001830 64.964572
10.376175 47.289819
11.627485 16.319897
10.845416 74.662225
9.750520 74.349397
11.471071 35.871616
11.158244 36.810098
9.750520 79.198223
10.845416 81.388016
10.689003 30.397135
10.689003 39.156304
10.219761 85.767600
10.845416 74.036570
10.376175 75.600707
10.689003 63.087607
2.399074 78.103327
10.689003 64.651745
11.783899 15.381415
10.532589 43.066648
10.219761 75.757121
10.376175 62.305539
10.532589 64.026090
10.845416 55.110506
10.219761 55.423334
10.689003 17.727621
2.399074 52.451473
9.437693 79.354637
11.314658 35.402374
10.532589 29.458652
10.689003 71.221122
10.532589 87.644565
10.845416 82.952153
10.689003 74.818638
9.906934 31.179203
11.158244 61.679884
10.532589 46.507750
10.532589 38.999891
11.158244 49.479611
11.314658 54.954093
11.783899 14.912174
10.063348 32.117686
9.906934 43.848717
9.906934 84.047049
11.471071 33.681823
10.689003 64.182504
10.532589 44.630785
11.471071 59.177264
1.929833 7.247900
10.532589 62.461952
10.219761 48.697543
10.063348 70.282640
10.063348 69.500571
10.845416 81.544429
10.689003 74.192983
11.158244 59.020850
10.689003 29.615066
10.532589 77.634086
11.158244 50.261680
11.314658 52.607886
10.376175 58.238781
10.376175 52.764300
10.063348 71.064708
10.532589 87.018910
11.627485 30.240721
10.689003 73.880156
10.689003 65.590227
9.906934 76.852017
1.773419 62.618366
11.314658 53.389955
9.750520 72.472432
10.063348 50.418094
10.689003 55.736161
9.906934 59.646505
10.689003 46.038509
10.376175 53.546369
11.001830 62.931194
10.219761 86.862497
10.845416 66.059469
11.001830 77.946913
11.314658 56.831058
10.063348 84.985532
10.845416 51.200163
10.219761 65.433814
3.024729 6.778659
10.689003 72.628846
1.929833 86.080428
2.399074 76.695603
1.929833 57.613126
1.929833 86.236842
2.086247 78.728982
11.001830 71.533950
9.906934 76.382776
2.242660 88.739462
11.001830 66.215882
1.929833 87.957393
2.086247 87.800979
