11.471071 13.191622
10.532589 77.321258
4.432453 24.609826
9.281279 67.154365
11.627485 19.917414
21.481551 14.442932
10.532589 78.259741
6.153004 45.725682
12.096726 8.499210
8.968451 63.244021
7.873555 26.799618
11.471071 116.581108
10.376175 114.704143
10.376175 80.449533
3.963211 5.370935
17.101966 36.340857
15.381415 21.481551
11.627485 22.889275
5.683763 17.571207
22.107206 41.346097
9.437693 68.405675
11.158244 15.694242
16.476311 6.935073
19.761000 34.620306
10.532589 81.388016
10.063348 72.003191
10.532589 78.728982
8.499210 58.082367
13.191622 118.614487
10.532589 77.477672
4.276039 24.140585
9.594106 66.685123
10.376175 74.192983
19.604586 7.717141
17.571207 15.225001
20.073827 47.759060
3.806798 5.840176
3.806798 4.588866
10.376175 77.164844
10.376175 80.293119
3.806798 3.806798
10.376175 114.234902
9.281279 64.808159
7.560728 52.138645
11.314658 33.212582
8.029969 56.987471
11.314658 19.761000
15.225001 121.117107
10.376175 79.980292
8.655624 63.713262
15.694242 21.794378
11.471071 23.202102
9.594106 16.476311
19.135345 7.091486
9.594106 67.310778
10.219761 115.173385
11.001830 90.147185
3.806798 5.058108
14.912174 13.973691
9.594106 68.092847
11.001830 22.576447
10.063348 70.908295
6.935073 26.173963
17.258380 14.755760
11.627485 23.045688
10.219761 73.098087
20.073827 22.263620
10.063348 114.078488
20.073827 48.071888
4.588866 11.627485
8.812038 61.054229
16.632725 35.402374
11.471071 117.050350
8.655624 62.305539
3.963211 2.711902
11.158244 33.368996
14.755760 120.647866
10.532589 97.498631
8.342796 57.143885
10.376175 85.141945
11.627485 116.737522
8.812038 60.741401
22.263620 35.715202
10.063348 74.349397
10.219761 75.757121
13.817277 20.386655
4.901694 12.096726
4.432453 19.604586
8.968451 62.931194
3.806798 3.963211
9.750520 70.282640
10.532589 115.642626
9.594106 69.031330
10.532589 75.131466
10.689003 91.242082
9.437693 66.372296
7.091486 50.105266
10.689003 95.465253
15.068587 21.168724
12.722381 118.458073
4.432453 10.532589
10.689003 86.549669
6.309418 9.750520
10.063348 70.751881
10.376175 114.547730
12.565967 118.145246
11.471071 22.732861
9.281279 65.277400
23.984171 47.915474
6.153004 45.882095
10.219761 73.254501
9.750520 69.187743
4.745280 11.001830
10.532589 76.539189
8.499210 61.836297
4.276039 25.391895
11.783899 20.073827
10.376175 82.795739
18.040449 41.189683
15.225001 8.655624
9.281279 64.182504
8.655624 58.708022
10.689003 91.085668
10.376175 114.860557
7.873555 26.643205
16.007070 42.128165
4.276039 25.861136
12.253140 44.161544
4.745280 17.727621
13.660864 29.927893
10.219761 85.454773
4.588866 25.235481
12.096726 117.832418
11.001830 40.251200
16.007070 6.309418
10.689003 93.588288
16.476311 13.817277
10.532589 76.226362
5.370935 17.414794
20.386655 34.933133
10.063348 115.329798
10.063348 72.316018
9.281279 64.026090
5.683763 31.022789
17.414794 37.122926
13.504450 119.709383
17.258380 36.653684
8.812038 60.428574
11.001830 92.493392
11.158244 116.268281
14.442932 120.491452
8.342796 57.613126
3.493970 4.276039
16.632725 35.245961
4.432453 25.079067
7.560728 55.736161
10.063348 71.221122
17.101966 36.184443
10.532589 37.592167
10.532589 94.057529
7.247900 51.825818
10.845416 115.955453
4.432453 24.766240
15.537829 46.351337
10.532589 77.634086
12.096726 13.348036
8.812038 60.897815
10.376175 37.748581
13.660864 119.552970
4.119625 5.214521
15.068587 120.960693
13.348036 29.771480
10.376175 80.762361
2.555488 112.827178
8.812038 61.523470
12.409554 41.971752
8.499210 22.420033
10.219761 81.857257
11.783899 117.206763
13.504450 16.007070
10.063348 72.628846
15.850656 121.899176
10.532589 97.029390
3.963211 3.181143
10.689003 28.207342
10.845416 116.111867
7.404314 52.607886
22.263620 35.871616
10.689003 89.052289
7.404314 12.253140
7.717141 54.797679
8.499210 59.177264
9.281279 65.120986
7.091486 50.887335
9.124865 113.140006
15.694242 21.950792
9.281279 65.903055
21.950792 41.658924
10.532589 84.047049
5.058108 18.040449
10.376175 98.437114
6.622245 49.010370
10.845416 88.895875
9.594106 13.504450
10.219761 74.975052
13.817277 9.594106
11.783899 16.319897
10.376175 114.391316
10.219761 115.016971
8.812038 59.020850
10.376175 76.695603
4.901694 19.291759
4.276039 11.158244
21.325137 7.873555
10.376175 97.655045
16.319897 15.381415
10.376175 82.639326
10.689003 28.363756
10.689003 90.303599
15.381415 46.664164
10.532589 78.416154
5.214521 16.945552
23.358516 8.812038
3.493970 5.527349
12.253140 44.787199
22.107206 41.502510
10.376175 37.435753
11.001830 116.424695
10.532589 78.103327
23.671343 9.124865
10.532589 88.739462
12.253140 117.988832
8.029969 55.892575
10.376175 94.996011
5.058108 18.196862
10.063348 71.533950
11.627485 116.893936
20.386655 6.778659
10.689003 27.581687
4.119625 24.296998
9.750520 71.846777
6.778659 48.697543
10.689003 89.990772
7.873555 27.268860
10.219761 83.734222
6.778659 46.194923
10.376175 75.444293
15.381415 15.850656
15.694242 121.273521
10.376175 38.374236
13.191622 34.307478
9.594106 69.969812
2.086247 110.637386
10.376175 39.156304
10.376175 81.700843
4.276039 24.922653
8.029969 54.172024
14.912174 43.223062
10.532589 78.572568
8.968451 63.556849
8.812038 60.272160
3.337557 2.086247
9.281279 64.495331
3.963211 5.683763
10.845416 20.699482
6.935073 29.302238
8.029969 56.361816
5.840176 31.648444
10.063348 71.377536
10.845416 95.778080
3.181143 3.337557
7.873555 53.389955
3.963211 2.555488
4.432453 24.453412
9.906934 74.505811
11.783899 117.676005
14.755760 20.543069
4.276039 1.617005
10.376175 85.298359
10.376175 82.013671
9.124865 63.869676
7.873555 53.702783
14.442932 120.804279
9.594106 33.056168
9.437693 66.059469
15.068587 43.692303
9.906934 72.785260
11.783899 117.519591
17.258380 36.497271
10.063348 71.064708
4.119625 10.376175
4.745280 17.884035
10.532589 75.913534
13.348036 119.083728
13.348036 28.050928
10.532589 74.818638
13.504450 30.084307
6.778659 48.384715
5.058108 19.448172
23.984171 8.029969
8.968451 106.727042
9.594106 113.452833
14.286519 120.335038
8.499210 62.149125
7.560728 52.764300
9.281279 64.964572
12.096726 44.005130
10.219761 72.472432
19.761000 9.281279
10.063348 75.600707
8.655624 59.333677
19.135345 7.247900
19.917414 42.440993
16.319897 35.089547
4.276039 10.063348
16.789139 7.404314
10.376175 39.469132
5.527349 30.709962
10.532589 77.008431
4.745280 18.822517
8.812038 61.367056
10.532589 84.985532
17.258380 14.912174
7.560728 53.077128
13.817277 119.396556
7.717141 26.956032
15.068587 47.133405
11.783899 117.363177
12.253140 44.474372
12.722381 118.301660
9.594106 68.874916
10.219761 39.312718
8.499210 58.395195
10.532589 77.790499
21.794378 35.558788
8.655624 59.959332
7.404314 51.200163
10.845416 89.677944
11.471071 40.564028
17.101966 28.989411
15.381415 43.379475
10.689003 90.929254
10.532589 81.544429
3.806798 1.929833
10.376175 38.061408
10.376175 115.799040
18.353276 7.560728
10.532589 76.069948
13.191622 34.151064
5.840176 32.117686
10.689003 92.962633
10.532589 86.236842
3.963211 5.996590
6.153004 46.038509
5.370935 18.353276
4.588866 10.219761
10.845416 95.621666
15.381415 21.325137
8.029969 27.425273
14.130105 41.033269
6.935073 49.323198
7.873555 56.831058
11.627485 16.163484
10.689003 85.767600
4.745280 18.978931
9.437693 67.936433
10.689003 90.772840
8.968451 62.461952
11.314658 33.525409
8.812038 61.210642
7.091486 50.574508
10.845416 87.018910
9.594106 66.841537
9.594106 29.615066
19.761000 34.463892
10.845416 89.834358
10.376175 38.530649
5.527349 18.509690
8.655624 59.802919
16.789139 14.599346
9.281279 28.676583
4.432453 11.940313
10.219761 39.625545
7.717141 56.518230
4.276039 23.984171
5.996590 16.789139
11.158244 39.781959
9.281279 64.338917
8.968451 63.087607
13.504450 33.994651
8.186383 57.769540
21.950792 36.028029
7.873555 54.484851
14.755760 42.753820
10.845416 91.711323
4.588866 2.399074
17.727621 21.012310
10.219761 23.514930
11.627485 20.230241
6.778659 48.228302
3.650384 3.650384
11.471071 40.407614
10.376175 83.421394
11.783899 40.876855
17.414794 36.966512
9.594106 68.562088
8.968451 113.296420
9.906934 72.941673
10.532589 78.885396
7.560728 51.982231
7.560728 12.878795
21.481551 8.186383
11.001830 89.208703
8.029969 27.112446
24.453412 8.342796
10.532589 80.918774
15.225001 46.976992
2.086247 109.229662
3.963211 25.548308
18.040449 14.130105
9.750520 9.437693
9.437693 67.467192
13.191622 21.637965
5.683763 17.101966
10.689003 89.365117
15.225001 43.535889
7.404314 12.409554
2.086247 111.106627
16.319897 47.602647
8.029969 55.110506
12.253140 44.317958
9.750520 69.656985
12.253140 45.256440
16.319897 42.597407
8.812038 60.584987
8.499210 57.925954
10.532589 92.806219
10.689003 87.488152
21.325137 22.107206
17.727621 14.286519
10.689003 39.938373
20.230241 34.776719
10.689003 23.358516
10.376175 74.036570
10.532589 90.460013
10.689003 86.393255
10.532589 83.577808
10.845416 88.426634
10.845416 91.867737
7.873555 54.015610
9.750520 69.813398
10.219761 82.326498
11.783899 16.632725
8.029969 56.674644
10.532589 85.611187
11.783899 41.815338
12.409554 44.630785
8.499210 58.238781
4.276039 25.704722
9.906934 113.609247
10.376175 79.354637
1.929833 111.575868
10.532589 92.649805
7.091486 50.418094
5.996590 30.866376
7.873555 53.859196
16.319897 42.284579
8.499210 59.490091
5.683763 30.553548
15.537829 6.153004
10.376175 89.521530
4.276039 23.827757
12.409554 44.943613
10.689003 88.270220
6.465831 48.541129
10.532589 87.644565
10.532589 79.041809
10.532589 84.516290
16.163484 13.660864
3.963211 2.242660
10.376175 76.852017
10.219761 83.264981
9.124865 107.665525
10.845416 86.862497
7.247900 12.565967
8.499210 62.618366
9.281279 66.215882
10.219761 75.287879
7.560728 53.233541
10.532589 82.170084
4.901694 11.314658
10.532589 77.946913
7.717141 52.920714
10.845416 27.894515
11.158244 40.094787
10.376175 87.957393
17.258380 15.068587
10.532589 79.511051
20.073827 6.622245
11.783899 33.681823
4.276039 26.330377
10.376175 76.382776
3.806798 3.493970
10.532589 83.890636
8.812038 60.115746
10.376175 81.231602
1.773419 109.542490
9.906934 38.217822
5.527349 17.258380
14.755760 47.446233
10.845416 87.331738
10.532589 82.952153
11.158244 20.855896
10.376175 79.198223
10.689003 87.800979
6.465831 48.853956
10.845416 85.924014
10.063348 73.880156
9.750520 32.899754
10.532589 115.486212
2.555488 112.983592
10.063348 113.765661
10.689003 84.203463
9.437693 28.832997
9.124865 61.992711
8.655624 65.590227
10.689003 91.398495
9.750520 69.344157
7.404314 54.641265
9.594106 68.718502
20.230241 6.465831
1.929833 112.045110
11.783899 13.035209
3.806798 4.901694
10.376175 81.075188
9.281279 64.651745
10.376175 37.904994
10.532589 79.823878
4.588866 11.471071
4.276039 23.671343
10.845416 15.537829
10.689003 28.520170
11.001830 92.180564
15.068587 47.289819
3.963211 10.845416
15.537829 46.507750
15.381415 46.820578
10.689003 86.706083
7.404314 51.669404
10.063348 70.595467
19.604586 8.968451
10.845416 92.336978
4.745280 18.666104
9.750520 70.126226
10.532589 83.108567
10.532589 82.482912
9.594106 29.458652
9.906934 71.690363
2.242660 112.670765
7.560728 55.266920
8.499210 58.864436
9.124865 65.746641
10.219761 96.872976
9.124865 65.433814
6.935073 49.948853
10.063348 70.439053
5.058108 19.135345
13.191622 33.838237
8.499210 58.551609
13.504450 36.810098
10.219761 79.667464
8.029969 55.423334
12.409554 45.100027
3.650384 4.745280
8.968451 62.774780
10.219761 88.113807
10.532589 80.605947
7.247900 51.512990
7.247900 11.783899
10.532589 80.136706
10.376175 73.723742
10.376175 90.616427
7.247900 26.017550
9.750520 32.743341
4.276039 10.689003
8.186383 57.456712
10.532589 94.526770
10.532589 38.999891
15.068587 42.910234
10.063348 113.922075
12.096726 43.848717
9.437693 67.623606
3.963211 2.868315
12.096726 45.412854
7.560728 12.722381
10.689003 88.583048
4.276039 1.773419
7.873555 55.579748
7.091486 49.479611
11.001830 92.024150
5.840176 32.586927
7.247900 26.486791
15.068587 43.066648
6.465831 30.397135
3.181143 4.119625
13.035209 37.279339
10.845416 27.738101
10.845416 86.080428
10.063348 73.410915
7.404314 52.451473
11.001830 91.554909
3.806798 3.024729
10.532589 84.829118
10.219761 73.567328
11.471071 40.720442
10.376175 38.843477
9.750520 72.159605
8.812038 63.400435
9.594106 66.997951
9.594106 32.274099
9.594106 69.500571
10.376175 84.359877
7.404314 51.356576
7.560728 53.546369
9.281279 67.780020
10.532589 84.672704
8.499210 59.646505
9.594106 31.961272
6.622245 49.166784
8.342796 56.048989
1.929833 110.793800
10.376175 74.662225
6.778659 50.261680
10.845416 87.175324
1.773419 109.698904
9.750520 66.528710
1.773419 110.950214
7.091486 49.792439
9.124865 107.978352
7.873555 56.205403
8.186383 57.300299
3.963211 9.906934
10.532589 38.687063
6.778659 49.636025
9.437693 68.249261
7.091486 50.730921
7.091486 51.043749
3.650384 4.432453
8.812038 61.679884
7.247900 30.240721
5.840176 31.804858
1.773419 108.760421
8.342796 112.357937
1.773419 31.335617
2.086247 112.514351
7.247900 52.295059
6.309418 45.569268
1.617005 107.821939
1.929833 108.604007
7.717141 54.328438
1.617005 108.916835
1.617005 111.263041
9.750520 32.430513
7.404314 54.954093
2.086247 111.419455
9.281279 29.145825
5.840176 31.492031
1.773419 109.855317
2.086247 31.179203
1.773419 110.480972
1.773419 109.386076
1.617005 110.011731
1.929833 112.201523
1.617005 107.039870
1.617005 109.073249
1.617005 111.888696
