2.868315 116.893936
3.181143 116.111867
3.024729 133.160965
3.024729 117.988832
3.337557 130.345518
2.868315 130.971173
3.493970 121.117107
2.086247 109.386076
3.024729 131.909655
3.337557 122.994072
3.650384 120.491452
3.181143 124.714623
3.181143 125.496692
2.711902 121.742762
3.024729 118.927315
3.493970 115.486212
3.181143 123.463313
3.024729 110.480972
3.024729 120.335038
2.868315 132.535310
3.181143 115.799040
3.181143 112.670765
2.399074 109.542490
3.181143 130.032690
3.024729 129.094208
3.024729 126.278761
3.024729 125.027451
3.024729 122.524831
3.337557 114.704143
3.337557 110.637386
3.181143 118.614487
3.024729 122.681244
3.024729 119.083728
2.868315 133.630207
3.337557 115.642626
3.024729 133.317379
3.024729 124.558209
3.337557 118.458073
3.181143 116.424695
3.493970 117.676005
3.181143 126.748002
3.337557 114.547730
3.337557 110.950214
2.868315 127.686484
2.868315 118.145246
3.181143 115.329798
2.711902 112.514351
3.181143 125.340278
3.337557 120.178624
2.868315 127.217243
3.024729 128.468553
2.711902 122.837658
2.868315 121.899176
3.337557 116.581108
3.181143 113.922075
3.181143 112.045110
3.024729 115.016971
3.181143 112.201523
3.024729 121.273521
3.337557 134.255862
2.868315 110.011731
3.181143 133.943034
3.024729 114.391316
3.493970 114.234902
2.868315 130.814759
3.024729 112.983592
3.024729 134.099448
3.181143 111.732282
3.181143 123.932554
2.711902 125.653106
3.181143 126.904416
3.493970 110.793800
2.868315 111.888696
2.711902 132.378897
2.868315 128.781381
3.181143 117.050350
3.181143 123.776141
3.024729 114.860557
3.337557 120.647866
3.024729 123.150486
3.181143 131.284000
3.181143 111.106627
3.493970 119.396556
3.337557 110.324559
1.617005 109.229662
3.650384 120.804279
3.181143 124.088968
3.337557 111.419455
3.024729 132.066069
3.024729 119.240142
2.868315 129.407035
3.181143 128.155726
2.868315 117.519591
3.181143 126.122347
3.181143 132.848138
2.868315 119.709383
3.024729 128.312139
2.868315 130.501932
3.181143 127.999312
2.868315 133.004552
3.493970 120.960693
3.337557 118.301660
2.868315 119.865797
3.181143 129.250622
3.337557 116.268281
3.493970 130.189104
3.181143 112.827178
2.711902 128.937794
2.868315 109.855317
3.181143 131.440414
2.555488 109.698904
2.868315 129.876277
2.868315 134.412275
3.024729 128.624967
3.181143 124.871037
2.868315 122.368417
3.181143 111.575868
2.868315 133.473793
2.868315 131.127587
3.024729 123.619727
3.181143 117.832418
3.024729 129.719863
3.337557 113.609247
3.181143 131.596828
3.024729 127.530071
2.868315 121.429934
3.337557 113.140006
3.024729 129.563449
2.711902 115.173385
3.181143 116.737522
3.337557 113.296420
3.024729 110.168145
2.711902 132.222483
3.181143 121.586348
3.337557 111.263041
1.773419 109.073249
3.024729 113.765661
3.024729 133.786620
3.024729 122.055589
3.024729 117.206763
2.868315 127.060829
3.181143 120.022211
3.024729 132.691724
3.024729 118.770901
3.181143 114.078488
2.868315 124.401796
3.024729 123.306899
3.024729 124.245382
3.024729 113.452833
3.024729 122.212003
2.711902 130.658345
3.181143 126.435174
3.024729 126.591588
3.181143 115.955453
3.024729 127.373657
2.868315 112.357937
3.024729 125.183864
2.868315 117.363177
2.868315 131.753242
3.024729 119.552970
1.617005 108.916835
3.024729 125.809519
3.024729 125.965933
2.868315 127.842898
