3.024729 112.357937
2.868315 130.501932
2.711902 125.653106
2.711902 123.619727
2.868315 116.424695
2.711902 118.458073
3.024729 131.127587
3.024729 122.368417
3.024729 118.770901
3.181143 118.301660
2.868315 127.530071
2.711902 124.871037
2.711902 121.273521
3.337557 127.217243
3.024729 126.748002
3.024729 124.714623
2.555488 108.604007
3.024729 119.083728
3.337557 117.988832
3.181143 129.407035
3.024729 115.642626
3.024729 129.719863
3.181143 115.173385
3.493970 120.491452
2.711902 110.637386
2.555488 108.291180
3.181143 115.016971
2.868315 127.842898
3.024729 112.827178
2.555488 122.524831
3.181143 130.032690
2.868315 114.234902
3.181143 123.463313
2.868315 126.122347
3.337557 116.893936
2.711902 112.045110
3.181143 109.855317
3.181143 121.899176
2.711902 113.296420
2.555488 112.514351
2.711902 130.658345
2.711902 125.496692
2.868315 123.776141
3.024729 118.614487
3.181143 118.145246
3.024729 127.373657
2.399074 125.027451
3.337557 120.647866
3.337557 120.022211
3.024729 118.927315
3.181143 108.760421
3.024729 115.799040
2.868315 121.429934
3.181143 120.960693
3.337557 110.480972
2.711902 112.983592
2.868315 117.206763
3.181143 122.681244
3.024729 130.971173
3.337557 119.552970
3.181143 119.709383
2.711902 112.670765
3.024729 109.542490
3.181143 110.011731
3.181143 123.306899
3.181143 126.591588
3.024729 110.950214
2.868315 116.737522
2.868315 129.094208
3.181143 119.240142
3.024729 113.452833
2.711902 109.229662
3.024729 126.278761
2.868315 124.558209
3.181143 130.345518
3.337557 115.955453
2.868315 114.860557
2.711902 113.140006
3.181143 121.742762
3.024729 117.363177
2.868315 122.837658
2.711902 114.391316
3.181143 117.832418
3.024729 110.793800
3.181143 130.189104
3.337557 128.937794
2.399074 107.978352
2.868315 124.088968
2.868315 124.401796
3.181143 127.686484
2.868315 127.060829
3.024729 129.563449
2.555488 126.435174
3.337557 120.804279
2.868315 109.073249
3.024729 114.704143
2.399074 108.134766
3.181143 122.994072
2.868315 128.312139
3.024729 120.178624
3.024729 111.732282
2.868315 124.245382
3.024729 115.486212
3.024729 128.155726
2.555488 111.888696
3.181143 117.676005
2.555488 129.250622
3.181143 128.468553
2.868315 117.519591
2.868315 119.396556
2.711902 128.624967
3.024729 129.876277
2.555488 111.263041
2.868315 114.078488
3.181143 127.999312
2.868315 125.340278
2.711902 123.932554
3.337557 115.329798
2.868315 121.117107
3.181143 120.335038
2.868315 117.050350
3.181143 119.865797
3.024729 108.447594
2.868315 108.916835
2.711902 125.183864
2.711902 122.212003
2.711902 113.922075
3.181143 130.814759
3.024729 110.168145
3.024729 109.698904
2.711902 125.809519
2.868315 111.575868
3.024729 112.201523
2.555488 113.765661
2.711902 111.419455
3.337557 128.781381
2.868315 116.111867
3.024729 116.268281
2.868315 123.150486
2.868315 111.106627
2.868315 121.586348
2.868315 113.609247
2.868315 122.055589
2.711902 116.581108
2.711902 125.965933
2.868315 114.547730
2.868315 109.386076
1.617005 107.665525
1.617005 107.821939
2.868315 110.324559
3.024729 126.904416
