5.840176 116.111867
5.214521 128.781381
6.622245 116.581108
6.778659 114.547730
7.247900 118.301660
6.309418 116.893936
8.186383 120.960693
6.153004 123.776141
7.560728 124.245382
6.622245 115.486212
6.465831 122.994072
31.335617 134.412275
6.935073 121.742762
6.778659 124.401796
6.309418 122.368417
5.058108 127.686484
6.153004 124.714623
7.091486 121.429934
5.058108 126.278761
5.996590 123.619727
7.091486 118.145246
5.840176 125.027451
5.370935 127.217243
5.527349 124.871037
5.214521 123.150486
5.058108 129.563449
4.901694 127.530071
5.840176 115.799040
6.622245 117.676005
7.091486 118.458073
7.717141 120.491452
6.622245 117.988832
37.122926 133.786620
6.778659 118.927315
33.056168 133.943034
6.465831 114.704143
8.342796 119.240142
6.153004 125.496692
5.527349 127.373657
5.996590 110.480972
7.091486 122.524831
8.342796 120.647866
4.901694 128.624967
8.342796 123.306899
5.058108 125.965933
5.840176 116.268281
5.996590 124.088968
4.745280 127.999312
7.717141 120.178624
6.309418 124.558209
6.309418 115.329798
6.935073 121.586348
7.404314 116.737522
7.247900 119.396556
6.465831 125.340278
7.247900 117.206763
7.717141 114.860557
5.058108 127.842898
6.935073 122.212003
5.214521 110.168145
6.465831 115.642626
4.901694 126.435174
6.778659 117.832418
7.091486 122.681244
5.370935 125.809519
7.404314 118.614487
33.212582 134.099448
5.996590 125.183864
7.404314 119.083728
6.622245 115.955453
6.935073 117.519591
5.996590 127.060829
7.247900 120.804279
6.153004 115.173385
6.935073 118.770901
6.153004 110.324559
6.778659 119.552970
6.935073 120.022211
5.996590 126.904416
7.717141 120.335038
8.029969 119.865797
5.683763 126.748002
5.058108 129.407035
6.935073 121.117107
5.214521 129.719863
5.840176 123.932554
5.840176 126.591588
6.465831 117.363177
6.622245 115.016971
7.247900 117.050350
7.560728 121.899176
5.840176 125.653106
7.247900 119.709383
7.247900 122.055589
6.309418 123.463313
6.309418 116.424695
31.335617 134.255862
4.745280 129.250622
6.622245 122.837658
5.683763 110.637386
4.276039 128.468553
6.778659 121.273521
4.745280 128.155726
4.745280 126.122347
4.588866 129.094208
5.058108 128.937794
4.901694 128.312139
