6.309418 116.111867
6.778659 114.234902
7.091486 121.273521
17.571207 133.786620
18.353276 133.317379
6.778659 115.955453
6.153004 114.547730
7.247900 118.301660
4.588866 132.378897
6.465831 116.893936
6.778659 114.078488
5.840176 124.245382
6.778659 117.519591
7.091486 115.486212
6.309418 122.994072
5.527349 134.412275
6.622245 114.391316
6.622245 121.742762
18.509690 133.473793
6.153004 122.368417
18.040449 133.630207
7.091486 118.145246
6.309418 123.150486
5.527349 129.563449
20.386655 133.004552
6.778659 120.960693
6.778659 119.396556
6.622245 117.676005
5.370935 134.255862
7.091486 118.458073
7.091486 120.491452
6.935073 117.988832
5.996590 132.691724
35.245961 129.876277
6.778659 117.206763
7.247900 118.927315
27.112446 131.909655
35.402374 130.189104
6.778659 119.240142
8.029969 122.055589
34.620306 130.345518
6.309418 116.581108
35.558788 130.032690
34.463892 130.501932
34.307478 130.658345
7.091486 113.922075
6.935073 120.647866
7.560728 119.865797
6.778659 121.586348
28.676583 131.596828
6.153004 114.704143
6.465831 116.268281
5.996590 124.088968
7.091486 120.178624
6.935073 122.524831
6.309418 115.329798
6.778659 116.737522
6.622245 114.860557
6.935073 122.212003
6.935073 119.083728
5.840176 124.558209
6.935073 115.642626
6.153004 122.837658
7.873555 118.614487
4.901694 132.222483
5.683763 123.776141
6.778659 115.173385
33.212582 130.814759
5.683763 123.619727
6.778659 117.050350
7.560728 118.770901
7.091486 120.804279
5.996590 124.401796
7.091486 120.335038
6.778659 120.022211
27.894515 131.440414
6.465831 117.832418
5.214521 132.066069
4.588866 132.535310
7.717141 121.117107
6.622245 122.681244
15.381415 133.943034
7.404314 119.552970
15.537829 134.099448
5.214521 123.932554
29.927893 131.284000
6.935073 121.429934
6.778659 117.363177
27.425273 131.753242
30.866376 131.127587
6.309418 115.016971
31.179203 130.971173
5.527349 132.848138
6.465831 121.899176
5.683763 129.719863
7.247900 119.709383
20.386655 133.160965
6.465831 123.306899
5.527349 115.799040
5.996590 116.424695
6.309418 123.463313
