6.465831 107.509111
7.560728 66.372296
7.247900 75.757121
6.935073 90.929254
20.230241 24.296998
6.309418 86.080428
7.247900 77.321258
6.935073 95.465253
6.935073 77.477672
2.242660 12.878795
1.773419 113.296420
7.091486 72.941673
7.404314 62.149125
2.242660 48.697543
7.873555 49.479611
1.929833 52.295059
6.935073 99.844838
1.773419 88.270220
1.929833 54.015610
5.996590 103.442354
36.810098 147.238202
2.086247 47.133405
20.073827 127.842898
20.073827 27.581687
7.873555 50.887335
7.873555 76.382776
7.404314 42.597407
7.560728 65.590227
1.617005 31.804858
1.929833 117.363177
1.617005 140.668825
2.399074 149.115167
6.935073 75.131466
6.778659 90.772840
7.404314 85.141945
8.029969 48.541129
7.717141 59.802919
7.404314 71.690363
2.086247 3.493970
20.230241 26.799618
34.620306 144.891996
16.476311 124.558209
6.935073 111.106627
2.711902 78.728982
6.935073 67.467192
6.622245 91.554909
7.560728 51.356576
7.873555 60.584987
39.938373 150.679305
7.560728 72.628846
7.873555 70.751881
7.404314 70.282640
1.617005 89.834358
1.929833 26.017550
6.935073 110.011731
7.717141 58.238781
6.935073 80.918774
1.617005 104.850077
1.929833 19.604586
6.465831 106.570629
6.935073 75.444293
7.247900 84.672704
8.655624 44.630785
1.617005 33.212582
7.247900 94.526770
1.617005 30.709962
6.935073 83.890636
6.622245 98.749941
6.935073 78.259741
1.617005 144.109928
1.617005 122.368417
1.617005 114.704143
2.555488 22.420033
2.086247 42.910234
7.404314 46.038509
7.247900 77.634086
7.717141 73.254501
6.778659 93.901115
7.873555 72.785260
8.186383 44.787199
5.996590 108.760421
7.560728 89.052289
19.761000 23.827757
7.091486 99.532010
7.717141 45.100027
1.773419 151.930615
6.935073 98.593528
6.935073 107.352697
7.404314 82.795739
7.247900 61.992711
7.873555 62.305539
6.778659 89.990772
1.617005 146.925375
3.024729 168.354058
7.091486 99.062769
2.555488 64.495331
1.617005 82.326498
2.399074 73.567328
7.404314 95.778080
1.617005 113.609247
25.861136 134.255862
2.086247 57.456712
7.091486 80.449533
7.560728 72.316018
8.968451 41.658924
2.086247 47.289819
2.399074 111.419455
7.247900 61.836297
2.399074 102.816699
7.404314 54.797679
8.499210 41.502510
7.404314 64.026090
6.153004 97.029390
1.617005 139.104688
8.968451 42.128165
7.091486 103.285940
3.024729 34.463892
7.404314 49.166784
6.935073 90.303599
7.247900 55.423334
6.622245 93.744701
7.091486 50.730921
7.873555 83.264981
7.560728 45.256440
7.091486 74.192983
19.448172 21.012310
1.617005 18.040449
8.655624 41.189683
1.617005 118.770901
1.773419 21.637965
7.560728 44.317958
3.337557 34.151064
7.404314 54.484851
7.404314 56.518230
7.717141 79.980292
7.404314 86.706083
5.683763 109.542490
6.622245 111.263041
1.617005 151.461374
7.560728 42.753820
1.929833 103.911595
6.622245 96.247321
7.717141 69.813398
7.404314 84.985532
6.465831 107.978352
7.873555 114.078488
6.465831 100.470493
3.181143 34.307478
8.655624 115.329798
6.778659 92.493392
1.617005 140.981653
8.342796 40.720442
7.247900 49.948853
7.247900 85.611187
35.558788 145.048410
7.091486 91.711323
35.558788 145.204824
7.560728 62.618366
6.935073 77.164844
16.319897 123.306899
6.622245 86.862497
6.778659 80.762361
7.404314 80.293119
16.789139 123.932554
7.404314 68.092847
7.091486 74.975052
38.217822 147.394616
7.091486 110.950214
2.399074 70.595467
7.091486 94.370356
8.812038 114.860557
2.711902 74.662225
8.186383 51.512990
1.929833 104.224422
7.404314 93.275460
8.029969 53.077128
1.617005 133.473793
6.778659 97.342218
33.994651 142.702204
7.404314 81.388016
7.873555 56.987471
6.935073 86.393255
7.091486 54.641265
7.404314 68.718502
1.617005 132.691724
8.186383 46.664164
7.560728 59.177264
20.855896 128.312139
2.242660 115.955453
1.929833 130.501932
7.717141 61.367056
7.717141 42.440993
7.091486 88.739462
7.717141 50.261680
6.935073 88.426634
5.996590 83.577808
6.622245 108.916835
7.247900 74.505811
6.309418 101.721803
20.073827 29.145825
7.247900 67.310778
7.247900 85.454773
2.711902 94.213943
2.711902 33.525409
1.617005 131.127587
2.399074 109.698904
8.186383 49.323198
7.560728 66.528710
2.086247 46.507750
20.230241 127.999312
8.186383 48.228302
6.778659 88.895875
7.717141 51.982231
7.247900 92.649805
6.309418 100.001251
7.404314 53.859196
2.086247 31.648444
1.929833 22.576447
7.560728 60.897815
6.778659 90.616427
7.717141 44.161544
1.929833 82.952153
20.073827 16.945552
7.717141 71.533950
8.186383 63.244021
7.560728 66.059469
7.717141 63.869676
6.935073 99.375596
21.950792 130.345518
6.153004 111.732282
6.622245 105.006491
7.404314 64.808159
2.555488 59.646505
6.622245 89.521530
7.404314 83.421394
2.242660 49.636025
1.773419 87.488152
6.778659 91.085668
13.035209 120.022211
1.617005 19.761000
23.514930 132.222483
1.929833 3.650384
7.717141 52.138645
1.773419 118.614487
6.778659 87.800979
2.242660 139.730343
2.086247 120.960693
1.773419 26.956032
6.935073 69.500571
3.650384 168.510472
8.186383 53.233541
7.091486 69.969812
7.247900 74.036570
16.319897 123.776141
6.153004 101.096148
6.465831 102.191044
7.091486 79.198223
1.617005 35.089547
2.242660 104.693664
6.622245 102.034630
6.935073 59.490091
7.873555 56.831058
19.135345 23.045688
6.935073 71.846777
1.773419 143.640686
6.935073 86.549669
1.617005 164.756542
8.186383 63.713262
6.622245 104.537250
7.560728 44.005130
7.091486 58.551609
20.073827 22.107206
8.342796 48.071888
7.560728 59.959332
6.465831 94.996011
8.812038 115.173385
6.622245 74.818638
7.873555 70.126226
6.309418 97.498631
1.617005 11.627485
1.929833 112.045110
7.717141 57.613126
7.247900 80.605947
7.404314 96.403735
7.404314 64.651745
6.778659 105.319319
1.617005 120.178624
7.091486 83.734222
6.622245 93.431874
7.404314 82.170084
7.717141 52.920714
1.617005 110.793800
2.086247 166.320679
6.465831 103.598767
1.617005 20.073827
5.840176 95.152425
19.448172 127.217243
7.091486 49.792439
7.717141 51.043749
1.929833 117.676005
1.929833 124.245382
2.086247 153.025511
1.617005 30.866376
7.560728 68.249261
7.717141 46.194923
2.086247 101.408975
6.153004 94.057529
2.399074 149.271581
7.717141 68.562088
7.560728 55.579748
7.247900 87.644565
6.935073 102.347457
1.617005 14.286519
1.929833 100.626906
1.773419 26.173963
6.622245 82.013671
7.873555 45.412854
6.309418 98.906355
7.247900 84.829118
7.717141 52.451473
8.968451 41.346097
7.873555 50.105266
27.894515 136.758482
6.309418 79.511051
6.778659 80.136706
6.309418 106.727042
7.247900 84.516290
6.622245 74.349397
7.091486 87.018910
3.337557 34.620306
6.778659 104.068009
8.029969 60.741401
1.617005 142.545790
7.560728 73.410915
1.773419 124.871037
5.840176 108.447594
1.773419 151.304960
19.448172 16.789139
2.399074 64.964572
7.404314 100.314079
8.186383 69.031330
1.773419 152.556270
1.773419 24.609826
8.029969 61.679884
7.247900 91.242082
1.617005 165.069369
1.617005 27.268860
7.560728 77.008431
1.929833 138.635446
1.929833 19.291759
7.091486 97.967873
6.465831 106.257801
6.935073 95.621666
1.617005 129.876277
7.717141 87.957393
6.465831 112.357937
7.247900 64.338917
2.399074 150.366477
7.717141 79.041809
22.732861 130.814759
11.471071 118.458073
1.617005 165.382197
6.778659 92.180564
2.086247 130.189104
6.309418 107.665525
7.717141 51.669404
1.773419 129.250622
21.168724 129.719863
1.617005 132.848138
1.617005 121.899176
7.717141 58.864436
31.179203 139.417515
1.929833 125.183864
7.560728 56.205403
10.689003 117.988832
7.717141 90.460013
1.929833 47.446233
8.342796 54.954093
7.091486 88.583048
33.681823 142.858618
20.386655 14.130105
2.711902 109.386076
8.655624 40.876855
7.717141 46.820578
7.717141 77.946913
14.286519 121.117107
6.778659 94.839598
7.873555 73.880156
7.091486 60.272160
7.873555 63.087607
6.935073 101.878216
1.617005 149.897236
2.868315 168.041231
6.935073 78.572568
6.309418 97.185804
7.560728 52.607886
1.929833 139.573929
7.873555 62.774780
6.778659 85.298359
1.617005 20.230241
1.617005 28.832997
7.247900 60.115746
1.617005 14.912174
2.868315 168.197644
18.040449 125.965933
6.935073 91.867737
7.560728 68.405675
6.778659 65.277400
6.622245 88.113807
9.906934 116.737522
6.153004 100.939734
1.929833 117.832418
1.617005 138.166205
1.929833 30.084307
7.247900 65.746641
2.555488 26.643205
6.935073 96.872976
7.247900 56.674644
1.617005 134.099448
6.935073 65.433814
6.153004 106.101387
7.560728 60.428574
8.655624 41.815338
7.560728 76.852017
7.717141 57.769540
7.091486 87.175324
1.773419 58.708022
1.929833 7.717141
11.627485 118.301660
1.617005 146.299720
8.029969 53.389955
1.929833 115.016971
1.617005 13.817277
1.617005 135.350758
7.091486 54.328438
1.617005 142.076549
1.617005 147.707444
7.717141 62.461952
1.773419 100.157665
1.617005 133.004552
1.617005 141.294480
8.186383 49.010370
32.430513 141.607308
8.342796 41.971752
1.617005 23.671343
39.938373 150.210064
6.622245 78.885396
7.717141 66.215882
1.617005 20.855896
2.086247 93.588288
7.247900 86.236842
6.622245 102.973112
7.717141 57.925954
7.717141 50.418094
1.617005 115.799040
7.404314 66.997951
2.086247 151.617787
6.935073 104.380836
1.773419 6.309418
3.024729 149.740822
19.448172 30.553548
7.717141 53.702783
6.465831 99.688424
13.348036 119.865797
1.773419 109.073249
7.247900 81.075188
6.465831 87.331738
7.404314 44.943613
1.617005 125.653106
37.748581 169.918196
8.029969 43.848717
7.404314 81.857257
1.617005 90.147185
7.560728 76.695603
1.617005 109.229662
7.247900 99.219183
6.309418 106.883456
1.617005 146.768961
2.242660 59.333677
6.309418 84.359877
1.773419 107.039870
8.342796 48.853956
7.717141 58.395195
2.086247 25.391895
39.938373 150.053650
7.717141 55.892575
12.096726 119.552970
7.717141 57.143885
6.153004 101.565389
2.242660 28.989411
8.186383 56.048989
1.929833 148.489512
1.773419 34.933133
7.873555 46.976992
20.699482 27.738101
2.242660 27.894515
6.153004 105.944974
1.929833 134.568689
18.822517 31.335617
7.404314 67.623606
6.622245 64.182504
6.935073 96.560149
2.086247 108.604007
7.717141 40.564028
7.560728 61.523470
6.778659 103.129526
7.247900 51.200163
1.617005 3.963211
6.465831 93.119047
6.622245 72.472432
2.399074 72.159605
1.929833 116.111867
2.711902 33.994651
7.247900 71.221122
18.666104 125.809519
37.122926 146.456134
7.873555 52.764300
7.560728 46.351337
7.404314 63.556849
7.404314 55.110506
38.217822 169.761782
1.773419 139.261101
1.617005 53.546369
2.242660 12.409554
36.966512 148.333099
7.717141 68.874916
2.086247 47.915474
7.091486 73.723742
19.761000 28.207342
7.873555 44.474372
13.504450 120.335038
14.286519 121.586348
1.617005 130.032690
1.929833 24.922653
1.773419 117.206763
1.617005 128.468553
21.168724 129.094208
20.386655 9.437693
1.773419 11.001830
11.940313 119.240142
1.929833 72.003191
2.399074 76.069948
1.617005 146.143306
2.086247 66.841537
7.404314 43.692303
2.242660 145.517651
2.242660 59.020850
7.247900 81.700843
1.617005 3.806798
1.617005 140.199584
7.717141 84.047049
8.029969 66.685123
2.399074 25.235481
1.773419 13.973691
7.247900 81.544429
2.399074 12.565967
2.086247 130.658345
1.617005 114.391316
1.617005 167.259162
1.929833 3.337557
6.309418 106.414215
1.617005 147.863857
1.929833 127.686484
1.617005 30.240721
2.711902 167.884817
2.242660 125.340278
2.086247 63.400435
8.655624 41.033269
1.617005 166.007852
6.309418 98.280700
7.091486 75.287879
1.617005 97.655045
6.622245 101.252561
1.773419 126.435174
7.873555 55.736161
7.091486 92.024150
6.778659 76.226362
6.935073 94.683184
1.617005 164.130887
2.086247 100.783320
7.404314 69.187743
6.622245 108.134766
1.617005 11.783899
1.617005 78.416154
1.773419 25.861136
6.935073 70.908295
1.617005 15.068587
2.555488 83.108567
7.404314 61.054229
9.750520 116.424695
7.404314 55.266920
1.617005 4.276039
5.683763 110.480972
6.465831 110.168145
6.778659 85.767600
8.186383 42.284579
5.996590 89.208703
2.399074 29.771480
35.715202 144.422755
9.437693 116.581108
7.091486 62.931194
6.465831 98.437114
1.617005 103.755181
36.028029 145.361238
1.617005 130.971173
1.617005 134.881517
1.773419 33.368996
6.935073 102.660285
27.112446 136.445654
26.799618 134.725103
17.101966 124.714623
1.773419 107.821939
1.617005 5.840176
6.778659 105.162905
6.935073 85.924014
1.617005 143.015031
6.309418 96.716563
12.565967 119.709383
2.555488 58.082367
32.274099 141.763721
6.778659 70.439053
6.622245 79.667464
1.929833 128.781381
6.778659 69.344157
6.778659 73.098087
7.091486 92.336978
6.622245 89.365117
6.309418 71.377536
1.617005 92.962633
1.929833 144.579169
6.778659 113.765661
1.617005 126.904416
1.617005 144.266341
1.617005 113.922075
23.827757 132.378897
1.617005 131.753242
1.617005 126.122347
7.091486 57.300299
1.617005 135.663585
19.291759 23.984171
1.929833 5.996590
7.091486 65.120986
2.242660 123.150486
1.617005 145.674065
1.617005 118.145246
2.086247 15.225001
1.773419 113.452833
1.929833 121.429934
16.476311 124.088968
1.617005 56.361816
1.617005 105.788560
1.617005 84.203463
31.961272 140.512411
1.617005 122.524831
6.778659 69.656985
7.247900 92.806219
8.499210 115.486212
19.604586 23.514930
1.929833 9.124865
1.617005 24.453412
1.617005 165.225783
1.617005 27.425273
5.996590 111.575868
7.873555 51.825818
1.929833 8.968451
1.617005 21.325137
1.617005 119.396556
1.617005 142.232963
13.191622 120.647866
1.617005 31.961272
8.499210 43.379475
6.778659 82.482912
1.773419 119.083728
1.617005 48.384715
7.717141 50.574508
1.617005 82.639326
1.617005 138.322619
6.622245 89.677944
1.773419 21.481551
2.086247 128.155726
5.840176 107.196284
2.399074 95.308839
7.247900 79.823878
7.717141 43.066648
1.929833 67.154365
1.617005 19.917414
1.617005 170.074609
1.617005 6.622245
6.622245 105.475732
7.873555 54.172024
1.617005 143.484273
9.906934 116.268281
1.617005 114.234902
1.617005 14.599346
1.773419 131.284000
2.086247 29.458652
1.617005 122.212003
1.617005 6.153004
1.617005 137.071309
6.622245 75.600707
6.622245 91.398495
1.617005 12.253140
7.247900 65.903055
1.773419 113.140006
1.617005 139.886756
8.186383 45.569268
36.184443 145.830479
1.617005 126.591588
1.617005 118.927315
2.086247 97.811459
1.617005 7.873555
19.135345 25.079067
1.929833 79.354637
1.773419 117.519591
7.560728 76.539189
1.929833 95.934494
2.086247 78.103327
2.086247 122.837658
1.617005 152.087029
1.617005 153.181925
1.773419 148.645926
1.773419 117.050350
1.773419 33.681823
1.617005 134.412275
1.617005 169.136127
7.247900 43.223062
1.617005 75.913534
1.617005 138.948274
6.935073 71.064708
1.617005 11.940313
1.617005 6.778659
1.617005 31.179203
1.617005 4.432453
26.486791 135.976413
39.156304 148.802340
19.448172 26.330377
1.617005 29.615066
1.773419 81.231602
1.617005 122.994072
1.617005 166.477093
6.309418 102.503871
1.773419 115.642626
1.617005 121.742762
1.617005 96.090908
1.617005 112.983592
1.617005 120.804279
1.617005 9.594106
1.617005 24.140585
1.617005 143.797100
6.309418 110.324559
1.617005 164.912956
1.773419 19.448172
1.617005 137.384137
2.086247 152.869097
2.086247 77.790499
1.773419 120.491452
1.617005 126.748002
1.773419 131.909655
1.773419 148.176685
1.617005 112.201523
1.773419 123.619727
1.773419 140.043170
1.617005 10.376175
1.773419 26.486791
1.617005 98.124286
1.617005 133.630207
1.617005 109.855317
1.617005 127.060829
1.617005 165.851438
1.617005 132.535310
1.617005 2.868315
1.617005 128.624967
1.617005 124.401796
1.617005 141.450894
1.617005 166.946334
1.617005 143.171445
6.622245 45.725682
1.617005 137.853378
1.617005 17.571207
1.617005 126.278761
1.617005 170.387437
1.617005 135.194344
1.617005 10.063348
1.617005 148.958754
1.617005 169.605368
1.617005 136.602068
1.617005 111.888696
1.617005 141.920135
1.617005 135.037930
1.617005 108.291180
1.617005 15.381415
1.617005 144.735583
1.617005 136.914895
2.242660 67.936433
1.617005 11.471071
1.617005 135.819999
1.617005 24.766240
1.617005 28.676583
1.617005 127.373657
1.617005 138.791860
1.617005 125.496692
1.617005 149.584409
1.617005 143.953514
1.617005 4.119625
1.617005 167.728403
1.617005 21.168724
