3.181143 130.971173
3.337557 112.357937
2.868315 130.501932
3.493970 123.619727
3.650384 116.424695
3.650384 118.614487
3.493970 114.391316
3.493970 131.127587
3.493970 123.463313
2.711902 110.950214
3.337557 123.150486
3.181143 122.368417
3.493970 118.301660
3.493970 133.630207
2.555488 107.352697
3.650384 116.581108
3.493970 124.871037
3.806798 121.273521
3.650384 120.804279
3.337557 127.217243
3.181143 126.748002
3.181143 119.865797
2.868315 129.719863
3.337557 124.245382
3.181143 110.637386
3.024729 111.106627
3.337557 127.999312
3.650384 115.016971
3.181143 127.842898
3.181143 122.524831
3.337557 119.709383
3.650384 119.552970
3.181143 134.255862
3.963211 120.960693
3.181143 126.122347
3.181143 123.776141
3.806798 112.045110
2.868315 108.604007
3.493970 117.832418
3.650384 119.396556
3.337557 129.876277
3.806798 119.240142
3.493970 116.893936
3.650384 119.083728
3.337557 121.899176
3.493970 115.955453
3.337557 118.145246
3.337557 117.363177
3.337557 112.514351
3.181143 125.496692
3.650384 116.268281
3.181143 133.160965
3.493970 131.284000
3.337557 123.306899
3.024729 133.473793
2.399074 107.509111
3.337557 120.647866
3.337557 128.624967
3.337557 126.904416
3.181143 120.022211
3.493970 118.927315
3.337557 118.458073
3.650384 115.799040
3.337557 133.004552
3.337557 131.596828
3.806798 121.429934
3.493970 115.329798
3.493970 110.480972
3.024729 128.155726
3.337557 114.860557
3.493970 112.983592
3.181143 108.134766
3.650384 113.296420
3.650384 112.670765
3.337557 110.011731
3.024729 134.412275
3.493970 126.591588
2.555488 108.760421
3.181143 129.094208
3.337557 124.714623
3.650384 113.452833
2.868315 109.073249
3.337557 117.519591
3.493970 123.932554
3.493970 126.278761
3.024729 109.229662
3.024729 131.440414
3.337557 111.263041
3.963211 121.117107
3.493970 133.317379
3.493970 124.558209
3.181143 125.027451
3.493970 133.943034
3.181143 110.793800
3.493970 117.676005
3.493970 113.140006
3.181143 107.978352
3.181143 121.742762
3.337557 122.837658
2.868315 130.814759
2.868315 110.168145
3.181143 126.435174
3.181143 125.809519
3.337557 116.737522
3.493970 130.189104
3.181143 117.050350
3.337557 112.827178
3.493970 109.698904
3.337557 124.401796
3.181143 127.686484
3.337557 129.563449
3.650384 114.234902
3.650384 122.994072
2.399074 107.196284
3.493970 121.586348
3.806798 118.770901
3.650384 114.704143
3.181143 128.312139
3.337557 129.407035
3.337557 110.324559
3.493970 114.547730
2.711902 108.447594
2.711902 131.753242
3.650384 111.732282
2.868315 109.542490
3.650384 111.575868
2.086247 107.039870
3.650384 111.888696
3.650384 120.491452
3.181143 125.340278
3.024729 132.535310
3.337557 130.032690
2.868315 108.916835
3.337557 108.291180
3.181143 122.055589
3.650384 130.658345
3.337557 120.178624
3.493970 124.088968
3.024729 128.468553
3.493970 127.373657
3.337557 122.681244
3.650384 115.642626
3.181143 132.848138
3.493970 133.786620
3.181143 115.486212
3.337557 113.609247
3.337557 122.212003
3.181143 125.965933
3.024729 132.691724
3.493970 111.419455
3.493970 113.765661
3.806798 112.201523
2.711902 113.922075
3.337557 117.206763
3.181143 128.937794
3.024729 127.060829
3.024729 132.378897
2.868315 107.821939
3.337557 114.078488
3.181143 134.099448
2.399074 120.335038
3.493970 115.173385
2.242660 107.665525
3.181143 128.781381
2.711902 132.222483
3.337557 127.530071
3.493970 109.855317
3.024729 109.386076
3.337557 125.653106
3.024729 132.066069
3.337557 130.345518
3.024729 129.250622
3.024729 125.183864
3.181143 131.909655
3.493970 116.111867
3.493970 117.988832
