6.935073 118.458073
5.527349 133.786620
5.214521 128.781381
5.683763 109.855317
5.683763 115.955453
6.935073 116.581108
5.683763 125.809519
6.778659 118.301660
5.683763 132.378897
6.309418 116.893936
6.465831 122.994072
5.527349 132.222483
5.683763 134.412275
6.778659 121.742762
5.370935 133.473793
5.840176 130.032690
5.840176 124.401796
6.778659 122.368417
5.683763 110.950214
5.370935 133.630207
6.309418 127.686484
6.935073 124.714623
5.370935 109.386076
6.465831 121.429934
5.840176 126.278761
7.091486 118.145246
6.935073 125.027451
6.935073 127.217243
6.622245 124.871037
6.153004 123.150486
5.840176 129.563449
6.935073 120.022211
6.465831 127.530071
5.214521 133.004552
5.370935 115.799040
6.935073 117.676005
5.370935 134.255862
5.996590 130.814759
6.153004 128.937794
7.091486 117.988832
7.404314 116.111867
6.153004 129.094208
5.683763 133.943034
7.247900 119.240142
6.622245 125.496692
5.058108 132.066069
6.153004 127.373657
5.058108 132.691724
5.527349 110.480972
5.527349 110.637386
6.622245 126.904416
6.309418 121.899176
6.935073 122.681244
6.778659 122.524831
6.309418 120.647866
5.996590 121.586348
6.153004 123.306899
5.214521 108.447594
5.527349 128.312139
6.153004 131.596828
6.309418 125.965933
7.091486 116.268281
6.465831 124.088968
6.309418 127.999312
6.153004 120.178624
6.935073 124.558209
5.996590 119.552970
4.588866 131.909655
5.527349 109.229662
5.527349 125.340278
6.153004 110.011731
7.873555 120.491452
6.622245 127.842898
6.309418 122.212003
6.935073 119.083728
6.309418 131.284000
5.370935 110.168145
6.622245 126.435174
5.840176 130.345518
6.935073 117.206763
6.622245 119.865797
6.153004 121.273521
6.309418 118.614487
6.153004 122.837658
6.153004 123.776141
5.996590 125.183864
7.091486 120.335038
6.465831 119.396556
5.370935 108.760421
6.309418 128.155726
7.873555 116.737522
7.091486 117.519591
5.840176 127.060829
5.996590 131.753242
5.996590 123.619727
7.091486 118.770901
5.214521 132.848138
5.527349 110.324559
6.153004 120.804279
5.370935 108.916835
6.309418 131.440414
5.527349 109.542490
7.560728 117.832418
6.622245 126.748002
5.527349 129.407035
7.873555 126.591588
6.309418 132.535310
6.622245 121.117107
5.683763 129.719863
5.370935 134.099448
5.214521 108.604007
6.465831 120.960693
6.309418 123.932554
5.840176 130.189104
5.996590 123.463313
5.683763 128.624967
5.214521 109.073249
5.527349 128.468553
5.996590 130.501932
6.778659 130.971173
6.465831 117.050350
6.622245 124.245382
5.683763 125.653106
5.683763 109.698904
5.840176 130.658345
7.091486 117.363177
7.404314 118.927315
5.996590 126.122347
5.370935 133.160965
5.214521 133.317379
6.153004 122.055589
6.465831 131.127587
7.247900 116.424695
5.840176 129.250622
6.309418 119.709383
5.527349 129.876277
