22.263620 120.335038
27.268860 123.150486
34.933133 131.909655
27.581687 125.496692
13.035209 108.134766
37.435753 133.786620
31.335617 128.781381
31.179203 129.407035
9.906934 108.916835
27.425273 126.122347
36.810098 132.535310
28.832997 128.468553
32.899754 130.032690
10.532589 108.760421
36.340857 132.378897
22.263620 118.770901
34.307478 131.440414
27.894515 125.809519
23.202102 120.960693
26.643205 123.776141
26.330377 124.245382
25.704722 121.899176
22.889275 119.865797
26.173963 123.932554
28.832997 127.842898
34.620306 132.222483
39.156304 134.255862
24.922653 120.647866
32.117686 130.501932
32.899754 130.345518
25.391895 123.619727
17.727621 116.893936
37.904994 133.473793
35.245961 132.691724
8.968451 108.604007
25.391895 124.401796
26.330377 122.368417
22.420033 119.552970
26.173963 121.586348
23.827757 121.429934
37.748581 133.630207
27.425273 126.278761
20.543069 118.145246
24.140585 119.240142
30.084307 126.748002
29.302238 127.217243
36.497271 132.848138
26.799618 124.871037
13.191622 107.978352
23.202102 120.022211
26.486791 122.994072
28.676583 127.530071
37.904994 133.004552
10.063348 108.291180
25.235481 124.558209
34.933133 131.596828
34.307478 130.814759
37.435753 134.099448
24.453412 122.212003
23.827757 120.491452
32.117686 129.719863
26.017550 124.714623
30.709962 128.937794
21.168724 117.832418
32.274099 128.624967
32.899754 129.876277
37.592167 134.412275
34.463892 132.066069
29.302238 127.373657
21.481551 118.927315
30.240721 126.591588
25.079067 122.837658
25.391895 120.804279
33.838237 130.971173
31.648444 130.189104
37.748581 133.943034
32.274099 129.250622
33.838237 131.127587
30.709962 129.563449
27.581687 125.183864
31.335617 128.155726
34.307478 131.284000
27.581687 125.027451
26.017550 124.088968
24.140585 122.055589
32.899754 130.658345
27.894515 126.904416
26.799618 122.681244
36.653684 133.317379
30.553548 128.312139
26.330377 122.524831
27.581687 125.965933
28.676583 127.060829
26.643205 125.340278
28.520170 127.686484
23.358516 121.117107
29.771480 127.999312
33.212582 129.094208
22.732861 119.396556
21.481551 118.458073
25.704722 123.306899
21.012310 118.301660
7.873555 109.542490
23.514930 119.083728
34.307478 131.753242
28.050928 126.435174
21.481551 117.519591
23.984171 121.273521
27.268860 125.653106
21.637965 117.988832
37.748581 133.160965
22.420033 118.614487
8.499210 107.665525
9.124865 109.386076
13.035209 107.821939
25.079067 123.463313
10.532589 109.073249
23.671343 119.709383
21.168724 117.676005
23.045688 120.178624
24.140585 121.742762
9.281279 108.447594
6.622245 104.693664
