32.274099 67.154365
30.397135 56.361816
32.586927 69.969812
33.681823 78.259741
33.525409 76.069948
32.899754 92.180564
29.458652 33.056168
31.804858 63.244021
2.711902 116.581108
31.335617 62.618366
30.397135 12.722381
32.743341 70.439053
29.145825 45.100027
32.430513 68.405675
33.525409 75.913534
29.145825 38.687063
33.212582 93.431874
29.458652 44.317958
32.899754 72.003191
29.615066 26.799618
33.212582 76.852017
33.681823 77.477672
33.212582 74.192983
29.458652 41.658924
33.368996 85.611187
29.615066 47.759060
32.117686 65.433814
30.553548 57.456712
33.994651 80.293119
29.145825 43.848717
32.743341 69.656985
33.681823 88.426634
30.084307 32.430513
33.838237 80.762361
33.681823 87.175324
33.681823 79.980292
29.615066 21.794378
33.525409 92.024150
33.681823 90.772840
2.086247 16.476311
32.274099 67.310778
32.117686 66.528710
30.709962 15.225001
33.994651 88.739462
31.804858 63.400435
32.743341 72.316018
31.179203 108.134766
33.681823 79.354637
29.615066 30.553548
32.743341 73.098087
29.615066 48.071888
33.838237 76.695603
31.335617 60.428574
33.368996 74.036570
3.181143 108.916835
29.771480 51.512990
33.838237 79.511051
31.335617 60.741401
32.117686 66.059469
29.615066 41.189683
33.368996 74.349397
29.615066 41.815338
33.681823 89.677944
29.615066 20.386655
30.866376 6.622245
31.648444 62.931194
33.681823 87.644565
33.368996 84.359877
28.832997 23.671343
30.709962 108.760421
32.274099 69.031330
29.615066 50.887335
29.771480 42.597407
30.084307 35.402374
33.525409 74.818638
33.525409 90.929254
33.525409 75.600707
29.302238 39.156304
30.084307 15.537829
30.397135 110.011731
32.743341 72.785260
33.838237 91.867737
30.240721 53.546369
30.084307 6.153004
32.743341 73.254501
30.397135 11.001830
29.927893 36.810098
28.989411 28.520170
32.586927 69.344157
29.771480 38.217822
33.681823 83.264981
28.832997 25.391895
33.681823 88.113807
33.994651 81.544429
33.681823 86.862497
31.961272 64.026090
30.553548 58.708022
33.525409 78.416154
33.838237 84.516290
30.553548 9.437693
31.022789 59.177264
31.335617 63.087607
30.240721 58.395195
32.586927 70.595467
28.832997 25.861136
29.302238 44.161544
2.399074 5.527349
29.145825 46.976992
29.302238 50.261680
33.681823 94.213943
30.709962 6.309418
28.989411 46.351337
29.302238 49.166784
29.771480 34.933133
29.771480 55.110506
29.615066 52.138645
30.240721 15.694242
33.838237 83.734222
29.302238 44.005130
33.681823 87.957393
33.681823 75.287879
33.838237 77.321258
33.681823 78.728982
29.771480 33.994651
29.458652 46.194923
29.458652 41.502510
29.145825 44.943613
33.681823 87.018910
29.771480 49.792439
30.240721 13.348036
31.961272 64.182504
33.056168 71.690363
33.681823 89.208703
30.084307 11.627485
33.056168 71.533950
33.681823 90.616427
32.743341 70.282640
2.555488 117.206763
33.681823 83.890636
30.240721 53.233541
31.648444 64.651745
29.615066 34.307478
33.681823 79.667464
30.553548 56.518230
29.927893 31.492031
28.520170 28.207342
33.681823 82.952153
29.927893 52.607886
30.084307 13.504450
32.899754 73.723742
33.681823 89.052289
30.553548 12.253140
2.711902 110.950214
30.240721 53.077128
32.117686 65.903055
33.681823 77.634086
1.773419 18.040449
32.899754 71.377536
33.681823 90.460013
29.771480 37.279339
33.681823 84.047049
29.615066 31.022789
33.838237 74.975052
31.961272 64.338917
29.771480 36.966512
32.743341 72.628846
30.553548 59.959332
33.681823 80.136706
33.681823 85.454773
30.397135 11.158244
29.458652 37.435753
30.397135 7.873555
33.368996 78.885396
32.743341 73.410915
29.615066 48.541129
33.838237 83.421394
29.615066 30.084307
33.681823 76.226362
33.994651 82.639326
33.838237 81.075188
32.117686 64.808159
29.302238 46.664164
33.838237 83.108567
33.681823 86.236842
33.681823 86.706083
33.368996 95.621666
29.458652 48.697543
32.899754 73.880156
29.927893 34.151064
33.368996 91.398495
29.771480 112.514351
29.615066 51.825818
29.458652 30.866376
29.615066 49.948853
32.430513 67.623606
32.743341 71.846777
1.773419 7.560728
33.681823 85.141945
29.615066 15.850656
30.866376 58.082367
2.555488 110.637386
33.838237 82.795739
30.240721 54.172024
33.681823 78.572568
33.525409 86.393255
29.145825 46.038509
30.709962 14.912174
31.804858 63.556849
30.084307 10.845416
33.681823 89.365117
29.302238 24.453412
29.771480 42.128165
33.838237 88.583048
29.458652 23.202102
29.615066 30.709962
32.743341 70.751881
32.430513 67.467192
29.771480 21.637965
29.615066 47.915474
30.240721 13.973691
31.335617 60.115746
30.240721 53.389955
33.368996 74.505811
29.458652 29.771480
29.615066 41.971752
33.681823 85.924014
29.771480 20.543069
33.838237 82.013671
30.553548 56.674644
33.681823 87.488152
33.525409 92.336978
29.615066 43.223062
30.240721 55.423334
33.681823 91.085668
2.399074 112.983592
31.648444 63.713262
33.681823 75.444293
29.302238 48.384715
30.553548 7.247900
29.145825 19.448172
32.586927 69.500571
30.084307 35.871616
29.615066 24.296998
29.145825 29.145825
30.397135 10.376175
33.994651 80.605947
31.179203 61.054229
31.804858 64.964572
31.648444 61.679884
33.681823 89.990772
29.145825 45.725682
30.397135 9.281279
29.615066 43.535889
31.022789 59.333677
2.399074 114.704143
33.681823 88.270220
2.555488 22.889275
1.929833 17.571207
29.458652 39.469132
31.179203 59.802919
32.430513 69.187743
2.399074 2.555488
30.866376 4.588866
33.681823 83.577808
33.368996 84.985532
29.302238 44.630785
30.709962 58.238781
29.927893 33.212582
30.397135 54.328438
30.397135 59.646505
29.458652 50.418094
2.399074 115.173385
29.302238 26.173963
32.899754 70.126226
29.458652 44.474372
1.929833 5.840176
33.681823 85.767600
2.399074 8.968451
29.927893 35.245961
29.771480 31.335617
33.994651 82.170084
32.430513 68.092847
30.553548 12.096726
33.681823 77.946913
29.302238 43.379475
29.302238 41.346097
29.302238 44.787199
33.838237 89.521530
2.242660 22.732861
28.989411 28.989411
29.302238 20.230241
1.773419 2.242660
31.492031 61.836297
3.024729 111.263041
28.832997 28.050928
2.242660 117.050350
33.994651 81.857257
30.866376 5.058108
2.555488 116.737522
29.145825 49.323198
30.084307 52.920714
2.399074 18.978931
28.832997 28.676583
31.335617 61.210642
33.838237 80.918774
29.458652 50.574508
29.771480 42.284579
31.335617 60.897815
29.771480 37.748581
29.458652 33.838237
2.555488 112.827178
28.520170 25.079067
2.555488 10.219761
33.368996 84.672704
30.553548 14.599346
29.302238 39.625545
30.084307 35.089547
33.525409 79.041809
3.181143 107.352697
33.838237 81.231602
32.586927 69.813398
29.615066 33.368996
2.711902 117.676005
30.397135 57.769540
29.145825 25.235481
29.458652 24.140585
29.615066 42.753820
33.368996 84.203463
33.681823 91.711323
31.335617 61.367056
29.302238 30.240721
29.615066 48.228302
2.242660 19.291759
29.615066 39.781959
33.525409 79.198223
33.994651 89.834358
29.771480 36.653684
33.838237 87.800979
29.458652 48.853956
29.302238 27.268860
32.117686 68.562088
30.397135 54.641265
33.368996 75.757121
29.302238 39.312718
31.179203 6.778659
29.927893 21.481551
30.397135 109.229662
2.711902 115.016971
30.084307 32.899754
29.302238 47.602647
30.084307 14.755760
29.302238 49.010370
29.771480 18.666104
33.681823 79.823878
29.145825 45.256440
31.179203 60.584987
33.368996 85.298359
31.022789 6.465831
30.397135 9.906934
30.866376 109.386076
29.145825 46.820578
3.337557 107.509111
33.838237 82.482912
2.711902 111.106627
29.615066 41.033269
29.927893 10.532589
29.145825 46.507750
33.838237 77.164844
30.397135 54.015610
33.994651 82.326498
2.555488 117.832418
29.927893 35.558788
29.302238 25.704722
30.709962 13.035209
29.615066 114.391316
1.929833 2.086247
2.868315 111.575868
30.397135 9.124865
29.771480 37.592167
31.022789 59.490091
2.242660 22.576447
29.458652 26.956032
32.586927 70.908295
2.242660 23.045688
29.615066 114.234902
30.084307 56.831058
30.084307 31.961272
30.866376 107.196284
30.866376 3.181143
30.709962 12.878795
30.240721 13.660864
31.961272 64.495331
30.240721 55.892575
32.586927 73.567328
2.868315 117.519591
30.553548 58.864436
33.838237 76.382776
30.240721 57.613126
31.022789 108.291180
30.397135 55.736161
29.615066 20.073827
2.868315 114.860557
32.274099 66.215882
30.866376 59.020850
31.804858 63.869676
29.458652 37.122926
2.868315 116.268281
33.838237 76.539189
29.458652 40.094787
31.648444 61.523470
29.458652 40.564028
29.771480 49.636025
29.458652 51.043749
2.711902 111.888696
33.994651 80.449533
30.397135 11.314658
29.458652 42.440993
32.430513 66.685123
29.145825 43.066648
29.302238 51.200163
29.927893 18.353276
33.525409 86.549669
31.179203 108.447594
33.056168 90.147185
30.553548 57.300299
33.838237 77.008431
28.989411 29.615066
30.397135 56.987471
29.771480 13.817277
29.771480 19.917414
29.927893 35.715202
29.615066 31.179203
33.681823 75.131466
32.274099 68.874916
29.927893 15.068587
30.084307 32.743341
30.866376 61.992711
33.368996 90.303599
29.302238 26.330377
3.024729 111.419455
33.056168 92.493392
29.771480 51.356576
32.430513 68.718502
30.084307 33.525409
2.555488 112.045110
33.681823 77.790499
32.117686 66.372296
31.335617 4.901694
33.681823 78.103327
29.458652 38.843477
29.145825 45.412854
29.615066 50.730921
32.899754 71.221122
32.274099 67.936433
31.179203 3.650384
29.615066 31.804858
31.179203 107.821939
31.804858 65.590227
29.302238 29.458652
30.709962 57.143885
32.117686 66.841537
29.458652 37.904994
29.302238 47.289819
29.927893 54.797679
30.709962 10.063348
30.553548 56.205403
2.711902 115.642626
29.458652 40.251200
33.838237 88.895875
30.084307 55.266920
29.927893 36.340857
31.492031 62.149125
29.458652 42.910234
32.117686 65.120986
29.145825 27.894515
33.681823 86.080428
33.681823 84.829118
2.242660 112.670765
29.771480 36.497271
29.458652 23.827757
29.302238 21.950792
33.994651 81.700843
29.615066 39.938373
32.117686 65.746641
29.302238 29.302238
29.458652 40.407614
29.771480 21.325137
30.084307 33.681823
32.743341 72.159605
30.240721 54.484851
32.586927 72.941673
30.240721 54.954093
29.927893 32.117686
29.771480 16.163484
30.553548 109.542490
31.179203 62.774780
33.681823 87.331738
30.553548 12.565967
31.961272 66.997951
29.458652 26.643205
30.709962 12.409554
2.555488 8.342796
32.430513 72.472432
29.458652 19.761000
31.648444 65.277400
30.397135 14.130105
30.866376 108.604007
29.458652 38.530649
30.709962 5.996590
33.525409 93.275460
31.179203 62.305539
32.743341 71.064708
33.056168 74.662225
2.242660 117.988832
31.335617 62.461952
29.927893 52.764300
33.994651 81.388016
28.989411 28.832997
30.240721 8.499210
29.771480 34.776719
30.084307 11.940313
2.399074 5.370935
2.086247 8.812038
30.553548 13.191622
29.458652 26.486791
1.929833 4.119625
29.615066 51.669404
29.458652 30.397135
32.274099 67.780020
3.493970 106.414215
28.989411 40.720442
30.709962 109.698904
2.399074 115.486212
30.084307 32.586927
29.458652 52.451473
29.145825 27.425273
30.397135 10.689003
29.145825 29.927893
29.615066 27.112446
30.084307 36.028029
30.709962 7.091486
2.555488 9.594106
30.553548 14.442932
30.240721 53.859196
30.397135 11.783899
30.084307 36.184443
30.240721 53.702783
29.771480 32.274099
29.145825 45.882095
29.615066 38.061408
1.773419 22.420033
29.145825 38.374236
32.430513 68.249261
30.397135 110.168145
29.302238 40.876855
29.771480 18.822517
28.832997 28.363756
30.553548 15.381415
2.555488 8.655624
30.709962 58.551609
29.302238 26.017550
2.711902 113.922075
30.397135 14.286519
2.086247 117.363177
29.458652 47.446233
29.458652 43.692303
2.711902 110.324559
2.399074 115.799040
28.989411 24.766240
29.771480 51.982231
28.989411 27.738101
30.084307 18.196862
2.711902 110.793800
29.615066 50.105266
30.553548 57.925954
29.458652 20.699482
2.555488 19.135345
2.399074 118.614487
29.145825 19.604586
30.397135 11.471071
29.302238 52.295059
29.302238 114.547730
2.242660 113.296420
2.868315 38.999891
30.084307 56.048989
29.458652 20.855896
31.179203 107.978352
2.399074 116.893936
31.179203 3.493970
29.302238 47.133405
29.927893 34.620306
29.615066 16.945552
2.242660 2.399074
30.709962 109.855317
28.832997 24.922653
31.492031 60.272160
29.458652 49.479611
28.989411 45.569268
2.555488 112.201523
2.399074 111.732282
2.555488 118.145246
30.709962 3.337557
29.615066 21.168724
29.927893 17.727621
29.771480 31.648444
29.927893 114.078488
2.242660 4.276039
29.615066 112.357937
2.242660 116.424695
29.615066 34.463892
2.086247 16.007070
30.553548 8.029969
2.086247 4.432453
29.927893 55.579748
30.866376 6.935073
30.866376 3.806798
30.866376 2.711902
2.711902 110.480972
1.617005 1.617005
30.866376 5.214521
29.145825 27.581687
29.615066 16.319897
2.399074 9.750520
30.866376 3.024729
2.399074 3.963211
2.555488 115.329798
29.771480 23.984171
2.555488 118.458073
31.022789 4.745280
29.302238 25.548308
2.242660 17.101966
2.711902 116.111867
2.555488 115.955453
28.676583 22.107206
30.397135 7.717141
1.929833 1.929833
29.927893 18.509690
29.302238 21.012310
2.242660 118.301660
2.086247 16.632725
28.676583 24.609826
1.617005 22.263620
2.086247 2.868315
29.145825 23.514930
1.773419 5.683763
29.145825 23.358516
2.555488 8.186383
1.773419 7.404314
1.773419 17.414794
2.086247 16.789139
29.302238 17.884035
1.617005 17.258380
