14.599346 39.938373
14.130105 39.781959
14.442932 41.502510
14.599346 15.694242
14.442932 44.474372
30.240721 3.337557
12.565967 7.247900
14.286519 27.425273
14.755760 30.397135
13.973691 81.388016
14.130105 16.163484
13.660864 83.108567
13.817277 80.762361
13.973691 54.797679
14.286519 65.903055
13.817277 54.172024
14.599346 50.574508
14.286519 36.184443
13.348036 75.600707
14.130105 63.244021
14.755760 38.374236
13.973691 81.700843
13.817277 78.572568
14.286519 61.523470
14.912174 35.715202
19.917414 5.840176
14.286519 51.982231
14.130105 71.221122
14.286519 53.389955
14.755760 55.736161
15.068587 23.202102
14.442932 24.609826
14.599346 40.876855
13.973691 66.215882
13.035209 54.484851
14.286519 29.771480
14.442932 51.356576
14.286519 54.328438
12.722381 6.935073
14.286519 24.140585
14.912174 21.012310
14.130105 69.813398
14.442932 11.471071
13.817277 66.059469
14.286519 13.504450
14.442932 21.794378
13.817277 88.426634
14.130105 62.461952
14.755760 16.632725
14.442932 27.738101
14.442932 40.564028
13.660864 80.918774
14.599346 19.604586
13.973691 73.567328
14.442932 51.512990
14.599346 24.296998
14.130105 24.766240
14.286519 29.458652
14.912174 26.330377
14.130105 64.964572
14.599346 53.702783
14.599346 6.309418
14.442932 49.479611
14.286519 35.245961
13.660864 87.175324
13.817277 75.913534
14.286519 57.613126
14.912174 22.732861
14.599346 35.558788
14.912174 15.537829
14.442932 26.643205
14.442932 37.748581
14.130105 63.400435
14.755760 17.571207
14.286519 56.205403
14.442932 58.395195
13.660864 84.359877
13.817277 83.577808
14.286519 57.769540
14.599346 11.940313
13.973691 72.316018
14.286519 12.409554
21.325137 5.683763
14.599346 11.783899
14.286519 50.887335
14.130105 64.495331
14.442932 52.451473
14.755760 14.130105
14.130105 28.207342
14.442932 10.376175
14.130105 48.853956
14.286519 34.620306
14.442932 50.418094
14.130105 43.223062
14.442932 43.066648
25.079067 5.058108
14.442932 42.284579
14.599346 22.107206
14.755760 12.565967
14.599346 26.017550
14.286519 63.087607
14.286519 16.476311
14.755760 30.553548
14.755760 21.637965
14.130105 69.187743
14.755760 25.548308
14.755760 22.420033
14.286519 11.158244
13.817277 87.488152
14.442932 61.679884
14.286519 35.089547
13.817277 81.857257
14.755760 33.525409
13.817277 82.326498
14.442932 33.368996
14.755760 18.822517
13.348036 49.323198
14.130105 8.968451
14.599346 13.660864
14.599346 23.984171
14.599346 14.442932
14.130105 64.651745
14.442932 52.920714
14.599346 29.927893
14.442932 55.110506
38.999891 1.929833
14.599346 33.056168
14.755760 42.753820
38.843477 1.773419
14.442932 35.402374
13.660864 72.159605
14.599346 36.966512
14.286519 37.435753
14.286519 16.789139
13.973691 67.154365
14.130105 70.126226
14.442932 51.825818
14.286519 28.832997
14.912174 14.599346
13.973691 9.437693
12.253140 7.091486
14.442932 50.261680
14.286519 24.453412
14.599346 13.973691
14.286519 60.741401
14.442932 45.882095
14.286519 34.151064
13.817277 82.952153
14.755760 23.514930
14.599346 19.917414
13.973691 70.908295
14.442932 52.607886
14.286519 46.664164
15.068587 18.353276
13.973691 88.895875
13.817277 85.141945
14.130105 58.551609
13.191622 26.799618
13.817277 79.511051
14.130105 51.200163
13.973691 28.989411
14.755760 38.687063
13.817277 75.757121
13.973691 49.010370
14.130105 39.469132
14.442932 60.897815
14.599346 15.068587
14.442932 45.569268
14.599346 29.145825
14.755760 14.912174
14.286519 60.115746
14.442932 34.307478
14.599346 38.061408
13.817277 69.969812
14.286519 44.161544
14.130105 74.975052
14.442932 26.173963
13.660864 87.800979
14.599346 42.440993
13.348036 41.815338
14.286519 52.138645
14.599346 36.810098
14.130105 56.674644
14.286519 9.750520
13.973691 76.852017
14.755760 18.978931
14.755760 15.225001
14.286519 10.845416
14.442932 39.625545
13.504450 69.500571
14.442932 59.177264
14.286519 59.646505
14.130105 27.268860
14.755760 15.381415
14.286519 31.648444
13.504450 8.655624
14.286519 59.959332
13.191622 7.873555
14.755760 31.961272
14.442932 48.228302
14.599346 40.094787
14.755760 20.073827
14.755760 10.219761
14.286519 34.776719
12.565967 6.778659
14.130105 54.954093
14.130105 49.166784
14.442932 34.933133
13.191622 83.734222
14.599346 37.122926
14.755760 19.448172
14.130105 78.103327
14.599346 47.446233
14.599346 18.509690
14.442932 31.335617
14.442932 31.179203
14.442932 62.305539
14.130105 65.590227
13.973691 80.136706
14.130105 9.124865
30.397135 3.806798
12.253140 7.717141
14.442932 34.463892
14.286519 28.363756
14.442932 13.035209
14.286519 31.492031
15.068587 26.486791
13.817277 84.985532
14.599346 28.520170
14.130105 65.746641
14.442932 10.063348
14.442932 9.281279
14.599346 28.050928
14.599346 13.817277
13.973691 72.472432
14.442932 24.922653
14.286519 45.100027
14.286519 11.001830
14.286519 70.282640
14.442932 40.720442
14.599346 22.263620
14.130105 52.764300
14.442932 32.743341
14.442932 32.586927
14.599346 20.855896
14.599346 20.230241
14.442932 49.948853
14.442932 9.594106
14.755760 32.117686
14.442932 45.725682
13.817277 82.639326
14.286519 46.194923
14.442932 36.653684
14.130105 56.831058
14.286519 9.906934
25.704722 4.745280
14.442932 19.135345
14.755760 20.699482
13.191622 8.499210
13.191622 68.718502
14.286519 54.015610
14.442932 43.535889
14.442932 27.112446
14.755760 17.727621
14.286519 51.669404
14.755760 23.671343
14.912174 32.430513
14.755760 25.861136
14.442932 49.636025
13.660864 63.713262
14.599346 37.904994
13.504450 81.544429
13.817277 77.164844
14.599346 32.899754
14.755760 18.196862
14.599346 47.915474
14.286519 10.689003
13.348036 86.393255
14.130105 60.584987
15.068587 16.945552
14.442932 53.233541
13.973691 68.405675
14.442932 42.597407
14.755760 32.274099
14.912174 22.889275
25.861136 4.432453
13.973691 66.685123
14.599346 14.286519
14.442932 51.043749
33.838237 3.181143
38.843477 2.242660
14.599346 12.878795
14.286519 69.656985
15.225001 17.101966
13.973691 49.792439
14.755760 17.258380
14.442932 46.038509
14.599346 25.704722
14.130105 73.098087
13.973691 46.351337
14.286519 20.543069
14.599346 48.541129
14.130105 75.131466
19.135345 5.996590
14.286519 44.317958
14.130105 67.936433
14.442932 55.892575
13.973691 55.266920
13.817277 59.802919
14.286519 33.994651
13.973691 67.310778
13.817277 63.556849
14.442932 47.133405
14.599346 37.592167
13.973691 70.439053
15.068587 17.884035
14.442932 29.615066
14.912174 23.827757
14.755760 23.045688
12.565967 83.890636
14.442932 26.956032
13.817277 57.925954
14.442932 57.143885
14.442932 50.730921
14.442932 36.497271
13.660864 66.997951
14.130105 67.467192
14.130105 61.836297
14.286519 59.490091
13.973691 78.259741
14.599346 29.302238
14.442932 33.681823
14.286519 64.182504
14.599346 30.084307
12.722381 7.560728
14.442932 38.843477
14.286519 41.033269
14.286519 79.041809
14.442932 33.212582
13.817277 77.321258
13.973691 73.723742
14.130105 75.444293
12.878795 83.421394
14.442932 57.456712
14.912174 13.191622
38.217822 2.399074
14.442932 25.235481
14.755760 19.761000
14.442932 36.340857
14.442932 6.465831
14.130105 68.874916
14.599346 12.722381
13.973691 79.980292
14.442932 45.256440
38.843477 2.086247
24.609826 4.901694
21.950792 5.370935
13.973691 63.869676
14.286519 58.238781
13.348036 58.708022
13.973691 67.780020
14.130105 78.885396
14.442932 53.077128
13.660864 84.672704
14.755760 42.910234
14.599346 21.168724
14.755760 43.379475
14.755760 11.627485
14.442932 19.291759
14.286519 52.295059
13.817277 86.706083
13.973691 79.198223
13.817277 78.416154
13.973691 71.064708
13.504450 8.029969
13.660864 72.628846
14.130105 70.595467
14.442932 30.709962
14.599346 46.976992
14.442932 47.602647
13.817277 76.695603
37.122926 2.711902
14.286519 12.253140
15.068587 12.096726
13.348036 71.846777
14.286519 25.079067
14.130105 73.410915
14.755760 10.532589
14.286519 47.759060
13.817277 70.751881
25.391895 4.119625
14.599346 48.697543
14.442932 30.866376
14.755760 21.325137
14.442932 31.022789
14.442932 13.348036
13.973691 53.546369
14.442932 21.950792
15.225001 18.040449
13.660864 76.539189
13.973691 44.630785
14.442932 44.005130
14.755760 20.386655
14.442932 48.384715
14.130105 71.690363
37.435753 2.555488
14.286519 33.838237
14.442932 16.319897
14.599346 46.820578
14.599346 18.666104
14.130105 68.562088
13.660864 77.477672
13.973691 79.823878
14.442932 66.528710
13.660864 82.170084
14.286519 56.361816
13.817277 69.031330
12.409554 6.622245
14.286519 41.658924
14.130105 45.412854
14.755760 35.871616
14.286519 62.774780
14.599346 23.358516
13.348036 80.605947
14.599346 38.530649
30.553548 3.650384
13.660864 8.812038
14.755760 38.217822
12.565967 7.404314
13.973691 62.618366
14.130105 57.300299
13.973691 81.075188
14.130105 44.943613
14.286519 64.808159
13.348036 68.092847
13.817277 86.549669
13.660864 85.454773
13.660864 74.192983
13.973691 77.946913
13.817277 86.236842
14.912174 15.850656
14.912174 22.576447
13.973691 68.249261
13.973691 62.931194
13.973691 87.331738
13.817277 74.662225
13.348036 76.382776
13.973691 11.314658
14.442932 56.518230
2.399074 89.521530
25.548308 4.588866
14.599346 30.240721
13.504450 85.298359
25.391895 4.276039
13.973691 65.277400
13.817277 87.018910
14.286519 50.105266
14.130105 58.864436
14.442932 55.423334
14.599346 31.804858
13.973691 85.924014
13.973691 40.251200
15.068587 17.414794
13.191622 59.020850
14.442932 44.787199
13.504450 8.342796
13.817277 82.795739
33.994651 3.024729
13.191622 69.344157
14.442932 58.082367
13.817277 78.728982
13.817277 66.372296
13.973691 71.533950
14.442932 48.071888
14.286519 21.481551
14.755760 14.755760
14.599346 27.581687
14.442932 16.007070
14.599346 41.346097
14.286519 61.367056
14.130105 74.818638
13.973691 37.279339
21.325137 5.527349
13.660864 82.482912
14.442932 39.156304
14.130105 53.859196
14.286519 25.391895
13.348036 74.505811
13.504450 89.208703
13.504450 86.080428
14.130105 27.894515
13.348036 84.516290
30.709962 3.493970
14.286519 54.641265
13.660864 89.052289
13.504450 65.433814
13.660864 75.287879
13.191622 89.365117
14.755760 28.676583
13.817277 88.270220
2.242660 89.834358
14.130105 41.971752
13.973691 73.254501
14.286519 62.149125
13.973691 83.264981
13.504450 85.611187
23.671343 5.214521
14.442932 47.289819
13.504450 8.186383
36.810098 2.868315
13.817277 72.003191
14.130105 60.272160
13.504450 82.013671
13.973691 79.667464
14.755760 36.028029
14.442932 61.054229
13.817277 85.767600
14.130105 67.623606
14.130105 74.036570
14.130105 46.507750
13.660864 88.113807
13.973691 73.880156
14.130105 39.312718
13.191622 88.583048
14.442932 55.579748
14.130105 61.992711
2.868315 6.153004
13.817277 77.634086
14.130105 43.692303
14.130105 65.120986
2.555488 89.677944
14.286519 42.128165
14.599346 43.848717
14.130105 64.026090
14.286519 66.841537
13.660864 80.449533
14.442932 56.987471
13.817277 81.231602
13.817277 71.377536
13.035209 90.147185
13.973691 40.407614
14.442932 38.999891
13.035209 84.203463
13.504450 41.189683
13.035209 64.338917
13.973691 79.354637
13.660864 87.644565
13.973691 80.293119
2.711902 3.963211
13.348036 84.047049
14.286519 60.428574
13.973691 72.941673
14.130105 59.333677
13.973691 77.790499
13.660864 77.008431
13.348036 84.829118
14.442932 56.048989
14.286519 61.210642
13.504450 86.862497
12.878795 89.990772
13.973691 76.069948
1.617005 90.303599
12.878795 76.226362
13.817277 72.785260
13.817277 74.349397
13.973691 88.739462
13.817277 87.957393
