35.402374 129.094208
18.040449 47.915474
38.843477 89.052289
18.196862 51.669404
18.666104 75.444293
27.894515 124.558209
18.040449 85.141945
38.217822 96.403735
17.101966 10.219761
38.530649 94.683184
17.727621 61.992711
17.727621 11.627485
18.196862 70.126226
18.196862 50.261680
18.353276 78.728982
17.414794 9.124865
22.889275 121.899176
17.571207 39.625545
17.414794 70.751881
18.196862 56.674644
28.832997 125.027451
18.040449 86.080428
18.040449 63.400435
18.353276 72.941673
18.196862 61.836297
17.571207 38.374236
17.884035 80.449533
40.251200 132.222483
17.884035 85.454773
4.588866 110.793800
18.509690 118.927315
18.040449 1.617005
18.196862 22.107206
18.196862 78.885396
18.509690 70.595467
38.687063 93.119047
17.884035 3.963211
18.040449 75.757121
38.843477 131.440414
18.196862 73.567328
18.040449 51.825818
6.153004 108.291180
18.353276 67.467192
38.687063 131.596828
38.843477 95.152425
3.337557 87.800979
18.353276 36.497271
16.945552 24.922653
24.140585 122.212003
17.571207 14.912174
18.196862 62.931194
18.196862 47.289819
18.040449 47.602647
18.666104 76.382776
38.374236 95.621666
18.666104 57.143885
17.571207 35.402374
18.353276 52.764300
18.196862 16.319897
17.727621 24.453412
17.571207 31.022789
18.509690 76.852017
18.196862 34.620306
18.666104 80.762361
16.632725 32.586927
18.509690 40.720442
18.196862 33.994651
17.727621 8.812038
18.040449 79.980292
18.040449 18.509690
17.727621 72.472432
18.040449 36.028029
18.353276 27.894515
17.414794 60.584987
18.353276 78.259741
18.196862 84.359877
17.101966 29.927893
29.145825 125.340278
17.571207 36.810098
17.101966 17.727621
18.509690 50.418094
6.309418 108.760421
18.353276 67.780020
17.727621 42.753820
18.353276 57.769540
17.258380 21.794378
18.196862 16.632725
2.555488 108.916835
18.040449 118.614487
34.776719 128.624967
17.258380 10.845416
18.196862 37.435753
18.196862 15.225001
18.353276 66.841537
17.571207 30.709962
18.353276 57.300299
35.715202 129.563449
17.727621 10.063348
17.884035 83.264981
18.040449 13.348036
17.727621 43.066648
39.625545 92.336978
16.945552 41.815338
18.509690 72.785260
39.625545 91.554909
18.509690 68.405675
17.414794 60.897815
38.374236 95.778080
37.748581 130.501932
18.196862 64.808159
18.196862 39.469132
17.101966 7.560728
18.196862 64.026090
18.040449 2.555488
18.040449 5.996590
18.353276 66.215882
31.335617 127.060829
18.353276 44.630785
39.625545 91.085668
6.153004 108.447594
18.040449 42.910234
17.258380 29.615066
18.353276 80.605947
17.414794 22.263620
17.571207 39.938373
17.884035 2.868315
17.727621 12.253140
17.884035 75.913534
18.353276 78.572568
17.258380 82.952153
18.040449 52.451473
17.884035 85.298359
38.687063 131.284000
38.530649 94.839598
17.727621 67.936433
18.353276 76.695603
21.325137 86.706083
29.927893 125.809519
17.884035 41.502510
17.884035 85.924014
17.571207 118.458073
18.353276 68.874916
17.727621 39.781959
18.666104 59.020850
18.353276 76.226362
18.353276 45.725682
17.727621 3.493970
18.353276 82.013671
18.822517 81.388016
18.040449 12.878795
18.196862 27.112446
17.571207 44.943613
18.040449 66.372296
34.933133 128.781381
17.727621 84.203463
18.040449 40.251200
18.509690 74.818638
18.040449 63.244021
18.196862 24.140585
23.358516 122.055589
14.599346 116.581108
17.884035 19.448172
18.353276 79.041809
17.727621 83.421394
18.353276 42.597407
18.353276 54.641265
18.666104 69.500571
32.899754 127.842898
17.727621 13.973691
30.084307 126.122347
18.040449 20.855896
19.291759 119.552970
17.727621 43.848717
18.196862 35.715202
38.530649 130.971173
18.196862 18.822517
19.604586 86.393255
18.509690 79.198223
18.040449 79.823878
17.727621 48.071888
18.509690 77.164844
18.509690 69.656985
17.571207 51.043749
39.625545 91.398495
17.727621 46.038509
17.571207 74.505811
39.312718 92.493392
18.353276 75.131466
3.181143 97.029390
38.687063 95.465253
12.878795 115.486212
18.353276 69.031330
25.079067 87.175324
18.353276 47.446233
33.994651 128.468553
18.353276 25.861136
4.432453 109.542490
17.571207 32.430513
17.727621 4.276039
18.353276 81.857257
17.884035 84.516290
38.687063 94.213943
17.884035 48.853956
18.196862 59.959332
36.340857 129.876277
17.571207 27.268860
17.884035 21.481551
14.599346 116.424695
18.196862 71.221122
39.938373 132.066069
18.040449 64.182504
18.196862 67.154365
18.509690 68.562088
19.135345 86.549669
17.884035 16.476311
18.666104 79.511051
17.258380 117.988832
35.402374 128.937794
18.509690 57.613126
18.509690 49.323198
17.571207 30.866376
7.404314 112.357937
17.258380 62.461952
31.022789 126.591588
18.196862 15.381415
17.884035 35.245961
19.604586 119.709383
16.945552 38.999891
18.978931 81.231602
18.196862 25.391895
18.509690 59.333677
17.727621 9.281279
18.509690 58.082367
17.884035 53.233541
17.884035 10.689003
18.196862 63.087607
17.571207 42.440993
39.625545 90.616427
2.242660 107.821939
17.258380 9.906934
29.302238 125.496692
18.353276 59.490091
18.509690 71.846777
18.509690 51.982231
18.353276 57.925954
28.363756 124.871037
18.353276 30.397135
17.884035 28.363756
18.040449 79.354637
16.945552 11.314658
39.469132 89.834358
18.196862 33.525409
21.637965 120.960693
18.040449 7.404314
18.353276 18.666104
18.353276 58.864436
34.307478 128.312139
38.999891 89.208703
7.247900 112.045110
37.435753 96.560149
18.040449 2.242660
18.353276 63.556849
17.571207 53.546369
18.822517 77.790499
17.414794 43.379475
18.196862 44.005130
17.571207 36.184443
18.509690 78.416154
21.637965 120.804279
17.884035 56.205403
18.353276 28.676583
39.625545 90.303599
18.353276 66.685123
18.353276 72.159605
18.196862 69.187743
18.509690 71.533950
18.196862 54.172024
18.353276 26.173963
18.196862 62.618366
17.571207 41.033269
18.353276 61.367056
18.509690 68.249261
18.353276 43.692303
18.040449 39.312718
18.666104 77.634086
18.040449 19.604586
17.884035 11.471071
18.509690 71.690363
18.040449 13.504450
38.530649 94.370356
17.258380 46.507750
18.040449 3.337557
39.312718 89.990772
18.353276 45.412854
18.040449 37.279339
39.625545 91.867737
17.414794 26.330377
18.040449 25.235481
39.469132 131.909655
18.353276 48.697543
18.509690 73.254501
18.196862 8.029969
17.884035 83.734222
38.843477 93.275460
18.196862 52.295059
17.414794 44.161544
18.353276 59.802919
13.973691 116.111867
17.884035 38.217822
18.196862 61.210642
24.922653 122.837658
18.040449 8.655624
17.258380 18.040449
18.040449 11.940313
38.530649 92.962633
17.727621 75.600707
16.163484 117.519591
17.571207 118.145246
39.625545 90.460013
18.040449 84.672704
18.353276 52.607886
32.586927 127.530071
13.504450 115.799040
18.353276 23.984171
17.414794 60.115746
18.040449 37.122926
38.374236 93.588288
18.509690 82.326498
14.442932 116.268281
18.040449 6.153004
26.956032 124.401796
18.353276 69.813398
35.245961 129.250622
18.353276 58.238781
18.353276 49.636025
2.868315 8.968451
18.196862 16.789139
3.493970 88.739462
39.625545 90.147185
37.592167 130.345518
18.196862 22.576447
12.722381 115.329798
17.101966 32.274099
18.353276 64.651745
39.625545 90.772840
17.414794 19.291759
17.414794 15.850656
18.040449 2.399074
17.101966 22.889275
17.884035 6.778659
18.040449 49.948853
18.353276 31.804858
19.448172 86.236842
26.643205 124.088968
6.935073 111.888696
18.509690 67.623606
18.040449 17.571207
18.353276 23.671343
18.040449 65.120986
18.040449 25.079067
18.353276 56.831058
18.196862 71.064708
17.727621 65.746641
18.196862 34.151064
39.469132 89.521530
37.122926 130.032690
18.040449 65.433814
18.509690 80.918774
17.727621 50.730921
18.509690 77.321258
17.727621 63.869676
18.196862 53.859196
17.414794 39.156304
18.196862 14.130105
26.017550 123.463313
18.040449 12.096726
17.727621 40.564028
18.353276 44.474372
17.727621 46.664164
38.374236 95.934494
31.492031 126.904416
18.353276 81.700843
17.258380 57.456712
20.699482 120.178624
17.101966 15.068587
17.884035 16.945552
18.822517 73.723742
18.040449 20.699482
17.101966 15.694242
2.399074 111.106627
39.469132 131.753242
18.040449 56.048989
18.509690 74.036570
18.353276 69.344157
18.509690 79.667464
17.571207 118.301660
18.353276 45.569268
40.564028 132.535310
17.571207 30.084307
23.358516 86.862497
2.711902 96.716563
23.671343 87.018910
18.353276 33.681823
17.414794 65.277400
17.727621 24.609826
25.704722 123.306899
18.196862 23.514930
18.196862 55.579748
17.258380 40.876855
18.040449 84.985532
18.666104 77.946913
38.374236 93.901115
18.196862 49.479611
18.353276 61.523470
6.309418 111.419455
18.040449 13.035209
18.196862 20.073827
18.040449 51.512990
8.499210 112.670765
17.727621 54.484851
18.509690 55.266920
38.217822 94.057529
3.963211 110.168145
18.353276 52.920714
18.040449 61.054229
17.727621 34.933133
18.666104 81.075188
16.945552 21.637965
17.884035 20.230241
22.889275 121.586348
18.509690 66.997951
18.353276 46.820578
18.353276 67.310778
38.687063 91.242082
36.340857 129.719863
18.509690 78.103327
17.414794 31.335617
17.571207 7.873555
18.040449 83.577808
17.884035 1.773419
18.040449 11.158244
18.040449 84.047049
18.353276 50.574508
29.458652 125.653106
31.335617 126.748002
4.432453 83.108567
18.353276 28.989411
2.711902 5.214521
12.253140 115.016971
13.035209 115.642626
18.196862 60.741401
18.353276 24.296998
18.509690 54.328438
17.571207 9.594106
5.840176 111.263041
30.866376 126.435174
37.592167 130.814759
18.509690 73.410915
16.945552 34.463892
18.509690 73.880156
17.571207 42.284579
18.353276 74.349397
18.196862 33.056168
16.163484 117.363177
34.620306 88.583048
22.263620 121.117107
18.196862 48.384715
18.040449 20.386655
18.509690 80.136706
18.196862 64.338917
18.040449 85.767600
18.196862 25.704722
3.181143 87.488152
17.101966 5.527349
18.509690 72.628846
15.068587 117.050350
21.168724 120.647866
18.040449 19.761000
35.402374 129.407035
18.196862 47.133405
18.509690 49.166784
18.353276 58.551609
17.727621 10.532589
17.884035 8.499210
2.868315 97.811459
39.312718 90.929254
18.196862 17.258380
39.625545 89.677944
18.353276 65.590227
18.509690 68.092847
3.337557 97.342218
27.894515 124.714623
4.432453 109.698904
32.899754 127.686484
17.884035 28.520170
18.196862 6.935073
18.509690 82.482912
8.186383 113.140006
3.337557 88.113807
18.196862 8.342796
31.648444 127.217243
17.571207 40.407614
17.414794 9.750520
29.771480 125.965933
17.884035 29.302238
17.571207 41.658924
15.068587 116.737522
24.296998 122.524831
18.040449 37.592167
20.543069 120.022211
17.727621 44.787199
18.353276 55.423334
18.822517 82.795739
18.353276 70.908295
38.530649 93.744701
17.571207 65.903055
16.945552 38.687063
18.509690 56.987471
18.040449 18.353276
17.884035 20.543069
38.843477 92.806219
18.196862 48.228302
13.191622 115.955453
17.884035 12.565967
24.766240 122.681244
17.884035 3.806798
18.040449 59.646505
18.196862 64.964572
16.945552 5.840176
38.999891 92.649805
18.509690 72.316018
18.822517 82.639326
18.040449 4.901694
8.655624 112.983592
12.565967 115.173385
21.168724 120.335038
17.571207 26.017550
17.101966 17.101966
28.989411 125.183864
17.884035 5.058108
15.850656 117.206763
18.196862 33.838237
18.040449 82.170084
17.258380 22.420033
18.196862 74.975052
18.353276 55.736161
25.548308 123.150486
5.683763 108.134766
18.353276 70.282640
17.571207 44.317958
17.727621 76.069948
7.873555 112.514351
18.196862 18.978931
5.996590 109.386076
18.509690 75.287879
17.414794 84.829118
38.530649 88.895875
17.101966 22.732861
17.727621 14.755760
16.945552 4.588866
18.040449 35.089547
18.509690 54.954093
17.727621 27.738101
7.091486 111.732282
18.196862 28.050928
18.509690 72.003191
18.196862 56.518230
26.799618 124.245382
39.625545 92.024150
17.727621 29.145825
16.789139 29.771480
18.666104 81.544429
23.045688 121.742762
18.353276 28.832997
17.727621 7.091486
18.353276 66.528710
18.040449 53.702783
17.884035 69.969812
3.337557 97.498631
17.571207 17.884035
17.101966 3.181143
18.040449 45.882095
5.058108 110.637386
18.040449 14.286519
17.884035 4.119625
19.448172 119.396556
2.711902 114.704143
18.196862 49.010370
18.196862 35.871616
34.463892 88.426634
26.330377 123.932554
17.727621 45.256440
18.196862 68.718502
17.727621 3.650384
18.509690 77.477672
26.017550 123.619727
8.342796 112.827178
18.196862 21.950792
17.727621 21.325137
17.571207 13.817277
17.884035 6.465831
38.843477 94.996011
18.353276 34.307478
18.196862 33.368996
17.571207 27.581687
18.509690 58.395195
17.727621 21.168724
3.024729 96.872976
17.414794 29.458652
31.961272 127.373657
17.101966 32.117686
17.258380 45.100027
17.884035 51.356576
23.984171 122.368417
38.999891 89.365117
12.096726 114.860557
17.727621 31.492031
17.414794 7.717141
18.040449 60.272160
18.353276 54.797679
17.727621 27.425273
18.353276 36.340857
18.196862 74.192983
18.509690 50.887335
18.196862 7.247900
16.789139 32.743341
18.040449 24.766240
17.571207 37.904994
18.196862 77.008431
2.868315 88.270220
17.258380 16.163484
17.727621 38.061408
17.571207 5.683763
4.901694 110.950214
3.024729 97.655045
18.196862 70.439053
17.414794 47.759060
17.258380 66.059469
18.196862 62.305539
18.509690 76.539189
18.509690 74.662225
18.040449 83.890636
18.196862 23.827757
4.745280 110.324559
18.040449 15.537829
38.374236 94.526770
17.414794 10.376175
18.353276 53.389955
38.843477 93.431874
18.040449 19.135345
18.196862 50.105266
18.666104 119.083728
18.040449 60.428574
18.666104 119.240142
17.414794 26.643205
22.889275 121.273521
18.040449 52.138645
17.414794 37.748581
18.040449 2.711902
17.884035 34.776719
3.024729 87.331738
5.840176 109.229662
3.181143 87.644565
18.040449 11.001830
17.884035 46.976992
16.789139 117.832418
17.258380 17.414794
37.592167 130.658345
17.101966 36.966512
3.806798 109.855317
18.040449 12.722381
16.632725 117.676005
2.399074 114.547730
18.509690 31.648444
37.122926 130.189104
18.509690 71.377536
18.196862 118.770901
18.353276 49.792439
25.079067 122.994072
17.727621 8.186383
18.040449 1.929833
17.884035 25.548308
3.181143 87.957393
18.040449 23.358516
17.727621 41.346097
33.681823 128.155726
17.258380 54.015610
26.799618 123.776141
17.884035 55.110506
18.196862 26.799618
18.353276 30.553548
17.727621 58.708022
17.258380 43.535889
17.727621 46.351337
39.312718 91.711323
18.666104 80.293119
3.024729 11.783899
33.212582 127.999312
16.789139 32.899754
38.687063 131.127587
16.945552 28.207342
17.571207 40.094787
18.196862 53.077128
18.353276 42.128165
18.509690 64.495331
18.353276 38.530649
18.196862 63.713262
17.414794 30.240721
20.073827 119.865797
17.414794 61.679884
2.711902 4.745280
6.153004 108.604007
17.884035 36.653684
17.727621 9.437693
17.571207 62.774780
17.884035 3.024729
16.945552 19.917414
1.617005 113.296420
17.101966 43.223062
6.622245 111.575868
17.571207 33.212582
17.884035 13.191622
17.414794 26.486791
17.414794 6.622245
17.258380 12.409554
18.196862 21.012310
21.325137 120.491452
17.571207 56.361816
18.509690 73.098087
18.196862 55.892575
7.247900 112.201523
17.884035 31.179203
17.884035 18.196862
17.414794 4.432453
2.242660 107.665525
18.040449 5.370935
18.196862 41.971752
4.901694 110.480972
17.571207 62.149125
18.196862 14.599346
3.337557 97.185804
17.414794 85.611187
4.745280 110.011731
30.397135 126.278761
38.843477 95.308839
17.884035 6.309418
16.789139 23.202102
17.258380 48.541129
22.732861 121.429934
17.884035 14.442932
38.374236 96.247321
17.258380 26.956032
17.571207 35.558788
17.101966 2.086247
2.086247 97.967873
18.040449 31.961272
18.353276 51.200163
18.040449 23.045688
2.242660 109.073249
18.040449 13.660864
38.999891 92.180564
1.929833 107.978352
15.068587 116.893936
17.571207 41.189683
17.884035 46.194923
38.217822 96.090908
17.258380 59.177264
17.101966 16.007070
16.945552 38.843477
