3.337557 1.773419
3.337557 1.929833
3.493970 2.086247
3.181143 2.555488
3.337557 2.242660
3.181143 2.399074
3.493970 3.181143
3.493970 3.024729
3.493970 2.868315
3.337557 2.711902
3.337557 4.276039
3.337557 4.119625
3.024729 3.806798
3.181143 3.650384
2.711902 3.337557
3.493970 4.432453
3.181143 3.963211
2.399074 3.493970
3.181143 4.588866
3.181143 4.745280
3.024729 5.214521
3.024729 4.901694
2.555488 5.058108
3.337557 5.527349
2.711902 5.370935
3.181143 5.683763
3.337557 6.309418
3.337557 6.153004
3.181143 5.840176
3.024729 6.778659
3.337557 6.622245
3.181143 6.465831
3.337557 7.404314
3.181143 7.247900
2.711902 5.996590
2.711902 7.091486
2.711902 6.935073
3.337557 7.873555
3.181143 7.560728
3.181143 8.029969
3.337557 7.717141
3.181143 8.186383
3.181143 8.499210
3.493970 8.812038
2.868315 8.342796
3.650384 9.124865
3.337557 8.968451
2.242660 8.655624
3.650384 9.281279
3.493970 9.437693
3.024729 9.750520
2.711902 9.594106
2.242660 9.906934
2.711902 10.532589
2.711902 10.376175
2.711902 11.001830
2.868315 10.845416
2.868315 10.689003
2.399074 10.219761
2.086247 10.063348
3.337557 11.158244
3.337557 11.314658
3.493970 12.096726
3.337557 11.783899
3.181143 11.627485
3.024729 12.253140
3.181143 11.940313
2.868315 12.565967
2.555488 12.409554
2.555488 11.471071
2.868315 13.660864
2.711902 13.348036
2.555488 12.722381
2.711902 13.504450
2.555488 13.191622
2.711902 13.035209
2.555488 12.878795
1.929833 13.817277
2.086247 14.130105
2.086247 13.973691
1.929833 14.755760
1.773419 15.068587
1.617005 14.912174
1.617005 14.599346
1.773419 14.442932
1.617005 14.286519
