2.086247 35.245961
3.493970 102.191044
34.620306 129.094208
3.024729 95.465253
34.463892 124.558209
2.868315 96.090908
33.056168 117.206763
20.073827 3.493970
34.620306 127.842898
3.181143 14.599346
29.927893 106.257801
34.307478 121.273521
2.242660 80.918774
2.711902 93.588288
3.024729 97.655045
3.963211 114.547730
33.994651 120.804279
31.961272 116.581108
33.681823 118.145246
34.776719 124.245382
1.773419 82.170084
2.399074 93.119047
34.620306 123.932554
3.181143 101.878216
2.242660 41.815338
20.073827 5.370935
3.963211 40.564028
3.181143 110.011731
33.681823 132.848138
12.096726 79.041809
2.242660 75.757121
19.135345 1.929833
11.158244 70.439053
3.024729 102.503871
34.307478 126.278761
3.806798 14.912174
19.761000 3.337557
3.337557 16.319897
19.917414 4.745280
34.933133 128.468553
34.307478 122.994072
34.776719 128.937794
33.838237 121.117107
34.776719 123.619727
8.968451 61.054229
2.868315 99.532010
4.276039 39.469132
30.866376 111.575868
20.230241 2.086247
34.776719 123.776141
2.086247 93.431874
8.655624 59.020850
19.761000 5.683763
31.022789 111.732282
1.617005 76.852017
28.832997 102.816699
19.917414 3.024729
1.929833 57.925954
20.073827 7.091486
33.994651 130.814759
2.555488 42.753820
1.773419 32.899754
3.024729 97.029390
2.086247 36.966512
3.024729 99.688424
34.463892 128.781381
3.337557 100.314079
33.838237 121.429934
34.463892 122.524831
2.086247 28.832997
34.776719 122.681244
3.337557 99.062769
3.024729 97.811459
34.307478 126.904416
34.151064 118.770901
1.773419 84.985532
19.604586 4.588866
20.073827 2.555488
33.368996 118.301660
33.994651 130.501932
3.806798 114.860557
33.994651 118.927315
3.650384 112.201523
34.307478 121.586348
34.151064 119.709383
20.230241 2.868315
4.119625 39.938373
34.151064 119.240142
2.086247 79.980292
19.761000 6.153004
3.024729 104.068009
30.553548 107.509111
30.709962 110.950214
1.929833 70.595467
34.463892 125.809519
33.056168 133.317379
19.604586 7.560728
33.368996 133.473793
33.838237 132.691724
3.650384 15.850656
33.681823 133.004552
33.838237 119.396556
34.151064 120.022211
20.073827 7.247900
3.181143 13.973691
20.073827 2.399074
34.620306 126.122347
4.276039 115.329798
30.397135 108.604007
33.838237 131.753242
3.181143 101.252561
2.242660 41.189683
20.230241 3.806798
11.783899 79.198223
33.368996 117.519591
11.001830 68.874916
34.776719 124.088968
3.493970 16.163484
34.620306 124.871037
34.151064 131.127587
34.620306 122.837658
3.650384 112.983592
1.929833 41.346097
19.917414 7.404314
33.994651 120.335038
2.868315 102.034630
10.845416 67.936433
34.776719 123.150486
19.917414 4.276039
2.086247 76.695603
19.917414 2.711902
34.463892 126.435174
34.151064 119.083728
33.681823 120.647866
3.650384 112.357937
31.961272 116.424695
2.399074 78.728982
3.337557 16.476311
1.929833 30.866376
9.281279 59.333677
29.927893 105.788560
34.620306 128.624967
31.648444 115.173385
2.242660 61.210642
11.627485 74.036570
33.525409 117.832418
2.555488 94.370356
2.868315 98.437114
33.838237 122.055589
3.024729 94.996011
11.001830 69.500571
34.620306 124.714623
3.337557 97.185804
33.994651 119.552970
34.151064 120.178624
2.242660 36.497271
20.073827 5.214521
20.073827 3.963211
2.086247 45.412854
3.493970 15.694242
11.627485 75.131466
34.307478 130.345518
8.812038 62.149125
3.493970 112.827178
33.681823 132.535310
1.617005 28.989411
3.181143 105.319319
20.073827 5.527349
2.555488 42.597407
1.773419 85.141945
1.929833 33.994651
10.845416 68.562088
34.620306 127.373657
33.212582 117.363177
4.588866 39.156304
32.743341 134.099448
3.337557 110.637386
4.119625 114.704143
31.648444 116.893936
3.181143 13.504450
3.181143 103.285940
30.084307 106.570629
9.281279 59.177264
34.933133 122.368417
20.073827 6.935073
33.056168 117.676005
2.086247 76.069948
9.906934 66.685123
34.151064 121.899176
34.463892 130.032690
2.086247 64.026090
34.307478 130.189104
1.617005 31.022789
8.968451 58.238781
3.024729 97.342218
29.927893 106.101387
3.963211 115.016971
11.783899 74.662225
30.553548 108.291180
32.743341 133.943034
34.620306 126.748002
2.868315 7.873555
31.492031 116.737522
3.963211 115.955453
2.242660 81.075188
30.866376 111.263041
11.627485 73.567328
33.838237 132.222483
1.929833 66.059469
2.242660 44.474372
34.463892 128.312139
12.722381 81.700843
33.056168 133.786620
32.586927 134.412275
34.776719 125.653106
33.525409 120.960693
3.337557 100.783320
31.804858 116.268281
9.124865 59.646505
3.650384 41.971752
33.994651 119.865797
3.337557 110.480972
4.588866 38.843477
3.493970 15.381415
3.493970 112.514351
11.783899 74.192983
3.024729 102.347457
34.776719 125.496692
33.994651 131.440414
34.151064 130.971173
4.276039 33.681823
3.181143 14.286519
2.399074 80.605947
2.242660 70.282640
30.709962 108.760421
33.994651 120.491452
33.368996 133.160965
34.307478 121.742762
34.151064 131.284000
33.525409 117.988832
6.465831 56.518230
3.650384 15.225001
2.086247 71.846777
34.463892 129.719863
28.050928 101.408975
1.929833 72.472432
2.086247 70.751881
3.337557 16.632725
33.212582 125.965933
1.929833 31.648444
34.151064 131.596828
3.337557 100.626906
1.773419 77.164844
34.776719 122.212003
30.866376 111.419455
34.620306 124.401796
34.307478 129.876277
1.617005 55.736161
2.868315 94.213943
12.409554 81.388016
34.307478 127.217243
19.761000 4.901694
10.376175 67.310778
19.761000 6.309418
19.917414 1.773419
2.086247 78.885396
19.917414 5.996590
2.868315 93.901115
3.337557 108.916835
8.812038 60.897815
30.397135 106.727042
3.650384 113.452833
3.650384 114.078488
19.917414 4.119625
30.240721 106.883456
28.989411 102.660285
2.399074 40.094787
3.024729 95.308839
34.776719 125.027451
33.681823 118.458073
30.240721 107.196284
2.711902 98.593528
3.963211 115.799040
30.240721 107.039870
30.397135 111.106627
8.655624 61.836297
34.620306 126.591588
19.448172 7.717141
3.650384 112.045110
3.650384 14.755760
31.335617 116.111867
10.376175 69.656985
34.776719 127.530071
10.845416 68.405675
11.314658 74.505811
3.024729 95.621666
20.073827 1.617005
1.617005 45.569268
19.917414 5.058108
19.917414 3.181143
9.281279 59.490091
3.024729 109.229662
2.711902 105.162905
2.399074 97.967873
1.617005 43.223062
20.230241 6.778659
2.711902 104.693664
8.812038 58.395195
3.181143 101.565389
2.086247 56.361816
1.929833 62.461952
9.281279 59.959332
3.024729 99.844838
19.917414 5.840176
3.806798 112.670765
3.806798 114.234902
2.086247 43.379475
3.181143 100.157665
9.437693 59.802919
1.617005 31.492031
3.181143 14.130105
10.219761 67.467192
9.124865 60.272160
34.151064 127.686484
2.868315 94.839598
34.620306 127.999312
34.933133 125.183864
34.307478 129.407035
29.458652 104.380836
2.086247 44.317958
34.776719 125.340278
2.555488 93.744701
3.806798 40.720442
1.773419 80.762361
10.845416 69.187743
4.276039 117.050350
33.994651 132.066069
2.868315 96.247321
1.929833 85.298359
19.761000 3.650384
4.432453 33.525409
11.158244 72.159605
33.838237 132.378897
2.399074 35.871616
34.463892 127.060829
1.617005 64.338917
9.281279 60.428574
2.086247 45.256440
11.783899 74.818638
34.307478 128.155726
2.086247 64.182504
34.307478 123.463313
1.773419 27.581687
1.617005 56.831058
2.086247 42.128165
30.397135 107.665525
1.773419 82.013671
2.086247 77.634086
30.397135 107.352697
1.617005 31.179203
1.773419 29.302238
2.086247 57.769540
19.917414 2.242660
1.617005 71.533950
9.281279 58.708022
11.783899 79.354637
33.525409 118.614487
1.617005 85.454773
9.594106 66.528710
3.337557 105.006491
2.242660 72.785260
2.399074 95.934494
11.783899 73.098087
10.063348 67.623606
34.151064 131.909655
2.242660 44.005130
2.086247 79.511051
11.314658 73.410915
3.337557 113.296420
3.181143 103.129526
10.845416 68.249261
29.771480 105.475732
3.493970 113.609247
4.276039 38.687063
8.968451 61.679884
34.463892 129.250622
34.776719 123.306899
3.337557 110.324559
3.024729 109.386076
1.617005 32.430513
2.242660 81.231602
3.337557 104.850077
11.001830 69.344157
12.253140 81.544429
1.929833 71.690363
2.242660 45.100027
29.615066 105.944974
2.242660 43.848717
9.124865 60.115746
1.773419 71.064708
2.868315 103.442354
3.337557 109.073249
10.689003 70.126226
3.024729 96.560149
3.337557 110.168145
2.086247 31.335617
30.553548 110.793800
10.063348 67.154365
3.181143 98.280700
3.024729 111.888696
1.929833 45.725682
3.181143 101.721803
8.812038 58.082367
8.812038 61.992711
1.929833 33.056168
1.617005 65.903055
3.337557 100.470493
1.773419 77.477672
4.588866 38.999891
10.689003 68.718502
19.604586 6.465831
8.812038 61.367056
11.940313 74.975052
2.086247 77.790499
4.276039 40.407614
1.773419 71.221122
3.963211 41.033269
1.617005 8.186383
34.307478 129.563449
3.181143 13.817277
2.086247 34.307478
2.086247 38.374236
32.743341 134.255862
4.432453 39.312718
2.555488 75.600707
2.086247 82.639326
3.181143 95.778080
3.337557 15.537829
3.493970 113.140006
30.240721 106.414215
2.868315 96.403735
30.240721 108.134766
3.337557 100.001251
3.650384 41.502510
1.929833 82.482912
32.899754 133.630207
3.181143 98.124286
9.281279 60.741401
1.773419 29.145825
1.773419 77.321258
3.650384 113.765661
3.337557 16.007070
19.761000 4.432453
1.929833 62.774780
1.773419 33.368996
12.565967 81.857257
30.553548 108.447594
3.337557 13.660864
1.929833 57.143885
29.145825 102.973112
11.471071 75.287879
3.963211 39.781959
2.242660 42.284579
4.119625 115.642626
1.929833 77.008431
30.397135 107.821939
11.783899 73.254501
3.181143 114.391316
3.024729 109.542490
29.458652 104.224422
8.812038 66.215882
3.337557 96.872976
1.929833 92.649805
1.617005 65.120986
2.711902 94.057529
20.073827 6.622245
4.276039 115.486212
28.207342 101.096148
9.281279 58.864436
1.773419 33.838237
1.617005 56.674644
1.773419 29.458652
1.929833 65.277400
9.906934 66.841537
1.617005 33.212582
1.617005 65.746641
2.399074 36.028029
2.399074 35.558788
10.063348 66.997951
10.689003 69.969812
1.773419 92.336978
2.242660 34.933133
2.242660 35.715202
3.493970 98.749941
11.783899 74.349397
4.432453 38.530649
2.868315 95.152425
1.773419 85.611187
1.929833 44.630785
2.086247 79.823878
33.994651 130.658345
2.868315 100.939734
2.086247 80.136706
3.650384 40.251200
1.773419 27.425273
2.711902 94.526770
1.617005 27.738101
11.314658 73.880156
2.399074 16.789139
1.929833 64.964572
10.532589 69.031330
3.181143 103.755181
2.868315 96.716563
2.242660 75.913534
3.493970 15.068587
1.617005 64.808159
2.086247 62.931194
2.086247 77.946913
2.555488 93.275460
9.124865 61.523470
3.181143 109.698904
2.086247 71.377536
2.242660 35.402374
2.555488 97.498631
2.242660 38.217822
3.806798 113.922075
3.806798 39.625545
1.617005 36.810098
3.963211 40.876855
3.493970 41.658924
2.086247 82.795739
2.086247 60.584987
2.242660 36.184443
1.617005 31.804858
2.086247 75.444293
3.181143 103.598767
2.086247 36.653684
2.399074 79.667464
2.242660 43.692303
3.024729 14.442932
1.773419 65.433814
3.337557 99.219183
1.617005 85.924014
2.242660 43.066648
1.617005 85.767600
3.337557 98.906355
10.689003 68.092847
1.617005 55.892575
1.929833 37.904994
1.617005 30.240721
10.532589 67.780020
2.242660 92.962633
2.242660 42.440993
10.532589 69.813398
2.242660 44.161544
2.242660 92.806219
1.617005 31.961272
9.124865 66.372296
11.783899 72.316018
1.929833 44.787199
2.086247 92.493392
2.555488 42.910234
2.086247 78.103327
2.868315 94.683184
8.812038 58.551609
1.929833 65.590227
2.399074 76.382776
29.615066 105.632146
2.242660 35.089547
2.399074 80.293119
2.555488 103.911595
2.399074 78.416154
2.086247 56.048989
2.242660 43.535889
2.086247 8.029969
11.314658 73.723742
1.773419 56.205403
2.868315 104.537250
2.868315 99.375596
2.086247 56.987471
1.929833 27.894515
1.929833 72.003191
2.555488 80.449533
1.929833 36.340857
1.773419 83.108567
1.929833 72.941673
1.929833 32.743341
1.617005 62.618366
1.929833 38.061408
2.086247 76.539189
1.929833 45.882095
30.084307 107.978352
2.399074 109.855317
1.617005 32.117686
1.773419 62.305539
1.773419 34.151064
1.929833 34.463892
2.242660 76.226362
1.617005 82.326498
1.617005 63.869676
1.929833 84.829118
2.086247 78.259741
1.617005 28.207342
1.773419 63.087607
1.617005 84.672704
1.617005 28.050928
1.617005 32.586927
1.773419 34.776719
1.773419 28.520170
1.773419 82.952153
2.086247 34.620306
1.617005 28.363756
2.086247 44.943613
1.617005 30.397135
1.929833 37.122926
1.617005 37.592167
1.773419 30.553548
1.773419 28.676583
1.773419 78.572568
1.617005 30.709962
1.617005 46.038509
1.617005 70.908295
