10.219761 118.145246
10.376175 117.988832
20.543069 129.094208
15.381415 123.932554
14.442932 122.212003
19.917414 128.155726
17.884035 126.278761
14.286519 122.837658
23.827757 132.848138
12.565967 120.491452
12.096726 119.865797
15.537829 124.088968
24.296998 133.160965
16.789139 125.183864
22.263620 131.440414
10.063348 117.676005
16.163484 124.714623
11.940313 119.709383
16.632725 124.871037
10.376175 117.832418
23.202102 132.066069
16.632725 125.027451
18.666104 126.591588
9.594106 117.206763
11.001830 118.614487
14.912174 122.681244
19.291759 128.937794
12.096726 120.178624
