3.597516 105.735692
2.502620 117.153895
2.659034 114.338448
2.659034 120.282170
2.189792 117.466723
2.502620 118.248792
2.346206 108.238312
2.502620 122.159135
3.753930 105.892106
2.659034 108.551139
2.502620 114.182034
2.815447 113.087138
2.659034 111.053759
2.815447 112.617897
2.659034 121.689894
2.815447 110.897346
2.815447 112.774311
2.346206 114.025621
2.971861 113.243552
2.815447 119.030860
2.971861 119.812929
2.815447 116.215413
2.659034 120.125757
3.441102 105.579278
2.346206 106.361347
2.971861 119.656515
2.659034 118.405205
2.971861 111.366587
2.659034 116.371827
2.659034 115.276931
2.502620 111.523001
2.502620 111.992242
2.659034 109.802449
2.346206 109.646036
2.346206 119.343688
2.815447 115.746172
2.502620 117.310309
2.659034 118.874447
2.659034 121.064239
2.189792 108.707553
2.659034 116.841068
2.502620 122.315549
2.971861 110.584518
2.502620 109.958863
2.502620 116.684654
2.659034 115.120517
3.128275 105.422865
2.659034 119.969343
2.659034 116.997482
2.033379 104.640796
2.659034 110.115277
2.346206 114.807689
2.659034 107.456243
2.815447 119.500102
2.815447 112.305069
2.815447 107.769071
2.189792 117.935964
3.284689 109.333208
2.502620 111.679414
2.659034 107.299830
2.346206 104.953623
2.502620 111.835828
2.659034 120.751412
2.659034 110.271691
2.659034 110.740932
2.659034 107.612657
2.346206 118.561619
2.033379 121.533480
2.659034 120.907825
2.659034 108.863967
2.502620 106.830588
2.971861 113.556379
2.502620 109.176794
2.346206 106.204933
2.815447 117.779550
2.189792 107.143416
2.659034 111.210173
2.346206 115.589758
2.502620 121.220653
2.189792 110.428104
2.502620 115.433344
2.502620 114.494862
2.659034 119.187274
2.659034 112.461483
2.659034 116.528241
2.346206 120.594998
2.346206 122.002722
1.251310 104.484382
2.346206 120.438584
2.659034 109.020381
2.659034 108.081898
2.815447 106.048520
2.659034 112.930724
2.815447 107.925484
2.346206 104.797210
2.659034 114.964103
3.128275 105.266451
2.033379 121.846308
2.502620 118.718033
2.502620 118.092378
2.346206 113.869207
2.189792 121.377067
2.659034 116.058999
2.346206 106.517761
2.815447 109.489622
2.815447 113.712793
2.502620 106.674175
2.033379 106.987002
2.659034 108.394726
2.815447 113.399966
2.346206 114.651276
2.659034 117.623137
2.815447 112.148656
3.128275 105.110037
2.815447 115.902586
