1.720551 110.740932
1.720551 128.884926
1.876965 114.807689
1.876965 116.684654
1.876965 113.869207
1.720551 114.964103
1.876965 119.187274
1.876965 117.466723
1.720551 113.556379
1.720551 118.874447
1.876965 112.617897
1.720551 121.846308
1.720551 124.505342
1.876965 116.215413
1.720551 111.679414
1.876965 114.338448
1.720551 115.746172
1.720551 123.879687
1.876965 114.651276
1.876965 119.500102
1.720551 116.841068
1.720551 114.182034
2.033379 119.812929
1.720551 113.712793
1.720551 111.366587
1.720551 111.053759
1.720551 112.774311
1.720551 115.589758
2.033379 128.728513
1.720551 127.477203
1.720551 115.902586
1.720551 119.343688
1.720551 118.718033
1.876965 128.572099
1.876965 115.433344
1.720551 125.443824
1.720551 119.656515
1.720551 113.087138
2.189792 112.930724
1.720551 110.115277
1.720551 123.723273
1.720551 114.025621
1.720551 120.438584
1.720551 127.633616
1.720551 129.979823
1.720551 118.248792
1.720551 112.305069
1.876965 109.802449
1.720551 111.835828
1.720551 112.148656
1.876965 130.136236
1.720551 128.415685
1.876965 114.494862
1.876965 112.461483
