4.588866 109.542490
32.117686 126.904416
4.119625 122.055589
3.806798 122.524831
30.397135 126.591588
4.745280 110.480972
33.994651 127.060829
29.302238 126.435174
4.901694 109.855317
26.017550 125.653106
37.748581 127.999312
31.961272 126.748002
4.432453 120.960693
4.588866 109.698904
3.963211 122.837658
4.276039 109.229662
4.119625 120.804279
4.119625 121.586348
4.432453 108.760421
4.588866 110.324559
3.806798 125.027451
3.806798 124.401796
3.806798 122.368417
3.963211 124.558209
4.276039 108.916835
4.432453 121.273521
4.588866 110.168145
3.963211 124.871037
3.963211 121.899176
3.650384 121.742762
4.588866 110.793800
3.493970 122.994072
4.119625 120.647866
4.432453 109.073249
4.276039 124.088968
4.588866 109.386076
4.901694 110.637386
4.119625 122.681244
3.806798 124.245382
4.432453 110.950214
4.276039 120.335038
4.119625 121.429934
4.276039 120.491452
4.119625 121.117107
4.745280 110.011731
