35.089547 129.094208
64.495331 147.551030
12.409554 78.416154
12.722381 50.887335
80.293119 157.874337
21.481551 120.804279
95.621666 167.728403
11.783899 85.141945
13.348036 76.069948
12.253140 64.182504
12.409554 64.964572
39.312718 94.683184
93.744701 166.164266
61.054229 145.361238
12.565967 9.281279
12.722381 26.486791
41.189683 132.691724
87.175324 162.097508
87.018910 162.253922
12.722381 41.815338
42.128165 133.317379
12.253140 53.859196
11.940313 41.971752
12.722381 56.205403
13.348036 79.667464
75.444293 154.589649
67.936433 149.584409
21.168724 86.549669
55.110506 141.450894
90.929254 164.443715
88.270220 162.410336
26.486791 87.331738
11.471071 10.689003
12.096726 13.035209
23.671343 121.899176
12.409554 39.625545
13.504450 56.674644
17.727621 118.301660
12.878795 40.407614
73.254501 153.025511
100.314079 170.231023
28.050928 125.027451
46.507750 136.289240
53.702783 140.512411
7.560728 112.357937
13.660864 69.187743
13.348036 63.400435
13.348036 72.941673
13.348036 67.780020
12.878795 51.512990
59.333677 144.109928
65.590227 148.333099
13.035209 37.904994
12.878795 28.520170
13.035209 62.618366
12.878795 26.799618
13.035209 41.033269
13.035209 63.244021
40.251200 132.222483
90.303599 164.287301
12.096726 85.454773
92.649805 165.069369
24.766240 122.681244
12.722381 8.342796
12.565967 42.440993
12.878795 43.066648
12.096726 6.153004
13.035209 71.377536
12.409554 42.597407
54.797679 141.138066
93.744701 165.695024
5.527349 110.793800
13.348036 70.595467
11.158244 82.795739
13.035209 60.272160
25.548308 123.306899
80.136706 157.561510
13.035209 46.664164
2.399074 3.963211
83.264981 159.438475
13.348036 55.736161
79.198223 156.623027
1.929833 114.391316
13.035209 35.715202
42.440993 133.630207
65.120986 147.707444
69.344157 150.679305
13.348036 82.639326
38.843477 94.370356
38.999891 131.596828
76.852017 155.528131
91.867737 164.912956
30.240721 87.800979
24.296998 122.212003
13.504450 67.623606
84.203463 160.220543
45.412854 135.194344
63.087607 146.456134
13.348036 62.931194
13.191622 77.164844
12.878795 66.059469
39.469132 89.990772
13.191622 82.326498
82.170084 158.969233
39.469132 93.901115
28.207342 124.714623
83.264981 159.594888
13.348036 73.410915
13.660864 71.690363
71.690363 152.087029
53.702783 140.355998
11.627485 23.671343
12.253140 52.764300
12.409554 51.043749
13.348036 71.221122
12.722381 12.722381
12.878795 58.551609
32.586927 127.686484
60.115746 144.579169
13.348036 65.120986
12.253140 76.852017
12.409554 65.746641
62.618366 146.143306
12.253140 48.853956
12.096726 18.353276
72.785260 152.712684
90.772840 164.756542
39.469132 96.090908
7.873555 112.827178
92.024150 165.382197
13.035209 33.994651
12.253140 36.340857
76.695603 155.058890
11.940313 5.840176
13.035209 51.669404
13.191622 79.980292
77.321258 155.684545
100.157665 170.387437
12.253140 13.191622
89.365117 163.035991
12.878795 27.894515
90.147185 163.974473
13.191622 78.259741
68.874916 150.210064
78.572568 156.466613
38.999891 96.403735
86.706083 161.628267
79.511051 157.092268
89.365117 163.818060
99.062769 169.292541
29.145825 125.340278
13.191622 62.774780
13.348036 57.769540
42.440993 133.473793
38.217822 130.971173
47.602647 136.758482
75.131466 154.746062
72.472432 152.399856
13.348036 77.634086
11.471071 21.794378
43.379475 134.099448
6.465831 108.916835
13.191622 66.372296
12.253140 29.302238
39.312718 96.247321
13.348036 75.913534
88.113807 162.879577
12.409554 10.845416
12.878795 23.202102
11.627485 37.435753
40.720442 132.378897
13.504450 81.075188
12.722381 14.286519
12.096726 30.709962
99.688424 169.761782
13.035209 31.492031
66.685123 148.958754
12.253140 12.096726
35.715202 129.563449
71.846777 152.243442
80.918774 158.030751
12.096726 38.843477
16.319897 117.519591
68.874916 150.366477
52.764300 139.730343
58.082367 143.015031
12.722381 83.421394
24.922653 87.018910
92.493392 165.225783
76.069948 155.371717
61.523470 145.517651
85.611187 161.002612
13.348036 74.192983
37.592167 130.501932
12.409554 84.829118
52.295059 139.886756
47.602647 137.071309
12.253140 26.017550
13.348036 62.461952
96.247321 167.884817
13.191622 81.700843
12.253140 7.560728
13.035209 68.092847
39.156304 131.753242
13.504450 65.903055
86.862497 161.941095
12.878795 23.045688
31.335617 127.060829
13.035209 49.636025
72.628846 152.869097
12.878795 40.876855
84.516290 160.846198
39.312718 91.085668
48.228302 137.227723
6.309418 108.447594
13.348036 60.115746
57.925954 143.171445
12.722381 29.615066
13.348036 55.423334
96.560149 168.354058
51.825818 139.417515
70.126226 151.304960
12.409554 34.776719
12.878795 34.933133
71.377536 151.930615
13.973691 116.268281
74.349397 153.651166
78.416154 156.310200
13.035209 64.338917
13.035209 78.572568
10.845416 82.952153
12.096726 85.298359
13.191622 72.628846
13.660864 70.908295
13.035209 67.936433
22.576447 86.706083
45.569268 135.507172
54.484851 140.825239
96.716563 168.197644
12.096726 16.163484
13.035209 46.507750
13.191622 68.874916
58.864436 143.797100
73.880156 153.338339
12.409554 27.268860
80.136706 157.717923
67.467192 149.427995
12.253140 23.358516
12.253140 25.704722
12.878795 54.015610
13.035209 74.036570
86.706083 161.471853
11.783899 3.493970
12.878795 33.056168
11.940313 33.838237
13.035209 65.590227
12.409554 12.409554
60.428574 145.048410
71.221122 151.774201
19.135345 119.396556
69.656985 150.992132
13.348036 71.533950
84.359877 160.533371
13.348036 81.857257
39.781959 90.147185
97.498631 168.823299
12.253140 52.920714
13.504450 81.231602
12.409554 57.300299
94.996011 167.102748
12.253140 48.541129
13.817277 75.287879
83.577808 159.751302
13.191622 64.808159
13.191622 54.328438
12.722381 44.630785
12.409554 21.637965
12.096726 22.420033
13.191622 33.681823
85.611187 161.315440
55.579748 141.763721
12.253140 4.588866
12.565967 30.397135
19.291759 119.552970
51.669404 139.261101
12.409554 75.757121
94.526770 166.477093
70.908295 151.461374
13.035209 50.574508
49.323198 137.540550
12.253140 43.848717
13.504450 55.579748
59.333677 144.422755
82.482912 158.812820
12.722381 18.822517
94.839598 166.946334
71.377536 151.617787
68.718502 150.053650
54.015610 140.668825
50.574508 138.479033
12.878795 47.446233
69.344157 150.522891
12.409554 48.071888
17.414794 86.080428
61.992711 145.986893
19.448172 86.236842
12.409554 43.692303
13.035209 81.544429
12.409554 25.235481
12.722381 53.389955
39.781959 92.493392
82.482912 158.656406
11.001830 32.586927
50.574508 138.635446
13.191622 33.212582
12.722381 67.310778
3.806798 97.029390
12.878795 32.743341
97.498631 168.510472
38.999891 95.465253
12.722381 115.486212
22.263620 121.117107
12.565967 11.783899
13.660864 56.831058
34.307478 128.468553
56.987471 142.545790
13.191622 56.361816
13.035209 54.641265
13.348036 71.064708
12.565967 9.594106
4.901694 111.106627
39.312718 94.213943
83.264981 159.282061
13.035209 76.695603
13.504450 60.428574
90.303599 164.130887
13.504450 59.959332
58.708022 143.953514
12.722381 21.481551
29.615066 125.809519
40.251200 132.066069
11.783899 84.359877
12.565967 42.753820
13.348036 68.562088
38.999891 89.521530
13.035209 52.295059
13.348036 82.170084
17.258380 117.988832
44.161544 134.725103
34.933133 128.937794
13.191622 57.613126
59.490091 144.266341
13.973691 85.611187
83.108567 159.125647
43.692303 134.255862
57.769540 142.858618
53.077128 140.199584
12.878795 30.866376
30.866376 126.591588
12.565967 6.935073
96.247321 168.041231
12.565967 25.391895
12.409554 44.943613
13.191622 73.880156
23.202102 86.862497
49.636025 137.696964
76.226362 155.215304
81.075188 158.343578
13.035209 32.274099
13.035209 58.082367
13.348036 58.864436
42.753820 133.786620
97.498631 168.979713
67.623606 149.271581
12.096726 19.604586
25.548308 123.463313
12.565967 63.087607
74.505811 153.963994
13.348036 74.349397
63.713262 147.238202
13.035209 78.728982
93.431874 165.851438
13.660864 68.405675
39.781959 90.616427
13.035209 58.708022
13.191622 64.495331
51.043749 138.948274
44.005130 134.412275
13.348036 76.539189
29.615066 125.496692
54.484851 140.981653
13.660864 71.846777
13.035209 48.384715
11.940313 84.672704
30.866376 126.904416
13.035209 64.026090
13.191622 53.546369
13.191622 79.354637
39.312718 95.152425
11.940313 23.984171
13.035209 69.813398
57.925954 143.327859
13.660864 75.444293
18.509690 118.927315
41.502510 132.848138
44.943613 135.037930
13.504450 75.600707
46.976992 136.602068
89.521530 163.192405
38.687063 89.208703
12.722381 20.699482
12.253140 37.122926
39.156304 89.834358
7.091486 112.045110
49.792439 137.853378
66.997951 149.115167
12.565967 6.622245
11.940313 26.643205
84.672704 160.376957
65.590227 147.863857
94.213943 166.320679
12.253140 40.564028
25.079067 87.175324
11.627485 19.917414
13.191622 67.467192
13.191622 79.198223
76.539189 154.902476
30.240721 126.122347
12.409554 77.790499
55.579748 141.607308
37.904994 93.431874
45.569268 135.663585
13.660864 73.098087
24.296998 122.368417
52.920714 140.043170
60.741401 145.204824
15.381415 117.050350
12.878795 47.915474
38.217822 89.052289
13.191622 66.528710
27.894515 124.558209
30.084307 88.113807
12.722381 30.240721
13.191622 37.592167
13.504450 70.126226
11.940313 5.527349
12.253140 5.058108
40.564028 132.535310
60.584987 144.891996
78.259741 156.153786
38.530649 131.440414
13.191622 66.841537
13.348036 66.997951
39.156304 95.308839
12.409554 26.173963
12.253140 38.061408
83.734222 159.907716
11.940313 22.576447
94.683184 167.259162
12.878795 24.609826
74.662225 153.807580
12.409554 9.750520
13.035209 29.771480
12.878795 46.194923
92.649805 165.538611
12.722381 11.471071
13.035209 37.279339
98.593528 169.136127
63.556849 146.768961
39.469132 131.909655
12.565967 63.713262
39.469132 93.275460
13.035209 49.479611
19.604586 119.709383
12.878795 47.289819
12.096726 28.832997
13.191622 65.277400
12.253140 40.720442
13.660864 74.818638
12.253140 34.620306
12.096726 15.381415
43.066648 133.943034
13.348036 68.718502
58.082367 143.484273
44.474372 134.881517
12.409554 44.161544
6.309418 108.760421
12.409554 49.166784
13.348036 61.367056
12.253140 28.676583
18.040449 118.614487
34.620306 128.624967
12.722381 45.412854
39.469132 94.057529
12.722381 8.655624
12.565967 15.225001
63.244021 146.612548
11.001830 16.007070
13.035209 61.054229
39.156304 92.962633
12.878795 17.884035
13.191622 73.567328
56.987471 142.389376
17.258380 118.145246
68.405675 149.897236
39.625545 95.778080
13.191622 66.215882
13.035209 77.946913
39.469132 90.460013
32.430513 127.530071
13.035209 33.525409
13.348036 59.333677
12.878795 31.804858
12.565967 39.156304
12.565967 8.968451
12.878795 42.910234
13.504450 57.143885
12.253140 22.263620
11.627485 22.889275
21.168724 120.335038
12.565967 20.543069
12.565967 63.556849
65.590227 148.020271
78.885396 156.935855
38.374236 131.284000
38.843477 94.839598
12.565967 45.256440
12.253140 52.607886
13.191622 58.238781
18.040449 118.458073
98.906355 169.918196
12.096726 17.571207
12.878795 45.725682
12.253140 27.112446
11.940313 41.346097
34.776719 128.781381
37.904994 88.739462
12.409554 43.379475
46.351337 136.132827
13.191622 77.321258
11.471071 22.732861
12.565967 28.363756
32.899754 127.842898
12.878795 28.207342
12.565967 6.778659
11.627485 9.906934
66.059469 148.645926
17.414794 86.393255
29.927893 125.653106
27.268860 87.644565
60.428574 144.735583
13.191622 76.382776
6.935073 111.888696
74.818638 154.276821
38.843477 96.560149
12.878795 69.656985
89.521530 163.348818
11.940313 5.214521
11.940313 49.010370
56.361816 142.232963
12.878795 24.296998
15.381415 85.924014
2.555488 109.542490
12.253140 84.516290
12.253140 22.107206
30.397135 126.435174
39.469132 91.242082
70.595467 151.148546
79.041809 156.779441
12.878795 76.226362
13.348036 72.316018
45.569268 135.350758
89.208703 163.661646
36.810098 130.032690
13.348036 65.433814
62.461952 146.299720
12.878795 35.245961
94.526770 166.633507
13.660864 61.836297
12.253140 24.922653
12.878795 50.730921
13.348036 70.751881
12.878795 32.899754
12.096726 4.901694
65.903055 148.489512
41.346097 133.004552
95.308839 167.415576
99.688424 170.074609
77.790499 155.840959
13.348036 68.249261
2.086247 107.821939
51.512990 139.104688
13.348036 62.305539
12.565967 46.038509
13.504450 57.925954
97.029390 168.666886
12.722381 35.089547
13.504450 59.177264
79.198223 157.248682
21.012310 120.178624
11.314658 27.425273
12.565967 16.945552
12.409554 27.581687
46.194923 135.976413
12.878795 67.154365
11.940313 29.458652
99.062769 169.605368
12.722381 11.627485
11.158244 23.514930
12.565967 53.077128
12.253140 47.133405
12.253140 59.646505
52.451473 139.573929
39.469132 90.303599
50.418094 138.322619
3.650384 97.811459
13.035209 54.172024
19.448172 119.865797
86.862497 161.784681
12.722381 34.307478
13.504450 80.918774
34.463892 88.270220
11.314658 13.660864
12.722381 11.940313
12.878795 51.825818
12.722381 17.258380
12.253140 23.827757
5.840176 108.291180
12.722381 47.602647
12.565967 83.890636
12.722381 84.047049
13.191622 61.523470
11.940313 25.861136
12.253140 40.094787
12.096726 28.989411
87.957393 162.566750
55.736161 142.076549
12.722381 8.029969
13.035209 80.449533
12.253140 20.073827
72.941673 153.181925
12.878795 41.502510
12.565967 39.938373
7.560728 112.670765
13.035209 72.472432
13.973691 116.111867
13.504450 69.344157
12.253140 26.956032
63.400435 146.925375
23.984171 122.524831
24.766240 122.837658
13.191622 59.020850
38.217822 88.895875
35.558788 129.250622
13.035209 72.785260
38.843477 95.934494
11.940313 5.996590
13.348036 115.799040
12.096726 49.792439
12.253140 20.855896
13.191622 60.584987
46.507750 136.445654
74.192983 153.494752
37.435753 130.345518
84.047049 160.064130
12.253140 52.451473
27.268860 124.401796
13.035209 32.430513
36.184443 129.719863
44.317958 134.568689
84.985532 160.689785
12.722381 14.599346
81.231602 158.499992
74.975052 154.433235
12.565967 115.329798
37.122926 130.189104
39.625545 90.772840
98.749941 169.448954
12.878795 66.685123
12.096726 19.291759
12.878795 78.885396
13.191622 74.975052
13.348036 69.500571
36.340857 129.876277
13.348036 58.395195
13.035209 115.642626
13.348036 60.741401
13.035209 54.797679
13.191622 80.605947
12.096726 35.402374
12.878795 36.184443
12.409554 13.973691
5.370935 111.263041
41.658924 133.160965
15.850656 117.206763
13.191622 61.992711
12.878795 49.323198
38.061408 130.814759
13.348036 57.456712
12.722381 14.442932
12.096726 30.553548
16.007070 117.363177
28.207342 124.871037
13.504450 72.003191
89.521530 163.505232
21.481551 120.960693
11.314658 18.666104
12.253140 20.230241
13.035209 54.954093
65.746641 148.176685
26.956032 87.488152
12.878795 24.140585
21.481551 120.647866
14.442932 116.424695
11.471071 114.860557
35.245961 129.407035
13.035209 45.569268
58.864436 143.640686
13.504450 79.511051
39.625545 90.929254
72.628846 152.556270
13.191622 72.159605
12.409554 44.787199
12.565967 48.228302
81.388016 158.187165
39.312718 93.119047
12.253140 7.717141
91.085668 164.600128
39.156304 95.621666
13.035209 24.453412
4.276039 109.698904
12.409554 38.374236
13.504450 69.031330
13.348036 74.662225
12.096726 21.325137
10.689003 36.028029
13.035209 50.105266
13.035209 55.266920
13.035209 41.658924
13.191622 55.892575
56.987471 142.702204
11.783899 4.745280
20.699482 120.022211
61.523470 145.674065
6.153004 109.386076
12.565967 12.253140
13.191622 46.976992
12.096726 15.694242
34.620306 88.426634
18.978931 119.083728
23.045688 121.586348
39.312718 93.588288
95.152425 167.571989
93.744701 166.007852
39.469132 92.806219
11.314658 25.548308
12.878795 78.103327
12.878795 17.727621
12.253140 12.878795
13.191622 59.802919
12.878795 83.577808
13.191622 115.955453
12.096726 84.985532
12.409554 15.850656
11.314658 21.012310
12.722381 29.927893
12.096726 15.537829
54.484851 141.294480
31.022789 126.748002
29.927893 125.965933
12.096726 115.016971
15.537829 85.767600
12.878795 34.463892
85.767600 161.159026
55.579748 141.920135
79.823878 157.405096
8.029969 112.983592
34.463892 88.583048
2.868315 98.124286
13.035209 59.490091
12.722381 115.173385
12.565967 44.005130
13.348036 63.869676
11.314658 16.319897
12.722381 83.108567
28.832997 125.183864
11.783899 13.817277
11.783899 13.504450
13.035209 35.871616
25.704722 123.150486
11.940313 19.448172
39.625545 91.554909
12.722381 17.101966
3.650384 97.342218
94.526770 166.789921
1.773419 108.134766
12.096726 42.128165
12.722381 83.734222
12.253140 7.091486
12.722381 84.203463
13.035209 54.484851
15.068587 116.737522
13.191622 69.969812
12.253140 10.532589
77.790499 155.997372
12.878795 44.474372
12.096726 42.284579
13.348036 56.518230
12.565967 60.897815
12.409554 38.687063
2.086247 11.158244
12.409554 36.497271
13.504450 80.762361
12.565967 79.823878
2.868315 98.280700
12.565967 20.386655
12.565967 6.465831
12.878795 75.131466
13.660864 70.439053
33.212582 128.312139
23.202102 121.742762
5.370935 110.950214
13.348036 70.282640
13.035209 79.041809
38.687063 89.365117
12.722381 17.414794
12.253140 51.356576
5.370935 110.637386
11.314658 15.068587
12.409554 16.476311
12.722381 14.755760
12.565967 7.873555
74.662225 154.120407
31.335617 127.217243
12.722381 10.219761
11.314658 16.789139
12.565967 9.124865
12.253140 36.653684
49.792439 138.166205
12.565967 49.948853
39.156304 89.677944
50.887335 138.791860
13.660864 82.482912
39.781959 91.867737
64.651745 147.394616
12.409554 8.812038
69.656985 150.835719
7.717141 112.514351
87.957393 162.723163
12.253140 18.509690
14.912174 116.581108
26.017550 123.619727
6.622245 111.732282
12.253140 50.261680
12.565967 18.196862
13.035209 55.110506
11.940313 31.022789
11.940313 12.565967
11.471071 56.048989
12.409554 39.781959
11.940313 24.766240
2.242660 3.181143
12.878795 32.117686
11.940313 80.136706
19.135345 119.240142
11.940313 48.697543
12.878795 37.748581
3.963211 96.716563
12.253140 39.312718
12.565967 64.651745
11.471071 35.558788
13.035209 51.200163
11.940313 44.317958
11.783899 4.119625
11.940313 31.648444
12.722381 46.820578
48.697543 137.384137
39.156304 93.744701
12.565967 31.335617
12.096726 19.135345
2.399074 98.437114
11.940313 3.337557
18.196862 118.770901
12.565967 14.912174
12.096726 11.314658
13.035209 53.233541
12.878795 38.530649
13.348036 82.013671
1.773419 98.593528
3.493970 97.655045
31.492031 127.373657
65.746641 148.802340
12.565967 83.264981
6.309418 109.229662
12.878795 8.186383
68.249261 149.740822
12.096726 29.145825
63.869676 147.081789
4.745280 110.324559
13.035209 34.151064
11.940313 10.376175
39.312718 94.996011
16.945552 117.832418
12.096726 10.063348
12.253140 50.418094
13.035209 33.368996
13.035209 81.388016
1.617005 114.547730
12.565967 31.961272
49.792439 138.009792
2.242660 3.806798
39.625545 92.024150
12.878795 36.810098
12.096726 5.683763
46.038509 135.819999
1.773419 113.296420
12.409554 8.499210
22.420033 121.273521
12.409554 38.999891
61.836297 145.830479
11.940313 26.330377
11.940313 52.138645
12.096726 4.276039
4.588866 109.855317
12.096726 38.217822
3.650384 96.872976
39.625545 91.711323
26.799618 124.088968
12.722381 9.437693
13.191622 61.679884
12.722381 30.084307
3.493970 97.498631
33.681823 128.155726
39.312718 94.526770
13.035209 77.477672
5.058108 111.419455
26.643205 123.776141
11.627485 11.001830
6.309418 109.073249
13.035209 73.723742
4.276039 110.168145
26.643205 123.932554
12.409554 43.535889
6.309418 111.575868
25.548308 122.994072
13.504450 73.254501
30.084307 87.957393
33.212582 127.999312
12.253140 6.309418
12.253140 40.251200
13.035209 80.293119
12.878795 74.505811
10.845416 114.704143
12.253140 18.978931
13.035209 39.469132
12.096726 51.982231
11.471071 13.348036
39.312718 92.649805
47.446233 136.914895
11.783899 53.702783
11.471071 46.351337
11.940313 14.130105
13.035209 31.179203
13.035209 56.987471
12.409554 45.882095
38.374236 131.127587
13.191622 62.149125
21.481551 120.491452
11.471071 19.761000
11.783899 43.223062
12.409554 36.966512
11.471071 7.404314
13.035209 77.008431
37.748581 130.658345
27.112446 124.245382
1.773419 107.665525
11.783899 45.100027
22.576447 122.055589
6.153004 108.604007
12.253140 27.738101
2.711902 7.247900
12.096726 4.432453
3.493970 97.185804
11.471071 16.632725
39.781959 92.336978
13.035209 61.210642
11.471071 5.370935
30.553548 126.278761
14.442932 116.893936
3.337557 97.967873
12.409554 25.079067
7.404314 112.201523
22.576447 121.429934
13.035209 47.759060
3.181143 21.950792
11.783899 3.650384
39.469132 91.398495
3.963211 110.011731
4.745280 110.480972
12.878795 41.189683
11.783899 28.050928
11.783899 21.168724
16.163484 117.676005
12.878795 18.040449
39.625545 92.180564
2.086247 107.978352
1.617005 3.024729
1.617005 114.234902
