15.381415 4.119625
16.476311 81.857257
16.007070 81.388016
16.476311 76.695603
53.233541 140.043170
80.605947 157.874337
16.163484 66.372296
96.090908 167.728403
3.181143 96.403735
16.945552 56.361816
98.593528 169.605368
15.850656 61.992711
61.367056 145.361238
15.850656 11.627485
41.502510 132.691724
15.537829 7.091486
16.007070 23.514930
42.284579 133.317379
16.007070 27.268860
75.757121 154.589649
91.398495 164.443715
15.694242 10.689003
16.007070 24.609826
16.007070 39.625545
16.163484 82.170084
16.319897 56.674644
3.337557 86.549669
16.319897 38.999891
46.820578 136.289240
53.859196 140.512411
50.261680 138.322619
16.007070 63.400435
59.959332 144.891996
16.476311 72.941673
16.476311 61.836297
38.843477 131.440414
16.319897 59.959332
16.476311 77.321258
15.694242 22.732861
65.433814 148.333099
16.319897 57.300299
16.007070 26.173963
70.595467 151.617787
16.476311 71.377536
40.094787 132.222483
41.815338 133.004552
16.632725 77.477672
86.706083 161.784681
16.163484 46.351337
14.755760 85.454773
90.147185 164.287301
5.058108 110.793800
83.264981 159.438475
15.381415 8.342796
83.890636 159.907716
15.850656 39.781959
16.476311 74.349397
94.996011 167.259162
18.666104 118.927315
16.163484 55.266920
16.007070 26.330377
52.607886 139.573929
16.945552 78.885396
74.662225 153.807580
57.769540 143.171445
25.861136 123.306899
39.781959 93.119047
93.588288 165.538611
96.247321 167.884817
16.476311 75.757121
98.906355 169.292541
16.789139 51.825818
16.163484 35.089547
91.242082 164.756542
15.537829 6.778659
5.996590 108.291180
42.753820 133.630207
64.964572 147.707444
69.500571 150.679305
39.312718 94.370356
98.749941 169.136127
76.852017 155.058890
15.225001 3.806798
77.477672 155.528131
16.319897 40.876855
39.469132 88.426634
38.999891 87.800979
48.697543 137.227723
84.047049 160.220543
40.720442 132.378897
16.163484 62.931194
91.085668 164.600128
39.469132 93.431874
39.312718 93.275460
83.421394 158.969233
89.521530 163.192405
39.625545 93.901115
28.520170 124.714623
16.319897 76.382776
38.530649 91.867737
53.546369 140.355998
19.761000 119.709383
16.163484 33.212582
16.007070 25.235481
39.781959 131.909655
94.213943 166.320679
16.632725 71.221122
88.113807 162.410336
16.319897 73.254501
60.272160 144.579169
16.319897 56.831058
16.476311 76.852017
16.476311 65.746641
36.184443 129.563449
72.628846 152.712684
16.789139 69.187743
8.655624 112.827178
22.576447 122.212003
64.964572 147.551030
15.694242 8.029969
15.694242 8.812038
16.007070 40.094787
62.461952 145.986893
16.476311 79.980292
77.477672 155.684545
16.476311 53.077128
16.163484 41.502510
74.662225 154.120407
61.679884 145.830479
88.739462 163.035991
90.147185 163.974473
79.041809 156.466613
15.850656 64.182504
79.354637 157.092268
86.236842 161.628267
89.990772 163.818060
29.145825 125.340278
44.474372 134.881517
16.163484 57.769540
42.284579 133.473793
37.904994 130.971173
16.007070 44.161544
47.759060 136.758482
15.225001 78.103327
72.628846 152.399856
16.632725 77.634086
15.381415 21.794378
16.163484 47.133405
16.632725 70.282640
5.214521 108.916835
15.381415 54.484851
18.353276 118.614487
16.476311 78.259741
97.498631 168.354058
16.007070 61.679884
16.476311 75.913534
14.442932 27.112446
34.933133 128.624967
14.912174 10.845416
15.694242 37.435753
15.850656 8.655624
15.694242 15.225001
16.476311 66.841537
38.217822 87.488152
15.850656 18.196862
16.319897 69.969812
63.244021 146.612548
69.656985 150.366477
16.789139 79.667464
99.375596 169.761782
72.316018 152.243442
15.694242 41.033269
16.007070 49.010370
37.904994 92.962633
87.331738 162.097508
16.319897 117.519591
16.319897 59.020850
99.688424 170.231023
93.588288 165.851438
16.476311 73.567328
15.850656 47.915474
56.674644 142.389376
58.082367 143.015031
15.850656 43.066648
39.625545 92.336978
16.163484 28.832997
92.649805 165.225783
77.164844 155.371717
38.843477 91.554909
61.679884 145.517651
37.122926 130.501932
16.163484 77.946913
53.077128 139.886756
48.228302 137.071309
15.694242 19.448172
89.521530 163.505232
16.476311 71.690363
15.225001 84.672704
38.374236 95.934494
16.007070 64.026090
2.868315 2.868315
15.850656 5.996590
16.476311 65.903055
2.868315 3.024729
85.454773 160.846198
31.022789 127.060829
72.472432 152.869097
86.862497 161.941095
82.482912 158.656406
92.493392 164.912956
15.850656 23.984171
88.270220 162.723163
6.153004 108.447594
16.319897 60.115746
16.476311 54.015610
15.537829 11.314658
16.163484 42.910234
15.694242 20.230241
76.226362 155.215304
15.068587 26.643205
97.498631 168.666886
51.825818 139.417515
16.163484 51.043749
16.476311 56.987471
15.381415 60.584987
47.602647 136.602068
61.992711 146.143306
16.163484 63.556849
33.994651 87.175324
78.103327 156.310200
16.163484 78.572568
83.890636 160.064130
93.119047 166.007852
15.850656 24.140585
15.225001 24.296998
38.687063 131.284000
39.625545 94.839598
29.927893 125.809519
46.194923 135.507172
96.560149 168.197644
16.163484 63.713262
15.068587 37.592167
17.727621 118.458073
16.319897 68.874916
58.864436 143.797100
16.632725 72.472432
73.880156 153.338339
15.850656 64.964572
16.319897 56.205403
80.449533 157.717923
67.467192 149.427995
99.532010 169.918196
16.632725 72.003191
86.236842 161.471853
15.225001 7.247900
61.210642 145.204824
16.476311 65.590227
16.319897 79.823878
69.500571 150.835719
60.741401 145.048410
71.533950 151.774201
92.649805 165.069369
16.163484 32.743341
19.604586 119.396556
38.217822 130.814759
40.720442 132.535310
34.776719 128.781381
61.836297 145.674065
15.694242 84.203463
16.163484 63.244021
55.892575 141.763721
82.952153 159.125647
97.185804 168.823299
46.351337 136.132827
16.789139 52.920714
16.319897 41.658924
2.555488 2.555488
94.996011 167.102748
2.711902 2.711902
23.202102 122.055589
83.890636 159.751302
16.632725 79.041809
33.368996 127.842898
80.605947 158.030751
58.082367 143.327859
15.225001 17.414794
85.611187 161.315440
16.319897 66.215882
19.448172 119.552970
94.526770 166.477093
71.064708 151.461374
85.298359 161.002612
48.853956 137.540550
16.632725 60.897815
59.802919 144.422755
15.537829 18.822517
16.007070 31.804858
3.181143 86.393255
16.163484 37.748581
68.874916 150.053650
16.476311 72.316018
71.690363 151.930615
15.694242 20.855896
59.802919 144.735583
15.225001 48.071888
2.399074 111.888696
67.154365 149.115167
84.829118 160.376957
16.632725 69.500571
16.632725 77.164844
16.319897 53.233541
16.476311 81.544429
39.469132 92.493392
97.342218 168.510472
15.537829 5.214521
16.007070 65.120986
2.711902 2.242660
13.035209 115.486212
67.154365 149.584409
16.319897 77.008431
15.694242 60.428574
22.420033 121.117107
16.163484 60.741401
15.694242 7.873555
56.205403 142.232963
34.463892 128.468553
56.987471 142.545790
16.163484 28.050928
15.694242 83.734222
16.007070 71.064708
4.119625 109.542490
79.511051 156.935855
15.225001 32.430513
89.990772 164.130887
16.476311 80.605947
16.476311 74.818638
15.850656 9.594106
15.068587 84.516290
5.527349 111.106627
83.264981 159.282061
36.497271 129.876277
59.490091 143.953514
16.163484 55.736161
15.694242 21.481551
64.808159 147.238202
51.200163 138.791860
16.476311 67.154365
45.569268 135.350758
16.632725 72.628846
89.990772 163.661646
16.789139 79.511051
17.414794 117.988832
59.802919 144.266341
23.202102 121.899176
16.163484 65.433814
53.546369 140.199584
15.537829 30.866376
39.469132 88.739462
31.179203 126.591588
16.476311 50.730921
16.319897 73.880156
49.323198 137.696964
81.388016 158.343578
16.476311 58.082367
15.694242 58.864436
42.753820 133.786620
98.593528 168.979713
66.059469 148.489512
16.319897 76.226362
74.349397 153.963994
26.173963 123.463313
63.087607 146.299720
29.615066 87.018910
95.152425 167.415576
15.537829 15.694242
15.537829 4.588866
15.694242 42.440993
16.632725 50.574508
16.789139 56.048989
51.512990 139.104688
44.005130 134.412275
15.068587 62.305539
29.615066 125.496692
16.319897 59.490091
54.328438 140.981653
16.319897 71.846777
16.163484 46.664164
31.492031 126.904416
16.476311 57.925954
28.520170 124.871037
15.850656 7.560728
16.476311 67.467192
16.632725 64.651745
16.163484 79.354637
16.007070 26.017550
16.632725 70.439053
79.511051 157.248682
21.950792 120.960693
41.658924 132.848138
16.476311 64.338917
16.007070 36.966512
33.681823 128.312139
38.530649 89.208703
15.694242 22.889275
38.843477 89.834358
49.479611 137.853378
16.007070 34.933133
3.337557 96.560149
65.590227 147.863857
75.757121 154.746062
3.024729 97.029390
15.694242 20.543069
76.226362 154.902476
30.084307 126.122347
16.476311 77.790499
55.266920 141.607308
16.319897 49.479611
14.286519 39.469132
39.469132 131.753242
94.996011 166.946334
16.476311 54.954093
16.319897 52.451473
16.163484 78.416154
16.476311 50.887335
16.319897 67.936433
27.581687 124.558209
14.442932 85.141945
16.007070 27.894515
93.588288 166.164266
81.388016 158.499992
16.007070 117.206763
54.797679 141.450894
43.535889 134.099448
17.727621 118.301660
16.319897 59.802919
16.476311 80.136706
39.312718 90.303599
28.832997 125.027451
78.103327 156.153786
16.632725 71.533950
59.646505 144.109928
22.576447 121.429934
16.476311 72.159605
16.476311 68.249261
15.850656 33.681823
16.632725 80.918774
54.954093 141.138066
15.537829 6.309418
16.789139 70.595467
16.319897 82.795739
80.136706 157.561510
15.694242 46.194923
16.007070 54.172024
15.850656 11.471071
16.163484 72.785260
16.319897 82.482912
63.244021 146.768961
16.007070 62.461952
16.476311 68.092847
15.850656 20.699482
45.412854 135.194344
63.087607 146.456134
2.711902 86.080428
16.319897 47.602647
38.687063 95.621666
15.537829 4.276039
16.007070 38.374236
82.170084 158.812820
16.319897 69.656985
15.694242 36.184443
56.205403 142.076549
16.007070 33.994651
16.632725 74.662225
43.535889 133.943034
15.850656 39.938373
31.961272 127.217243
16.007070 42.753820
39.156304 92.180564
13.660864 116.111867
16.319897 75.287879
15.537829 9.124865
16.007070 29.302238
92.649805 165.382197
88.426634 162.879577
16.163484 45.412854
16.476311 70.751881
15.537829 6.465831
15.850656 14.286519
16.007070 33.525409
16.163484 61.054229
15.381415 10.063348
15.225001 83.264981
35.558788 129.250622
96.560149 168.041231
52.764300 139.730343
16.319897 42.597407
17.571207 118.145246
39.625545 88.895875
16.319897 58.708022
16.163484 81.700843
38.061408 90.460013
32.274099 127.530071
16.319897 59.333677
16.476311 80.293119
13.348036 115.799040
15.694242 38.687063
39.312718 91.085668
15.694242 8.968451
16.007070 29.615066
16.319897 82.326498
16.007070 40.564028
16.007070 58.395195
14.130105 116.268281
74.505811 153.651166
39.156304 91.242082
15.225001 82.952153
16.632725 69.813398
14.286519 85.298359
54.172024 140.825239
39.156304 88.113807
16.007070 45.725682
50.574508 138.479033
15.850656 59.646505
84.985532 160.689785
15.537829 12.878795
75.600707 154.433235
15.537829 18.978931
16.476311 53.702783
69.969812 150.992132
39.312718 90.147185
16.163484 31.648444
16.007070 32.274099
14.442932 116.581108
16.319897 28.363756
39.312718 90.772840
38.843477 131.596828
51.825818 139.261101
15.381415 15.850656
16.163484 40.251200
16.163484 43.848717
15.850656 23.827757
27.268860 124.088968
15.694242 22.263620
53.859196 140.668825
16.007070 27.581687
16.163484 62.149125
16.163484 52.138645
15.694242 18.666104
16.632725 52.764300
16.007070 37.122926
51.043749 138.635446
94.683184 166.789921
38.843477 95.465253
65.746641 148.020271
15.694242 25.079067
15.381415 5.840176
15.694242 16.163484
70.439053 151.148546
79.354637 156.779441
16.163484 57.143885
15.850656 41.815338
43.535889 134.725103
35.245961 128.937794
16.319897 57.613126
16.319897 49.323198
36.810098 130.032690
16.319897 74.036570
16.007070 35.245961
16.789139 81.231602
16.007070 25.391895
94.213943 166.633507
16.319897 44.943613
16.319897 32.899754
15.850656 4.901694
15.850656 12.253140
16.007070 63.087607
77.477672 155.840959
93.275460 165.695024
39.469132 88.583048
39.625545 94.213943
51.669404 138.948274
16.007070 76.539189
38.687063 95.152425
15.850656 23.045688
4.119625 110.011731
16.163484 44.005130
16.476311 49.636025
16.007070 15.068587
15.694242 7.404314
45.412854 135.037930
15.694242 16.945552
45.725682 135.976413
39.625545 94.683184
36.497271 129.719863
16.319897 79.198223
16.007070 44.317958
100.001251 170.387437
39.312718 89.052289
21.012310 120.804279
16.007070 76.069948
87.488152 162.253922
15.850656 14.599346
16.007070 67.780020
38.374236 88.270220
3.493970 96.716563
20.073827 119.865797
15.850656 34.307478
16.476311 80.449533
46.038509 135.663585
16.476311 61.367056
16.632725 49.792439
14.912174 84.985532
16.163484 65.277400
15.694242 22.576447
15.694242 39.312718
15.537829 22.420033
16.163484 60.272160
15.381415 3.963211
74.505811 154.276821
15.850656 14.912174
16.007070 24.922653
83.577808 159.594888
16.319897 54.797679
16.476311 61.523470
16.476311 73.098087
16.007070 48.853956
15.537829 25.861136
16.163484 59.177264
88.113807 162.566750
15.068587 20.073827
58.395195 143.484273
16.007070 83.890636
16.319897 82.013671
16.007070 43.535889
2.555488 3.493970
16.476311 69.344157
29.927893 125.965933
63.713262 146.925375
57.300299 142.702204
66.997951 148.958754
16.163484 38.061408
16.163484 38.843477
15.694242 44.787199
16.632725 74.192983
19.291759 119.083728
16.476311 56.518230
39.469132 90.616427
16.007070 45.882095
46.976992 136.445654
74.349397 153.494752
15.694242 33.838237
16.319897 68.405675
16.007070 40.720442
16.319897 45.256440
15.850656 9.281279
16.163484 38.217822
15.850656 36.028029
15.694242 16.789139
37.748581 92.806219
16.476311 73.410915
14.755760 17.258380
15.694242 45.569268
15.694242 83.577808
13.660864 115.955453
73.098087 153.181925
16.319897 44.630785
98.749941 169.448954
2.711902 3.181143
15.694242 19.291759
29.458652 125.653106
31.179203 126.748002
69.187743 150.522891
15.694242 23.671343
89.365117 163.348818
13.348036 115.642626
15.068587 45.100027
15.694242 13.973691
5.683763 111.263041
30.709962 126.435174
41.815338 133.160965
16.789139 74.505811
15.537829 5.527349
39.312718 89.521530
16.007070 29.145825
44.005130 134.255862
57.769540 142.858618
16.163484 28.676583
66.685123 148.802340
15.694242 14.130105
16.319897 47.759060
55.736161 141.920135
98.906355 170.074609
15.068587 62.618366
16.632725 78.728982
16.163484 117.363177
16.319897 66.059469
2.242660 107.821939
16.319897 48.384715
67.310778 149.271581
20.699482 120.178624
16.163484 31.335617
16.007070 63.869676
7.247900 112.045110
65.746641 148.176685
15.850656 31.179203
16.476311 58.551609
35.402374 129.094208
39.312718 89.990772
15.381415 15.381415
16.163484 70.126226
15.694242 19.761000
15.694242 12.409554
59.020850 143.640686
16.632725 73.723742
15.537829 4.745280
72.316018 152.556270
15.537829 9.750520
67.936433 149.897236
15.225001 74.975052
16.163484 53.389955
15.068587 67.623606
2.399074 97.342218
5.683763 108.134766
15.381415 4.432453
15.850656 24.453412
3.963211 109.698904
14.755760 13.035209
16.163484 68.718502
16.476311 51.512990
15.537829 84.359877
15.694242 23.358516
16.319897 55.110506
16.007070 37.904994
15.381415 66.685123
38.687063 95.778080
16.007070 43.223062
14.912174 83.108567
22.420033 121.586348
95.465253 167.571989
37.279339 130.345518
15.537829 19.917414
27.894515 124.401796
16.945552 52.607886
43.692303 134.568689
16.632725 53.859196
16.163484 40.407614
84.985532 160.533371
16.319897 75.131466
15.694242 29.771480
16.007070 26.956032
16.476311 49.948853
15.381415 10.376175
16.007070 17.571207
16.007070 47.289819
16.163484 51.669404
39.312718 92.649805
3.337557 96.872976
16.319897 68.562088
85.767600 161.159026
79.667464 157.405096
8.342796 112.983592
16.319897 31.492031
16.319897 44.474372
21.168724 120.335038
46.351337 135.819999
15.850656 35.871616
16.007070 62.774780
78.885396 156.623027
38.530649 87.957393
28.989411 125.183864
21.481551 120.647866
14.599346 116.424695
11.471071 114.860557
15.694242 5.058108
35.715202 129.407035
15.850656 17.727621
7.404314 112.670765
15.694242 16.632725
77.634086 155.997372
25.704722 123.150486
15.850656 7.717141
39.469132 89.677944
15.850656 32.586927
32.899754 127.686484
24.296998 122.524831
39.781959 94.057529
25.235481 122.837658
15.381415 6.935073
20.386655 120.022211
15.850656 28.520170
15.537829 30.553548
16.007070 30.397135
16.476311 64.808159
16.319897 75.600707
16.319897 69.031330
39.781959 93.588288
16.163484 67.310778
12.722381 115.329798
27.112446 124.245382
15.694242 13.504450
16.319897 82.639326
54.797679 141.294480
16.007070 84.047049
15.694242 41.971752
11.783899 115.016971
23.202102 121.742762
16.319897 47.446233
16.007070 34.463892
16.319897 61.210642
39.469132 90.929254
16.007070 42.284579
69.187743 150.210064
16.007070 17.884035
16.632725 51.356576
4.432453 110.637386
67.467192 149.740822
14.442932 117.050350
16.163484 46.507750
16.163484 58.238781
15.850656 10.219761
16.007070 25.704722
15.537829 21.168724
49.948853 138.166205
15.537829 20.386655
16.007070 81.075188
16.007070 28.207342
16.476311 55.579748
64.338917 147.394616
26.799618 123.932554
16.319897 80.762361
2.555488 1.929833
14.912174 116.737522
16.163484 41.346097
15.850656 12.096726
16.476311 50.418094
15.068587 13.348036
15.850656 27.425273
26.330377 123.619727
16.319897 66.528710
15.381415 3.650384
16.163484 41.189683
16.007070 13.817277
16.007070 27.738101
16.163484 35.715202
16.007070 29.927893
15.381415 12.565967
7.247900 112.514351
32.430513 127.373657
6.935073 112.357937
15.381415 10.532589
39.156304 91.711323
12.409554 115.173385
38.061408 87.644565
15.694242 11.783899
24.140585 122.368417
39.312718 89.365117
16.163484 75.444293
16.476311 55.892575
24.609826 122.681244
16.319897 54.328438
15.225001 32.117686
15.850656 19.604586
15.694242 17.101966
16.163484 36.497271
16.476311 64.495331
16.476311 49.166784
16.007070 52.295059
16.319897 57.456712
16.319897 46.038509
16.163484 53.546369
15.381415 19.135345
15.537829 16.476311
16.163484 28.989411
2.086247 111.732282
15.381415 24.766240
66.685123 148.645926
39.312718 92.024150
15.694242 31.961272
15.537829 5.683763
15.225001 13.191622
35.402374 87.331738
1.617005 106.570629
1.773419 97.498631
71.690363 152.087029
16.007070 34.776719
18.978931 119.240142
11.471071 114.704143
63.869676 147.081789
4.745280 110.324559
2.555488 2.399074
16.007070 43.692303
17.101966 117.832418
15.537829 18.040449
16.163484 30.709962
15.850656 30.084307
49.010370 137.384137
15.068587 83.421394
37.279339 130.658345
16.163484 35.402374
15.694242 13.660864
16.007070 48.228302
2.399074 85.924014
15.537829 9.437693
15.694242 30.240721
1.929833 114.547730
22.732861 121.273521
28.207342 86.862497
50.105266 138.009792
15.694242 36.653684
15.225001 21.950792
15.694242 11.001830
5.683763 110.950214
15.068587 8.499210
15.694242 26.799618
5.214521 109.229662
70.595467 151.304960
16.163484 39.156304
15.694242 8.186383
15.694242 9.906934
15.537829 34.620306
15.068587 25.548308
5.840176 107.978352
4.588866 110.168145
39.312718 93.744701
15.694242 6.622245
4.276039 109.855317
18.509690 118.770901
25.548308 122.994072
16.007070 46.976992
2.868315 86.236842
15.850656 18.509690
16.632725 70.908295
14.599346 26.486791
16.476311 33.056168
33.838237 128.155726
39.469132 94.526770
15.694242 34.151064
16.476311 51.200163
15.068587 12.722381
39.156304 94.996011
5.370935 109.073249
15.694242 23.202102
15.850656 33.368996
16.007070 38.530649
15.537829 18.353276
37.122926 130.189104
38.687063 131.127587
16.007070 31.022789
39.938373 132.066069
16.319897 50.105266
16.007070 66.997951
16.319897 35.558788
15.850656 43.379475
33.681823 127.999312
47.759060 136.914895
15.694242 6.153004
16.007070 11.158244
15.694242 37.279339
16.163484 54.641265
26.330377 123.776141
15.381415 42.128165
15.694242 21.012310
5.527349 111.419455
28.363756 86.706083
15.225001 22.107206
16.007070 48.541129
16.632725 55.423334
15.694242 21.325137
73.254501 153.025511
15.537829 16.319897
15.537829 16.007070
81.231602 158.187165
14.755760 15.537829
15.850656 14.442932
16.789139 51.982231
16.007070 14.755760
16.007070 36.340857
20.855896 120.491452
2.399074 107.665525
15.850656 29.458652
2.242660 85.767600
16.163484 48.697543
15.694242 11.940313
2.086247 111.575868
6.935073 112.201523
16.319897 50.261680
16.945552 117.676005
39.156304 91.398495
2.555488 1.617005
30.553548 126.278761
4.745280 110.480972
2.868315 96.247321
14.599346 84.829118
2.555488 2.086247
15.381415 21.637965
2.399074 85.611187
2.555488 108.604007
2.399074 97.185804
16.163484 46.820578
2.399074 108.760421
16.007070 36.810098
15.537829 5.370935
38.843477 95.308839
14.755760 116.893936
3.181143 96.090908
2.555488 1.773419
1.617005 97.655045
1.929833 114.234902
2.242660 3.337557
2.399074 114.391316
1.617005 107.509111
1.617005 113.140006
1.617005 113.296420
1.617005 109.386076
1.617005 106.414215
