5.840176 118.770901
5.996590 123.463313
3.337557 108.291180
5.214521 124.871037
6.153004 130.501932
5.527349 119.083728
5.840176 115.173385
5.996590 120.335038
5.370935 117.832418
4.276039 109.855317
5.840176 119.865797
5.996590 119.240142
5.683763 126.748002
33.838237 132.848138
5.996590 130.658345
5.996590 123.776141
3.493970 107.509111
4.276039 109.542490
3.806798 108.760421
5.527349 115.799040
4.745280 114.704143
5.370935 123.150486
4.745280 112.670765
4.588866 114.234902
4.745280 123.306899
6.153004 119.552970
4.901694 111.263041
5.527349 115.642626
5.370935 125.027451
4.901694 114.860557
5.840176 120.647866
5.683763 115.955453
5.996590 121.742762
5.370935 116.268281
5.840176 121.273521
5.527349 120.022211
5.370935 112.983592
5.683763 117.988832
5.214521 113.140006
5.370935 124.245382
5.214521 115.486212
5.370935 113.609247
5.370935 122.994072
34.307478 133.004552
4.745280 111.419455
5.840176 121.429934
5.058108 120.960693
4.276039 110.480972
5.370935 117.363177
5.996590 119.709383
6.465831 121.899176
5.683763 118.927315
5.683763 124.088968
4.901694 111.732282
5.683763 120.491452
5.683763 125.340278
5.214521 125.809519
6.309418 122.055589
4.745280 110.168145
4.588866 114.391316
4.901694 110.324559
5.683763 118.458073
5.996590 123.932554
5.058108 112.201523
4.119625 109.073249
4.745280 111.575868
5.527349 118.301660
5.683763 125.965933
3.806798 108.604007
5.214521 116.737522
5.996590 123.619727
5.683763 127.217243
5.996590 121.586348
4.901694 111.106627
5.214521 113.296420
5.058108 110.793800
5.058108 116.424695
5.370935 121.117107
4.276039 107.821939
5.058108 124.558209
5.214521 113.765661
4.432453 109.386076
4.745280 110.950214
2.868315 107.039870
5.370935 122.681244
4.276039 109.229662
5.527349 118.614487
5.840176 120.178624
5.058108 122.837658
5.683763 126.591588
5.527349 115.329798
5.214521 117.206763
5.683763 124.714623
6.309418 130.814759
5.840176 119.396556
5.058108 112.827178
4.432453 110.637386
5.527349 117.050350
4.901694 114.078488
5.214521 116.111867
5.840176 120.804279
5.370935 113.452833
6.309418 122.212003
5.058108 125.653106
4.901694 112.357937
3.963211 109.698904
5.214521 118.145246
5.683763 129.719863
5.058108 114.547730
4.901694 112.045110
2.711902 107.196284
5.058108 113.922075
5.683763 125.496692
5.370935 125.183864
4.745280 111.888696
5.214521 116.581108
5.058108 116.893936
4.901694 124.401796
5.214521 117.676005
3.806798 107.665525
2.868315 107.352697
5.996590 122.524831
3.650384 108.916835
5.840176 117.519591
4.432453 110.011731
4.588866 107.978352
4.276039 112.514351
5.840176 122.368417
5.527349 115.016971
2.242660 106.883456
3.650384 108.447594
3.806798 108.134766
