1.720551 124.974583
1.876965 128.884926
1.720551 131.387546
1.720551 116.841068
1.720551 114.651276
1.720551 109.333208
1.720551 117.153895
1.876965 113.869207
1.876965 119.656515
1.720551 125.130997
1.720551 131.231133
1.720551 113.556379
1.720551 109.958863
1.720551 107.769071
1.876965 112.461483
1.720551 115.746172
1.876965 108.238312
1.720551 120.282170
1.720551 111.679414
1.720551 110.897346
1.720551 131.543960
1.876965 113.399966
1.720551 116.997482
1.720551 116.528241
1.720551 119.030860
1.720551 127.633616
1.876965 119.812929
1.720551 119.343688
1.720551 112.774311
1.720551 111.053759
1.720551 129.823409
1.720551 108.081898
1.720551 119.187274
1.720551 128.728513
1.720551 113.087138
1.720551 115.902586
1.720551 124.036100
1.720551 129.979823
1.720551 115.589758
1.720551 125.287410
1.720551 112.930724
1.720551 119.500102
1.720551 118.561619
1.720551 113.712793
1.720551 109.646036
1.876965 110.271691
1.720551 126.382306
1.720551 130.761891
1.720551 130.605478
1.876965 120.125757
