3.493970 1.773419
3.337557 1.929833
3.181143 2.086247
3.181143 2.399074
2.868315 2.242660
3.493970 3.024729
2.868315 2.555488
3.493970 3.181143
3.181143 2.868315
2.868315 2.711902
3.337557 3.963211
3.181143 3.806798
3.181143 3.650384
2.868315 3.337557
3.181143 4.119625
2.555488 3.493970
3.493970 4.588866
3.181143 4.276039
3.337557 4.432453
2.868315 4.745280
3.181143 5.214521
3.650384 5.058108
3.181143 4.901694
3.493970 5.840176
3.024729 5.370935
3.650384 6.153004
3.337557 5.996590
3.024729 5.527349
3.024729 5.683763
3.493970 7.404314
2.711902 6.935073
3.024729 6.778659
3.337557 6.465831
3.181143 6.309418
3.337557 6.622245
2.868315 7.247900
2.555488 7.091486
3.024729 7.873555
3.181143 7.717141
3.181143 8.186383
3.024729 8.029969
2.711902 7.560728
3.493970 8.499210
2.555488 8.655624
2.711902 8.342796
3.181143 8.812038
3.337557 9.124865
2.555488 8.968451
3.337557 9.594106
3.337557 9.437693
3.493970 9.281279
2.868315 9.750520
2.399074 10.063348
2.555488 9.906934
2.868315 10.219761
3.337557 10.845416
2.868315 10.689003
2.868315 11.001830
2.555488 10.376175
3.024729 11.158244
2.242660 10.532589
2.711902 11.314658
3.337557 12.253140
3.181143 12.096726
3.024729 11.471071
3.337557 11.783899
3.024729 11.627485
2.868315 12.409554
3.181143 11.940313
3.024729 13.348036
2.868315 12.565967
2.868315 13.504450
2.711902 13.035209
2.711902 12.722381
2.711902 12.878795
2.399074 13.191622
2.242660 14.130105
2.086247 14.286519
2.086247 13.973691
1.929833 13.660864
1.929833 13.817277
1.617005 14.442932
1.617005 14.755760
1.617005 14.599346
