2.868315 29.927893
24.609826 133.943034
3.337557 127.842898
2.555488 78.259741
3.337557 32.899754
2.868315 93.588288
29.771480 24.609826
2.711902 97.655045
3.024729 26.799618
3.337557 39.156304
2.399074 116.581108
2.555488 118.145246
2.868315 91.554909
25.861136 101.878216
2.868315 22.732861
29.458652 35.089547
24.609826 132.848138
2.711902 116.893936
4.588866 131.753242
3.024729 22.889275
1.773419 75.757121
3.337557 30.397135
3.024729 21.637965
2.555488 102.503871
2.711902 106.570629
24.766240 133.160965
2.711902 78.572568
2.242660 122.994072
2.711902 12.253140
3.024729 101.408975
2.868315 99.532010
2.399074 125.027451
2.868315 19.761000
3.963211 129.094208
2.711902 11.001830
3.024729 89.365117
23.358516 123.776141
25.861136 102.191044
23.827757 124.558209
3.337557 30.709962
2.868315 21.950792
2.868315 102.816699
3.963211 130.032690
2.399074 97.029390
2.555488 81.544429
2.711902 86.862497
3.024729 18.040449
3.024729 41.658924
4.745280 130.814759
2.399074 71.377536
3.337557 129.563449
3.024729 13.504450
2.711902 77.164844
2.555488 80.293119
25.079067 84.985532
3.337557 31.022789
2.711902 118.301660
2.399074 114.860557
2.711902 108.134766
2.711902 112.201523
3.024729 9.594106
2.555488 84.516290
3.181143 32.430513
3.337557 24.453412
26.017550 102.034630
2.711902 121.117107
2.555488 87.175324
2.868315 27.112446
27.894515 44.161544
2.242660 79.980292
23.514930 124.401796
2.399074 74.662225
3.181143 17.727621
2.868315 92.649805
3.337557 127.217243
2.399074 90.772840
3.181143 16.476311
2.711902 82.013671
2.555488 55.110506
3.337557 13.817277
24.609826 133.004552
2.711902 115.955453
2.711902 81.075188
2.711902 82.639326
3.181143 22.576447
25.704722 104.537250
2.242660 70.908295
2.086247 66.059469
23.045688 124.871037
27.268860 44.474372
28.676583 41.189683
2.399074 79.198223
2.399074 91.085668
3.024729 30.553548
3.181143 22.263620
2.086247 122.837658
2.242660 120.960693
29.615066 29.771480
25.235481 100.783320
28.207342 44.005130
3.024729 41.346097
23.358516 123.619727
3.181143 41.971752
2.086247 123.150486
3.181143 17.884035
4.745280 130.658345
2.711902 25.079067
2.711902 112.357937
2.555488 108.916835
2.399074 87.331738
24.609826 133.473793
3.337557 26.486791
3.493970 38.843477
25.861136 105.788560
3.181143 30.084307
2.868315 99.688424
2.555488 122.055589
25.704722 102.347457
24.766240 134.412275
2.868315 18.196862
2.868315 41.815338
2.242660 71.533950
24.766240 84.829118
3.024729 20.386655
2.711902 97.811459
3.493970 37.748581
2.868315 15.537829
29.927893 34.463892
2.711902 97.967873
2.399074 87.644565
2.086247 27.581687
3.024729 89.208703
28.520170 40.720442
2.711902 84.359877
3.024729 11.471071
2.399074 120.491452
25.235481 102.660285
2.711902 119.240142
2.711902 91.242082
3.024729 125.809519
2.868315 42.597407
3.181143 27.268860
29.302238 34.776719
25.235481 85.141945
29.145825 33.994651
2.868315 106.257801
3.493970 127.373657
2.399074 36.966512
28.363756 43.535889
2.242660 121.273521
25.548308 93.119047
2.711902 82.795739
28.676583 40.564028
2.868315 110.011731
2.555488 79.041809
24.922653 82.952153
2.086247 70.439053
2.399074 126.278761
3.337557 129.719863
1.773419 73.254501
2.555488 39.469132
3.337557 38.687063
25.704722 93.431874
3.024729 28.520170
1.773419 76.852017
4.432453 132.066069
2.086247 70.751881
28.363756 42.753820
27.894515 44.317958
3.024729 38.999891
3.493970 128.781381
2.399074 100.314079
23.202102 123.463313
3.337557 15.225001
25.704722 99.062769
24.296998 132.378897
1.617005 53.389955
25.235481 93.275460
2.555488 74.505811
4.745280 131.127587
29.458652 34.620306
1.773419 70.595467
3.337557 25.861136
24.296998 133.317379
2.399074 81.388016
28.676583 40.094787
2.399074 45.569268
1.929833 67.310778
25.235481 85.454773
3.024729 11.158244
2.555488 115.173385
3.181143 33.525409
3.337557 37.592167
3.181143 15.381415
3.024729 32.743341
1.929833 76.226362
2.086247 45.882095
2.399074 108.604007
2.711902 101.252561
29.771480 31.804858
28.050928 43.223062
2.555488 125.653106
2.711902 23.045688
1.617005 73.098087
24.766240 133.786620
1.929833 59.646505
3.024729 117.050350
2.086247 57.613126
2.242660 116.424695
3.181143 28.676583
2.868315 91.398495
2.711902 116.737522
2.868315 112.514351
3.024729 19.448172
2.868315 98.437114
2.555488 87.018910
3.181143 13.348036
24.140585 132.222483
2.086247 60.897815
3.181143 39.312718
2.555488 119.552970
2.711902 120.178624
2.555488 106.727042
3.181143 36.497271
2.711902 24.296998
3.024729 31.179203
2.555488 45.412854
2.242660 75.131466
2.086247 70.282640
3.181143 28.989411
4.588866 129.876277
29.302238 35.245961
3.024729 13.660864
3.024729 22.420033
2.868315 9.281279
3.024729 31.492031
2.555488 28.207342
1.929833 72.785260
3.181143 24.922653
2.868315 89.052289
3.181143 29.302238
3.024729 13.191622
3.024729 31.648444
2.242660 74.192983
2.711902 20.073827
2.399074 122.681244
3.181143 14.755760
3.337557 13.973691
27.112446 46.664164
28.363756 43.848717
4.588866 130.501932
3.337557 33.212582
1.929833 52.138645
2.555488 108.291180
25.079067 85.298359
3.024729 25.235481
1.617005 56.674644
1.929833 27.425273
2.711902 109.229662
2.711902 78.416154
2.868315 9.437693
1.773419 56.361816
3.181143 31.335617
3.181143 128.624967
1.617005 61.210642
24.609826 134.099448
29.771480 24.766240
4.588866 131.440414
4.432453 130.971173
2.711902 89.677944
3.337557 29.145825
26.956032 46.820578
2.868315 113.452833
2.555488 80.605947
2.555488 112.827178
1.773419 52.764300
2.242660 106.883456
3.024729 20.699482
2.086247 59.333677
29.302238 33.056168
3.024729 126.904416
2.711902 103.285940
2.711902 93.901115
2.555488 110.950214
2.555488 94.839598
2.711902 117.676005
25.079067 83.264981
2.711902 23.202102
1.773419 54.484851
3.181143 25.391895
1.929833 65.903055
2.555488 104.380836
24.609826 134.255862
3.963211 131.596828
2.711902 83.577808
2.555488 97.342218
3.024729 37.279339
2.399074 107.509111
3.024729 20.543069
3.024729 10.219761
2.555488 7.873555
28.989411 40.407614
2.399074 119.396556
29.302238 34.933133
3.024729 26.956032
3.337557 26.173963
2.711902 115.329798
29.458652 29.615066
29.458652 35.871616
2.711902 112.983592
3.024729 18.978931
1.773419 60.428574
2.868315 45.256440
3.181143 37.435753
28.363756 41.502510
2.242660 74.818638
2.711902 99.844838
2.868315 8.029969
3.024729 19.604586
4.588866 130.345518
29.302238 36.653684
1.929833 69.031330
1.929833 72.472432
2.555488 117.206763
1.773419 67.154365
2.868315 89.521530
2.711902 9.750520
29.771480 34.307478
2.711902 8.499210
25.235481 105.162905
3.024729 14.130105
1.773419 67.467192
2.711902 98.593528
2.555488 122.212003
3.181143 10.063348
2.242660 68.405675
1.929833 61.054229
1.773419 7.404314
3.337557 33.368996
2.555488 111.106627
3.963211 129.407035
23.358516 123.932554
2.711902 7.717141
2.868315 84.047049
2.711902 77.790499
2.555488 80.762361
3.024729 18.353276
1.929833 69.187743
3.181143 126.435174
2.868315 11.783899
3.024729 126.748002
2.711902 105.006491
23.984171 133.630207
3.181143 28.363756
24.609826 83.108567
3.024729 11.627485
3.024729 15.694242
25.391895 105.319319
2.555488 83.734222
2.868315 86.706083
1.929833 68.562088
3.181143 128.155726
3.337557 16.007070
1.617005 59.959332
1.929833 74.349397
28.050928 43.379475
1.617005 47.446233
28.363756 42.910234
3.024729 42.128165
1.773419 95.465253
24.296998 132.535310
3.181143 15.850656
2.242660 107.039870
3.024729 39.625545
25.391895 49.323198
2.242660 110.637386
2.711902 114.704143
2.555488 77.634086
3.181143 16.163484
2.711902 107.352697
3.024729 17.571207
2.711902 92.024150
3.181143 16.319897
2.711902 24.140585
2.242660 111.263041
2.555488 93.744701
3.024729 9.906934
2.242660 79.823878
3.181143 25.704722
2.555488 79.354637
25.704722 103.442354
2.242660 111.575868
2.868315 19.291759
24.140585 132.691724
1.617005 72.628846
2.242660 87.488152
2.086247 59.490091
3.024729 109.386076
1.773419 70.126226
2.555488 104.693664
23.514930 124.088968
3.493970 127.530071
2.711902 8.812038
2.868315 119.083728
2.555488 110.480972
1.929833 78.728982
2.399074 107.665525
2.399074 73.410915
25.548308 103.129526
2.868315 11.940313
2.711902 42.284579
1.773419 49.792439
3.024729 12.096726
2.242660 71.846777
29.302238 36.028029
4.588866 131.284000
2.242660 95.621666
2.868315 19.917414
2.868315 10.532589
28.520170 41.033269
2.555488 110.324559
2.868315 101.721803
2.555488 54.172024
2.711902 20.230241
3.181143 38.530649
25.548308 104.850077
29.145825 35.558788
3.024729 113.140006
1.773419 49.166784
2.242660 91.711323
3.024729 45.100027
3.337557 23.514930
2.555488 105.944974
3.181143 127.999312
2.242660 9.124865
2.399074 66.528710
3.493970 128.312139
2.711902 116.268281
2.399074 96.560149
2.555488 110.168145
2.555488 7.560728
3.493970 23.358516
2.711902 113.296420
1.929833 94.370356
2.399074 77.008431
2.399074 110.793800
2.555488 113.609247
3.024729 100.157665
2.711902 8.342796
2.242660 118.458073
1.773419 56.518230
2.086247 54.015610
3.337557 16.632725
2.711902 12.565967
2.399074 112.045110
3.181143 44.630785
2.399074 66.215882
2.399074 118.927315
1.773419 46.507750
3.181143 26.643205
2.242660 83.421394
28.832997 39.781959
2.711902 90.147185
3.024729 20.855896
4.432453 130.189104
2.868315 89.834358
2.399074 120.335038
3.181143 23.671343
2.555488 87.957393
2.242660 120.647866
2.711902 117.832418
1.929833 94.057529
2.086247 50.574508
2.555488 91.867737
2.711902 86.393255
4.432453 131.909655
29.458652 33.838237
2.242660 46.038509
2.711902 125.183864
3.024729 83.890636
2.555488 98.280700
26.799618 46.976992
2.711902 14.599346
2.711902 111.888696
2.399074 120.804279
2.242660 75.600707
24.609826 85.611187
3.024729 23.984171
2.242660 73.567328
2.399074 54.797679
2.086247 71.064708
2.086247 96.090908
2.086247 77.477672
1.617005 48.541129
2.242660 123.306899
1.929833 68.718502
1.929833 51.200163
2.868315 33.681823
2.868315 116.111867
2.086247 52.920714
28.989411 40.876855
25.548308 102.973112
1.929833 50.418094
2.086247 75.287879
28.989411 40.251200
2.711902 82.170084
2.711902 14.286519
2.868315 77.946913
3.337557 127.060829
2.868315 8.186383
1.929833 56.987471
2.242660 98.124286
2.868315 10.376175
2.086247 87.800979
2.086247 73.880156
3.337557 38.374236
3.181143 35.402374
4.119625 129.250622
3.181143 18.509690
1.617005 45.725682
3.024729 29.458652
2.242660 92.180564
2.555488 80.918774
2.086247 95.778080
3.181143 127.686484
2.555488 81.231602
2.868315 82.326498
2.711902 104.224422
2.555488 125.340278
3.181143 18.822517
3.024729 42.440993
2.242660 96.403735
2.399074 74.975052
3.181143 100.001251
2.242660 94.213943
29.458652 34.151064
25.235481 86.080428
2.711902 108.447594
2.399074 109.073249
2.086247 79.511051
2.555488 94.996011
2.711902 107.821939
3.337557 44.787199
3.024729 12.409554
1.929833 51.043749
2.242660 10.845416
2.086247 115.642626
2.711902 109.542490
2.711902 100.470493
1.929833 55.266920
2.399074 81.857257
2.555488 119.865797
2.868315 86.549669
2.868315 118.614487
2.555488 121.429934
1.617005 95.934494
1.617005 50.730921
2.086247 85.767600
3.337557 32.586927
1.929833 57.143885
3.337557 23.827757
2.399074 125.965933
3.181143 16.789139
25.548308 57.300299
1.617005 60.741401
2.555488 115.486212
3.024729 12.878795
29.458652 35.715202
2.555488 112.670765
1.773419 77.321258
1.773419 69.344157
2.711902 89.990772
2.868315 84.203463
2.242660 66.841537
3.024729 25.548308
3.493970 37.904994
2.711902 90.303599
2.868315 21.012310
2.711902 111.419455
2.868315 17.101966
28.832997 39.938373
2.711902 88.113807
2.242660 66.685123
2.242660 88.426634
3.181143 19.135345
3.493970 15.068587
2.711902 8.968451
3.181143 21.325137
2.711902 113.765661
23.827757 124.245382
1.617005 58.082367
3.024729 27.738101
2.711902 82.482912
1.773419 76.695603
2.399074 75.444293
2.242660 96.247321
2.711902 107.196284
2.399074 10.689003
1.773419 54.641265
2.242660 79.667464
3.024729 126.122347
3.024729 21.481551
2.711902 81.700843
2.399074 96.716563
1.929833 75.913534
2.711902 122.524831
28.207342 43.692303
2.555488 85.924014
2.242660 66.372296
2.555488 96.872976
2.711902 100.939734
3.024729 44.943613
2.711902 80.136706
2.086247 92.336978
3.337557 18.666104
2.555488 27.894515
2.242660 71.690363
2.555488 114.234902
2.868315 12.722381
2.555488 101.565389
29.302238 32.117686
26.017550 103.755181
3.493970 128.937794
2.086247 119.709383
2.555488 114.391316
3.024729 36.810098
2.399074 78.103327
2.711902 92.806219
1.773419 66.997951
1.617005 53.702783
2.242660 74.036570
3.024729 22.107206
2.399074 71.221122
2.555488 109.698904
2.555488 17.258380
3.181143 26.017550
25.704722 98.906355
2.555488 106.101387
3.181143 26.330377
3.337557 128.468553
1.929833 76.382776
25.548308 98.749941
2.399074 122.368417
3.337557 38.217822
2.399074 113.922075
3.181143 30.240721
3.024729 14.912174
3.181143 21.794378
3.181143 28.050928
3.024729 14.442932
26.017550 105.475732
3.024729 31.961272
2.399074 111.732282
3.024729 36.184443
2.868315 101.096148
25.235481 103.598767
2.711902 117.988832
2.555488 92.962633
2.868315 118.770901
2.086247 47.289819
2.555488 121.586348
25.235481 49.479611
3.024729 126.591588
2.086247 88.739462
2.711902 17.414794
2.711902 99.219183
2.868315 88.895875
25.079067 86.236842
3.024729 13.035209
28.207342 43.066648
1.773419 51.669404
23.671343 124.714623
2.242660 46.351337
2.399074 88.270220
2.399074 117.363177
2.711902 100.626906
2.399074 90.460013
2.868315 11.314658
1.617005 60.584987
3.650384 38.061408
1.617005 68.092847
2.399074 114.547730
2.555488 73.723742
2.399074 88.583048
3.024729 28.832997
1.617005 54.328438
2.399074 115.016971
1.929833 67.780020
1.929833 7.247900
2.086247 47.133405
2.399074 94.526770
2.868315 103.911595
2.555488 121.899176
3.024729 30.866376
2.399074 57.456712
1.773419 51.356576
1.929833 95.152425
1.617005 50.105266
25.704722 105.632146
2.711902 80.449533
1.929833 51.825818
2.711902 109.855317
3.181143 36.340857
2.868315 16.945552
2.555488 121.742762
1.617005 48.384715
2.711902 114.078488
2.711902 21.168724
2.711902 8.655624
2.086247 92.493392
1.929833 53.077128
2.242660 97.185804
1.929833 67.936433
2.711902 115.799040
2.242660 90.616427
1.617005 60.272160
2.399074 54.954093
1.773419 84.672704
1.617005 47.759060
1.773419 51.512990
1.929833 78.885396
2.868315 99.375596
1.773419 69.500571
1.773419 51.982231
1.617005 67.623606
1.929833 59.802919
2.399074 90.929254
2.555488 106.414215
2.242660 120.022211
3.181143 37.122926
2.086247 117.519591
1.929833 94.683184
2.086247 53.233541
2.242660 125.496692
2.555488 108.760421
2.242660 53.859196
2.399074 97.498631
1.617005 68.249261
2.711902 104.068009
1.617005 72.159605
2.711902 107.978352
1.773419 68.874916
1.617005 58.238781
1.929833 49.636025
1.617005 57.925954
2.711902 32.274099
2.086247 95.308839
1.929833 50.887335
1.773419 7.091486
2.086247 46.194923
1.617005 72.316018
1.617005 76.539189
1.617005 50.261680
1.617005 76.069948
1.617005 47.915474
