13.504450 133.317379
20.073827 29.302238
10.689003 96.090908
11.783899 127.999312
20.073827 19.291759
20.073827 10.219761
13.191622 118.458073
11.314658 113.140006
19.761000 15.850656
10.845416 94.839598
20.386655 24.609826
12.096726 127.842898
20.386655 30.084307
19.917414 8.499210
19.761000 4.432453
11.001830 97.029390
12.096726 122.524831
19.761000 26.799618
12.565967 116.581108
12.878795 120.022211
12.565967 123.306899
5.996590 57.300299
11.314658 113.296420
19.917414 28.207342
2.242660 91.554909
20.386655 18.196862
10.219761 93.119047
20.386655 5.370935
1.929833 110.011731
20.073827 29.615066
12.722381 116.893936
2.242660 48.541129
7.717141 75.757121
19.761000 13.504450
12.722381 120.960693
2.086247 70.439053
20.386655 24.922653
11.158244 102.503871
12.565967 126.278761
19.604586 14.912174
19.604586 3.337557
10.845416 129.719863
11.158244 130.501932
1.773419 78.572568
11.471071 128.937794
19.761000 16.319897
20.073827 4.745280
2.555488 58.864436
11.001830 102.660285
13.348036 133.786620
19.604586 11.627485
12.878795 121.117107
19.917414 12.253140
2.555488 59.177264
12.565967 125.027451
20.073827 19.761000
11.627485 130.658345
19.761000 13.035209
19.917414 11.001830
19.291759 2.086247
19.917414 28.520170
6.465831 60.584987
1.929833 89.365117
11.783899 123.776141
20.073827 18.509690
19.604586 6.935073
10.376175 93.431874
11.001830 102.191044
19.291759 5.683763
11.940313 132.066069
2.399074 112.357937
19.917414 13.191622
20.230241 19.917414
8.029969 76.852017
11.158244 100.939734
19.761000 17.727621
7.717141 76.069948
19.604586 30.709962
19.917414 7.091486
19.917414 9.750520
19.761000 21.950792
19.761000 16.632725
11.001830 102.816699
10.689003 130.032690
11.471071 128.624967
19.917414 18.040449
11.314658 128.781381
10.689003 129.563449
11.627485 130.814759
19.917414 7.717141
12.565967 125.496692
20.073827 20.073827
19.917414 28.832997
13.348036 133.004552
13.035209 132.848138
20.386655 23.984171
19.917414 13.348036
19.604586 22.732861
2.242660 55.423334
11.001830 97.811459
19.761000 21.637965
18.978931 31.022789
11.940313 131.753242
9.594106 90.616427
11.001830 99.375596
20.073827 23.045688
11.471071 114.860557
10.845416 107.352697
12.722381 122.368417
20.230241 27.738101
1.617005 79.980292
12.253140 117.676005
19.761000 6.153004
19.761000 26.643205
9.124865 87.175324
11.001830 104.068009
12.253140 124.401796
11.940313 131.284000
10.845416 95.465253
19.761000 7.560728
1.617005 65.120986
10.532589 92.649805
12.722381 132.535310
10.689003 94.213943
19.917414 8.968451
12.878795 132.691724
10.063348 90.772840
12.253140 127.373657
19.917414 7.873555
2.711902 59.333677
10.532589 93.588288
11.001830 97.655045
20.073827 11.158244
20.073827 13.817277
12.565967 120.804279
20.073827 15.381415
19.917414 5.058108
2.242660 53.859196
19.761000 17.414794
20.073827 22.576447
10.845416 130.189104
20.230241 19.448172
19.917414 7.247900
10.532589 94.370356
19.761000 13.973691
19.135345 2.399074
7.404314 70.908295
20.230241 26.173963
11.783899 130.971173
11.627485 128.312139
11.783899 124.088968
11.314658 112.670765
13.035209 119.709383
2.242660 73.098087
19.917414 22.263620
12.409554 122.837658
19.917414 30.553548
10.376175 92.493392
19.761000 7.404314
11.783899 123.619727
12.253140 123.150486
12.722381 120.491452
20.386655 25.861136
20.073827 17.884035
19.135345 4.276039
11.001830 105.319319
12.409554 117.050350
19.761000 2.711902
10.532589 129.876277
12.565967 119.240142
20.386655 25.079067
12.565967 125.809519
19.917414 28.676583
11.940313 124.558209
20.230241 26.486791
6.465831 58.551609
9.437693 87.331738
2.086247 78.728982
10.063348 91.398495
20.230241 29.458652
1.617005 38.843477
19.604586 30.866376
2.242660 105.788560
20.230241 25.391895
11.001830 99.688424
7.873555 74.036570
19.917414 9.281279
19.761000 3.181143
12.878795 122.055589
19.917414 10.689003
13.817277 134.412275
11.940313 131.440414
9.124865 87.018910
11.158244 99.062769
19.917414 22.107206
11.471071 114.704143
19.761000 12.096726
20.073827 21.481551
19.917414 9.906934
6.465831 60.897815
19.761000 15.537829
19.291759 1.929833
20.073827 30.397135
20.230241 19.604586
12.878795 119.552970
19.917414 5.214521
20.073827 20.386655
12.878795 118.301660
20.230241 24.296998
1.929833 87.644565
2.086247 89.208703
19.761000 3.963211
20.073827 11.471071
20.386655 25.704722
20.230241 15.694242
10.376175 48.697543
20.230241 28.989411
19.917414 5.527349
10.532589 129.094208
1.929833 101.408975
19.761000 22.420033
19.917414 29.927893
1.773419 85.141945
12.565967 126.748002
7.091486 72.628846
12.878795 121.273521
2.086247 72.941673
1.617005 39.156304
2.242660 56.518230
12.722381 118.145246
12.722381 123.932554
11.783899 124.871037
11.158244 97.967873
20.073827 23.514930
2.399074 112.045110
5.996590 57.456712
2.242660 106.570629
19.761000 12.722381
20.073827 10.845416
20.230241 26.330377
11.783899 116.268281
7.717141 73.254501
12.096726 122.994072
1.773419 39.469132
7.404314 72.003191
20.386655 25.235481
1.773419 111.888696
2.086247 54.484851
12.565967 118.614487
10.845416 100.314079
20.073827 11.940313
11.627485 123.463313
11.001830 98.437114
11.158244 103.285940
12.253140 131.596828
7.404314 72.316018
2.086247 77.164844
19.604586 3.806798
6.465831 58.238781
19.604586 2.555488
11.627485 114.078488
20.073827 9.594106
12.878795 121.586348
19.604586 2.868315
11.001830 130.345518
11.627485 131.127587
12.096726 115.799040
11.471071 129.250622
7.560728 74.662225
13.973691 133.943034
1.929833 81.388016
1.617005 45.569268
12.722381 119.865797
12.878795 117.832418
2.086247 56.674644
12.253140 115.955453
12.722381 132.222483
19.761000 20.855896
12.409554 126.904416
11.940313 115.486212
19.917414 16.163484
11.783899 125.653106
11.158244 100.783320
11.783899 115.016971
19.917414 8.812038
6.309418 58.395195
20.230241 27.268860
11.783899 116.424695
1.617005 35.558788
11.783899 125.183864
6.465831 61.210642
12.565967 121.899176
12.096726 125.340278
12.565967 126.122347
7.560728 71.533950
19.917414 11.314658
2.242660 55.579748
2.242660 35.871616
1.617005 36.497271
20.073827 27.581687
2.086247 31.179203
2.399074 48.071888
2.086247 75.131466
10.689003 96.560149
1.929833 70.282640
10.845416 94.683184
19.448172 27.112446
1.617005 47.446233
20.073827 13.660864
1.929833 46.194923
1.773419 40.564028
7.247900 72.785260
1.773419 50.730921
20.073827 22.889275
1.929833 68.874916
19.604586 5.996590
10.845416 103.911595
13.348036 133.160965
10.219761 93.901115
2.242660 54.015610
1.929833 89.052289
10.845416 108.134766
10.689003 96.872976
1.773419 50.418094
6.935073 70.751881
12.096726 121.429934
19.917414 18.822517
10.845416 95.778080
19.917414 4.588866
20.386655 24.453412
7.873555 74.505811
11.158244 112.827178
2.242660 55.736161
20.230241 28.050928
12.253140 127.217243
20.073827 16.476311
12.565967 125.965933
20.073827 23.358516
19.761000 6.309418
10.532589 107.196284
11.001830 100.626906
2.086247 78.885396
12.096726 117.363177
20.230241 26.956032
2.711902 59.490091
11.001830 105.162905
10.219761 91.085668
20.073827 14.286519
20.230241 17.571207
12.409554 127.060829
2.399074 83.734222
10.845416 99.532010
11.471071 128.468553
19.917414 21.168724
2.086247 56.361816
2.086247 101.565389
10.845416 105.632146
7.717141 73.410915
12.722381 122.681244
20.073827 8.029969
10.532589 96.403735
11.001830 106.727042
20.230241 29.145825
12.722381 132.378897
13.035209 120.335038
19.604586 4.119625
12.253140 127.686484
1.773419 69.031330
2.086247 40.094787
7.404314 72.472432
20.230241 10.532589
11.940313 126.591588
6.153004 58.082367
19.917414 15.225001
12.409554 131.909655
19.761000 8.342796
20.073827 23.202102
19.604586 2.242660
2.399074 61.836297
10.845416 104.380836
13.660864 134.099448
11.001830 101.096148
12.722381 116.737522
10.532589 92.962633
19.917414 14.755760
1.929833 83.577808
19.604586 16.945552
12.722381 118.927315
11.627485 113.452833
6.465831 60.428574
20.230241 18.353276
2.399074 80.762361
10.845416 107.509111
20.073827 20.543069
19.761000 1.617005
13.035209 119.083728
20.073827 4.901694
19.761000 9.124865
19.917414 17.258380
1.617005 55.110506
7.873555 75.287879
12.565967 119.396556
20.073827 12.565967
1.617005 109.229662
19.761000 6.465831
11.783899 115.329798
1.617005 44.474372
10.376175 95.934494
19.917414 12.878795
11.940313 122.212003
7.717141 73.723742
20.073827 9.437693
19.917414 18.978931
12.253140 120.647866
20.230241 24.766240
19.761000 5.840176
5.370935 56.831058
12.722381 120.178624
20.073827 17.101966
10.845416 106.883456
19.448172 20.699482
19.448172 3.493970
10.689003 105.006491
9.437693 88.270220
11.940313 124.245382
10.219761 47.915474
19.917414 14.130105
11.158244 98.593528
9.124865 86.706083
20.230241 12.409554
11.783899 128.155726
7.717141 74.192983
10.376175 93.744701
1.929833 53.389955
1.617005 40.720442
2.242660 77.790499
12.565967 126.435174
19.917414 11.783899
14.130105 134.255862
13.504450 133.630207
1.929833 87.800979
1.929833 108.916835
7.873555 74.818638
19.761000 16.007070
10.063348 90.929254
19.604586 6.778659
20.073827 8.186383
2.086247 53.546369
12.409554 117.206763
10.845416 95.621666
1.617005 67.154365
10.845416 103.755181
10.845416 101.878216
1.929833 77.634086
20.230241 20.230241
1.773419 83.264981
1.929833 47.602647
10.845416 129.407035
1.617005 45.100027
1.773419 49.479611
1.617005 79.354637
10.689003 103.442354
20.386655 23.671343
10.689003 102.973112
1.773419 81.075188
2.086247 87.488152
1.929833 111.263041
7.404314 69.500571
1.929833 70.126226
11.471071 127.530071
11.627485 115.642626
11.314658 114.391316
20.073827 21.794378
10.845416 97.498631
1.773419 64.182504
9.906934 89.834358
7.247900 71.846777
10.689003 107.039870
1.773419 46.976992
20.386655 26.017550
10.845416 101.721803
1.773419 79.041809
12.409554 117.519591
20.073827 10.063348
2.555488 59.020850
6.309418 57.769540
20.073827 21.325137
1.617005 46.351337
20.073827 24.140585
10.532589 107.978352
19.917414 30.240721
10.845416 96.716563
2.242660 69.187743
6.465831 57.613126
10.532589 96.247321
18.666104 3.650384
10.376175 92.806219
1.929833 51.043749
11.001830 102.347457
20.073827 28.363756
10.532589 95.152425
5.996590 56.987471
1.929833 46.820578
20.386655 10.376175
1.617005 110.168145
11.158244 112.514351
10.689003 107.665525
2.242660 99.844838
7.873555 73.567328
7.873555 74.975052
1.773419 49.636025
1.929833 89.521530
19.448172 1.773419
1.929833 49.010370
1.929833 61.992711
19.917414 19.135345
10.532589 108.291180
11.471071 113.765661
1.773419 111.106627
2.086247 77.477672
1.617005 38.999891
10.063348 91.711323
1.617005 68.718502
1.617005 50.574508
7.404314 71.377536
1.617005 55.266920
11.940313 116.111867
11.158244 105.944974
11.158244 113.609247
9.906934 91.242082
11.001830 104.693664
2.868315 60.115746
1.617005 45.256440
1.773419 79.511051
10.532589 94.057529
1.617005 68.562088
9.906934 89.677944
1.773419 68.249261
1.773419 39.312718
1.617005 61.679884
19.917414 14.599346
7.717141 75.600707
1.773419 54.797679
10.689003 104.850077
2.399074 48.384715
1.773419 66.215882
11.314658 112.983592
12.409554 133.473793
11.001830 98.280700
11.314658 98.906355
10.689003 107.821939
20.230241 27.894515
1.773419 44.005130
2.242660 73.880156
1.773419 59.959332
6.622245 60.741401
6.465831 65.433814
1.617005 38.374236
11.158244 104.537250
1.617005 49.948853
12.878795 121.742762
6.309418 64.338917
2.086247 59.646505
10.845416 100.157665
1.929833 39.625545
11.158244 98.749941
2.086247 81.231602
7.560728 71.064708
11.001830 104.224422
7.247900 69.656985
2.399074 53.702783
2.086247 39.781959
1.617005 67.623606
11.001830 103.129526
19.917414 6.622245
7.247900 69.344157
20.386655 23.827757
10.376175 92.180564
19.761000 27.425273
20.386655 25.548308
2.242660 36.340857
19.761000 8.655624
19.917414 15.068587
19.917414 29.771480
10.689003 106.101387
1.929833 87.957393
6.153004 57.143885
1.929833 86.080428
10.845416 100.470493
19.917414 16.789139
11.314658 99.219183
1.929833 55.892575
2.086247 46.507750
2.086247 86.393255
1.773419 77.321258
2.242660 59.802919
2.555488 36.184443
19.761000 3.024729
12.722381 118.770901
10.689003 100.001251
9.594106 88.113807
12.096726 124.714623
1.773419 81.544429
2.086247 84.047049
10.063348 92.024150
1.929833 81.857257
1.617005 41.502510
1.929833 69.969812
10.219761 92.336978
19.917414 18.666104
2.399074 77.946913
1.929833 54.641265
1.617005 77.008431
7.247900 71.690363
11.314658 114.234902
11.001830 97.342218
1.773419 112.201523
9.594106 89.990772
2.242660 44.787199
2.086247 83.890636
1.773419 90.303599
19.917414 21.012310
10.689003 93.275460
1.929833 39.938373
19.761000 14.442932
1.617005 85.611187
1.617005 52.920714
1.929833 80.136706
2.242660 40.251200
1.617005 82.170084
1.929833 85.767600
6.309418 61.054229
11.001830 98.124286
2.086247 71.221122
8.029969 76.539189
7.873555 75.444293
2.399074 62.149125
1.773419 62.618366
10.532589 94.996011
1.929833 44.630785
1.617005 66.997951
10.845416 105.475732
10.689003 48.853956
12.722381 117.988832
9.594106 90.460013
11.471071 114.547730
1.773419 84.203463
1.929833 61.367056
1.773419 79.667464
2.711902 58.708022
11.627485 115.173385
11.001830 102.034630
1.617005 90.147185
2.399074 61.523470
1.617005 109.542490
9.750520 91.867737
10.689003 94.526770
1.929833 69.813398
1.929833 40.876855
1.773419 88.739462
2.086247 88.426634
2.086247 85.924014
9.750520 88.583048
1.929833 86.549669
2.242660 84.359877
7.247900 75.913534
10.845416 103.598767
7.873555 74.349397
1.617005 81.700843
6.309418 57.925954
1.929833 66.372296
1.617005 51.200163
11.158244 113.922075
6.778659 65.590227
1.929833 54.328438
1.929833 44.161544
2.242660 78.103327
1.617005 67.780020
2.242660 78.416154
1.773419 50.887335
1.929833 76.382776
2.086247 56.205403
1.929833 84.672704
2.086247 80.293119
1.773419 67.467192
2.711902 60.272160
2.242660 36.028029
1.617005 82.639326
10.532589 97.185804
1.617005 79.823878
1.617005 41.033269
1.617005 109.073249
2.086247 35.715202
1.773419 62.461952
1.617005 88.895875
2.086247 49.792439
2.086247 106.257801
8.812038 86.862497
1.929833 53.233541
1.773419 47.133405
2.086247 56.048989
1.773419 68.405675
1.617005 86.236842
2.086247 106.414215
2.086247 54.172024
1.773419 47.289819
1.929833 62.305539
1.773419 64.495331
2.086247 80.449533
1.617005 47.759060
2.086247 84.516290
2.086247 40.407614
7.404314 72.159605
10.845416 101.252561
1.773419 49.323198
1.617005 111.419455
1.617005 64.964572
2.086247 48.228302
1.617005 67.936433
1.773419 108.760421
1.617005 82.795739
1.617005 38.687063
1.617005 66.059469
1.929833 108.604007
1.617005 38.217822
10.845416 95.308839
1.773419 82.013671
1.617005 66.528710
1.929833 76.226362
1.773419 109.855317
2.086247 79.198223
2.086247 76.695603
2.086247 78.259741
2.086247 80.918774
1.617005 53.077128
1.773419 83.421394
1.773419 44.943613
1.773419 46.664164
1.929833 45.412854
1.773419 80.605947
1.617005 44.317958
1.617005 85.298359
1.617005 52.764300
