2.711902 112.357937
2.711902 130.501932
2.868315 125.653106
3.181143 123.619727
3.024729 126.591588
3.337557 116.424695
2.711902 131.127587
2.868315 118.770901
3.024729 118.301660
3.024729 127.530071
3.181143 121.273521
3.337557 120.804279
2.555488 110.011731
3.024729 127.217243
3.181143 126.748002
2.868315 124.714623
2.868315 119.083728
2.868315 117.988832
3.181143 129.407035
3.337557 129.719863
3.024729 115.173385
3.181143 120.491452
2.555488 108.291180
2.868315 127.842898
2.868315 122.524831
3.181143 130.032690
2.868315 113.452833
3.337557 119.552970
3.024729 114.234902
2.868315 109.386076
3.024729 126.122347
2.868315 114.078488
3.024729 117.363177
2.868315 116.893936
3.181143 112.045110
2.399074 108.604007
2.711902 123.463313
3.181143 119.865797
3.337557 119.396556
3.181143 129.876277
2.868315 124.245382
2.868315 121.899176
2.868315 113.296420
2.711902 125.496692
3.181143 123.776141
3.337557 116.111867
2.868315 118.614487
3.024729 127.373657
2.868315 125.027451
3.181143 120.022211
2.868315 118.458073
3.181143 129.250622
3.024729 115.799040
3.024729 129.563449
3.024729 110.480972
3.024729 114.860557
3.181143 117.206763
2.868315 130.971173
3.024729 130.189104
2.868315 121.586348
3.493970 119.709383
2.711902 109.542490
3.024729 123.306899
2.868315 119.240142
3.024729 130.345518
2.868315 116.737522
2.868315 129.094208
2.868315 110.637386
2.711902 112.514351
3.024729 123.932554
3.024729 131.440414
3.024729 126.278761
3.181143 115.642626
2.868315 124.558209
2.399074 108.916835
3.024729 110.950214
2.086247 107.978352
2.868315 110.793800
3.024729 117.676005
3.181143 121.742762
3.181143 113.140006
3.024729 120.960693
2.555488 109.698904
2.868315 123.150486
2.868315 126.435174
3.024729 114.391316
3.181143 120.647866
3.024729 125.965933
3.024729 127.686484
3.024729 131.596828
2.711902 127.060829
3.181143 132.691724
2.868315 115.955453
2.868315 124.871037
2.868315 109.073249
3.181143 114.704143
2.868315 115.016971
2.711902 110.324559
2.868315 112.983592
2.711902 114.547730
3.024729 128.781381
3.181143 131.753242
3.181143 112.827178
3.337557 115.486212
3.024729 113.609247
3.181143 128.155726
2.555488 126.904416
3.024729 132.535310
3.181143 111.106627
3.024729 120.178624
2.868315 124.088968
3.024729 128.468553
3.024729 117.519591
1.773419 107.821939
3.024729 115.329798
3.024729 122.055589
2.711902 122.681244
3.024729 122.837658
2.555488 124.401796
3.337557 111.732282
2.868315 127.999312
3.024729 125.340278
2.868315 108.760421
3.181143 111.263041
3.024729 121.117107
2.868315 117.832418
3.181143 120.335038
2.868315 117.050350
3.024729 131.284000
3.024729 125.183864
2.868315 130.814759
2.399074 110.168145
2.868315 111.419455
2.868315 112.201523
3.024729 128.937794
1.617005 108.134766
2.868315 113.922075
2.555488 111.575868
3.181143 122.368417
2.868315 125.809519
2.868315 128.312139
3.024729 116.268281
2.399074 108.447594
2.711902 122.994072
2.555488 130.658345
2.555488 118.927315
2.711902 121.429934
3.181143 122.212003
2.711902 131.909655
2.555488 109.855317
3.337557 111.888696
2.868315 128.624967
2.711902 116.581108
3.024729 109.229662
2.711902 132.378897
2.711902 132.066069
2.868315 132.222483
2.868315 113.765661
3.181143 112.670765
2.399074 118.145246
