1.720551 114.338448
1.720551 119.187274
1.720551 108.394726
1.720551 129.197754
1.720551 114.025621
1.720551 113.243552
1.720551 118.092378
1.720551 108.238312
1.720551 127.164375
1.720551 117.779550
1.720551 129.041340
1.720551 129.979823
1.876965 129.823409
1.720551 119.500102
1.720551 119.343688
1.720551 116.215413
1.720551 118.718033
1.876965 128.572099
1.720551 113.399966
1.720551 112.148656
1.720551 110.428104
1.720551 113.087138
1.720551 112.930724
1.720551 118.561619
1.720551 128.728513
1.720551 120.438584
