15.694242 13.191622
7.717141 12.409554
16.945552 36.184443
3.806798 24.609826
9.281279 67.154365
11.158244 19.917414
18.040449 14.442932
11.627485 117.206763
9.906934 78.259741
8.029969 55.110506
10.063348 79.667464
6.309418 45.725682
20.386655 8.499210
9.594106 114.704143
16.945552 36.340857
15.381415 21.481551
15.381415 22.889275
16.319897 35.089547
9.594106 70.439053
9.906934 88.426634
9.906934 91.867737
9.281279 17.571207
22.107206 41.346097
9.437693 68.405675
11.471071 15.694242
10.689003 116.268281
9.906934 86.706083
19.291759 6.935073
10.532589 38.687063
9.750520 87.957393
9.750520 74.662225
22.263620 35.558788
10.063348 78.728982
9.750520 77.477672
4.276039 24.140585
9.124865 66.685123
9.124865 113.922075
9.594106 74.192983
22.107206 41.658924
19.604586 7.717141
9.437693 77.008431
17.727621 15.225001
19.917414 8.029969
9.750520 80.293119
4.119625 3.806798
10.376175 114.234902
9.594106 73.098087
7.717141 52.138645
13.035209 33.212582
12.096726 32.430513
11.471071 19.761000
9.750520 79.980292
8.812038 63.713262
15.537829 21.794378
15.381415 23.202102
7.560728 108.291180
10.845416 115.799040
19.761000 7.560728
11.783899 16.476311
20.386655 7.091486
9.281279 67.310778
10.376175 115.173385
8.968451 66.528710
3.806798 5.058108
16.476311 13.973691
11.314658 22.576447
8.968451 70.908295
11.627485 23.045688
9.437693 113.452833
11.940313 22.263620
23.514930 48.071888
4.588866 11.627485
8.655624 61.054229
16.632725 35.402374
9.906934 77.790499
11.471071 117.050350
3.963211 2.711902
13.035209 33.368996
7.091486 50.261680
9.750520 89.521530
2.086247 108.916835
7.873555 112.514351
11.314658 116.737522
6.465831 44.943613
8.812038 60.741401
22.263620 35.715202
12.253140 41.815338
12.096726 20.386655
4.745280 12.096726
11.314658 19.604586
8.968451 62.931194
3.963211 3.963211
9.437693 70.282640
10.532589 115.642626
2.086247 108.760421
9.437693 69.031330
9.750520 84.516290
20.073827 34.620306
9.124865 66.372296
7.091486 50.105266
16.632725 21.168724
10.219761 37.592167
14.130105 9.750520
9.594106 70.751881
12.878795 33.525409
10.532589 114.547730
13.035209 118.145246
7.717141 54.172024
14.912174 22.732861
7.247900 110.011731
9.750520 72.785260
11.940313 117.519591
8.186383 112.827178
13.973691 7.404314
4.745280 11.001830
11.627485 28.520170
9.906934 92.180564
3.806798 25.391895
9.750520 74.818638
15.537829 20.073827
9.437693 82.795739
20.073827 47.759060
9.750520 28.207342
9.437693 86.236842
10.063348 115.486212
18.196862 41.189683
9.437693 68.249261
23.045688 8.655624
8.968451 64.182504
8.499210 58.708022
10.845416 114.860557
9.594106 82.326498
8.342796 59.177264
5.527349 26.643205
9.594106 87.175324
16.163484 42.128165
8.499210 62.305539
2.868315 25.861136
6.309418 44.161544
4.901694 17.727621
11.627485 29.927893
12.409554 117.832418
11.471071 40.251200
15.850656 6.309418
16.319897 13.817277
10.063348 76.226362
9.750520 17.414794
20.073827 34.933133
10.376175 115.329798
9.437693 72.316018
8.812038 64.026090
16.945552 36.653684
8.655624 60.428574
17.727621 15.068587
3.806798 4.276039
16.476311 35.245961
3.963211 25.079067
8.186383 55.736161
9.437693 71.221122
5.683763 17.258380
10.532589 23.358516
4.276039 24.766240
15.381415 46.351337
9.594106 77.634086
16.007070 13.348036
10.376175 37.748581
4.119625 5.214521
8.186383 61.523470
11.940313 9.594106
12.096726 41.971752
12.253140 22.420033
9.906934 81.857257
11.158244 116.424695
13.504450 34.151064
7.404314 107.665525
9.594106 72.628846
9.906934 88.270220
3.493970 3.181143
5.527349 16.789139
17.571207 14.755760
10.689003 116.111867
7.560728 52.607886
9.906934 114.078488
7.404314 12.253140
8.812038 63.087607
13.348036 118.458073
8.812038 65.120986
10.376175 38.217822
3.806798 25.235481
15.850656 21.950792
5.058108 18.040449
9.750520 71.377536
6.935073 49.010370
6.465831 49.323198
9.594106 74.975052
11.783899 16.319897
10.376175 114.391316
9.124865 91.242082
9.750520 115.016971
8.499210 59.020850
4.432453 19.291759
9.750520 85.454773
4.588866 11.158244
11.471071 40.407614
19.761000 7.873555
7.560728 51.825818
17.414794 15.381415
10.689003 115.955453
12.565967 33.681823
8.968451 63.400435
8.812038 64.808159
15.381415 46.664164
5.058108 16.945552
10.532589 38.530649
15.068587 8.812038
4.432453 5.527349
9.750520 85.924014
22.263620 41.502510
11.940313 13.660864
9.750520 84.672704
19.761000 9.124865
8.029969 55.892575
4.901694 18.196862
9.594106 71.533950
11.783899 116.893936
9.437693 84.359877
16.007070 6.778659
4.432453 24.296998
9.906934 89.208703
9.594106 75.131466
6.935073 112.201523
9.594106 71.846777
12.409554 117.676005
9.906934 77.321258
6.309418 46.194923
9.750520 75.444293
11.001830 15.850656
21.637965 36.028029
9.750520 113.765661
10.376175 38.374236
13.660864 34.307478
9.750520 74.349397
4.119625 24.922653
9.594106 76.382776
15.381415 43.223062
19.135345 14.286519
13.191622 37.279339
3.650384 2.086247
8.655624 64.495331
4.432453 5.683763
15.225001 43.535889
12.253140 20.699482
8.029969 56.361816
9.281279 69.344157
5.840176 31.648444
9.906934 87.488152
9.594106 84.047049
23.671343 47.915474
3.963211 3.337557
4.901694 2.555488
3.650384 24.453412
9.594106 74.505811
7.091486 109.698904
13.504450 20.543069
9.750520 82.482912
4.588866 1.617005
9.906934 85.298359
9.906934 82.013671
9.594106 16.632725
15.537829 21.325137
8.812038 63.869676
7.560728 53.702783
12.253140 33.056168
8.655624 66.059469
9.437693 27.581687
8.186383 56.831058
17.414794 14.912174
16.789139 36.497271
9.594106 71.064708
4.588866 10.376175
4.901694 17.884035
9.906934 75.913534
13.504450 42.753820
6.935073 48.384715
7.560728 11.940313
4.901694 19.448172
20.073827 34.463892
7.404314 52.764300
9.750520 81.231602
12.253140 44.005130
9.594106 72.472432
8.655624 61.679884
21.481551 8.342796
19.604586 9.281279
8.186383 59.333677
11.783899 16.007070
9.906934 83.577808
9.124865 69.813398
10.219761 39.469132
17.258380 36.810098
1.773419 30.709962
8.029969 58.082367
4.745280 18.822517
3.806798 4.588866
9.750520 84.985532
21.950792 35.871616
9.750520 80.762361
11.627485 13.035209
7.560728 53.077128
11.471071 117.363177
5.840176 26.173963
9.750520 78.416154
13.504450 118.301660
8.499210 62.149125
12.253140 32.274099
8.499210 59.959332
19.291759 7.247900
7.404314 51.200163
9.750520 89.677944
7.247900 50.887335
4.745280 10.532589
9.594106 75.600707
19.291759 14.130105
9.124865 73.254501
9.281279 69.187743
9.906934 76.539189
10.063348 76.069948
9.281279 96.872976
9.750520 83.890636
17.258380 14.599346
5.683763 32.117686
13.660864 16.163484
5.996590 5.996590
8.342796 28.989411
4.432453 10.845416
5.058108 18.353276
4.588866 10.219761
6.622245 45.569268
9.437693 85.767600
8.499210 60.115746
4.588866 18.978931
9.750520 83.734222
15.068587 43.379475
8.342796 62.461952
8.655624 61.210642
7.247900 50.574508
9.906934 87.018910
8.968451 66.841537
8.655624 60.897815
9.594106 27.738101
13.348036 33.838237
10.063348 38.061408
8.655624 59.802919
9.906934 38.843477
10.219761 39.625545
4.432453 23.984171
7.717141 54.015610
8.968451 64.338917
8.342796 57.769540
9.750520 83.264981
7.717141 54.484851
14.286519 41.033269
3.963211 5.370935
4.901694 2.399074
9.750520 88.895875
16.007070 13.504450
16.163484 21.012310
10.376175 23.514930
15.694242 20.230241
17.258380 37.122926
6.935073 47.446233
2.242660 107.509111
6.778659 48.228302
9.750520 76.695603
4.588866 11.783899
9.906934 87.331738
4.119625 3.650384
2.086247 109.073249
9.594106 83.421394
11.001830 39.781959
19.917414 42.440993
15.694242 9.437693
10.063348 78.572568
11.627485 40.876855
9.906934 73.880156
9.906934 78.103327
16.945552 36.966512
9.124865 68.562088
8.655624 113.296420
7.404314 51.982231
11.471071 12.878795
21.637965 8.186383
5.840176 27.112446
6.778659 48.697543
8.029969 54.954093
7.247900 109.229662
9.281279 67.467192
15.694242 21.637965
5.840176 17.101966
9.906934 89.365117
6.153004 44.317958
9.437693 75.287879
11.627485 30.240721
7.404314 111.263041
11.158244 15.537829
6.309418 45.256440
8.655624 60.584987
8.186383 57.925954
15.850656 22.107206
6.465831 23.671343
9.594106 87.800979
20.386655 34.776719
7.247900 53.389955
9.750520 86.393255
5.840176 26.799618
9.594106 80.449533
15.381415 46.507750
19.917414 42.597407
7.873555 56.674644
9.750520 85.611187
10.532589 37.904994
6.622245 44.630785
8.186383 58.238781
9.750520 79.354637
7.404314 111.575868
7.247900 50.418094
9.437693 72.003191
8.812038 63.244021
7.717141 53.859196
4.119625 9.906934
15.225001 43.066648
9.437693 70.126226
9.124865 68.874916
13.973691 6.153004
8.342796 58.395195
8.029969 57.143885
4.588866 23.827757
9.750520 73.410915
7.717141 52.451473
9.750520 75.757121
6.622245 48.541129
8.812038 63.556849
7.717141 27.268860
3.963211 2.242660
3.806798 1.929833
8.186383 58.864436
9.594106 76.852017
9.750520 81.544429
16.163484 47.602647
8.499210 62.618366
6.465831 46.038509
13.660864 33.994651
7.560728 53.233541
9.281279 27.425273
9.594106 82.170084
9.906934 77.946913
7.560728 52.920714
9.906934 27.894515
9.906934 79.511051
8.342796 58.551609
9.906934 82.639326
4.432453 18.509690
9.281279 67.780020
3.806798 3.493970
7.091486 51.043749
7.091486 111.888696
8.812038 62.774780
7.091486 110.480972
9.906934 88.583048
9.750520 86.549669
7.091486 110.324559
5.840176 31.335617
8.342796 57.300299
16.319897 20.855896
9.594106 79.198223
8.342796 56.987471
6.935073 48.853956
12.253140 32.899754
9.750520 72.941673
9.750520 78.885396
7.873555 54.641265
9.281279 68.718502
10.219761 39.312718
7.560728 108.134766
9.437693 89.990772
9.750520 80.918774
5.683763 30.084307
8.029969 61.367056
8.342796 28.832997
8.342796 61.992711
3.181143 25.548308
7.247900 111.419455
8.655624 65.590227
20.230241 6.465831
9.906934 79.823878
9.124865 69.656985
3.650384 4.901694
7.091486 50.730921
12.096726 43.848717
3.493970 4.119625
4.745280 11.471071
9.906934 86.080428
16.476311 42.284579
8.812038 90.929254
10.376175 39.156304
7.404314 107.821939
11.314658 40.094787
10.063348 38.999891
8.029969 54.797679
8.029969 55.579748
3.806798 10.063348
15.068587 46.820578
7.404314 51.669404
10.376175 37.435753
7.873555 56.518230
7.717141 55.266920
9.906934 92.024150
19.448172 8.968451
4.588866 18.666104
8.342796 59.490091
7.404314 54.328438
5.527349 29.458652
2.086247 107.196284
7.717141 112.670765
7.091486 49.792439
4.432453 11.314658
9.594106 81.700843
8.655624 65.746641
9.124865 65.433814
9.594106 72.159605
4.119625 12.565967
7.091486 49.948853
4.745280 19.135345
9.906934 80.136706
9.124865 67.936433
8.186383 57.613126
9.281279 68.092847
14.755760 6.622245
3.806798 5.840176
9.281279 29.615066
10.689003 12.722381
3.337557 4.745280
7.091486 53.546369
8.186383 55.423334
13.035209 43.692303
6.309418 45.100027
9.594106 90.460013
9.906934 88.113807
9.594106 81.075188
9.906934 77.164844
7.247900 51.512990
9.750520 86.862497
4.588866 10.689003
9.750520 73.723742
12.096726 32.743341
9.124865 66.997951
9.750520 87.644565
11.158244 39.938373
3.806798 3.024729
8.968451 65.277400
9.437693 90.303599
8.029969 57.456712
8.029969 56.205403
8.968451 69.969812
5.527349 31.492031
8.499210 64.651745
9.124865 67.623606
4.276039 2.868315
11.314658 28.050928
9.750520 74.036570
6.465831 45.412854
4.432453 1.773419
7.091486 49.479611
9.437693 70.595467
11.940313 32.586927
15.068587 42.910234
5.683763 26.956032
9.281279 84.829118
9.594106 80.605947
9.906934 91.554909
9.281279 71.690363
11.471071 40.564028
11.783899 40.720442
9.594106 84.203463
9.750520 88.739462
8.499210 64.964572
9.906934 90.772840
7.560728 112.357937
7.404314 51.356576
9.437693 28.676583
6.778659 45.882095
9.594106 90.616427
9.906934 89.834358
15.068587 47.133405
9.750520 82.952153
9.750520 91.398495
7.091486 52.295059
7.404314 109.855317
3.963211 4.432453
9.437693 81.388016
6.935073 49.166784
7.717141 56.048989
6.465831 25.704722
9.906934 89.052289
9.281279 29.302238
6.778659 47.289819
9.906934 79.041809
8.342796 61.836297
15.225001 46.976992
9.594106 85.141945
8.342796 59.646505
9.750520 73.567328
9.750520 91.085668
7.247900 110.950214
7.404314 108.447594
7.247900 110.793800
7.560728 29.771480
9.437693 83.108567
6.778659 49.636025
8.968451 69.500571
8.655624 60.272160
6.465831 44.474372
8.968451 66.215882
5.527349 28.363756
1.929833 31.022789
6.465831 44.787199
7.404314 108.604007
7.404314 111.732282
8.812038 65.903055
7.247900 110.637386
9.594106 90.147185
2.086247 110.168145
1.617005 26.330377
2.555488 30.397135
1.773419 30.553548
7.404314 112.045110
5.840176 31.804858
7.247900 109.542490
5.840176 26.017550
1.773419 31.961272
6.778659 29.145825
6.935073 111.106627
1.773419 30.866376
1.617005 26.486791
1.773419 31.179203
7.247900 109.386076
