2.086247 35.245961
10.532589 124.558209
2.399074 96.090908
2.399074 33.994651
13.817277 67.154365
1.929833 78.259741
2.399074 36.966512
10.219761 121.273521
2.086247 72.941673
10.532589 116.581108
10.219761 118.145246
10.532589 123.932554
10.689003 113.922075
2.399074 93.119047
13.660864 101.878216
2.242660 28.207342
2.555488 40.564028
2.242660 35.089547
2.086247 110.011731
2.399074 82.952153
14.286519 70.439053
2.399074 46.038509
10.689003 122.368417
10.532589 122.994072
10.063348 125.027451
11.158244 130.658345
14.599346 89.365117
10.063348 118.458073
2.242660 93.431874
14.130105 102.191044
10.376175 111.732282
2.086247 112.357937
1.929833 49.636025
2.555488 30.709962
1.773419 21.950792
2.399074 102.816699
2.711902 42.753820
10.532589 130.032690
2.399074 44.317958
1.929833 32.899754
10.689003 116.737522
2.555488 38.999891
2.399074 100.314079
10.219761 129.563449
11.314658 130.814759
13.973691 74.349397
14.599346 71.377536
12.878795 133.004552
9.594106 124.871037
2.242660 41.189683
9.906934 120.178624
14.442932 77.164844
2.399074 84.985532
2.086247 31.022789
12.096726 131.753242
10.063348 118.301660
10.845416 130.501932
14.286519 67.623606
2.711902 48.071888
10.532589 121.586348
10.532589 121.117107
1.929833 79.980292
11.783899 131.284000
2.399074 70.595467
10.376175 119.240142
13.191622 133.317379
2.555488 92.649805
11.940313 132.535310
10.063348 111.106627
9.906934 120.647866
12.722381 132.691724
2.711902 127.217243
10.376175 119.865797
2.242660 93.588288
8.812038 128.781381
10.532589 115.955453
10.376175 124.714623
2.711902 83.421394
13.660864 76.226362
1.773419 22.576447
2.399074 34.933133
14.442932 70.908295
1.929833 66.059469
1.929833 37.122926
11.627485 130.971173
2.242660 64.808159
2.711902 83.108567
2.555488 30.553548
13.817277 73.098087
14.130105 68.405675
2.242660 100.783320
2.399074 41.346097
10.689003 115.016971
13.973691 102.034630
7.717141 128.468553
10.376175 117.050350
10.532589 129.876277
2.242660 28.676583
2.399074 91.398495
1.929833 26.486791
2.242660 30.866376
1.617005 105.788560
8.499210 128.624967
10.219761 117.988832
13.973691 68.562088
2.399074 99.688424
10.532589 120.804279
10.532589 123.306899
14.755760 98.437114
13.660864 102.347457
14.286519 134.412275
2.399074 94.996011
14.130105 87.018910
10.376175 126.122347
2.555488 41.815338
10.063348 122.681244
2.399074 84.829118
2.242660 37.748581
9.594106 118.927315
14.755760 87.644565
2.242660 27.581687
14.286519 67.467192
14.442932 89.208703
10.532589 122.837658
2.555488 45.412854
2.555488 48.697543
1.929833 64.964572
14.286519 69.031330
2.555488 42.597407
2.555488 34.776719
2.242660 85.141945
8.342796 127.842898
14.130105 75.287879
10.689003 122.524831
2.711902 39.156304
2.399074 91.554909
2.555488 31.492031
2.555488 82.795739
2.086247 72.785260
2.242660 79.041809
1.617005 75.757121
10.532589 120.960693
14.130105 68.874916
10.063348 126.278761
2.399074 89.052289
14.130105 101.408975
2.711902 39.469132
14.130105 73.254501
11.627485 132.066069
14.130105 101.565389
2.242660 72.003191
2.242660 25.235481
2.086247 111.888696
14.286519 70.751881
2.555488 97.029390
14.599346 86.862497
10.219761 125.496692
1.617005 81.700843
2.555488 40.720442
14.130105 74.505811
1.617005 59.177264
2.555488 41.971752
10.532589 117.676005
10.689003 115.799040
14.912174 87.800979
9.906934 129.250622
2.555488 85.298359
2.399074 45.569268
13.973691 73.410915
2.399074 97.655045
2.399074 32.743341
2.399074 26.956032
10.063348 116.893936
2.399074 43.223062
10.376175 124.088968
2.399074 99.532010
2.242660 25.079067
2.242660 37.435753
10.376175 113.140006
2.086247 78.728982
2.711902 38.843477
2.399074 94.370356
14.286519 71.533950
2.086247 24.296998
2.242660 31.179203
13.817277 75.131466
2.242660 47.446233
1.929833 46.194923
2.555488 127.373657
1.617005 56.518230
10.376175 124.245382
2.399074 47.915474
13.348036 133.160965
9.906934 129.094208
2.242660 28.520170
10.532589 113.765661
2.555488 31.648444
1.773419 24.453412
1.617005 80.762361
14.130105 69.813398
10.219761 124.401796
2.399074 44.161544
13.973691 67.310778
2.555488 85.454773
1.773419 56.674644
2.711902 33.525409
10.532589 130.189104
2.242660 78.885396
2.399074 48.541129
2.399074 97.967873
9.437693 125.653106
10.219761 119.709383
13.817277 133.786620
1.617005 61.210642
10.532589 121.899176
2.711902 48.384715
14.599346 68.092847
11.783899 131.440414
10.532589 114.704143
10.532589 113.452833
1.617005 22.420033
1.617005 72.472432
2.242660 26.799618
10.376175 119.396556
2.711902 33.056168
9.906934 119.552970
9.750520 126.904416
2.242660 98.593528
10.532589 120.335038
10.532589 120.022211
13.035209 132.848138
2.242660 83.577808
2.242660 43.848717
1.617005 53.389955
2.711902 33.212582
2.399074 37.279339
10.845416 130.345518
1.929833 76.852017
2.555488 95.621666
10.689003 115.329798
2.086247 44.474372
10.689003 115.486212
2.242660 35.871616
10.219761 112.670765
10.532589 110.793800
14.755760 83.734222
2.399074 41.502510
2.399074 31.335617
2.086247 24.766240
10.376175 113.296420
2.399074 99.844838
10.219761 120.491452
2.086247 102.660285
2.711902 40.094787
2.242660 95.465253
10.219761 122.212003
2.555488 47.602647
1.929833 104.380836
2.399074 91.711323
13.817277 74.192983
2.555488 93.744701
11.783899 131.596828
1.929833 52.138645
2.242660 27.112446
14.286519 69.187743
10.219761 126.435174
2.399074 105.006491
14.755760 87.488152
13.660864 133.630207
8.029969 128.312139
14.599346 68.249261
2.242660 93.901115
2.086247 105.319319
2.555488 45.256440
10.532589 123.150486
14.599346 89.677944
1.773419 64.182504
1.617005 53.546369
10.063348 125.809519
2.086247 42.128165
13.660864 134.099448
14.755760 89.521530
1.617005 22.732861
11.940313 132.378897
1.617005 24.922653
10.219761 129.719863
14.599346 89.834358
2.086247 29.302238
2.555488 33.368996
2.555488 83.264981
10.532589 114.234902
10.532589 114.860557
1.929833 55.736161
10.532589 112.514351
2.086247 46.351337
10.376175 117.363177
12.096726 132.222483
2.086247 49.323198
10.219761 118.770901
2.086247 23.045688
2.399074 46.820578
10.376175 119.083728
10.376175 123.776141
7.560728 128.155726
2.399074 29.145825
2.399074 43.379475
2.086247 64.495331
14.442932 69.344157
2.399074 46.976992
2.242660 110.324559
14.130105 101.721803
10.376175 117.519591
1.617005 22.889275
2.399074 32.430513
2.399074 25.391895
2.086247 49.166784
14.286519 69.969812
2.086247 105.944974
2.086247 79.354637
11.471071 131.127587
1.929833 103.442354
13.817277 133.943034
10.063348 126.748002
13.973691 134.255862
2.242660 66.528710
14.286519 70.126226
2.086247 46.664164
2.711902 127.530071
1.617005 22.263620
1.617005 60.428574
2.086247 96.560149
10.063348 110.950214
10.063348 117.832418
2.555488 33.838237
2.242660 71.846777
2.242660 98.280700
14.286519 73.567328
13.817277 77.634086
2.086247 107.352697
9.750520 128.937794
1.617005 108.291180
1.773419 107.039870
1.929833 65.903055
10.219761 129.407035
2.086247 76.382776
14.130105 77.790499
14.599346 87.957393
2.555488 48.228302
2.242660 34.151064
10.532589 125.965933
2.399074 39.781959
2.399074 90.147185
9.906934 111.263041
2.086247 95.934494
2.242660 104.693664
1.929833 62.774780
10.219761 123.619727
10.532589 116.268281
1.617005 57.613126
14.286519 67.780020
13.817277 77.321258
10.063348 110.480972
2.242660 23.358516
1.617005 107.665525
2.555488 94.057529
10.219761 126.591588
2.555488 34.307478
2.711902 38.374236
1.617005 50.574508
2.399074 42.284579
1.617005 49.792439
10.689003 116.111867
2.086247 39.312718
2.555488 91.867737
10.532589 121.742762
2.399074 100.157665
2.242660 27.268860
10.532589 114.547730
9.750520 110.637386
2.242660 95.778080
1.617005 54.015610
14.286519 71.064708
2.399074 104.850077
14.286519 87.331738
13.348036 133.473793
14.130105 68.718502
2.555488 45.100027
2.242660 66.215882
10.689003 114.078488
14.442932 98.749941
2.399074 100.001251
7.560728 127.999312
1.773419 59.020850
2.399074 37.592167
1.617005 56.987471
2.399074 44.005130
13.817277 73.880156
1.929833 79.511051
2.086247 45.725682
10.532589 115.642626
2.399074 33.681823
2.555488 42.440993
10.063348 112.045110
2.242660 96.403735
1.929833 29.615066
2.399074 23.671343
2.555488 48.853956
2.086247 110.168145
2.086247 103.129526
10.376175 123.463313
10.219761 116.424695
2.086247 92.180564
10.689003 114.391316
2.242660 35.558788
2.242660 100.470493
13.973691 77.477672
2.242660 23.514930
2.399074 44.630785
14.130105 64.338917
10.219761 113.609247
1.617005 76.539189
10.376175 115.173385
2.242660 27.425273
2.399074 79.198223
14.442932 90.460013
2.711902 127.060829
2.242660 31.804858
2.242660 65.120986
2.399074 86.080428
13.817277 77.008431
2.242660 35.715202
14.442932 67.936433
14.599346 89.990772
1.773419 44.787199
2.242660 29.458652
2.242660 65.277400
14.442932 66.841537
2.399074 90.303599
2.555488 38.530649
2.242660 127.686484
2.399074 39.938373
2.086247 49.479611
14.755760 88.113807
10.689003 117.206763
2.242660 66.685123
2.399074 40.251200
14.755760 88.270220
1.929833 105.162905
13.504450 102.503871
14.599346 69.656985
2.242660 92.024150
14.442932 90.772840
1.617005 108.447594
10.532589 121.429934
2.242660 77.946913
1.929833 27.738101
10.219761 125.183864
13.817277 101.252561
2.242660 71.690363
2.555488 86.393255
10.063348 112.983592
2.555488 36.028029
2.399074 83.890636
2.399074 95.152425
2.399074 96.716563
1.929833 65.746641
1.929833 23.202102
2.399074 85.611187
1.617005 55.266920
12.253140 131.909655
2.086247 85.924014
2.242660 100.939734
2.086247 94.213943
1.617005 50.418094
2.555488 44.943613
10.063348 118.614487
1.773419 53.702783
2.242660 85.767600
1.929833 97.342218
2.086247 98.124286
2.399074 32.586927
14.599346 71.221122
1.929833 96.247321
1.617005 107.196284
2.086247 35.402374
14.599346 84.203463
1.929833 103.755181
2.399074 23.984171
2.399074 72.316018
14.130105 75.913534
2.242660 78.103327
14.286519 98.906355
2.242660 65.433814
10.063348 125.340278
1.929833 62.618366
13.973691 69.500571
2.399074 88.426634
2.086247 105.475732
2.242660 96.872976
2.086247 102.973112
1.929833 26.017550
1.617005 57.143885
1.773419 75.444293
2.555488 30.240721
2.399074 106.101387
10.219761 112.201523
2.242660 38.217822
14.130105 75.600707
1.929833 79.667464
2.555488 47.759060
14.599346 99.062769
2.555488 88.739462
2.555488 92.336978
2.399074 94.526770
1.773419 103.285940
1.773419 109.698904
2.242660 29.927893
1.929833 23.827757
2.399074 37.904994
2.086247 46.507750
2.399074 36.653684
1.773419 107.509111
2.242660 47.289819
1.617005 111.419455
1.617005 31.961272
2.242660 25.861136
2.555488 40.876855
2.399074 99.219183
13.973691 66.997951
1.929833 21.325137
2.399074 36.184443
2.399074 86.549669
2.399074 30.084307
2.242660 101.096148
2.555488 43.066648
1.773419 84.359877
2.086247 103.598767
1.929833 88.583048
1.617005 61.367056
1.773419 64.026090
10.376175 112.827178
2.242660 36.810098
2.399074 92.806219
1.929833 82.639326
1.773419 84.047049
2.242660 86.236842
2.399074 29.771480
2.086247 66.372296
13.504450 74.036570
1.773419 51.669404
1.773419 109.542490
2.399074 32.117686
2.399074 25.548308
1.617005 58.864436
2.555488 92.493392
10.219761 111.575868
2.711902 42.910234
2.711902 41.033269
2.399074 49.010370
2.399074 41.658924
2.242660 78.416154
1.773419 25.704722
2.086247 47.133405
1.929833 45.882095
1.929833 27.894515
2.242660 43.535889
2.399074 72.159605
1.617005 21.637965
2.086247 65.590227
2.086247 84.672704
2.242660 92.962633
2.086247 43.692303
2.242660 28.050928
2.711902 40.407614
1.773419 51.825818
2.242660 88.895875
2.086247 97.185804
1.773419 79.823878
1.929833 32.274099
1.617005 51.982231
2.242660 90.616427
2.242660 36.497271
2.086247 73.723742
1.929833 26.330377
1.617005 76.695603
2.086247 62.461952
2.086247 36.340857
2.242660 94.683184
14.130105 76.069948
2.086247 106.257801
2.242660 103.911595
2.399074 38.061408
1.773419 94.839598
1.617005 105.632146
2.242660 24.140585
2.555488 34.620306
1.617005 21.794378
1.929833 72.628846
1.929833 122.055589
14.599346 86.706083
1.929833 22.107206
2.399074 90.929254
2.399074 30.397135
2.086247 78.572568
1.617005 56.205403
2.399074 38.687063
1.929833 62.305539
2.086247 106.414215
2.086247 100.626906
1.929833 21.481551
1.617005 80.293119
1.617005 108.134766
1.617005 53.233541
2.555488 34.463892
1.617005 50.730921
1.773419 59.802919
2.399074 99.375596
14.442932 87.175324
1.617005 54.954093
1.617005 80.449533
2.242660 28.832997
2.086247 93.275460
2.242660 84.516290
1.617005 51.512990
1.773419 109.855317
1.929833 28.363756
2.242660 97.498631
1.929833 97.811459
1.929833 82.482912
2.242660 26.643205
2.086247 104.537250
1.617005 74.975052
1.617005 91.085668
2.242660 64.651745
14.130105 70.282640
1.617005 91.242082
2.242660 95.308839
1.773419 104.068009
1.617005 57.925954
1.773419 80.605947
1.773419 24.609826
1.773419 55.423334
1.617005 56.048989
2.086247 28.989411
1.617005 26.173963
1.617005 55.579748
