13.973691 13.973691
13.660864 41.502510
13.348036 44.474372
12.722381 40.720442
13.817277 16.319897
13.817277 30.397135
13.504450 50.574508
13.817277 38.530649
12.722381 50.418094
14.130105 36.184443
12.565967 81.700843
13.660864 10.219761
13.817277 61.523470
19.135345 5.840176
39.781959 2.086247
14.286519 18.666104
13.973691 28.989411
14.130105 24.609826
14.130105 12.878795
13.973691 38.217822
14.442932 29.145825
13.035209 6.935073
13.035209 7.404314
13.191622 84.047049
13.504450 49.948853
13.504450 49.323198
13.348036 69.813398
13.348036 21.794378
12.722381 45.725682
13.191622 46.194923
14.130105 16.632725
30.397135 4.745280
37.435753 3.963211
31.804858 4.588866
13.035209 24.296998
13.504450 29.458652
13.973691 26.330377
39.781959 2.399074
15.537829 6.309418
13.973691 20.699482
13.504450 8.342796
13.817277 22.732861
13.191622 35.558788
13.973691 27.268860
13.660864 27.112446
13.817277 17.571207
13.348036 84.359877
13.973691 11.783899
2.555488 64.495331
14.130105 23.671343
13.973691 14.130105
14.130105 20.073827
13.191622 49.636025
13.973691 43.223062
13.817277 43.066648
13.817277 14.755760
13.191622 70.595467
13.035209 45.256440
13.973691 22.107206
13.191622 63.713262
13.191622 63.087607
13.191622 34.776719
13.191622 54.954093
14.442932 22.420033
13.504450 76.382776
2.399074 87.488152
13.973691 41.658924
12.878795 81.857257
13.191622 53.546369
13.817277 62.305539
13.504450 74.349397
13.973691 18.822517
39.156304 3.493970
13.660864 52.920714
39.781959 1.929833
13.348036 84.829118
13.973691 12.253140
14.130105 12.096726
13.348036 77.321258
39.938373 1.773419
13.191622 49.479611
13.035209 62.774780
13.035209 71.533950
13.817277 16.789139
12.878795 67.154365
13.973691 41.346097
14.130105 31.804858
13.660864 57.456712
12.722381 7.091486
13.191622 50.887335
12.409554 54.797679
14.130105 34.151064
13.504450 82.952153
13.348036 27.425273
11.940313 66.841537
13.817277 38.374236
13.348036 74.662225
13.504450 85.141945
13.504450 32.743341
13.504450 12.722381
13.973691 26.799618
13.191622 79.511051
13.817277 51.200163
12.878795 52.764300
39.156304 3.650384
13.191622 72.003191
13.191622 38.687063
14.442932 10.532589
13.035209 49.010370
14.130105 14.912174
13.660864 60.115746
13.660864 34.307478
13.348036 64.026090
14.130105 29.302238
13.817277 49.792439
13.817277 44.161544
13.817277 26.173963
13.348036 73.098087
13.973691 13.504450
13.191622 48.541129
13.191622 85.611187
13.817277 56.674644
13.660864 31.492031
13.035209 13.035209
13.973691 44.943613
13.035209 44.317958
14.130105 15.225001
14.130105 10.845416
12.878795 67.936433
12.878795 55.892575
2.868315 59.646505
13.973691 15.537829
13.504450 80.605947
13.660864 79.823878
12.722381 54.015610
12.096726 8.655624
14.130105 37.748581
14.286519 21.325137
13.504450 37.592167
12.878795 56.205403
33.212582 4.432453
13.973691 15.694242
14.130105 31.961272
13.504450 70.908295
13.348036 81.388016
14.286519 17.884035
4.119625 8.029969
13.348036 28.207342
13.973691 16.163484
13.348036 23.827757
39.938373 2.868315
13.191622 14.286519
13.348036 63.244021
13.660864 51.043749
13.660864 6.622245
13.660864 35.715202
13.660864 49.166784
13.348036 74.192983
13.973691 11.158244
12.409554 78.103327
13.191622 30.553548
13.191622 21.637965
14.442932 18.509690
14.130105 31.335617
12.722381 9.124865
13.504450 76.539189
12.878795 64.182504
13.817277 30.084307
13.504450 32.899754
13.035209 44.005130
14.286519 18.196862
12.565967 7.717141
14.130105 20.386655
13.817277 32.274099
13.973691 28.520170
39.469132 3.181143
39.469132 2.555488
13.348036 65.746641
13.035209 51.825818
13.817277 13.817277
13.973691 24.922653
13.973691 14.599346
13.035209 45.100027
39.625545 3.024729
39.625545 3.337557
12.565967 7.247900
13.504450 83.108567
13.035209 55.736161
14.130105 23.202102
13.817277 20.855896
13.817277 66.215882
13.035209 54.484851
13.348036 29.771480
12.722381 54.328438
14.442932 20.230241
13.973691 24.140585
14.286519 11.471071
14.130105 32.117686
13.660864 82.639326
13.660864 9.906934
13.973691 29.927893
13.660864 64.964572
14.130105 19.135345
13.973691 18.978931
13.817277 35.245961
13.504450 13.191622
13.973691 21.168724
13.660864 79.667464
13.504450 26.643205
13.973691 51.669404
13.504450 86.706083
13.504450 57.769540
14.130105 11.940313
1.929833 90.303599
12.722381 52.451473
14.130105 32.430513
13.660864 25.861136
13.035209 77.164844
13.817277 11.314658
14.130105 33.525409
13.973691 14.442932
12.409554 66.372296
12.878795 55.110506
12.878795 59.020850
13.191622 68.405675
13.504450 46.507750
13.504450 83.421394
14.130105 36.966512
13.191622 70.126226
12.253140 69.500571
13.191622 55.266920
14.130105 28.050928
13.191622 50.261680
13.973691 24.453412
13.973691 47.133405
13.348036 39.781959
14.130105 19.917414
13.660864 46.664164
14.286519 18.353276
14.130105 12.565967
13.035209 65.277400
13.035209 26.017550
13.348036 75.757121
24.453412 5.527349
39.625545 2.242660
13.817277 47.759060
13.817277 42.440993
13.973691 41.815338
13.191622 46.351337
14.130105 20.543069
13.191622 82.482912
13.504450 60.584987
13.191622 75.131466
13.660864 76.852017
14.130105 16.007070
14.286519 24.766240
15.225001 6.153004
13.817277 22.889275
13.348036 39.625545
13.817277 38.999891
13.191622 59.802919
14.130105 25.079067
13.035209 68.092847
13.660864 47.289819
13.817277 36.028029
13.660864 59.959332
13.035209 7.873555
13.191622 70.439053
13.817277 23.045688
13.973691 22.263620
13.504450 6.778659
13.504450 83.890636
13.973691 26.956032
13.973691 34.933133
13.035209 57.925954
13.504450 85.454773
13.973691 36.497271
13.973691 19.448172
13.817277 59.490091
12.722381 51.356576
13.504450 80.136706
12.409554 8.968451
13.973691 18.040449
13.817277 13.660864
38.843477 3.806798
13.817277 15.850656
14.442932 10.689003
13.817277 38.843477
13.817277 42.753820
13.348036 16.945552
13.504450 84.985532
13.660864 75.913534
12.878795 9.281279
14.130105 31.648444
13.817277 71.846777
14.130105 11.001830
12.565967 70.282640
13.035209 62.931194
15.381415 6.465831
13.348036 75.600707
27.581687 5.058108
13.817277 31.022789
12.096726 46.820578
13.973691 32.586927
13.660864 40.876855
14.130105 25.548308
25.704722 5.370935
13.191622 58.238781
13.504450 86.236842
13.660864 78.885396
13.191622 84.672704
13.348036 27.738101
13.504450 56.831058
13.504450 51.512990
13.035209 44.787199
13.191622 59.177264
13.191622 30.866376
13.817277 17.727621
12.878795 66.528710
13.817277 74.036570
12.722381 58.395195
13.035209 72.316018
14.286519 29.615066
14.130105 16.476311
13.817277 46.976992
13.191622 83.734222
13.973691 39.469132
13.973691 45.569268
13.348036 33.368996
13.191622 9.594106
13.035209 58.864436
13.191622 86.393255
12.722381 26.486791
13.504450 35.402374
12.253140 72.159605
14.130105 28.832997
13.504450 19.761000
12.722381 21.481551
13.817277 23.514930
13.191622 88.895875
13.035209 60.897815
13.973691 35.089547
14.130105 36.810098
13.191622 62.461952
13.817277 36.653684
12.565967 9.750520
19.448172 5.996590
32.274099 4.119625
13.660864 48.697543
12.722381 64.808159
13.660864 68.718502
13.973691 33.994651
12.878795 82.795739
12.409554 78.416154
13.660864 57.143885
13.973691 50.730921
13.191622 67.467192
13.504450 76.695603
13.660864 33.681823
13.035209 44.630785
13.191622 33.212582
13.504450 73.723742
12.722381 71.690363
13.504450 10.063348
26.956032 4.901694
13.348036 19.291759
14.130105 36.340857
13.191622 72.628846
13.191622 51.982231
12.409554 8.812038
12.722381 58.082367
13.504450 74.975052
13.504450 78.728982
12.878795 40.564028
13.348036 80.918774
13.660864 68.562088
13.035209 22.576447
13.660864 77.477672
12.878795 42.910234
12.565967 43.535889
13.035209 52.295059
13.504450 79.198223
13.348036 71.064708
12.722381 82.170084
12.878795 56.361816
33.368996 4.276039
13.660864 34.620306
11.940313 69.031330
13.817277 30.709962
13.660864 73.410915
13.348036 45.412854
13.191622 17.101966
13.817277 47.602647
12.565967 56.518230
13.973691 25.704722
13.973691 19.604586
13.035209 33.056168
13.817277 57.613126
13.973691 23.358516
14.130105 11.627485
13.035209 9.437693
13.035209 37.279339
14.130105 17.258380
13.191622 78.259741
13.817277 34.463892
13.191622 57.300299
13.504450 81.075188
13.191622 87.175324
13.817277 15.381415
13.504450 86.549669
13.191622 12.409554
13.348036 8.186383
13.973691 13.348036
13.660864 27.894515
12.409554 79.041809
13.817277 48.384715
13.191622 75.444293
13.660864 77.634086
13.348036 33.838237
13.660864 68.249261
13.191622 25.235481
13.504450 42.284579
14.130105 15.068587
13.191622 63.869676
13.817277 46.038509
13.348036 67.780020
13.191622 69.969812
14.286519 17.414794
2.399074 89.521530
13.660864 75.287879
13.973691 30.240721
12.878795 8.499210
22.889275 5.683763
13.191622 85.298359
14.130105 37.904994
3.337557 61.836297
13.504450 23.984171
13.973691 35.871616
13.504450 64.651745
12.878795 73.880156
13.817277 60.741401
13.660864 74.818638
13.660864 85.924014
13.191622 43.848717
13.817277 66.059469
12.565967 63.556849
13.660864 40.094787
13.973691 31.179203
13.035209 21.950792
13.191622 69.344157
13.973691 41.033269
13.035209 84.516290
13.973691 48.071888
13.348036 68.874916
13.504450 83.577808
13.973691 27.581687
13.191622 87.018910
13.660864 47.915474
13.348036 73.254501
13.817277 61.367056
13.504450 83.264981
13.973691 38.061408
13.191622 53.859196
13.348036 88.270220
13.817277 52.607886
13.191622 86.080428
13.035209 37.435753
13.504450 62.149125
13.191622 89.052289
12.878795 65.433814
13.348036 37.122926
13.504450 70.751881
39.156304 2.711902
2.399074 89.365117
12.722381 82.013671
13.504450 28.676583
2.555488 89.834358
13.035209 50.105266
12.565967 78.572568
13.660864 40.251200
13.191622 58.708022
13.973691 28.363756
13.348036 39.156304
13.348036 74.505811
13.660864 60.272160
13.348036 54.641265
12.722381 66.685123
13.348036 53.389955
13.660864 61.679884
13.817277 82.326498
12.722381 53.702783
13.973691 10.376175
13.660864 48.228302
13.504450 77.946913
14.130105 25.391895
13.035209 53.233541
13.504450 80.449533
12.409554 7.560728
13.504450 61.054229
13.035209 42.128165
2.555488 89.677944
13.191622 41.971752
13.191622 88.113807
13.660864 85.767600
13.035209 63.400435
13.348036 54.172024
12.878795 48.853956
12.878795 21.012310
12.878795 88.583048
13.817277 42.597407
13.817277 47.446233
13.035209 61.992711
13.348036 72.472432
13.660864 56.987471
12.253140 39.938373
12.409554 81.231602
2.399074 87.331738
13.504450 71.221122
13.035209 69.187743
13.035209 87.800979
13.035209 52.138645
13.973691 40.407614
13.348036 41.189683
12.722381 58.551609
13.035209 66.997951
26.643205 5.214521
12.878795 55.423334
12.878795 65.903055
13.817277 60.428574
13.348036 67.310778
13.504450 77.790499
13.817277 43.379475
13.035209 45.882095
12.565967 53.077128
12.878795 72.941673
13.035209 64.338917
12.878795 79.354637
1.929833 90.147185
12.096726 65.120986
12.722381 39.312718
13.191622 43.692303
13.973691 56.048989
13.348036 77.008431
13.348036 80.293119
13.191622 67.623606
13.035209 87.644565
12.878795 88.426634
13.817277 62.618366
13.191622 55.579748
12.253140 71.377536
13.817277 61.210642
13.348036 86.862497
13.660864 80.762361
12.722381 59.333677
13.191622 84.203463
13.348036 76.069948
2.242660 89.208703
13.504450 69.656985
13.191622 81.544429
13.504450 76.226362
13.191622 87.957393
12.722381 72.785260
12.409554 65.590227
13.348036 73.567328
13.035209 88.739462
12.565967 79.980292
1.929833 89.990772
1.617005 90.460013
