3.337557 1.773419
3.493970 1.929833
3.337557 2.086247
3.337557 2.242660
3.181143 2.399074
3.337557 2.711902
2.711902 2.555488
3.337557 3.181143
3.181143 3.024729
3.024729 3.493970
3.024729 3.337557
3.337557 3.963211
3.181143 3.806798
3.181143 3.650384
3.493970 4.588866
3.337557 4.119625
3.337557 4.276039
2.555488 2.868315
3.337557 4.432453
2.868315 4.745280
3.650384 5.058108
3.493970 4.901694
3.024729 5.214521
3.024729 5.370935
3.337557 5.683763
3.024729 6.153004
3.181143 5.996590
3.181143 5.840176
3.024729 5.527349
3.024729 6.935073
3.024729 6.778659
3.493970 6.622245
3.024729 7.404314
3.024729 7.247900
3.181143 6.465831
2.555488 7.091486
2.711902 6.309418
3.024729 7.873555
3.024729 8.186383
3.024729 7.717141
3.181143 8.029969
2.555488 7.560728
3.024729 8.342796
3.337557 8.812038
3.337557 8.499210
2.868315 8.655624
2.868315 8.968451
3.493970 9.281279
3.181143 9.750520
3.024729 9.594106
3.181143 9.437693
2.868315 9.124865
2.555488 10.063348
2.399074 9.906934
3.337557 10.845416
2.399074 10.689003
2.242660 10.532589
3.181143 11.001830
2.242660 10.219761
2.399074 10.376175
3.024729 11.314658
2.711902 11.158244
3.024729 12.253140
3.181143 12.096726
3.493970 11.940313
3.337557 11.783899
3.024729 11.627485
2.868315 11.471071
2.711902 12.565967
2.711902 12.409554
2.711902 13.504450
2.868315 13.348036
2.868315 13.035209
2.868315 12.878795
2.711902 12.722381
2.399074 13.191622
2.086247 14.130105
2.086247 13.660864
1.929833 14.286519
1.929833 13.973691
1.773419 13.817277
1.617005 14.755760
1.617005 14.599346
1.617005 14.442932
