35.402374 129.094208
14.912174 4.119625
77.164844 155.528131
15.068587 47.915474
80.605947 157.874337
39.625545 89.052289
21.325137 120.804279
15.225001 51.669404
27.894515 124.558209
96.090908 167.728403
15.694242 76.069948
3.650384 96.403735
99.062769 169.605368
93.901115 166.164266
15.381415 76.226362
61.210642 145.361238
14.755760 9.281279
41.189683 132.691724
87.331738 162.253922
87.175324 162.097508
42.284579 133.317379
97.498631 168.823299
75.600707 154.589649
39.469132 92.180564
14.755760 54.015610
91.242082 164.443715
54.797679 141.450894
88.113807 162.410336
14.286519 10.689003
14.286519 39.625545
15.694242 59.646505
22.889275 86.549669
14.599346 49.166784
15.381415 59.802919
99.844838 170.231023
13.973691 21.168724
73.254501 153.025511
28.676583 125.027451
14.599346 38.999891
46.820578 136.289240
14.755760 25.391895
15.381415 54.484851
15.381415 43.379475
15.537829 63.400435
15.225001 72.941673
15.381415 67.780020
38.843477 131.440414
14.912174 22.732861
13.817277 28.363756
65.903055 148.333099
14.912174 57.300299
49.166784 137.540550
71.221122 151.617787
15.850656 71.377536
14.442932 41.033269
39.938373 132.222483
15.694242 77.477672
86.706083 161.784681
14.130105 46.351337
92.806219 165.069369
14.599346 49.792439
64.964572 147.863857
14.912174 84.985532
84.203463 159.907716
15.381415 68.249261
14.286519 33.681823
14.442932 43.066648
95.152425 167.259162
18.666104 118.927315
54.641265 141.138066
15.225001 26.330377
14.912174 24.609826
14.442932 39.312718
14.755760 1.617005
93.588288 165.695024
74.662225 153.807580
15.850656 70.595467
79.980292 157.561510
14.912174 3.963211
14.442932 46.194923
96.403735 167.884817
83.264981 159.438475
15.537829 64.182504
14.442932 55.736161
78.572568 156.623027
15.694242 64.651745
98.749941 169.292541
14.442932 11.471071
15.225001 72.785260
42.910234 133.630207
64.808159 147.707444
38.843477 131.596828
63.713262 146.768961
14.286519 40.876855
15.850656 74.975052
3.493970 87.800979
24.140585 122.212003
48.384715 137.227723
83.890636 160.220543
44.943613 135.194344
40.564028 132.378897
15.381415 62.931194
62.931194 146.456134
39.469132 89.990772
83.264981 158.969233
83.577808 159.594888
14.599346 62.149125
15.225001 47.602647
39.312718 91.867737
71.846777 152.087029
14.599346 4.276039
47.446233 136.602068
19.761000 119.709383
15.068587 24.453412
15.225001 25.235481
13.973691 16.476311
94.213943 166.320679
15.068587 60.272160
16.007070 73.254501
59.959332 144.579169
15.537829 56.831058
15.225001 65.120986
62.461952 146.143306
38.999891 94.996011
91.085668 164.756542
14.286519 36.184443
92.493392 165.382197
64.338917 147.551030
14.755760 8.029969
79.511051 157.092268
15.068587 83.734222
62.149125 145.986893
76.695603 155.058890
15.225001 79.980292
38.687063 93.275460
77.477672 155.684545
15.381415 53.077128
78.103327 156.153786
15.537829 82.482912
15.381415 41.502510
74.349397 154.120407
13.660864 13.973691
14.286519 27.894515
88.426634 163.035991
14.286519 68.718502
89.834358 163.974473
49.948853 138.166205
15.537829 78.259741
15.068587 84.359877
78.416154 156.466613
86.549669 161.628267
89.677944 163.818060
29.145825 125.340278
14.599346 42.910234
15.381415 83.890636
44.787199 134.881517
15.225001 43.535889
15.694242 57.769540
38.374236 130.971173
14.755760 44.161544
15.381415 72.472432
42.128165 133.473793
47.915474 136.758482
14.755760 56.205403
14.442932 3.337557
72.472432 152.399856
15.381415 77.634086
14.442932 21.794378
15.381415 47.133405
15.068587 61.367056
43.692303 134.099448
5.996590 108.916835
15.850656 66.372296
18.040449 118.614487
38.687063 93.119047
15.068587 61.679884
14.442932 27.112446
88.270220 162.879577
34.776719 128.624967
14.599346 45.412854
15.381415 61.836297
14.599346 10.845416
38.843477 94.057529
14.130105 15.225001
63.244021 146.612548
15.537829 69.969812
69.187743 150.366477
15.068587 30.709962
15.381415 68.092847
66.841537 148.958754
72.316018 152.243442
35.871616 129.563449
80.762361 158.030751
15.381415 38.843477
15.225001 58.864436
14.130105 83.264981
16.163484 117.519591
15.694242 59.020850
38.061408 94.526770
23.045688 121.899176
14.286519 35.871616
15.381415 73.567328
56.831058 142.389376
14.599346 5.370935
57.925954 143.015031
14.442932 42.597407
92.336978 165.225783
38.999891 91.554909
61.679884 145.517651
85.767600 161.002612
15.381415 48.384715
15.537829 68.405675
38.530649 95.778080
37.435753 130.501932
53.077128 139.886756
48.384715 137.071309
89.365117 163.505232
15.381415 51.825818
15.537829 81.700843
15.225001 84.672704
51.512990 138.948274
15.537829 64.026090
15.068587 5.996590
15.381415 80.136706
99.532010 170.074609
86.549669 161.941095
31.492031 127.060829
72.785260 152.869097
15.537829 80.293119
92.649805 164.912956
82.013671 158.656406
15.068587 38.687063
15.850656 73.098087
14.286519 56.987471
88.113807 162.723163
15.381415 60.115746
58.238781 143.171445
14.599346 20.230241
14.130105 29.615066
96.716563 168.354058
15.381415 78.572568
15.537829 63.869676
52.138645 139.417515
70.439053 151.304960
14.912174 51.043749
84.985532 160.846198
53.702783 140.355998
15.694242 69.500571
39.156304 93.588288
71.377536 151.930615
13.504450 11.783899
65.746641 148.020271
78.416154 156.310200
83.890636 160.064130
15.225001 82.952153
15.225001 85.298359
88.113807 162.566750
38.687063 131.284000
29.615066 125.809519
45.725682 135.507172
15.381415 63.713262
90.147185 164.287301
15.537829 68.874916
59.177264 143.797100
13.504450 21.481551
15.537829 64.964572
79.667464 157.717923
67.310778 149.427995
99.219183 169.918196
68.405675 149.740822
14.599346 79.667464
60.428574 145.204824
14.912174 79.823878
69.344157 150.835719
39.469132 88.739462
71.064708 151.774201
15.381415 83.577808
19.291759 119.396556
14.442932 16.632725
34.776719 128.781381
61.836297 145.674065
84.516290 160.533371
38.999891 93.901115
46.664164 136.132827
15.381415 52.920714
94.996011 167.102748
14.755760 63.244021
72.941673 153.181925
15.381415 85.611187
14.912174 116.581108
15.381415 79.041809
15.537829 63.087607
33.056168 127.842898
14.599346 44.630785
14.442932 21.637965
65.746641 148.489512
15.381415 48.228302
30.084307 126.122347
58.082367 143.327859
85.924014 161.315440
15.850656 66.215882
19.291759 119.552970
51.200163 139.261101
15.537829 75.757121
14.442932 2.399074
70.751881 151.461374
94.370356 166.477093
15.068587 55.579748
82.326498 158.812820
39.156304 93.744701
14.442932 2.868315
66.372296 148.645926
68.249261 150.053650
15.068587 35.089547
14.442932 60.897815
54.015610 140.668825
50.730921 138.479033
69.187743 150.522891
15.068587 10.376175
18.978931 86.080428
6.778659 111.888696
84.672704 160.376957
14.599346 7.404314
59.490091 144.735583
14.442932 36.497271
38.843477 92.493392
14.130105 84.516290
97.342218 168.510472
14.912174 5.214521
15.225001 76.852017
12.878795 115.486212
14.286519 60.428574
56.048989 142.232963
56.518230 142.545790
79.041809 156.935855
15.850656 71.064708
14.755760 25.861136
90.147185 164.130887
14.442932 54.797679
93.744701 166.007852
38.374236 94.213943
83.264981 159.282061
15.225001 76.695603
99.375596 169.761782
15.537829 59.959332
14.599346 65.746641
15.694242 77.321258
30.553548 126.435174
59.020850 143.953514
14.599346 116.424695
39.625545 91.242082
15.381415 39.938373
51.043749 138.791860
78.885396 156.779441
14.599346 45.569268
15.694242 72.316018
45.725682 135.350758
29.615066 87.331738
15.537829 72.628846
14.755760 41.815338
15.537829 82.170084
89.834358 163.661646
17.258380 117.988832
35.089547 128.937794
15.225001 57.613126
14.130105 12.409554
59.177264 144.266341
83.421394 159.125647
44.005130 134.255862
14.599346 8.499210
53.389955 140.199584
57.769540 142.858618
15.068587 37.435753
7.404314 112.357937
31.022789 126.591588
15.381415 34.463892
15.381415 55.266920
15.225001 41.658924
14.599346 44.943613
15.225001 73.880156
15.068587 61.054229
76.382776 155.215304
81.075188 158.343578
42.753820 133.786620
14.442932 61.210642
41.658924 133.004552
86.236842 161.471853
62.931194 146.299720
64.495331 147.238202
15.537829 78.728982
93.275460 165.851438
14.599346 42.440993
2.242660 107.821939
14.755760 56.048989
44.005130 134.412275
15.537829 62.305539
29.615066 125.496692
15.694242 74.192983
14.755760 46.664164
15.381415 57.925954
28.207342 124.871037
15.068587 7.717141
15.381415 79.354637
38.687063 95.152425
49.323198 137.696964
15.537829 72.003191
14.286519 47.446233
15.850656 70.439053
74.036570 153.338339
20.543069 120.178624
14.599346 51.356576
21.637965 120.960693
41.502510 132.848138
44.943613 135.037930
89.208703 163.192405
15.694242 75.600707
15.068587 36.966512
39.625545 89.208703
14.912174 22.889275
6.778659 112.045110
67.154365 149.115167
14.912174 26.643205
15.225001 54.954093
15.381415 81.231602
75.913534 154.746062
96.716563 168.197644
3.963211 97.029390
15.381415 64.338917
15.381415 79.198223
13.817277 20.543069
15.850656 77.790499
55.579748 141.607308
15.537829 47.289819
5.058108 111.106627
14.755760 44.317958
52.764300 140.043170
15.694242 81.388016
15.694242 78.416154
15.537829 67.936433
14.286519 11.627485
15.381415 70.126226
13.817277 27.268860
67.623606 149.584409
15.068587 30.866376
53.859196 140.512411
14.286519 36.653684
15.694242 69.187743
60.272160 144.891996
15.694242 71.533950
59.333677 144.109928
15.381415 54.172024
38.530649 95.308839
15.225001 62.618366
14.912174 72.159605
14.286519 34.151064
15.694242 74.349397
38.843477 92.336978
15.068587 22.576447
15.537829 55.110506
14.755760 80.918774
52.138645 139.573929
93.588288 165.538611
15.225001 35.558788
14.755760 43.848717
98.593528 169.136127
15.694242 82.639326
15.068587 62.461952
14.599346 3.806798
39.625545 131.909655
14.912174 20.699482
38.999891 93.431874
90.772840 164.600128
28.050928 124.714623
16.007070 73.410915
38.374236 95.621666
14.442932 57.143885
14.442932 49.479611
15.068587 33.212582
14.912174 4.432453
14.755760 71.221122
14.755760 12.565967
14.755760 48.853956
15.225001 74.662225
14.130105 40.720442
15.381415 50.105266
56.048989 142.076549
15.537829 80.449533
15.381415 80.605947
43.535889 133.943034
15.381415 66.528710
14.286519 19.761000
15.381415 78.103327
13.973691 116.111867
15.537829 75.287879
15.381415 75.913534
24.922653 122.837658
15.225001 66.841537
14.442932 14.286519
15.381415 50.730921
14.286519 30.084307
35.402374 129.250622
96.560149 168.041231
52.451473 139.730343
17.571207 118.145246
76.539189 155.371717
14.599346 82.795739
39.312718 88.895875
15.381415 59.490091
67.780020 149.897236
15.537829 66.685123
15.068587 77.946913
15.537829 56.518230
38.217822 95.934494
32.743341 127.530071
15.537829 59.333677
14.755760 65.903055
38.999891 90.616427
13.504450 115.799040
39.781959 91.085668
14.755760 8.968451
14.912174 22.263620
14.599346 60.584987
15.225001 37.122926
34.463892 128.468553
21.168724 120.335038
13.973691 40.564028
14.286519 116.268281
74.505811 153.651166
16.789139 85.924014
13.973691 38.217822
15.068587 45.725682
85.141945 160.689785
15.381415 41.189683
70.439053 150.992132
39.156304 90.147185
37.592167 130.345518
14.912174 31.492031
14.755760 32.274099
15.225001 58.082367
39.312718 90.772840
14.442932 14.130105
14.755760 3.181143
55.892575 141.763721
13.660864 15.850656
59.646505 144.422755
60.428574 145.048410
26.956032 124.088968
14.755760 23.984171
29.771480 125.653106
14.755760 48.071888
15.537829 76.382776
15.694242 67.623606
20.230241 86.236842
15.381415 52.138645
15.537829 53.233541
15.381415 53.389955
15.068587 32.586927
50.887335 138.635446
94.370356 166.789921
22.420033 121.117107
14.130105 24.296998
4.276039 109.542490
14.442932 28.832997
14.755760 45.256440
14.286519 32.430513
15.537829 74.818638
15.068587 31.648444
36.340857 129.876277
38.687063 92.649805
15.068587 39.781959
69.813398 151.148546
14.442932 11.001830
81.388016 158.499992
15.694242 67.154365
15.537829 68.562088
14.599346 23.358516
15.381415 49.323198
36.028029 130.032690
15.381415 35.245961
15.381415 55.892575
94.683184 166.633507
14.912174 32.899754
97.967873 168.979713
14.755760 60.741401
74.818638 153.963994
95.152425 167.415576
77.477672 155.840959
8.499210 112.983592
14.599346 4.588866
39.156304 88.583048
51.669404 139.104688
15.225001 76.539189
15.225001 39.469132
54.641265 140.981653
31.492031 126.904416
97.655045 168.666886
39.156304 89.834358
49.479611 137.853378
46.038509 135.976413
15.068587 82.326498
3.650384 96.560149
15.537829 67.467192
76.539189 154.902476
15.068587 9.594106
39.625545 131.753242
95.152425 166.946334
15.537829 75.444293
15.068587 85.141945
14.755760 56.361816
39.156304 94.683184
83.734222 159.751302
17.258380 118.301660
50.105266 138.322619
14.286519 81.544429
3.493970 87.018910
4.588866 110.793800
14.286519 27.581687
15.694242 70.282640
5.840176 111.419455
15.068587 52.451473
14.442932 1.929833
58.395195 143.484273
29.771480 125.965933
63.869676 146.925375
15.537829 70.751881
14.755760 15.694242
14.599346 27.738101
39.156304 90.460013
72.316018 152.712684
22.889275 121.586348
74.036570 153.494752
38.999891 92.806219
26.956032 124.401796
15.381415 42.128165
54.172024 140.825239
14.755760 3.650384
15.068587 58.238781
17.727621 118.458073
44.005130 134.568689
15.225001 53.859196
14.599346 53.702783
74.505811 154.433235
22.107206 86.862497
12.722381 115.329798
98.749941 169.448954
15.537829 50.574508
14.442932 29.927893
14.286519 31.804858
21.637965 86.393255
14.912174 15.537829
31.335617 126.748002
14.912174 52.764300
89.208703 163.348818
15.068587 77.008431
13.035209 115.642626
14.442932 45.100027
14.912174 28.050928
14.442932 33.994651
41.971752 133.160965
15.381415 62.774780
39.625545 89.521530
15.068587 52.295059
14.912174 69.344157
39.156304 90.303599
37.748581 130.814759
14.442932 2.555488
14.755760 4.901694
14.912174 10.063348
15.694242 117.363177
15.537829 58.708022
15.068587 23.045688
79.823878 157.248682
15.068587 31.335617
14.912174 49.636025
14.442932 15.068587
15.381415 83.108567
30.084307 87.488152
15.381415 117.050350
21.481551 120.647866
11.940313 114.860557
14.599346 23.514930
8.342796 112.670765
14.599346 65.433814
40.407614 132.535310
72.785260 152.556270
45.569268 135.663585
14.442932 34.307478
14.755760 23.827757
14.286519 6.778659
14.755760 44.005130
15.381415 69.813398
38.999891 94.370356
74.192983 154.276821
3.181143 97.342218
15.537829 69.656985
32.899754 127.686484
46.820578 136.445654
14.130105 8.812038
100.157665 170.387437
8.342796 113.140006
37.592167 88.113807
31.648444 127.217243
14.599346 42.753820
15.068587 116.737522
24.296998 122.524831
57.143885 142.702204
13.817277 6.465831
38.687063 92.962633
2.242660 108.447594
15.850656 69.031330
15.068587 63.556849
95.308839 167.571989
14.912174 58.395195
15.381415 67.310778
13.817277 20.073827
14.442932 24.140585
38.999891 94.839598
35.871616 129.719863
15.381415 52.607886
14.912174 9.437693
15.381415 61.992711
14.755760 40.407614
13.817277 18.978931
15.537829 81.857257
15.537829 79.511051
13.504450 115.955453
15.850656 71.846777
14.286519 35.715202
33.838237 128.312139
14.286519 14.912174
54.954093 141.294480
15.225001 77.164844
15.381415 66.059469
15.068587 61.523470
12.096726 115.016971
14.912174 5.840176
3.650384 96.872976
15.694242 81.075188
85.924014 161.159026
67.154365 149.271581
55.736161 141.920135
14.286519 44.787199
26.017550 123.463313
12.096726 115.173385
46.194923 135.819999
14.599346 16.945552
79.823878 157.405096
15.850656 71.690363
15.381415 74.036570
14.130105 7.247900
15.694242 117.206763
35.715202 129.407035
59.020850 143.640686
15.694242 73.723742
14.755760 51.512990
3.806798 96.716563
14.286519 6.309418
14.130105 22.420033
77.790499 155.997372
25.548308 123.150486
14.912174 26.017550
39.312718 89.677944
69.500571 150.679305
14.599346 20.855896
2.399074 108.134766
14.599346 25.079067
15.381415 70.908295
14.912174 10.219761
13.660864 36.028029
15.381415 64.495331
7.560728 112.514351
14.130105 8.655624
15.225001 42.284579
15.537829 64.808159
13.973691 3.024729
14.286519 11.314658
15.381415 80.762361
15.225001 37.592167
14.599346 12.878795
14.755760 8.342796
15.537829 75.131466
26.799618 124.245382
14.286519 32.117686
24.766240 122.681244
38.374236 88.270220
23.045688 121.742762
14.912174 7.873555
13.973691 16.789139
4.901694 110.950214
44.474372 134.725103
66.372296 148.802340
68.874916 150.210064
3.024729 97.498631
14.286519 17.884035
4.588866 110.637386
15.225001 34.933133
15.537829 50.887335
14.130105 7.091486
14.912174 4.745280
15.381415 85.454773
13.973691 17.414794
15.068587 28.207342
14.755760 13.348036
38.999891 88.426634
15.225001 38.374236
15.694242 59.177264
14.286519 9.124865
20.073827 120.022211
14.286519 30.553548
49.010370 137.384137
14.912174 45.882095
14.599346 19.135345
15.225001 34.776719
8.655624 112.827178
14.912174 17.571207
15.381415 65.590227
14.286519 6.935073
15.537829 74.505811
13.973691 29.145825
14.130105 29.302238
32.274099 127.373657
13.817277 12.253140
14.286519 10.532589
23.358516 122.055589
2.555488 7.560728
24.140585 122.368417
28.832997 125.183864
14.130105 29.458652
15.068587 41.971752
13.817277 25.704722
1.929833 97.811459
14.599346 28.520170
14.442932 13.504450
15.537829 49.948853
15.381415 43.692303
64.808159 147.394616
4.119625 109.698904
14.912174 18.353276
14.442932 25.548308
16.476311 85.767600
5.527349 109.386076
15.225001 37.904994
14.599346 83.421394
14.912174 30.397135
22.732861 86.706083
14.912174 35.402374
14.912174 13.817277
15.381415 48.541129
15.381415 54.328438
15.381415 84.047049
14.755760 2.242660
14.755760 30.240721
14.442932 5.527349
2.555488 97.655045
14.130105 18.196862
39.312718 90.929254
15.068587 26.799618
6.153004 109.229662
14.442932 40.094787
14.286519 28.989411
18.822517 119.240142
39.312718 89.365117
11.314658 114.704143
14.912174 5.058108
14.755760 33.838237
14.755760 20.386655
63.869676 147.081789
61.679884 145.830479
15.381415 84.829118
15.381415 65.277400
18.666104 119.083728
14.286519 57.456712
15.225001 46.976992
14.599346 33.525409
15.225001 53.546369
15.225001 39.156304
6.935073 111.732282
15.381415 82.013671
80.605947 158.187165
15.068587 24.766240
49.948853 138.009792
39.312718 92.024150
14.130105 23.671343
14.130105 21.950792
13.817277 28.676583
1.773419 113.296420
3.181143 87.644565
4.432453 110.324559
14.755760 9.906934
16.632725 117.832418
2.711902 14.599346
14.286519 24.922653
15.537829 50.418094
15.225001 46.038509
37.592167 130.658345
4.276039 109.855317
14.912174 12.722381
16.632725 117.676005
65.590227 148.176685
22.732861 121.273521
25.391895 122.994072
13.660864 5.683763
15.068587 47.759060
14.130105 8.186383
14.755760 18.509690
14.130105 15.381415
15.381415 41.346097
27.112446 87.175324
15.381415 51.200163
26.799618 123.932554
26.799618 123.776141
5.370935 109.073249
14.599346 44.474372
14.442932 33.368996
14.599346 31.022789
25.704722 123.619727
14.912174 49.010370
38.999891 91.711323
15.225001 32.743341
38.530649 95.465253
14.130105 13.191622
33.212582 127.999312
34.463892 87.957393
2.711902 14.442932
15.694242 66.997951
15.694242 78.885396
38.530649 131.127587
15.068587 26.486791
14.599346 17.727621
14.599346 26.956032
33.681823 128.155726
14.755760 40.251200
14.599346 17.101966
39.938373 132.066069
14.912174 22.107206
14.912174 13.035209
37.279339 130.189104
15.225001 23.202102
14.599346 46.820578
14.599346 21.012310
14.599346 6.622245
15.068587 33.056168
14.286519 55.423334
13.973691 19.917414
14.599346 54.641265
3.650384 97.185804
14.442932 34.620306
14.912174 13.660864
15.225001 36.340857
39.312718 91.398495
14.599346 43.223062
4.588866 110.168145
2.399074 12.096726
14.599346 1.773419
2.086247 9.750520
15.225001 36.810098
14.442932 46.507750
19.761000 119.865797
15.381415 56.674644
15.068587 19.604586
6.465831 111.575868
18.196862 118.770901
15.225001 84.203463
47.915474 136.914895
14.130105 6.153004
13.660864 11.940313
14.286519 29.771480
6.935073 112.201523
13.504450 19.291759
21.481551 120.491452
14.755760 58.551609
15.068587 26.173963
5.214521 108.291180
13.973691 14.755760
15.068587 37.748581
15.225001 116.893936
15.225001 50.261680
14.286519 11.158244
2.086247 107.665525
13.817277 17.258380
5.214521 110.480972
14.130105 38.530649
14.599346 2.086247
2.086247 21.325137
14.599346 2.711902
15.068587 51.982231
14.599346 18.822517
14.599346 16.007070
22.889275 121.429934
38.217822 96.247321
25.235481 123.306899
5.683763 108.604007
30.240721 126.278761
38.061408 96.090908
2.555488 111.263041
4.432453 110.011731
15.225001 37.279339
14.755760 3.493970
14.286519 27.425273
15.068587 31.179203
15.068587 16.319897
14.442932 31.961272
14.912174 18.666104
2.399074 107.978352
15.225001 38.061408
14.442932 18.040449
13.817277 19.448172
2.086247 108.760421
13.973691 48.697543
14.599346 16.163484
1.773419 107.509111
