20.073827 102.191044
23.514930 123.150486
3.493970 19.291759
2.868315 10.219761
20.073827 3.493970
23.984171 132.535310
20.073827 9.124865
23.827757 127.842898
20.230241 106.257801
2.399074 78.259741
23.045688 121.899176
20.386655 8.499210
23.514930 125.965933
19.448172 9.281279
23.045688 121.273521
12.722381 80.918774
18.196862 97.655045
2.868315 116.581108
21.481551 118.145246
12.878795 82.170084
3.493970 18.196862
19.761000 101.878216
20.073827 5.370935
1.773419 40.564028
21.012310 110.011731
3.024729 116.893936
23.671343 130.971173
3.493970 19.604586
12.253140 82.952153
23.827757 131.753242
1.929833 66.059469
10.376175 75.757121
20.230241 1.929833
23.045688 124.088968
9.437693 70.439053
20.073827 3.337557
23.045688 121.586348
22.576447 119.709383
3.650384 16.319897
19.917414 4.745280
2.555488 101.408975
23.671343 129.094208
23.514930 122.368417
20.073827 2.086247
23.202102 123.776141
19.761000 6.935073
19.761000 5.683763
3.493970 19.917414
20.386655 8.342796
23.514930 129.407035
20.230241 7.091486
19.291759 9.750520
8.186383 66.685123
23.514930 133.473793
22.889275 134.099448
20.073827 102.816699
23.671343 125.340278
2.555488 100.314079
23.827757 131.440414
20.073827 7.717141
23.514930 122.681244
1.773419 77.164844
1.929833 97.811459
20.230241 3.806798
20.073827 4.588866
20.073827 2.555488
21.950792 118.301660
23.514930 132.378897
23.984171 130.501932
3.650384 16.945552
20.699482 108.134766
21.012310 112.201523
23.202102 123.619727
20.073827 2.868315
23.045688 121.117107
19.761000 6.153004
19.917414 104.068009
9.594106 70.595467
1.929833 62.305539
23.514930 125.809519
19.917414 7.560728
23.045688 133.943034
2.399074 92.649805
20.230241 8.968451
23.671343 132.691724
3.650384 15.850656
2.399074 90.772840
20.230241 7.873555
3.650384 17.258380
21.012310 112.514351
1.929833 86.862497
23.671343 126.591588
23.045688 121.429934
2.868315 115.955453
2.711902 76.226362
12.253140 83.421394
22.889275 123.932554
19.917414 2.399074
23.671343 126.122347
2.868315 115.329798
12.565967 81.700843
9.750520 72.316018
2.399074 79.198223
3.493970 16.163484
23.514930 122.837658
22.889275 120.960693
23.514930 133.786620
9.906934 71.064708
2.399074 100.783320
19.761000 7.404314
7.560728 59.646505
1.617005 89.365117
20.073827 4.276039
2.868315 117.050350
24.140585 131.127587
23.984171 132.066069
19.761000 2.711902
1.929833 88.113807
22.263620 119.083728
23.514930 126.435174
21.012310 110.480972
2.868315 116.424695
23.671343 127.999312
9.437693 71.221122
20.699482 108.916835
2.242660 78.728982
3.181143 16.476311
2.242660 91.398495
22.576447 119.865797
1.617005 38.843477
23.827757 128.624967
7.560728 59.959332
2.711902 115.173385
23.984171 130.032690
2.868315 116.737522
23.202102 122.055589
3.650384 20.073827
19.448172 102.347457
3.181143 9.906934
2.399074 84.829118
23.514930 124.871037
22.732861 119.552970
22.576447 120.178624
20.699482 106.570629
20.073827 5.214521
3.493970 15.694242
10.376175 75.131466
22.732861 120.491452
20.073827 5.527349
22.732861 119.240142
23.827757 131.284000
9.750520 72.472432
22.732861 120.647866
23.827757 127.373657
9.906934 70.751881
2.086247 72.941673
1.773419 56.518230
2.242660 93.119047
23.984171 132.848138
2.242660 72.785260
20.073827 103.285940
2.711902 14.912174
23.984171 129.719863
23.671343 133.160965
2.242660 73.254501
20.699482 110.950214
1.773419 39.469132
23.514930 125.027451
3.493970 18.509690
2.399074 93.431874
2.555488 76.539189
21.168724 111.732282
9.750520 72.003191
3.337557 16.632725
12.722381 86.549669
3.493970 18.040449
23.827757 128.781381
7.091486 62.618366
20.543069 108.604007
23.827757 129.563449
9.750520 71.377536
3.650384 18.822517
23.984171 131.596828
12.096726 84.985532
1.773419 58.238781
8.342796 68.405675
7.404314 60.428574
23.514930 127.686484
12.565967 85.767600
1.929833 74.505811
7.560728 60.272160
23.202102 124.401796
2.242660 74.662225
23.827757 133.317379
23.514930 127.217243
23.358516 126.748002
8.186383 67.310778
12.722381 81.544429
19.917414 7.247900
23.827757 132.222483
23.827757 127.530071
2.555488 91.085668
23.358516 125.653106
19.604586 9.437693
3.650384 17.571207
7.404314 61.523470
19.604586 102.034630
2.086247 66.372296
10.532589 75.913534
8.499210 68.562088
2.868315 15.381415
7.404314 61.210642
2.242660 94.370356
23.514930 125.496692
21.950792 134.412275
3.493970 20.386655
21.012310 112.983592
19.917414 3.963211
2.399074 90.616427
20.699482 112.827178
1.929833 87.175324
24.140585 129.876277
2.399074 85.141945
23.827757 130.189104
12.565967 82.639326
7.873555 68.249261
8.499210 68.874916
2.555488 76.382776
23.671343 126.278761
19.917414 5.996590
23.202102 122.994072
3.650384 17.727621
12.409554 81.075188
23.671343 128.937794
22.263620 118.770901
19.604586 9.594106
8.499210 69.031330
12.409554 80.762361
7.560728 59.177264
7.717141 65.746641
20.386655 107.509111
8.029969 67.154365
1.929833 76.695603
20.699482 108.291180
19.604586 4.901694
19.761000 6.309418
20.855896 109.229662
10.063348 70.908295
1.929833 87.018910
20.230241 102.503871
1.773419 97.967873
7.247900 60.115746
2.399074 99.532010
19.917414 8.812038
23.358516 123.463313
20.230241 8.029969
7.717141 60.897815
23.514930 133.630207
20.699482 106.727042
21.012310 113.452833
23.827757 127.060829
12.409554 80.605947
19.917414 4.119625
23.984171 130.345518
20.543069 106.883456
23.514930 124.558209
8.342796 67.780020
8.186383 66.841537
23.827757 126.904416
6.778659 62.774780
23.358516 128.468553
1.929833 63.087607
3.024729 117.676005
23.671343 129.250622
20.543069 107.039870
20.699482 111.106627
7.091486 61.836297
20.073827 104.380836
23.984171 130.814759
20.699482 110.637386
2.868315 116.111867
22.420033 118.927315
22.889275 121.742762
3.337557 18.353276
1.773419 56.674644
23.514930 122.524831
19.761000 5.058108
19.917414 3.181143
7.717141 59.490091
21.168724 111.263041
2.555488 20.855896
20.386655 105.162905
20.230241 6.778659
12.565967 83.108567
3.806798 18.978931
22.732861 120.335038
1.773419 83.734222
3.181143 117.832418
2.242660 74.818638
23.514930 124.714623
7.717141 65.433814
19.917414 5.840176
20.073827 102.660285
3.024729 117.206763
10.845416 75.600707
3.024729 15.225001
8.342796 67.467192
2.242660 98.593528
8.812038 69.187743
23.045688 125.183864
1.929833 99.688424
2.399074 74.192983
1.929833 93.744701
2.242660 14.755760
2.242660 83.577808
23.202102 130.658345
19.917414 1.617005
12.096726 85.298359
20.073827 3.650384
12.565967 85.454773
20.386655 105.006491
22.576447 119.396556
23.358516 124.245382
2.086247 73.098087
2.399074 93.901115
20.386655 105.319319
1.929833 88.583048
1.617005 73.410915
2.242660 99.844838
13.191622 89.677944
20.699482 108.760421
1.773419 95.465253
7.560728 59.802919
2.711902 20.699482
12.878795 82.013671
21.012310 110.324559
2.086247 61.992711
1.773419 77.634086
23.202102 122.212003
2.399074 92.024150
11.940313 83.264981
20.073827 2.242660
22.889275 123.306899
8.499210 68.718502
7.873555 68.092847
2.086247 79.354637
20.230241 103.442354
21.012310 113.140006
2.242660 72.628846
10.689003 75.287879
8.029969 66.528710
22.732861 120.022211
3.024729 117.519591
2.711902 116.268281
12.722381 86.393255
23.514930 128.155726
7.247900 61.679884
22.889275 120.804279
1.929833 77.477672
1.929833 38.999891
2.242660 91.711323
20.073827 105.944974
2.086247 114.860557
7.091486 62.461952
3.337557 118.614487
23.671343 133.004552
2.086247 70.126226
9.594106 71.846777
23.514930 128.312139
1.617005 87.644565
1.929833 96.560149
1.773419 56.361816
20.699482 107.665525
20.699482 113.296420
2.086247 63.244021
6.935073 64.182504
24.140585 131.909655
3.181143 17.101966
22.263620 118.458073
1.929833 87.331738
19.917414 1.773419
21.168724 111.888696
7.717141 59.333677
2.555488 101.721803
2.555488 114.704143
2.242660 73.567328
20.386655 109.386076
1.617005 79.041809
2.555488 107.352697
12.253140 81.231602
3.806798 19.135345
12.878795 86.080428
1.617005 77.008431
19.604586 6.465831
20.543069 112.045110
20.073827 8.655624
2.242660 74.975052
3.181143 10.063348
1.929833 77.790499
21.012310 113.609247
3.337557 19.761000
21.168724 111.575868
1.617005 95.934494
20.386655 104.693664
2.086247 14.286519
20.073827 8.186383
8.186383 67.623606
20.855896 109.698904
20.543069 110.168145
1.617005 21.168724
2.399074 73.880156
18.040449 98.437114
1.617005 62.931194
21.012310 110.793800
2.399074 91.867737
2.399074 100.157665
18.353276 98.280700
3.493970 16.007070
1.773419 58.082367
1.617005 14.130105
3.493970 15.537829
12.722381 81.857257
19.761000 104.850077
1.929833 63.400435
3.650384 20.230241
2.399074 100.001251
2.086247 59.020850
1.929833 95.621666
7.247900 62.149125
1.929833 79.511051
2.242660 94.057529
19.761000 103.129526
1.773419 69.344157
2.868315 115.642626
1.929833 96.090908
2.086247 69.656985
2.555488 109.073249
7.404314 60.741401
19.761000 6.622245
20.386655 112.670765
1.773419 86.706083
1.929833 77.321258
2.399074 92.180564
19.604586 4.432453
1.773419 88.270220
2.555488 114.391316
19.761000 104.224422
2.242660 84.047049
20.699482 108.447594
12.722381 85.611187
12.409554 81.388016
20.230241 3.024729
3.024729 115.486212
22.107206 134.255862
20.855896 109.542490
21.012310 113.922075
2.242660 91.554909
20.699482 107.821939
8.186383 66.997951
2.555488 15.068587
2.086247 94.213943
19.917414 102.973112
2.086247 69.969812
3.493970 18.666104
2.242660 92.336978
1.617005 40.251200
3.337557 16.789139
9.750520 71.690363
13.504450 89.990772
18.978931 99.219183
3.181143 17.414794
7.404314 61.367056
13.660864 90.303599
2.242660 58.395195
2.399074 100.470493
1.929833 96.403735
2.086247 79.823878
12.409554 82.326498
7.873555 67.936433
20.386655 112.357937
1.929833 100.939734
19.917414 105.788560
1.929833 80.136706
1.617005 64.026090
19.761000 103.911595
3.181143 17.884035
1.617005 96.247321
1.773419 87.488152
20.230241 106.414215
2.555488 107.196284
9.750520 71.533950
2.086247 114.234902
2.086247 83.890636
20.855896 113.765661
13.348036 89.834358
1.929833 87.957393
2.399074 92.806219
9.906934 72.159605
1.617005 64.808159
20.230241 105.475732
1.773419 96.872976
13.504450 90.147185
2.086247 77.946913
1.617005 64.338917
2.242660 98.124286
10.845416 75.444293
2.555488 98.749941
1.929833 97.498631
2.711902 101.565389
3.181143 117.988832
2.086247 84.203463
2.242660 79.667464
20.073827 103.755181
2.242660 58.864436
12.253140 82.795739
12.409554 85.924014
1.773419 63.869676
2.242660 94.526770
19.135345 99.375596
1.773419 88.739462
2.399074 114.547730
2.242660 101.096148
1.617005 39.156304
2.868315 117.363177
3.337557 20.543069
2.242660 69.813398
20.386655 103.598767
2.868315 19.448172
13.035209 86.236842
7.404314 60.584987
2.399074 74.036570
1.773419 76.852017
20.386655 106.101387
2.555488 73.723742
2.399074 90.929254
1.929833 99.062769
2.242660 21.012310
2.242660 92.493392
2.399074 115.016971
1.617005 89.521530
20.386655 109.855317
2.242660 69.500571
2.242660 84.359877
1.929833 66.215882
21.168724 111.419455
20.386655 107.978352
7.873555 65.590227
2.242660 80.293119
2.399074 78.416154
1.617005 89.208703
1.617005 95.152425
20.386655 105.632146
2.242660 92.962633
2.086247 65.277400
2.399074 90.460013
2.242660 78.103327
1.617005 58.551609
1.773419 39.781959
2.399074 114.078488
12.096726 80.449533
2.711902 115.799040
2.086247 94.683184
12.409554 82.482912
1.773419 56.048989
2.399074 98.906355
19.917414 104.537250
2.399074 100.626906
1.929833 87.800979
2.555488 76.069948
1.929833 97.185804
2.399074 10.376175
7.717141 61.054229
1.617005 14.599346
2.086247 78.572568
1.617005 96.716563
7.873555 65.903055
2.242660 58.708022
1.773419 88.426634
1.929833 74.349397
2.399074 91.242082
1.773419 93.275460
1.929833 84.516290
1.773419 40.407614
2.086247 93.588288
1.617005 63.556849
1.617005 84.672704
1.773419 65.120986
9.281279 70.282640
1.617005 38.687063
2.086247 79.980292
2.555488 101.252561
2.086247 97.029390
1.617005 78.885396
1.617005 57.925954
1.617005 97.342218
1.617005 64.964572
1.617005 39.312718
