1.720551 131.387546
1.720551 116.841068
1.720551 109.333208
1.720551 116.684654
2.033379 119.656515
1.720551 125.130997
1.720551 114.025621
2.033379 119.343688
1.876965 119.969343
1.876965 118.874447
1.720551 115.433344
1.720551 128.884926
1.720551 128.415685
1.720551 112.617897
1.720551 112.461483
1.720551 115.746172
1.720551 115.120517
1.720551 120.282170
1.720551 131.543960
1.720551 129.666995
1.720551 111.835828
1.876965 116.997482
1.876965 119.500102
1.720551 119.030860
1.720551 119.812929
1.720551 113.087138
1.720551 111.366587
1.876965 115.589758
1.876965 109.802449
1.720551 112.774311
1.876965 128.728513
1.720551 125.287410
1.720551 124.661755
2.189792 119.187274
1.720551 111.523001
1.720551 120.125757
1.720551 118.718033
1.720551 122.784790
1.720551 112.930724
1.720551 110.740932
1.720551 121.377067
1.720551 110.115277
1.876965 111.992242
1.720551 109.489622
1.720551 115.902586
1.876965 109.646036
1.876965 109.958863
1.720551 130.761891
1.720551 123.723273
1.720551 129.354168
1.720551 130.449064
1.720551 110.584518
1.720551 132.795270
1.720551 127.164375
1.720551 121.533480
