11.627485 59.020850
25.079067 13.191622
12.409554 91.398495
22.889275 19.917414
13.191622 75.287879
10.845416 45.725682
13.660864 8.499210
13.035209 83.421394
13.191622 116.581108
21.950792 27.425273
3.963211 5.370935
13.504450 17.571207
12.253140 68.405675
18.353276 28.989411
13.504450 84.516290
13.817277 6.935073
16.476311 15.068587
13.973691 11.783899
12.722381 72.003191
12.722381 118.614487
13.348036 77.477672
13.191622 74.192983
16.476311 15.225001
11.314658 47.759060
17.884035 29.615066
23.202102 20.855896
13.191622 77.164844
13.348036 80.293119
4.276039 3.806798
11.314658 45.882095
12.565967 89.834358
15.537829 32.430513
13.348036 85.767600
23.045688 19.761000
15.694242 32.586927
12.722381 67.154365
9.281279 111.106627
12.409554 90.772840
14.599346 16.476311
15.381415 7.091486
12.722381 67.310778
10.532589 115.173385
12.722381 66.528710
3.650384 5.058108
12.722381 22.576447
11.471071 55.423334
13.348036 82.795739
12.722381 87.018910
12.878795 22.263620
11.471071 48.071888
13.973691 11.627485
12.722381 117.050350
3.963211 2.711902
20.073827 33.368996
23.671343 21.325137
11.627485 51.200163
11.001830 41.815338
12.253140 89.677944
14.130105 12.096726
23.045688 19.604586
12.409554 62.931194
9.594106 109.386076
4.276039 3.963211
13.504450 11.471071
11.001830 115.642626
9.437693 108.760421
12.722381 116.268281
13.973691 12.253140
16.007070 13.660864
13.504450 10.532589
15.225001 30.709962
13.191622 9.750520
12.878795 22.732861
9.594106 110.011731
11.314658 52.764300
14.130105 7.404314
13.660864 11.001830
18.196862 29.302238
13.348036 85.924014
12.409554 61.836297
12.565967 72.628846
22.732861 20.073827
23.358516 41.189683
13.504450 8.655624
11.314658 58.708022
21.794378 27.581687
13.348036 79.198223
11.940313 59.177264
11.001830 42.128165
13.973691 17.727621
16.789139 14.442932
13.035209 73.880156
13.348036 78.259741
13.660864 6.309418
16.319897 13.817277
13.817277 17.414794
25.391895 34.933133
15.381415 31.022789
10.376175 36.653684
24.766240 15.694242
12.409554 63.556849
12.253140 60.272160
18.509690 7.560728
11.627485 57.613126
4.119625 4.276039
13.035209 88.583048
19.291759 28.676583
9.906934 37.592167
11.314658 46.194923
11.314658 115.955453
12.878795 66.841537
25.235481 13.348036
12.565967 64.182504
12.096726 60.897815
12.878795 73.098087
4.588866 5.214521
15.694242 34.463892
11.627485 57.456712
21.481551 40.720442
12.565967 69.187743
12.565967 22.420033
13.191622 116.424695
4.276039 3.181143
19.291759 28.207342
11.471071 116.111867
11.471071 52.607886
15.225001 31.179203
12.409554 63.087607
9.281279 110.950214
15.537829 31.961272
12.096726 57.143885
21.637965 21.950792
12.409554 65.903055
19.604586 34.307478
14.130105 18.040449
13.191622 69.969812
12.722381 71.377536
13.348036 9.906934
24.766240 13.504450
11.471071 51.356576
11.783899 23.514930
12.253140 66.059469
12.722381 9.594106
10.532589 43.379475
13.035209 74.662225
24.140585 35.245961
12.722381 64.495331
14.130105 19.291759
13.348036 85.454773
13.504450 11.158244
14.442932 7.873555
20.543069 15.381415
13.348036 76.226362
13.504450 82.639326
13.504450 77.634086
12.722381 64.808159
11.158244 46.664164
13.348036 78.416154
13.348036 16.945552
13.348036 86.393255
13.817277 8.812038
11.783899 53.546369
13.504450 5.527349
12.565967 65.746641
10.376175 36.810098
13.191622 76.852017
16.789139 34.151064
23.045688 20.699482
13.817277 9.124865
13.973691 18.196862
20.543069 33.681823
13.191622 71.533950
13.035209 116.893936
12.409554 6.778659
18.666104 29.771480
12.096726 2.242660
13.504450 8.342796
24.609826 15.850656
19.135345 28.050928
15.068587 30.866376
11.001830 58.082367
9.437693 113.922075
22.889275 20.230241
13.817277 5.996590
13.504450 78.572568
11.158244 46.038509
16.945552 16.319897
15.850656 2.086247
13.660864 5.683763
24.766240 36.184443
13.035209 70.751881
11.314658 50.574508
13.191622 84.047049
13.973691 7.247900
24.453412 35.715202
17.101966 14.755760
12.096726 59.490091
16.476311 13.973691
13.035209 73.723742
4.119625 3.337557
4.432453 2.555488
13.191622 74.505811
13.817277 18.509690
10.689003 44.787199
11.314658 51.669404
19.761000 1.617005
13.191622 85.298359
13.035209 82.013671
13.817277 16.632725
18.353276 7.717141
9.906934 107.821939
13.191622 87.644565
13.660864 10.376175
13.973691 17.884035
12.722381 117.676005
11.314658 54.954093
13.035209 88.113807
11.627485 57.769540
13.035209 83.264981
4.588866 23.358516
13.348036 74.818638
11.158244 46.976992
11.158244 48.384715
13.973691 11.940313
22.732861 19.448172
16.789139 28.832997
13.191622 8.029969
13.348036 86.236842
15.537829 30.553548
25.079067 12.722381
19.917414 33.212582
12.409554 64.964572
12.565967 73.254501
12.409554 61.679884
9.124865 112.357937
12.096726 56.361816
9.750520 9.281279
11.940313 59.333677
24.609826 16.007070
10.063348 114.704143
27.112446 21.481551
13.035209 22.889275
10.219761 31.804858
12.878795 71.846777
13.348036 10.063348
10.532589 39.469132
13.817277 18.822517
3.963211 4.588866
13.191622 84.985532
9.750520 114.234902
13.191622 69.656985
13.348036 80.762361
16.632725 33.994651
13.191622 70.126226
10.689003 44.474372
1.617005 24.922653
23.514930 21.637965
13.660864 17.101966
12.878795 89.052289
12.409554 62.305539
13.504450 77.321258
18.353276 29.927893
13.191622 74.349397
1.617005 25.548308
25.079067 12.878795
23.358516 20.386655
11.471071 50.887335
23.045688 20.543069
12.565967 66.372296
23.358516 21.168724
12.409554 90.929254
12.878795 66.685123
11.001830 51.825818
12.878795 75.600707
12.878795 72.785260
10.219761 38.061408
10.689003 41.971752
13.035209 76.069948
16.789139 14.599346
16.476311 32.899754
9.594106 107.196284
11.783899 55.892575
11.001830 47.133405
8.968451 111.263041
15.225001 31.492031
12.565967 68.249261
11.471071 54.015610
12.409554 62.774780
13.817277 18.353276
11.940313 58.395195
9.594106 110.168145
10.219761 8.186383
12.409554 60.428574
10.845416 52.138645
13.191622 75.131466
13.035209 87.957393
19.135345 26.486791
20.230241 33.525409
12.253140 61.210642
15.068587 26.799618
10.845416 42.284579
13.660864 5.840176
11.627485 49.792439
10.219761 37.748581
11.001830 44.630785
10.532589 38.530649
18.978931 27.738101
13.035209 70.282640
11.471071 53.077128
2.242660 38.843477
12.409554 63.244021
12.253140 59.959332
22.576447 39.625545
12.096726 56.518230
13.817277 16.789139
11.314658 51.982231
10.063348 114.860557
13.348036 79.823878
13.035209 69.031330
12.096726 89.521530
10.845416 42.753820
11.940313 91.711323
11.940313 2.399074
2.399074 26.173963
11.627485 55.736161
13.348036 81.544429
9.437693 109.073249
22.420033 39.781959
13.973691 6.465831
3.963211 9.437693
11.158244 49.166784
12.878795 68.562088
25.079067 12.565967
13.035209 70.908295
12.409554 66.997951
10.845416 48.697543
12.878795 87.175324
13.348036 85.141945
21.637965 40.407614
9.281279 110.637386
16.476311 14.130105
13.973691 18.978931
11.314658 55.110506
20.543069 15.537829
13.348036 77.790499
11.158244 45.256440
13.348036 69.813398
11.001830 42.597407
12.253140 60.584987
13.035209 87.488152
21.325137 22.107206
16.632725 14.286519
4.276039 4.119625
10.376175 36.497271
10.219761 115.016971
10.845416 45.100027
18.196862 29.145825
12.096726 87.331738
11.471071 1.773419
12.565967 65.433814
13.348036 75.757121
13.348036 82.326498
11.627485 59.646505
13.817277 6.153004
24.609826 36.028029
18.666104 26.643205
13.348036 80.918774
11.783899 56.674644
13.348036 85.611187
13.191622 83.577808
11.783899 58.238781
21.637965 27.112446
13.191622 79.354637
24.766240 34.776719
13.348036 83.734222
15.225001 32.117686
14.286519 18.666104
11.471071 53.389955
8.655624 23.045688
23.984171 35.402374
13.504450 76.695603
11.001830 45.569268
3.650384 4.901694
11.627485 52.451473
13.504450 80.449533
23.984171 35.089547
8.968451 110.793800
12.253140 67.467192
16.789139 16.163484
12.253140 60.115746
10.376175 37.435753
11.940313 58.551609
9.437693 110.324559
15.694242 31.648444
15.850656 1.929833
23.202102 21.794378
13.191622 86.862497
11.158244 49.010370
12.409554 62.618366
15.225001 30.397135
10.219761 39.312718
9.281279 113.452833
12.409554 89.990772
18.353276 29.458652
2.555488 26.017550
11.314658 55.266920
12.409554 63.869676
11.158244 48.541129
13.504450 77.946913
13.504450 81.388016
13.348036 78.728982
6.153004 6.622245
12.409554 90.303599
12.722381 89.208703
4.119625 3.493970
13.191622 83.890636
8.968451 111.888696
12.878795 88.270220
12.878795 79.667464
12.878795 68.718502
13.504450 84.359877
13.660864 81.231602
10.219761 38.217822
13.348036 86.080428
23.514930 41.033269
13.660864 81.075188
16.007070 33.056168
13.348036 86.549669
4.276039 3.650384
11.627485 52.295059
15.537829 30.240721
11.940313 56.987471
13.035209 87.800979
11.314658 48.853956
18.978931 28.520170
11.627485 51.043749
12.878795 88.739462
11.627485 54.641265
11.158244 53.233541
13.191622 84.203463
23.202102 21.012310
9.594106 111.419455
12.722381 76.382776
10.532589 44.005130
9.594106 109.542490
4.901694 23.202102
10.845416 44.317958
9.124865 112.045110
13.191622 71.690363
24.140585 35.871616
24.766240 13.035209
13.504450 82.482912
11.627485 50.730921
12.565967 64.338917
11.314658 23.671343
10.845416 44.161544
21.325137 40.876855
15.068587 30.084307
18.822517 26.956032
13.348036 77.008431
11.627485 49.948853
12.409554 62.149125
25.079067 12.409554
10.063348 38.999891
10.219761 37.904994
13.035209 88.426634
11.158244 47.289819
13.504450 10.845416
12.565967 72.941673
12.409554 61.992711
20.543069 40.251200
16.163484 14.912174
19.604586 27.894515
13.504450 8.968451
9.124865 113.765661
11.940313 54.484851
11.940313 60.741401
11.158244 46.820578
15.694242 34.620306
13.191622 10.219761
11.158244 46.351337
11.627485 54.172024
12.878795 11.314658
13.504450 81.700843
10.063348 39.938373
11.471071 52.920714
13.191622 76.539189
12.096726 59.802919
12.409554 66.215882
11.314658 49.479611
13.817277 19.135345
15.694242 31.335617
13.504450 82.170084
11.158244 24.453412
12.253140 61.523470
13.348036 79.511051
12.409554 62.461952
13.348036 17.258380
12.409554 68.092847
2.242660 25.704722
3.963211 4.745280
12.409554 90.460013
11.471071 50.105266
13.191622 75.444293
11.001830 42.440993
11.314658 51.512990
21.637965 27.268860
13.348036 80.136706
11.627485 53.702783
11.471071 47.915474
9.124865 109.698904
13.348036 10.689003
3.963211 3.024729
11.783899 61.367056
10.532589 47.446233
12.722381 72.472432
15.381415 32.274099
17.414794 28.363756
11.940313 57.925954
11.001830 44.943613
13.504450 78.885396
12.409554 67.623606
4.276039 2.868315
12.878795 71.221122
13.035209 73.410915
12.565967 65.590227
11.783899 54.328438
12.409554 63.400435
18.822517 26.330377
13.504450 78.103327
11.314658 50.261680
24.609826 36.340857
12.722381 67.936433
10.532589 42.910234
13.035209 74.036570
11.940313 57.300299
13.504450 80.605947
12.878795 69.344157
12.565967 64.026090
16.476311 32.743341
12.565967 73.567328
12.722381 79.980292
10.532589 43.066648
12.878795 68.874916
12.253140 61.054229
11.314658 49.323198
13.191622 79.041809
11.940313 56.205403
13.191622 84.829118
12.722381 65.277400
12.409554 63.713262
13.504450 84.672704
12.565967 72.159605
13.191622 82.952153
10.532589 43.848717
12.722381 75.913534
12.722381 65.120986
12.878795 88.895875
11.158244 45.412854
13.035209 71.064708
13.348036 86.706083
11.471071 58.864436
8.968451 109.855317
3.493970 4.432453
9.281279 112.670765
26.799618 33.838237
23.358516 41.346097
12.722381 64.651745
23.671343 41.502510
9.281279 111.575868
13.035209 70.439053
11.627485 49.636025
11.001830 56.048989
13.348036 83.108567
11.471071 55.579748
12.722381 67.780020
11.001830 53.859196
10.532589 43.692303
11.783899 56.831058
1.929833 24.140585
23.827757 41.658924
10.376175 36.966512
13.191622 74.975052
11.471071 24.609826
11.158244 47.602647
12.253140 69.500571
11.158244 46.507750
9.906934 37.122926
10.063348 39.156304
10.689003 43.223062
24.140585 35.558788
12.878795 72.316018
13.348036 81.857257
10.532589 43.535889
11.471071 54.797679
10.689003 48.228302
13.035209 70.595467
21.794378 40.564028
10.219761 38.374236
10.219761 38.687063
8.812038 112.201523
3.024729 23.827757
1.617005 25.079067
11.158244 50.418094
11.627485 24.766240
9.750520 37.279339
2.399074 25.861136
20.386655 40.094787
1.617005 25.391895
1.617005 24.296998
