30.240721 126.591588
22.420033 118.458073
26.017550 120.491452
21.637965 117.519591
20.073827 116.424695
29.145825 126.748002
14.442932 100.001251
23.045688 118.145246
20.699482 117.050350
17.727621 102.191044
23.827757 121.586348
3.650384 99.375596
13.035209 102.347457
14.755760 102.816699
11.001830 97.811459
6.622245 97.185804
11.627485 99.532010
8.968451 98.906355
13.191622 100.157665
12.409554 97.655045
18.822517 100.939734
5.370935 98.749941
15.381415 100.470493
3.493970 98.593528
9.281279 97.498631
13.191622 99.844838
11.158244 101.096148
7.091486 98.124286
13.660864 101.408975
13.973691 100.314079
9.124865 99.688424
12.409554 99.062769
6.935073 99.219183
3.493970 96.872976
