14.130105 39.938373
15.694242 11.001830
14.442932 70.282640
14.286519 44.474372
39.312718 3.337557
15.225001 40.720442
15.225001 7.247900
15.694242 16.319897
15.381415 50.887335
15.694242 16.163484
14.130105 83.108567
15.381415 36.184443
15.068587 38.374236
15.225001 32.743341
14.286519 35.715202
24.766240 5.840176
15.537829 32.586927
14.130105 71.221122
39.625545 2.086247
18.978931 6.309418
14.442932 37.904994
15.537829 23.202102
15.225001 28.989411
15.225001 24.609826
13.660864 69.656985
15.694242 11.314658
15.225001 66.215882
15.850656 21.012310
15.225001 51.356576
16.007070 24.140585
14.442932 58.708022
14.755760 49.323198
14.599346 67.780020
15.068587 53.077128
15.381415 13.504450
14.755760 88.426634
15.225001 36.653684
15.068587 40.564028
15.694242 8.812038
14.755760 29.927893
38.843477 3.963211
15.068587 53.702783
14.599346 87.957393
13.973691 67.936433
14.912174 61.367056
15.068587 79.823878
15.225001 22.732861
15.068587 27.268860
15.537829 15.537829
15.225001 51.669404
15.225001 7.873555
15.381415 11.783899
38.530649 4.432453
15.381415 23.671343
15.225001 52.451473
15.381415 14.130105
14.599346 28.207342
15.381415 8.499210
15.381415 34.620306
14.599346 89.052289
15.381415 43.223062
15.068587 43.066648
15.068587 70.595467
15.694242 17.101966
14.755760 31.022789
15.225001 22.107206
15.537829 12.565967
14.755760 63.087607
15.694242 16.476311
14.599346 30.553548
15.537829 25.548308
14.755760 74.192983
14.599346 22.420033
14.755760 41.658924
15.381415 24.296998
14.599346 53.546369
14.599346 82.326498
14.755760 9.124865
15.225001 33.368996
15.068587 72.785260
15.694242 18.822517
14.755760 87.018910
15.225001 49.792439
39.469132 3.493970
14.912174 44.005130
15.694242 23.984171
14.442932 7.717141
15.068587 84.829118
15.381415 28.363756
14.599346 89.521530
14.912174 86.393255
15.694242 12.096726
14.912174 51.512990
39.469132 1.773419
15.381415 19.291759
15.225001 35.402374
14.755760 32.274099
14.912174 49.479611
15.225001 62.774780
14.912174 65.746641
15.068587 37.435753
13.973691 51.825818
15.068587 13.817277
14.912174 88.739462
15.068587 60.741401
15.381415 34.151064
14.442932 71.064708
15.537829 36.340857
15.850656 19.917414
15.225001 52.607886
15.694242 20.386655
15.537829 12.722381
15.225001 79.511051
39.469132 3.650384
39.469132 3.181143
14.912174 10.532589
14.755760 49.010370
14.599346 39.469132
14.755760 35.089547
15.537829 14.912174
31.648444 4.901694
16.476311 6.778659
15.694242 13.348036
14.755760 70.751881
15.068587 15.381415
15.850656 16.632725
15.068587 52.138645
13.973691 73.567328
15.381415 31.492031
14.286519 44.787199
14.912174 30.240721
15.694242 22.889275
15.537829 39.156304
14.286519 39.625545
14.912174 87.175324
14.599346 31.961272
15.225001 31.648444
15.068587 35.558788
15.225001 37.592167
14.912174 82.795739
15.850656 15.694242
39.469132 2.868315
15.225001 69.031330
15.068587 19.761000
15.225001 45.256440
14.912174 61.523470
14.599346 57.925954
15.225001 37.122926
15.381415 50.730921
15.068587 53.389955
15.537829 11.158244
14.286519 47.446233
15.537829 18.509690
15.381415 31.335617
15.381415 33.525409
14.912174 80.136706
14.442932 47.759060
15.537829 29.302238
15.068587 49.948853
14.755760 64.182504
15.694242 15.850656
15.381415 32.899754
15.850656 18.196862
14.599346 45.725682
15.068587 34.463892
15.225001 44.943613
15.381415 21.950792
15.537829 16.007070
14.912174 84.985532
15.225001 55.423334
14.912174 71.690363
39.469132 2.555488
15.225001 9.281279
15.381415 24.922653
15.537829 13.191622
15.381415 45.100027
14.912174 48.071888
14.599346 88.270220
15.225001 56.205403
15.694242 13.973691
15.381415 26.017550
15.068587 80.762361
15.381415 22.263620
15.694242 18.666104
15.537829 19.448172
15.537829 20.855896
15.225001 38.217822
14.286519 63.869676
15.225001 46.038509
15.225001 6.935073
15.537829 18.040449
15.537829 21.794378
14.599346 32.117686
14.599346 82.639326
14.755760 27.738101
15.694242 19.604586
15.537829 9.750520
14.912174 88.583048
38.374236 4.588866
15.694242 29.458652
15.694242 19.135345
14.286519 35.245961
14.599346 59.177264
15.537829 13.035209
15.381415 21.168724
15.225001 26.643205
14.599346 67.310778
15.068587 84.359877
15.381415 11.940313
15.694242 12.409554
14.755760 90.460013
14.912174 78.416154
13.817277 64.495331
15.225001 10.376175
15.225001 48.853956
15.381415 49.636025
15.850656 14.286519
15.537829 14.755760
14.442932 81.544429
15.850656 21.637965
14.912174 62.305539
14.912174 56.518230
15.537829 8.968451
15.068587 7.560728
15.381415 10.689003
15.381415 33.056168
15.381415 28.520170
14.912174 41.346097
24.453412 5.996590
14.442932 31.804858
15.537829 14.599346
14.599346 72.472432
14.599346 68.249261
15.225001 7.091486
14.755760 24.453412
15.537829 28.676583
15.068587 79.198223
14.599346 54.172024
14.912174 56.361816
14.442932 70.908295
39.312718 2.242660
15.068587 60.897815
13.504450 60.115746
14.755760 64.026090
13.348036 66.059469
15.068587 89.208703
14.442932 87.800979
14.442932 89.990772
14.755760 46.351337
15.694242 20.543069
14.755760 48.541129
14.599346 85.611187
15.068587 56.674644
15.381415 60.584987
20.073827 6.153004
15.068587 82.013671
15.225001 24.766240
14.912174 68.718502
14.912174 33.994651
14.442932 68.092847
14.599346 70.439053
15.537829 23.827757
15.537829 29.615066
14.599346 40.094787
15.694242 20.073827
14.599346 34.776719
15.068587 65.277400
15.225001 57.143885
14.755760 31.179203
14.912174 87.488152
15.537829 13.660864
14.286519 76.539189
38.843477 3.806798
14.755760 30.084307
15.225001 52.920714
15.068587 84.672704
15.068587 69.344157
14.442932 77.321258
17.258380 6.622245
15.068587 10.063348
24.609826 5.683763
39.469132 2.399074
15.694242 16.945552
15.225001 65.120986
14.912174 50.418094
14.286519 46.820578
15.225001 55.736161
14.442932 40.876855
15.381415 15.068587
38.687063 4.119625
25.079067 5.370935
14.599346 69.969812
15.068587 17.414794
15.225001 75.131466
14.912174 79.041809
15.068587 64.808159
15.537829 18.978931
14.286519 42.910234
15.537829 30.866376
14.599346 59.802919
15.694242 11.627485
14.599346 17.571207
14.599346 58.395195
14.755760 23.045688
15.225001 34.307478
15.225001 47.602647
14.442932 76.695603
15.694242 9.594106
15.694242 14.442932
15.537829 33.681823
15.225001 35.871616
39.469132 1.929833
13.035209 68.405675
15.381415 46.507750
15.850656 16.789139
15.225001 55.266920
15.537829 28.832997
15.694242 25.079067
15.225001 23.514930
13.817277 46.664164
14.755760 88.895875
15.381415 38.530649
14.599346 75.600707
14.755760 26.799618
14.755760 52.764300
15.381415 38.687063
14.286519 78.259741
14.599346 60.272160
15.068587 26.173963
14.130105 73.098087
14.599346 78.885396
14.599346 41.815338
15.068587 62.461952
15.225001 84.516290
18.666104 6.465831
14.599346 64.338917
14.130105 59.959332
15.225001 32.430513
15.381415 50.574508
15.225001 26.956032
15.381415 34.933133
15.068587 89.834358
15.694242 29.771480
25.235481 5.527349
31.492031 4.745280
14.755760 26.330377
15.068587 75.444293
15.850656 21.325137
14.912174 85.141945
14.912174 79.980292
15.694242 10.845416
15.694242 11.471071
15.068587 9.906934
15.225001 64.964572
15.381415 43.535889
15.381415 27.112446
14.599346 8.029969
14.442932 82.170084
38.999891 4.276039
14.286519 83.734222
14.755760 85.924014
14.912174 64.651745
14.599346 55.110506
15.225001 26.486791
14.599346 89.365117
13.817277 72.159605
15.537829 23.358516
15.068587 71.846777
14.130105 80.605947
15.225001 28.050928
15.381415 47.133405
14.286519 82.952153
15.850656 18.353276
14.442932 46.976992
15.068587 51.982231
15.694242 17.258380
14.755760 7.404314
14.442932 58.082367
14.286519 68.562088
15.068587 81.075188
15.381415 40.251200
15.694242 15.225001
15.068587 55.892575
15.694242 8.655624
14.755760 86.549669
14.755760 81.388016
15.225001 8.186383
15.381415 25.235481
14.912174 83.890636
14.755760 58.864436
15.381415 61.054229
15.694242 20.699482
15.537829 27.425273
14.912174 72.628846
14.755760 87.331738
14.912174 74.662225
14.442932 58.551609
15.537829 20.230241
14.599346 58.238781
14.912174 74.975052
14.912174 86.080428
14.599346 48.384715
14.912174 71.533950
3.024729 70.126226
14.755760 54.015610
14.599346 83.577808
14.912174 17.727621
14.286519 59.490091
15.537829 25.704722
15.068587 50.105266
13.817277 57.300299
14.755760 44.317958
14.442932 67.154365
14.912174 62.618366
15.381415 47.289819
15.225001 63.556849
15.381415 52.295059
15.225001 17.884035
15.068587 42.753820
13.817277 73.254501
14.599346 73.723742
15.225001 9.437693
15.381415 46.194923
14.912174 75.757121
13.973691 12.878795
39.625545 2.711902
15.381415 36.810098
15.068587 74.036570
15.068587 66.841537
14.130105 83.264981
14.755760 85.454773
14.442932 67.467192
14.599346 61.836297
15.068587 27.581687
15.225001 41.033269
14.442932 72.316018
14.755760 41.502510
13.817277 78.572568
15.068587 67.623606
14.912174 33.212582
15.381415 8.342796
15.068587 68.874916
14.599346 63.244021
14.755760 30.709962
14.599346 54.954093
14.912174 74.505811
13.348036 57.456712
39.469132 3.024729
14.912174 85.298359
13.348036 66.997951
15.068587 72.003191
14.442932 87.644565
15.225001 80.918774
15.537829 22.576447
15.381415 48.697543
14.286519 27.894515
15.225001 10.219761
14.912174 37.279339
15.068587 73.410915
15.068587 78.103327
15.225001 54.484851
14.755760 90.772840
15.694242 38.843477
15.225001 56.987471
15.225001 39.781959
14.599346 54.797679
14.755760 30.397135
14.912174 74.818638
15.225001 51.200163
14.442932 43.848717
14.286519 84.047049
15.225001 38.999891
24.609826 5.214521
14.912174 86.706083
14.755760 86.862497
14.599346 63.713262
15.381415 47.915474
14.442932 77.008431
15.694242 36.497271
14.286519 66.372296
14.912174 77.790499
15.068587 61.679884
15.068587 41.971752
14.286519 61.992711
15.225001 29.145825
13.660864 77.477672
14.912174 90.147185
3.024729 5.058108
14.755760 65.590227
14.912174 86.236842
13.660864 44.630785
15.225001 12.253140
15.068587 53.233541
14.442932 84.203463
14.286519 57.613126
15.068587 66.685123
14.442932 45.412854
15.225001 42.440993
15.068587 82.482912
15.068587 75.287879
14.442932 88.113807
14.599346 63.400435
15.381415 25.861136
14.755760 42.597407
15.225001 62.931194
14.442932 51.043749
15.381415 38.061408
14.599346 41.189683
14.912174 79.667464
15.068587 80.293119
14.755760 45.569268
14.755760 90.616427
14.755760 85.767600
14.442932 75.913534
14.286519 83.421394
14.755760 59.646505
15.537829 25.391895
14.755760 73.880156
14.286519 65.903055
14.130105 42.284579
15.381415 56.048989
14.755760 69.187743
15.381415 43.379475
14.599346 62.149125
14.130105 59.333677
14.442932 77.164844
14.442932 80.449533
15.068587 56.831058
14.442932 57.769540
15.537829 21.481551
14.599346 79.354637
15.068587 55.579748
15.225001 45.882095
14.755760 39.312718
14.755760 36.028029
14.442932 49.166784
15.225001 77.946913
14.912174 81.231602
15.068587 66.528710
14.442932 76.382776
13.504450 78.728982
14.442932 76.852017
14.599346 59.020850
14.912174 77.634086
15.381415 43.692303
14.755760 72.941673
15.225001 36.966512
14.755760 50.261680
14.912174 89.677944
14.755760 81.857257
14.599346 40.407614
15.068587 42.128165
15.068587 53.859196
15.381415 37.748581
13.973691 69.813398
15.225001 33.838237
15.068587 90.303599
14.599346 48.228302
14.442932 54.641265
14.286519 65.433814
14.599346 71.377536
14.755760 54.328438
15.225001 60.428574
14.912174 76.069948
14.599346 81.700843
15.068587 61.210642
14.912174 74.349397
14.912174 44.161544
14.755760 76.226362
13.660864 69.500571
