19.761000 22.420033
20.230241 29.302238
20.230241 29.927893
13.035209 118.458073
11.783899 113.140006
10.845416 94.839598
20.386655 24.609826
1.773419 78.259741
20.386655 30.084307
2.242660 80.918774
2.086247 72.941673
12.565967 122.524831
3.024729 8.499210
12.722381 116.581108
13.191622 120.022211
1.617005 74.349397
11.783899 113.296420
20.230241 28.207342
10.219761 91.554909
20.073827 18.196862
10.845416 93.119047
11.158244 101.878216
20.230241 5.370935
20.073827 29.615066
12.565967 132.848138
20.230241 21.481551
20.073827 19.604586
2.086247 82.952153
11.158244 97.967873
20.073827 23.514930
12.096726 124.088968
1.929833 75.757121
19.761000 13.504450
19.761000 1.929833
11.471071 112.045110
20.386655 24.922653
3.337557 126.278761
19.917414 14.912174
19.448172 3.337557
10.219761 129.719863
2.086247 78.572568
13.035209 116.268281
19.448172 16.319897
19.917414 4.745280
12.722381 122.368417
11.158244 102.660285
20.073827 11.627485
2.555488 61.054229
20.073827 19.761000
9.906934 129.094208
18.353276 6.153004
2.868315 6.935073
19.761000 13.035209
20.230241 11.001830
19.604586 2.086247
20.230241 28.520170
9.594106 89.365117
20.230241 18.509690
11.158244 102.191044
19.448172 5.683763
11.158244 111.732282
12.409554 132.066069
11.314658 112.357937
1.773419 49.636025
20.230241 19.917414
11.001830 100.939734
20.386655 17.727621
1.773419 76.069948
8.029969 73.880156
20.073827 21.950792
19.761000 16.632725
11.001830 102.816699
13.035209 118.614487
20.386655 18.040449
9.594106 128.781381
2.086247 86.862497
11.314658 130.814759
2.868315 7.717141
20.073827 20.073827
20.230241 28.832997
2.086247 71.377536
13.348036 133.004552
11.627485 122.055589
20.386655 23.984171
19.917414 13.348036
11.314658 97.811459
19.604586 3.806798
20.230241 21.637965
1.617005 84.985532
11.940313 131.753242
13.035209 118.301660
10.219761 90.616427
10.845416 130.501932
20.073827 23.045688
11.783899 114.860557
1.617005 45.882095
19.604586 2.868315
11.783899 112.827178
13.035209 117.676005
11.001830 104.068009
12.878795 115.799040
20.230241 26.643205
13.191622 133.317379
8.499210 76.695603
13.035209 132.691724
19.917414 15.850656
10.376175 90.772840
13.191622 119.865797
20.230241 11.158244
3.337557 126.591588
10.845416 97.655045
12.096726 120.804279
20.073827 5.058108
20.073827 17.414794
20.230241 22.576447
2.242660 81.075188
10.689003 130.189104
7.873555 76.226362
20.073827 19.448172
19.761000 13.973691
19.761000 2.399074
1.929833 66.059469
13.191622 117.363177
12.565967 115.486212
20.230241 31.022789
11.158244 112.670765
20.230241 30.553548
2.086247 73.098087
19.917414 22.263620
20.230241 27.581687
11.783899 122.837658
20.386655 25.704722
19.761000 17.571207
2.555488 60.428574
11.627485 114.391316
20.073827 5.527349
20.386655 25.861136
12.565967 120.491452
20.230241 17.884035
19.448172 4.276039
13.035209 119.240142
20.230241 27.268860
20.386655 25.079067
1.773419 52.295059
20.230241 26.486791
10.376175 91.398495
20.386655 29.458652
20.230241 25.391895
20.073827 15.381415
12.878795 116.737522
11.471071 99.688424
20.543069 30.866376
8.029969 74.036570
12.722381 121.273521
19.448172 3.181143
11.158244 98.437114
20.073827 10.689003
14.130105 134.412275
20.073827 26.173963
2.086247 87.018910
11.158244 130.971173
12.722381 122.681244
11.001830 114.704143
19.917414 12.096726
20.073827 31.492031
19.917414 9.906934
20.073827 15.537829
3.493970 124.871037
20.386655 30.397135
20.073827 5.214521
19.917414 20.386655
20.230241 11.314658
13.035209 118.770901
20.230241 24.296998
1.929833 87.644565
19.604586 3.963211
20.073827 11.471071
19.917414 15.694242
11.314658 113.609247
12.878795 117.050350
11.158244 101.408975
20.073827 13.660864
8.499210 127.842898
3.024729 9.281279
10.689003 97.029390
11.783899 123.306899
20.230241 22.732861
2.086247 72.785260
3.337557 126.904416
20.073827 12.722381
2.086247 73.254501
12.096726 122.994072
12.722381 121.117107
3.024729 125.027451
11.001830 130.658345
1.617005 50.887335
19.917414 13.191622
1.929833 72.003191
20.386655 25.235481
10.845416 111.888696
1.773419 54.484851
9.281279 83.890636
2.868315 7.091486
10.689003 130.032690
11.471071 100.314079
9.750520 129.563449
19.917414 11.940313
12.253140 123.932554
10.845416 92.962633
11.940313 123.463313
12.878795 115.955453
1.929833 64.026090
11.001830 103.285940
11.940313 131.596828
13.035209 119.552970
8.186383 77.164844
19.604586 2.555488
20.073827 9.594106
9.281279 128.468553
20.073827 12.253140
11.001830 130.345518
20.073827 27.738101
11.314658 131.127587
3.650384 125.809519
9.906934 129.250622
12.565967 132.535310
3.650384 127.217243
20.073827 16.476311
13.035209 117.832418
12.253140 115.173385
8.342796 75.287879
1.617005 56.674644
20.073827 13.817277
11.158244 94.370356
19.761000 20.855896
20.073827 22.889275
19.917414 16.163484
12.409554 121.586348
12.565967 115.642626
20.230241 29.771480
10.689003 92.493392
12.409554 115.016971
11.314658 99.532010
11.001830 102.034630
11.783899 123.150486
10.845416 105.319319
9.594106 129.876277
20.073827 21.168724
20.230241 28.676583
8.186383 127.373657
12.409554 121.899176
11.471071 99.844838
1.773419 49.792439
19.917414 22.107206
12.722381 116.893936
2.086247 56.831058
2.555488 60.897815
9.750520 89.208703
8.029969 75.131466
10.845416 96.560149
7.717141 70.282640
20.230241 28.989411
20.073827 27.112446
11.314658 124.558209
20.073827 19.291759
20.073827 10.219761
9.124865 128.624967
2.086247 56.518230
13.035209 118.145246
1.617005 70.439053
19.448172 5.996590
13.191622 133.160965
20.386655 31.179203
12.565967 120.335038
20.230241 26.330377
2.555488 7.404314
12.409554 123.776141
10.689003 93.431874
19.917414 30.709962
20.073827 9.750520
7.717141 70.751881
13.973691 134.099448
19.291759 31.648444
12.565967 121.429934
11.001830 95.778080
8.499210 127.530071
19.291759 4.588866
9.750520 128.937794
10.532589 91.085668
11.783899 114.078488
20.386655 24.453412
12.253140 124.401796
7.560728 70.595467
13.660864 133.943034
20.073827 28.050928
12.096726 120.647866
19.291759 4.901694
20.073827 23.358516
20.230241 26.956032
10.845416 105.162905
1.929833 64.808159
13.191622 117.519591
12.253140 122.212003
20.073827 14.286519
13.035209 119.709383
20.230241 18.978931
13.973691 133.786620
2.086247 57.613126
12.878795 116.424695
9.906934 89.521530
11.158244 105.632146
20.073827 31.335617
2.086247 61.210642
11.627485 131.440414
2.242660 71.533950
2.242660 8.029969
11.158244 94.683184
11.001830 106.883456
1.929833 72.472432
20.230241 10.532589
19.917414 26.799618
12.878795 119.396556
20.073827 15.225001
20.073827 14.130105
11.158244 98.593528
1.617005 76.852017
20.073827 23.202102
1.773419 46.194923
19.761000 2.242660
11.471071 101.096148
19.761000 14.755760
13.035209 116.111867
2.086247 83.577808
19.917414 16.945552
13.035209 118.927315
11.471071 113.452833
20.073827 20.543069
10.219761 111.106627
18.978931 1.617005
13.035209 119.083728
2.868315 9.124865
3.024729 6.309418
19.761000 12.565967
12.253140 115.329798
12.409554 132.222483
19.917414 12.878795
8.968451 128.312139
1.617005 43.223062
3.337557 125.653106
2.711902 9.437693
1.929833 87.800979
1.773419 78.728982
11.158244 104.380836
1.617005 63.244021
20.230241 24.766240
19.604586 5.840176
13.035209 120.178624
20.073827 29.145825
12.722381 132.378897
19.448172 4.119625
20.230241 17.101966
7.247900 69.031330
2.399074 61.679884
10.689003 95.465253
19.604586 20.699482
11.940313 124.245382
10.532589 93.901115
8.655624 76.539189
1.929833 74.662225
20.073827 12.409554
2.399074 61.836297
9.750520 129.407035
9.750520 88.895875
1.617005 52.138645
19.761000 18.353276
10.689003 126.435174
20.073827 11.783899
2.242660 72.628846
1.929833 85.298359
3.181143 126.748002
19.448172 17.258380
2.711902 7.873555
10.845416 105.006491
11.158244 100.626906
1.617005 49.323198
13.504450 133.630207
2.086247 83.108567
2.086247 83.734222
11.001830 95.621666
1.929833 73.410915
8.186383 74.818638
19.761000 16.007070
10.376175 90.929254
11.158244 45.725682
10.063348 89.677944
2.086247 64.182504
3.024729 6.778659
1.617005 43.379475
1.617005 63.556849
13.035209 117.206763
1.617005 67.780020
19.448172 3.493970
1.929833 110.637386
20.230241 20.230241
1.773419 107.039870
2.086247 65.903055
11.001830 93.744701
1.773419 45.100027
11.627485 112.983592
1.617005 80.762361
11.158244 103.442354
1.617005 107.509111
20.386655 23.671343
10.689003 102.973112
19.448172 3.650384
1.617005 85.454773
13.973691 134.255862
11.471071 98.906355
11.627485 112.514351
1.929833 87.488152
10.689003 95.152425
2.868315 8.812038
20.230241 21.794378
10.689003 97.498631
1.617005 59.959332
7.404314 68.718502
9.906934 89.834358
2.086247 64.495331
20.230241 26.017550
11.471071 101.721803
10.689003 103.755181
20.073827 10.063348
1.617005 68.405675
1.929833 57.769540
20.230241 21.325137
13.348036 133.473793
20.073827 24.140585
10.219761 91.711323
1.617005 70.908295
20.386655 30.240721
2.555488 60.584987
2.242660 96.247321
2.086247 66.528710
20.073827 28.363756
10.063348 110.950214
2.399074 7.560728
8.968451 128.155726
1.617005 70.126226
1.773419 106.570629
2.242660 71.846777
3.024729 8.342796
3.337557 125.183864
11.001830 98.280700
19.448172 1.773419
2.086247 73.567328
1.617005 79.041809
20.073827 19.135345
1.929833 77.790499
8.655624 127.999312
10.689003 92.649805
11.158244 102.347457
10.689003 95.934494
1.617005 56.987471
2.555488 31.961272
20.230241 10.376175
20.386655 27.894515
10.689003 94.213943
1.773419 79.511051
1.617005 110.480972
10.689003 94.057529
2.242660 50.574508
1.773419 39.312718
10.689003 102.503871
10.063348 91.867737
19.448172 31.804858
12.409554 121.742762
11.627485 112.201523
11.471071 131.284000
20.073827 14.599346
1.929833 58.082367
1.617005 77.634086
2.086247 81.231602
2.086247 96.090908
20.543069 25.548308
1.617005 83.264981
2.086247 49.948853
8.342796 74.975052
1.617005 79.354637
11.471071 100.001251
10.219761 90.147185
3.181143 127.060829
2.868315 8.186383
11.001830 45.256440
1.773419 56.361816
2.555488 60.741401
1.929833 77.008431
8.342796 76.382776
8.029969 77.321258
8.499210 75.444293
1.773419 110.324559
1.929833 39.625545
1.617005 46.351337
2.086247 61.992711
2.242660 60.115746
11.314658 104.224422
3.024729 6.465831
19.761000 18.822517
2.086247 105.944974
10.376175 91.242082
1.617005 39.781959
1.773419 45.569268
11.314658 100.470493
11.314658 99.219183
3.024729 6.622245
20.386655 23.827757
19.917414 27.425273
20.230241 10.845416
8.655624 127.686484
3.337557 125.340278
1.773419 84.047049
12.253140 131.909655
1.929833 81.857257
20.073827 15.068587
1.773419 82.170084
2.086247 87.957393
19.291759 2.711902
19.604586 3.024729
20.073827 16.789139
10.219761 90.460013
2.242660 86.393255
11.158244 100.157665
19.604586 4.432453
10.376175 111.419455
2.086247 49.479611
11.158244 111.575868
2.086247 88.113807
19.917414 21.012310
1.617005 66.215882
10.219761 92.024150
3.024729 8.968451
1.617005 67.310778
1.929833 69.969812
11.158244 104.693664
12.565967 123.619727
1.617005 40.094787
2.242660 57.143885
3.337557 125.965933
2.242660 86.080428
1.929833 55.892575
11.314658 104.537250
9.906934 89.990772
1.773419 51.043749
11.471071 114.547730
11.783899 113.765661
10.532589 92.180564
1.773419 66.841537
9.906934 90.303599
11.158244 96.716563
11.314658 98.749941
1.617005 39.938373
1.617005 75.913534
19.917414 14.442932
1.617005 81.544429
1.773419 85.611187
10.376175 94.996011
10.845416 96.403735
11.940313 114.234902
1.617005 52.920714
1.773419 50.418094
1.773419 80.136706
10.532589 92.806219
1.617005 52.451473
11.158244 103.129526
10.219761 92.336978
2.242660 77.946913
1.773419 46.038509
10.532589 97.342218
11.314658 98.124286
12.878795 117.988832
2.242660 71.690363
12.096726 120.960693
11.471071 101.565389
8.342796 75.600707
2.086247 81.700843
1.929833 66.685123
1.773419 65.433814
2.242660 88.426634
1.617005 66.997951
11.158244 105.475732
11.001830 96.872976
1.617005 85.767600
1.773419 64.338917
3.493970 124.714623
10.845416 105.788560
11.471071 113.922075
2.086247 61.367056
1.617005 79.667464
3.181143 126.122347
11.314658 99.062769
2.868315 7.247900
1.929833 85.924014
20.073827 18.666104
7.404314 68.874916
1.929833 51.669404
1.617005 106.101387
1.929833 84.203463
2.086247 72.316018
1.773419 82.326498
1.773419 40.876855
9.594106 88.739462
2.242660 57.300299
1.773419 66.372296
9.124865 88.583048
2.399074 86.549669
11.314658 94.526770
2.086247 88.270220
2.086247 51.512990
1.773419 82.639326
2.086247 84.359877
2.242660 57.456712
1.773419 43.692303
3.024729 8.655624
7.873555 69.813398
1.617005 79.823878
1.929833 86.236842
10.689003 100.783320
11.001830 103.598767
1.929833 43.535889
1.773419 52.607886
1.773419 51.356576
1.929833 73.723742
1.773419 50.105266
1.773419 32.117686
1.773419 74.192983
1.617005 65.277400
1.773419 46.664164
1.617005 44.161544
1.929833 104.850077
1.929833 78.103327
10.845416 97.185804
1.929833 78.416154
2.086247 46.507750
1.773419 53.233541
1.617005 41.033269
1.929833 51.982231
1.617005 56.048989
1.617005 110.793800
1.773419 65.590227
1.929833 56.205403
1.617005 69.344157
1.929833 107.196284
11.314658 45.412854
2.086247 51.825818
1.929833 106.257801
1.617005 63.869676
2.555488 125.496692
1.929833 50.730921
10.845416 103.911595
1.929833 82.795739
1.929833 69.187743
2.555488 60.272160
1.773419 84.672704
2.086247 86.706083
1.773419 65.120986
1.929833 106.414215
1.929833 106.727042
1.617005 80.449533
2.242660 83.421394
10.689003 93.588288
1.773419 68.249261
1.617005 82.482912
2.086247 111.263041
11.001830 99.375596
10.532589 93.275460
1.929833 84.516290
10.845416 95.308839
1.617005 63.400435
2.086247 87.331738
2.086247 64.651745
1.617005 72.159605
11.001830 101.252561
1.773419 107.978352
1.773419 81.388016
1.617005 107.352697
1.617005 84.829118
1.773419 71.064708
9.906934 89.052289
2.086247 85.141945
2.086247 57.925954
1.617005 38.999891
1.617005 80.293119
1.773419 78.885396
1.773419 79.198223
1.929833 87.175324
1.773419 79.980292
1.617005 82.013671
1.773419 80.605947
1.617005 64.964572
1.617005 110.011731
1.617005 50.261680
1.617005 52.764300
