3.024729 126.591588
38.374236 133.786620
3.337557 122.368417
2.711902 118.770901
38.687063 133.630207
2.242660 108.291180
3.024729 122.524831
18.822517 134.412275
3.024729 119.083728
2.868315 112.045110
3.024729 109.855317
3.024729 126.748002
28.989411 134.099448
27.894515 134.255862
3.024729 121.117107
3.024729 109.542490
3.337557 115.799040
35.245961 133.943034
3.337557 112.670765
3.024729 123.306899
3.181143 119.552970
3.181143 112.514351
3.181143 116.111867
3.024729 115.642626
3.337557 124.558209
3.181143 125.027451
3.493970 114.860557
3.493970 120.647866
3.024729 110.950214
3.024729 117.363177
3.181143 121.429934
3.181143 109.698904
3.181143 117.832418
2.399074 107.978352
3.181143 115.016971
2.711902 124.401796
3.493970 112.983592
3.024729 120.022211
3.181143 124.871037
3.337557 115.486212
2.868315 113.609247
3.181143 120.960693
2.868315 121.899176
3.181143 124.088968
3.337557 117.206763
2.868315 110.480972
3.024729 115.955453
3.181143 111.732282
3.337557 120.491452
3.024729 115.329798
3.181143 110.011731
3.024729 123.932554
2.711902 122.681244
2.868315 125.653106
2.399074 113.296420
3.337557 114.234902
2.868315 118.458073
3.024729 125.809519
3.181143 111.575868
3.181143 112.201523
3.181143 121.742762
3.024729 114.078488
3.024729 126.122347
3.181143 118.614487
3.024729 116.737522
2.868315 110.324559
3.024729 123.150486
3.337557 120.335038
3.024729 117.988832
3.024729 121.586348
3.337557 125.496692
2.399074 109.073249
2.868315 114.547730
3.024729 113.922075
3.024729 111.419455
2.868315 109.386076
1.929833 108.447594
3.024729 119.240142
3.337557 116.268281
2.868315 118.927315
3.024729 122.994072
2.555488 119.396556
2.711902 109.229662
3.024729 120.178624
3.181143 112.827178
3.181143 112.357937
3.181143 113.140006
3.024729 111.263041
3.181143 125.340278
2.711902 115.173385
3.181143 124.714623
2.242660 107.821939
3.337557 119.865797
3.024729 123.619727
3.337557 114.391316
2.711902 111.106627
3.024729 125.183864
3.024729 117.050350
3.024729 120.804279
2.399074 108.134766
3.181143 118.145246
3.181143 113.452833
3.337557 122.212003
3.024729 126.278761
3.024729 118.301660
3.024729 125.965933
2.711902 123.776141
3.024729 117.676005
2.711902 126.435174
2.555488 110.168145
3.181143 119.709383
2.868315 122.837658
3.493970 116.581108
3.337557 113.765661
3.181143 123.463313
3.024729 110.793800
3.024729 116.893936
3.024729 114.704143
2.086247 108.916835
3.024729 110.637386
3.181143 117.519591
3.181143 124.245382
2.868315 121.273521
3.181143 122.055589
3.181143 116.424695
3.181143 111.888696
2.242660 107.665525
1.617005 107.509111
1.773419 108.760421
1.617005 108.604007
