17.101966 36.184443
17.884035 67.936433
39.625545 89.052289
21.637965 120.804279
17.258380 85.141945
17.258380 19.291759
16.945552 61.992711
17.884035 73.880156
17.258380 11.627485
17.414794 38.217822
17.101966 56.205403
38.999891 94.839598
16.476311 28.676583
31.022789 126.591588
17.258380 9.124865
23.358516 121.899176
17.571207 82.170084
16.945552 39.625545
17.414794 56.674644
16.632725 14.599346
18.040449 118.301660
16.945552 66.685123
16.632725 30.084307
17.101966 58.551609
28.520170 125.027451
16.789139 86.080428
7.560728 112.357937
17.884035 69.187743
17.727621 81.544429
17.571207 72.941673
17.101966 67.780020
17.101966 48.384715
17.258380 54.172024
17.101966 26.173963
40.251200 132.222483
16.945552 41.033269
17.258380 61.367056
16.789139 85.454773
5.214521 110.793800
17.414794 28.207342
16.945552 33.681823
17.101966 65.277400
18.196862 118.927315
16.632725 24.609826
16.789139 39.312718
17.727621 78.885396
17.414794 70.595467
25.704722 123.306899
16.789139 3.963211
16.945552 29.615066
17.571207 73.567328
17.258380 51.825818
17.101966 11.471071
17.884035 67.467192
39.156304 131.596828
38.843477 95.152425
16.945552 65.590227
17.258380 57.456712
17.414794 46.507750
16.945552 84.985532
35.558788 87.800979
17.571207 36.497271
24.140585 122.212003
17.727621 53.389955
17.571207 31.804858
39.156304 93.431874
38.999891 89.990772
16.789139 47.289819
17.727621 45.412854
17.571207 47.602647
39.156304 91.867737
16.476311 54.797679
19.761000 119.709383
39.469132 131.909655
17.571207 48.697543
17.884035 73.254501
17.258380 76.852017
16.945552 34.620306
16.789139 80.762361
16.476311 13.035209
17.101966 8.812038
17.571207 40.094787
17.258380 18.509690
17.101966 6.935073
17.414794 72.472432
38.530649 87.957393
17.414794 39.938373
17.414794 78.259741
17.258380 84.359877
16.632725 29.927893
17.571207 76.069948
3.650384 96.403735
17.101966 8.342796
17.101966 44.161544
17.727621 77.634086
16.789139 21.794378
5.683763 108.916835
38.843477 93.119047
17.414794 18.040449
17.258380 18.196862
35.871616 129.563449
17.101966 58.082367
17.727621 49.010370
16.789139 38.843477
16.319897 117.519591
17.727621 81.075188
16.945552 43.066648
17.571207 41.815338
39.781959 88.895875
16.632725 22.732861
38.530649 95.778080
37.592167 130.501932
39.156304 93.744701
17.571207 64.808159
16.163484 39.469132
17.727621 71.690363
17.101966 84.672704
38.374236 95.934494
17.258380 7.560728
16.789139 66.215882
31.804858 127.060829
39.781959 91.085668
17.571207 60.115746
16.789139 54.954093
17.884035 66.997951
17.727621 51.043749
17.101966 56.987471
16.163484 22.263620
17.727621 60.584987
17.101966 52.920714
38.999891 93.588288
17.727621 33.838237
16.945552 12.253140
14.286519 116.268281
17.571207 78.572568
16.945552 82.952153
17.571207 69.813398
38.530649 131.284000
17.727621 48.228302
17.727621 76.695603
16.945552 57.613126
16.945552 36.028029
16.789139 51.512990
17.727621 118.458073
16.945552 68.874916
17.571207 78.103327
17.101966 28.050928
16.945552 54.015610
16.476311 45.725682
16.476311 3.493970
17.727621 59.646505
39.312718 92.806219
17.258380 12.878795
16.945552 57.925954
39.469132 88.739462
16.945552 17.258380
17.571207 42.753820
17.571207 61.210642
16.319897 11.158244
16.632725 43.379475
17.571207 22.576447
17.414794 32.274099
23.671343 122.055589
17.101966 64.651745
17.414794 62.618366
16.945552 84.047049
33.056168 127.842898
17.884035 59.490091
39.312718 94.370356
17.258380 13.973691
16.945552 17.414794
17.727621 75.757121
38.061408 130.971173
17.727621 72.316018
17.571207 60.897815
17.571207 79.198223
17.571207 79.823878
17.571207 48.071888
16.945552 27.581687
16.632725 5.996590
17.571207 77.164844
39.469132 91.398495
39.469132 92.493392
17.258380 5.214521
12.878795 115.486212
16.319897 12.565967
17.414794 10.376175
17.414794 47.446233
17.258380 56.831058
34.463892 128.468553
17.101966 54.328438
16.632725 83.734222
17.414794 32.430513
16.945552 4.276039
17.414794 74.818638
17.101966 84.516290
16.789139 48.853956
17.101966 59.959332
36.497271 129.876277
14.599346 116.424695
30.084307 125.809519
16.945552 34.151064
40.251200 132.066069
17.884035 76.226362
17.571207 68.562088
16.945552 57.143885
39.469132 89.521530
16.945552 26.486791
16.632725 79.511051
17.258380 117.988832
17.414794 80.136706
35.089547 128.937794
17.571207 74.036570
17.101966 62.461952
16.632725 34.463892
17.414794 15.381415
16.789139 6.309418
17.414794 59.333677
17.258380 44.943613
17.414794 40.251200
17.571207 58.864436
17.414794 32.899754
16.945552 63.869676
17.258380 53.859196
17.571207 60.741401
16.789139 20.073827
17.414794 63.087607
17.571207 74.349397
17.727621 66.059469
16.632725 21.481551
29.458652 125.496692
31.335617 126.904416
28.363756 124.871037
16.163484 20.386655
38.374236 89.834358
17.727621 72.003191
21.325137 120.960693
17.101966 49.636025
17.258380 18.666104
16.789139 85.767600
33.994651 128.312139
6.935073 112.045110
16.632725 2.242660
16.789139 53.546369
35.245961 129.094208
17.727621 77.790499
5.214521 111.106627
24.453412 122.368417
17.571207 47.915474
16.632725 10.219761
17.258380 34.776719
17.727621 78.728982
17.101966 27.268860
39.312718 92.180564
16.319897 10.689003
17.884035 70.751881
38.687063 131.440414
17.414794 71.533950
16.163484 38.374236
15.694242 19.604586
17.101966 8.029969
16.945552 45.100027
16.789139 13.504450
39.156304 94.526770
16.476311 40.876855
17.258380 62.931194
28.050928 124.714623
17.727621 76.382776
17.571207 25.235481
17.727621 71.221122
16.476311 28.520170
16.319897 68.718502
16.789139 36.810098
31.961272 127.217243
16.945552 57.769540
13.973691 116.111867
16.319897 3.650384
17.727621 118.614487
17.414794 29.302238
34.151064 128.624967
25.079067 122.837658
40.564028 132.378897
17.258380 8.655624
17.571207 66.841537
17.101966 61.054229
17.727621 75.600707
17.101966 38.999891
35.245961 129.250622
17.414794 37.904994
17.258380 118.145246
17.884035 72.785260
17.571207 77.946913
16.632725 21.637965
32.430513 127.530071
17.727621 64.026090
39.938373 90.616427
17.571207 38.687063
16.632725 23.045688
17.414794 8.968451
16.789139 37.122926
17.101966 2.868315
21.012310 120.335038
17.727621 79.980292
16.789139 46.820578
16.476311 52.451473
27.268860 124.401796
17.571207 45.256440
17.571207 52.607886
17.414794 58.238781
16.632725 15.850656
17.258380 73.410915
16.945552 66.372296
2.555488 1.773419
18.822517 119.396556
34.620306 128.781381
17.571207 63.244021
39.156304 93.901115
16.945552 53.233541
37.592167 130.345518
13.035209 115.329798
14.755760 116.581108
16.789139 83.421394
39.781959 90.772840
17.414794 20.855896
16.945552 42.440993
17.727621 50.574508
17.571207 49.323198
17.258380 6.778659
23.202102 86.393255
16.789139 16.163484
29.927893 125.653106
6.935073 111.888696
17.884035 69.656985
17.414794 52.764300
16.789139 67.623606
38.843477 95.465253
17.414794 69.031330
17.414794 25.079067
16.789139 25.861136
16.789139 71.064708
39.469132 94.213943
5.527349 111.263041
30.397135 126.435174
38.999891 92.649805
17.258380 55.736161
17.571207 64.182504
17.101966 7.091486
36.966512 130.032690
17.101966 30.866376
17.571207 80.918774
17.258380 25.391895
17.414794 61.836297
16.789139 4.901694
3.337557 39.156304
26.017550 123.463313
16.319897 22.107206
39.625545 88.583048
16.632725 40.564028
2.399074 107.821939
16.632725 9.906934
17.884035 81.700843
1.929833 24.296998
20.699482 120.178624
17.258380 7.404314
16.789139 64.338917
16.319897 16.945552
39.625545 89.208703
17.101966 20.699482
1.929833 25.704722
17.414794 15.694242
16.476311 26.643205
30.240721 126.122347
39.156304 131.753242
38.999891 93.275460
17.571207 81.857257
17.727621 78.416154
38.687063 94.683184
17.101966 69.344157
17.727621 70.126226
17.884035 50.261680
16.789139 30.709962
17.727621 79.667464
17.101966 47.133405
26.173963 86.549669
17.571207 45.569268
17.571207 49.166784
17.727621 72.159605
17.884035 69.969812
17.727621 77.321258
38.999891 88.270220
3.024729 96.716563
16.945552 34.307478
17.571207 55.579748
17.727621 68.092847
16.632725 49.479611
2.086247 108.134766
16.632725 24.453412
16.945552 60.272160
16.789139 40.720442
16.945552 33.994651
17.414794 82.482912
16.476311 27.894515
8.186383 113.140006
29.145825 125.340278
7.560728 112.670765
16.945552 31.335617
16.163484 9.750520
16.789139 10.845416
24.296998 122.524831
16.632725 11.940313
38.999891 92.962633
17.258380 44.787199
16.319897 18.822517
13.348036 115.799040
16.789139 23.984171
17.571207 73.098087
17.571207 63.556849
17.727621 67.310778
16.632725 27.738101
8.186383 112.827178
36.028029 129.719863
17.258380 16.789139
16.632725 27.112446
39.469132 90.147185
13.191622 115.955453
37.279339 130.189104
17.414794 33.056168
38.843477 94.996011
19.135345 119.552970
16.789139 71.846777
17.101966 49.948853
16.945552 14.912174
37.748581 90.303599
16.945552 36.653684
17.101966 46.038509
17.884035 74.505811
17.727621 28.989411
17.101966 58.395195
2.086247 97.029390
13.191622 115.642626
17.727621 28.832997
17.101966 2.711902
17.101966 65.746641
39.312718 91.242082
15.694242 117.206763
17.571207 65.433814
17.571207 35.245961
17.101966 50.730921
7.873555 112.983592
22.576447 121.117107
17.101966 44.474372
12.565967 115.173385
16.789139 30.397135
17.571207 79.041809
16.319897 14.286519
3.337557 96.560149
31.179203 87.488152
17.258380 5.527349
17.571207 44.005130
17.727621 72.628846
15.225001 117.050350
21.481551 120.647866
27.738101 124.558209
20.543069 119.865797
17.101966 80.449533
17.884035 71.377536
3.024729 87.018910
39.156304 92.336978
17.414794 55.266920
16.945552 22.420033
17.571207 35.402374
17.414794 61.523470
17.571207 59.177264
5.840176 109.073249
38.687063 88.113807
16.632725 19.917414
17.101966 52.295059
17.727621 50.418094
17.727621 81.388016
17.258380 54.484851
17.884035 75.913534
39.469132 94.057529
17.414794 15.225001
17.414794 18.978931
17.101966 5.058108
20.699482 120.022211
5.527349 109.386076
17.727621 34.933133
16.789139 13.348036
16.789139 63.400435
16.789139 14.755760
17.884035 68.405675
18.978931 119.083728
5.683763 108.447594
17.258380 20.230241
23.202102 121.586348
17.414794 18.353276
17.101966 20.543069
16.632725 85.298359
16.945552 37.592167
17.101966 56.518230
16.945552 54.641265
17.727621 75.131466
16.945552 3.806798
31.179203 126.748002
17.101966 11.314658
17.571207 46.664164
30.084307 125.965933
17.258380 23.671343
12.096726 115.016971
17.727621 64.964572
17.258380 5.840176
17.101966 21.168724
3.024729 96.872976
3.181143 29.458652
17.414794 9.281279
17.101966 12.096726
17.101966 31.492031
17.571207 33.525409
17.727621 37.279339
16.632725 67.154365
28.832997 125.183864
11.627485 114.860557
35.402374 129.407035
17.414794 17.727621
17.414794 43.692303
16.476311 14.130105
17.571207 74.975052
25.391895 123.150486
38.217822 95.621666
16.163484 16.319897
17.571207 79.354637
16.476311 44.317958
33.056168 127.686484
7.717141 112.514351
17.727621 41.658924
17.727621 74.192983
17.414794 57.300299
16.789139 30.553548
17.884035 75.287879
17.258380 84.829118
16.476311 42.284579
17.571207 35.089547
16.476311 80.605947
16.945552 62.305539
17.571207 31.648444
16.632725 21.950792
16.476311 23.358516
27.268860 124.245382
24.922653 122.681244
17.101966 82.639326
3.650384 83.108567
23.045688 121.742762
16.632725 51.669404
32.430513 127.373657
39.781959 90.929254
39.469132 89.365117
16.945552 3.181143
27.268860 86.862497
17.101966 26.017550
16.945552 51.356576
5.058108 110.637386
16.632725 4.432453
17.414794 39.781959
16.476311 35.871616
38.843477 88.426634
39.469132 91.554909
39.469132 89.677944
16.632725 23.514930
16.789139 3.337557
16.945552 26.330377
4.276039 109.698904
17.414794 32.586927
26.643205 123.932554
16.632725 16.632725
16.789139 82.795739
16.945552 43.223062
17.258380 19.135345
6.778659 111.732282
17.727621 63.713262
17.727621 50.887335
16.632725 85.924014
17.571207 43.535889
16.945552 7.247900
17.101966 6.465831
37.904994 130.814759
16.945552 84.203463
2.399074 2.399074
16.632725 22.889275
17.571207 43.848717
1.617005 106.101387
16.476311 69.500571
5.214521 109.542490
16.632725 56.048989
17.101966 5.683763
5.527349 110.950214
17.727621 66.528710
17.101966 17.884035
16.163484 117.363177
17.258380 45.882095
17.258380 11.783899
18.978931 119.240142
16.945552 7.873555
16.319897 42.597407
8.029969 113.296420
31.335617 87.644565
17.414794 32.117686
16.789139 7.717141
17.258380 41.502510
17.101966 53.702783
16.945552 77.477672
16.945552 16.476311
26.017550 123.619727
16.476311 13.817277
16.789139 40.407614
16.789139 52.138645
18.196862 118.770901
17.571207 37.748581
38.999891 92.024150
30.709962 87.331738
17.414794 70.439053
5.996590 109.229662
26.799618 124.088968
38.217822 90.460013
17.727621 81.231602
17.258380 10.532589
17.414794 50.105266
16.789139 60.428574
1.617005 106.414215
17.101966 55.423334
17.101966 36.340857
17.571207 76.539189
37.904994 130.658345
16.319897 44.630785
16.476311 19.761000
16.945552 65.120986
16.007070 83.577808
17.258380 8.186383
17.258380 38.061408
16.945552 13.191622
2.399074 1.617005
17.571207 62.774780
17.258380 61.679884
16.476311 86.236842
17.571207 70.282640
17.414794 17.101966
17.571207 70.908295
16.632725 12.409554
1.617005 114.704143
22.263620 121.273521
16.789139 24.766240
4.745280 110.324559
16.476311 4.745280
17.258380 117.832418
17.258380 65.903055
17.571207 73.723742
14.442932 116.737522
16.789139 24.922653
16.476311 4.588866
2.399074 10.063348
17.101966 6.622245
4.276039 109.855317
17.414794 82.013671
17.414794 32.743341
39.312718 91.711323
25.548308 122.994072
17.571207 47.759060
17.101966 8.499210
16.476311 23.827757
16.319897 9.437693
16.319897 82.326498
5.527349 111.419455
26.643205 123.776141
17.727621 42.128165
17.571207 59.802919
4.276039 110.168145
1.773419 107.039870
17.101966 12.722381
16.945552 117.676005
17.571207 46.351337
1.617005 107.196284
16.789139 28.363756
6.778659 111.575868
17.571207 77.008431
17.414794 80.293119
17.727621 41.971752
33.368996 127.999312
16.632725 4.119625
16.632725 31.179203
33.212582 128.155726
17.884035 58.708022
16.632725 36.966512
16.789139 21.325137
15.850656 41.346097
17.727621 55.110506
2.711902 25.548308
5.683763 108.604007
17.727621 49.792439
17.258380 29.771480
16.476311 33.212582
17.414794 17.571207
17.571207 59.020850
16.319897 68.249261
16.945552 11.001830
17.571207 74.662225
17.101966 83.890636
16.945552 27.425273
17.414794 15.537829
17.101966 21.012310
21.481551 120.491452
17.101966 56.361816
17.571207 38.530649
17.571207 30.240721
5.996590 108.291180
17.414794 15.068587
16.789139 53.077128
17.101966 23.202102
17.727621 48.541129
16.945552 46.976992
38.217822 131.127587
30.709962 87.175324
17.727621 75.444293
23.514930 86.706083
16.789139 26.956032
16.632725 33.368996
17.258380 19.448172
16.789139 31.961272
16.945552 55.892575
16.789139 26.799618
17.258380 42.910234
16.476311 16.007070
2.242660 107.665525
3.493970 96.247321
17.571207 64.495331
16.163484 29.145825
30.709962 126.278761
17.101966 13.660864
15.381415 116.893936
4.901694 110.480972
7.091486 112.201523
17.101966 46.194923
23.045688 121.429934
38.374236 95.308839
3.024729 14.442932
17.258380 62.149125
16.789139 3.024729
16.007070 83.264981
16.945552 2.555488
4.432453 110.011731
16.632725 9.594106
17.101966 6.153004
16.632725 24.140585
16.632725 85.611187
16.789139 31.022789
17.571207 37.435753
17.258380 5.370935
16.789139 41.189683
17.258380 51.200163
16.789139 51.982231
17.414794 35.558788
1.617005 107.978352
2.086247 1.929833
2.242660 108.760421
3.337557 96.090908
1.617005 106.257801
1.617005 35.715202
1.617005 2.086247
