21.950792 130.814759
16.789139 124.871037
11.158244 119.396556
23.358516 132.378897
13.660864 121.429934
17.258380 125.183864
14.599346 122.368417
13.191622 121.273521
12.722381 120.647866
21.481551 130.189104
24.922653 133.786620
24.296998 133.943034
20.855896 129.250622
23.045688 131.753242
25.391895 134.255862
18.509690 126.904416
18.353276 127.060829
19.291759 128.155726
22.263620 131.284000
22.107206 130.658345
14.442932 122.837658
25.861136 134.412275
17.884035 126.278761
17.414794 126.122347
14.755760 122.994072
12.722381 120.335038
