38.061408 114.391316
2.711902 110.168145
2.711902 123.619727
3.181143 122.368417
2.555488 124.871037
2.711902 126.748002
3.181143 129.407035
2.868315 109.855317
3.024729 129.719863
3.181143 108.760421
3.024729 107.978352
37.279339 114.078488
3.337557 120.491452
2.868315 112.514351
2.711902 108.291180
2.555488 133.943034
3.024729 110.480972
3.181143 122.524831
2.868315 130.501932
2.711902 119.083728
3.181143 111.575868
3.024729 119.552970
2.711902 109.386076
2.868315 123.463313
38.374236 114.234902
2.711902 126.122347
3.337557 120.335038
2.868315 119.865797
3.024729 119.396556
2.242660 107.196284
3.181143 121.899176
3.024729 113.296420
2.868315 134.099448
2.868315 130.658345
2.868315 123.776141
3.337557 120.022211
2.868315 124.558209
3.024729 124.714623
3.181143 111.419455
3.024729 108.134766
3.024729 112.045110
2.868315 108.447594
3.024729 110.637386
2.868315 130.189104
3.024729 123.306899
2.868315 119.709383
2.868315 130.345518
3.024729 123.932554
2.242660 107.352697
2.555488 126.278761
2.868315 109.698904
3.337557 120.647866
3.181143 110.793800
2.711902 130.814759
3.181143 111.263041
3.024729 123.150486
2.242660 107.509111
2.868315 128.937794
2.555488 112.670765
3.337557 121.742762
3.024729 124.088968
3.024729 113.765661
2.711902 129.563449
2.711902 126.435174
2.868315 127.060829
3.024729 109.229662
2.868315 112.827178
3.024729 110.950214
3.181143 110.324559
2.868315 111.106627
2.868315 128.312139
2.868315 125.653106
3.181143 119.240142
2.711902 128.781381
3.337557 111.732282
2.868315 107.665525
3.024729 124.245382
2.242660 127.217243
2.711902 128.155726
2.555488 126.904416
3.181143 111.888696
3.181143 110.011731
2.242660 131.127587
2.399074 129.250622
3.181143 125.496692
2.711902 107.821939
2.711902 112.983592
2.868315 129.876277
3.181143 122.055589
2.868315 127.999312
2.868315 121.117107
34.933133 113.922075
2.711902 126.591588
1.773419 131.284000
2.555488 133.004552
2.399074 130.032690
3.181143 122.212003
3.024729 129.094208
3.024729 122.681244
2.242660 132.848138
2.868315 128.468553
3.024729 125.183864
2.086247 108.916835
2.399074 133.317379
3.181143 121.586348
3.181143 120.178624
3.024729 112.201523
2.868315 125.809519
3.024729 125.340278
1.929833 133.473793
2.555488 113.452833
3.181143 109.542490
2.555488 133.160965
3.181143 113.609247
1.773419 130.971173
1.617005 133.786620
2.868315 125.965933
2.555488 109.073249
2.868315 128.624967
1.617005 107.039870
3.024729 122.837658
2.399074 134.255862
3.024729 108.604007
3.024729 122.994072
2.711902 124.401796
2.868315 112.357937
2.711902 113.140006
1.617005 134.412275
2.555488 125.027451
1.617005 131.440414
