24.609826 10.219761
24.453412 12.409554
23.358516 21.481551
24.296998 13.504450
25.704722 6.935073
1.929833 38.687063
23.984171 13.035209
23.671343 19.761000
25.079067 7.717141
25.391895 5.840176
24.453412 18.822517
23.827757 4.588866
6.778659 52.138645
22.732861 21.794378
24.609826 16.476311
23.984171 5.058108
22.576447 22.576447
7.247900 30.553548
22.420033 22.263620
24.140585 11.627485
12.096726 27.112446
24.453412 16.163484
8.029969 62.305539
23.984171 2.711902
25.704722 6.309418
25.235481 8.499210
24.766240 10.063348
23.984171 9.906934
23.358516 20.386655
24.453412 12.096726
23.514930 21.012310
24.609826 11.471071
24.609826 15.068587
23.045688 21.168724
24.766240 7.091486
25.548308 9.124865
3.806798 37.592167
23.984171 9.750520
24.453412 15.225001
22.420033 22.732861
23.671343 3.806798
24.453412 12.565967
24.453412 7.404314
19.761000 25.079067
9.906934 29.302238
23.671343 18.509690
19.917414 33.994651
10.219761 83.890636
23.202102 18.040449
25.861136 6.465831
10.219761 86.236842
23.984171 19.448172
7.873555 58.708022
11.001830 27.581687
5.370935 44.161544
13.348036 33.368996
23.514930 18.978931
24.296998 13.817277
5.840176 46.351337
10.219761 81.075188
23.827757 19.604586
24.453412 10.376175
25.391895 5.996590
24.922653 7.560728
23.358516 5.683763
24.140585 17.258380
26.799618 9.281279
6.465831 51.825818
23.671343 5.214521
24.766240 11.314658
7.247900 52.764300
10.219761 80.762361
22.732861 22.420033
24.296998 14.599346
4.432453 25.391895
23.514930 3.181143
24.140585 18.196862
25.861136 6.778659
24.453412 12.253140
24.922653 2.086247
23.671343 3.493970
10.219761 78.259741
23.984171 17.414794
10.376175 84.047049
13.660864 26.956032
23.514930 19.291759
7.404314 30.709962
23.984171 1.773419
24.609826 7.873555
24.609826 7.247900
24.296998 16.945552
9.594106 26.330377
21.012310 24.453412
24.296998 17.884035
23.358516 5.527349
16.163484 34.151064
25.235481 10.689003
24.140585 14.286519
26.017550 9.594106
25.079067 2.242660
3.963211 36.966512
23.984171 11.940313
9.594106 35.245961
23.514930 20.699482
22.576447 23.202102
24.296998 11.158244
19.761000 24.609826
24.140585 14.755760
23.671343 3.337557
23.827757 3.963211
25.235481 8.812038
10.219761 82.482912
6.153004 45.725682
21.481551 23.984171
22.263620 23.671343
24.296998 15.850656
11.001830 30.084307
23.514930 20.073827
24.766240 8.029969
24.140585 14.130105
23.671343 8.655624
23.984171 15.694242
24.766240 16.319897
8.029969 61.679884
24.609826 15.381415
24.766240 13.191622
7.404314 56.361816
23.671343 19.917414
8.029969 59.333677
23.514930 20.855896
23.984171 17.571207
4.276039 39.469132
10.376175 81.388016
23.984171 3.650384
10.063348 77.008431
24.140585 14.912174
23.827757 2.868315
24.296998 11.783899
10.219761 79.980292
21.168724 24.296998
25.391895 8.968451
23.202102 21.950792
8.655624 32.899754
21.950792 23.827757
8.342796 62.149125
10.063348 77.790499
7.560728 57.143885
10.532589 85.141945
24.609826 12.878795
8.342796 62.931194
23.984171 13.660864
24.609826 10.532589
21.168724 24.140585
24.140585 4.901694
9.906934 84.829118
24.453412 11.001830
23.827757 1.929833
8.186383 61.836297
10.219761 82.795739
7.560728 31.492031
23.984171 18.353276
6.309418 45.569268
23.984171 17.727621
7.560728 54.484851
22.889275 23.358516
11.314658 34.307478
25.079067 8.342796
7.404314 56.831058
22.576447 22.889275
10.219761 85.767600
7.873555 60.115746
11.314658 28.676583
22.420033 23.514930
8.029969 61.210642
7.091486 31.648444
24.453412 13.348036
9.594106 29.927893
24.140585 4.745280
14.912174 39.625545
24.609826 16.789139
6.309418 47.759060
8.186383 62.774780
12.253140 27.268860
24.296998 14.442932
7.873555 57.769540
24.766240 2.399074
6.778659 49.323198
23.984171 1.617005
23.514930 20.230241
22.576447 23.045688
6.465831 47.446233
19.448172 40.407614
6.622245 50.574508
26.799618 9.437693
3.650384 37.435753
8.029969 59.959332
7.873555 60.741401
7.560728 31.179203
6.153004 48.697543
23.671343 4.432453
6.153004 46.976992
23.045688 21.637965
23.671343 20.543069
24.922653 13.973691
20.855896 25.235481
8.029969 57.925954
9.124865 33.525409
23.984171 4.119625
2.711902 35.089547
24.453412 12.722381
10.063348 81.231602
24.766240 16.632725
24.609826 16.007070
10.219761 83.577808
4.432453 24.922653
5.996590 46.507750
23.984171 4.276039
6.622245 51.669404
22.889275 25.548308
7.873555 61.367056
7.560728 58.238781
6.309418 50.418094
10.063348 78.416154
9.750520 76.695603
7.404314 31.335617
6.622245 48.541129
9.906934 79.041809
5.683763 48.228302
9.906934 76.852017
6.309418 49.010370
7.717141 62.618366
4.432453 24.766240
10.219761 77.946913
7.091486 52.920714
25.079067 8.186383
10.063348 78.728982
10.219761 82.639326
2.086247 51.043749
10.219761 79.667464
7.560728 54.797679
3.650384 34.776719
9.594106 28.832997
25.548308 6.153004
25.704722 6.622245
6.153004 48.853956
23.827757 3.024729
23.045688 22.107206
6.465831 51.982231
4.432453 39.312718
8.342796 61.992711
24.766240 15.537829
10.063348 29.145825
23.827757 17.101966
23.827757 19.135345
7.873555 59.020850
2.242660 51.200163
13.660864 34.463892
9.906934 79.823878
15.850656 40.876855
10.063348 82.170084
4.901694 39.156304
10.845416 27.738101
9.906934 77.321258
24.609826 10.845416
17.258380 40.251200
10.063348 85.611187
7.404314 31.804858
9.594106 26.486791
23.984171 18.666104
7.873555 59.490091
7.404314 54.328438
12.253140 27.425273
7.247900 55.266920
10.376175 81.700843
7.873555 58.864436
5.214521 43.223062
6.465831 47.289819
7.873555 58.551609
10.063348 77.634086
8.029969 59.802919
5.370935 43.692303
3.806798 37.122926
10.376175 82.952153
7.717141 32.117686
16.163484 35.715202
7.873555 57.456712
24.766240 2.555488
7.560728 32.274099
23.514930 5.370935
6.935073 53.389955
7.404314 57.613126
10.219761 82.013671
10.845416 28.207342
10.063348 86.080428
4.119625 38.217822
3.806798 26.799618
3.806798 37.904994
15.068587 28.363756
6.309418 46.820578
7.560728 31.961272
10.063348 80.918774
11.158244 27.894515
9.906934 29.458652
7.247900 55.892575
9.906934 79.198223
11.627485 34.933133
5.683763 44.474372
6.153004 50.261680
7.873555 63.244021
23.045688 21.325137
7.091486 52.451473
10.063348 84.359877
6.778659 53.546369
9.124865 77.164844
9.906934 79.511051
5.840176 47.133405
8.186383 63.087607
7.717141 57.300299
10.376175 84.672704
5.214521 43.848717
7.247900 55.579748
10.219761 28.989411
7.091486 53.077128
6.465831 49.479611
16.163484 40.564028
7.404314 30.397135
7.404314 56.518230
12.722381 33.212582
13.348036 33.681823
9.750520 28.050928
6.935073 55.423334
10.063348 78.885396
10.219761 80.605947
8.029969 59.646505
2.555488 43.379475
10.219761 81.857257
7.247900 54.015610
7.873555 59.177264
5.840176 45.100027
7.717141 60.428574
7.091486 55.736161
9.281279 83.421394
10.219761 83.108567
5.370935 44.787199
6.778659 56.048989
6.465831 50.730921
7.247900 54.954093
7.717141 60.272160
5.840176 45.256440
17.571207 41.033269
7.404314 56.987471
8.186383 61.054229
3.806798 36.497271
10.219761 80.293119
6.465831 51.512990
6.465831 49.948853
11.158244 26.643205
4.432453 38.843477
5.996590 50.105266
10.376175 81.544429
5.527349 45.882095
10.532589 84.516290
6.778659 51.356576
9.906934 80.136706
5.214521 41.971752
6.778659 50.887335
10.376175 83.264981
10.063348 85.924014
7.091486 52.295059
5.683763 46.038509
4.119625 37.279339
16.007070 35.871616
7.717141 56.674644
10.376175 80.449533
18.196862 41.502510
6.153004 48.071888
17.727621 41.189683
7.560728 58.082367
8.655624 33.056168
6.153004 46.664164
8.968451 29.771480
9.750520 78.572568
10.376175 84.985532
5.996590 47.602647
10.219761 82.326498
5.683763 46.194923
6.465831 49.792439
18.196862 41.658924
6.309418 47.915474
8.029969 60.584987
7.091486 53.859196
5.840176 44.943613
7.091486 52.607886
10.063348 34.620306
10.376175 84.203463
9.594106 35.402374
4.588866 41.815338
10.063348 79.354637
14.912174 39.938373
7.404314 56.205403
6.622245 53.702783
2.399074 43.535889
4.901694 38.999891
6.309418 48.384715
7.873555 61.523470
5.683763 44.317958
6.778659 49.166784
6.622245 53.233541
6.153004 45.412854
7.247900 55.110506
8.186383 60.897815
7.404314 30.866376
8.655624 32.743341
7.717141 32.430513
7.247900 58.395195
1.617005 36.184443
9.594106 83.734222
7.247900 31.022789
7.091486 54.172024
5.683763 44.630785
22.420033 25.704722
12.253140 39.781959
7.404314 54.641265
6.778659 30.240721
8.029969 29.615066
14.599346 40.094787
5.370935 43.066648
5.058108 44.005130
9.750520 28.520170
6.778659 49.636025
5.214521 42.128165
5.840176 36.028029
1.617005 26.173963
7.717141 32.586927
4.119625 38.374236
3.181143 36.653684
3.963211 36.810098
15.850656 35.558788
16.007070 36.340857
