4.901694 10.219761
5.996590 52.451473
1.617005 26.799618
5.058108 13.504450
2.242660 38.687063
18.822517 13.035209
5.683763 51.669404
7.717141 65.903055
5.058108 16.632725
6.465831 56.518230
2.242660 41.658924
21.325137 18.822517
6.622245 30.553548
4.745280 4.276039
5.214521 16.163484
22.732861 2.711902
5.058108 7.873555
13.348036 6.309418
4.901694 10.063348
2.242660 41.815338
4.901694 9.906934
21.168724 20.386655
22.576447 1.929833
5.370935 5.527349
7.560728 63.556849
4.901694 9.124865
10.532589 86.549669
8.342796 31.648444
5.058108 15.225001
5.058108 14.912174
4.901694 10.845416
21.325137 18.509690
6.309418 55.423334
10.376175 86.236842
20.855896 19.448172
6.778659 58.708022
10.845416 91.085668
3.963211 44.161544
10.376175 85.454773
21.168724 18.978931
22.576447 2.399074
13.348036 5.996590
9.281279 34.620306
5.058108 5.683763
4.901694 9.281279
13.035209 5.840176
7.717141 64.182504
4.901694 11.314658
5.058108 14.599346
6.153004 55.892575
21.168724 18.196862
6.153004 54.015610
4.745280 16.319897
10.689003 88.895875
22.420033 2.555488
5.840176 52.138645
6.622245 27.112446
5.058108 6.153004
22.263620 1.773419
21.637965 3.806798
13.973691 7.404314
13.973691 7.091486
5.527349 49.636025
10.689003 88.739462
4.901694 10.689003
5.683763 51.982231
2.242660 27.581687
5.058108 14.286519
6.465831 56.831058
6.309418 54.954093
6.622245 57.769540
21.012310 19.604586
5.214521 15.537829
2.242660 42.128165
21.012310 23.202102
22.263620 3.337557
21.012310 3.963211
5.058108 7.560728
22.420033 1.617005
10.219761 85.298359
4.901694 11.158244
22.263620 3.181143
7.873555 66.059469
14.130105 6.778659
5.370935 5.214521
4.901694 8.812038
4.276039 12.096726
3.024729 36.653684
5.370935 15.694242
7.247900 61.054229
5.996590 52.764300
7.404314 61.679884
4.901694 15.381415
20.855896 19.291759
21.950792 3.650384
22.576447 2.868315
4.745280 8.968451
5.683763 51.512990
5.370935 4.901694
2.399074 37.592167
4.745280 12.565967
5.058108 49.948853
7.404314 62.149125
2.711902 35.245961
6.309418 54.328438
10.376175 85.141945
7.873555 65.433814
21.481551 21.481551
7.247900 62.931194
8.029969 31.022789
5.214521 17.101966
6.778659 58.082367
3.181143 39.156304
10.845416 89.677944
21.168724 20.699482
13.817277 6.935073
7.404314 61.836297
5.840176 5.058108
4.588866 8.655624
4.901694 4.588866
5.527349 50.418094
9.594106 34.933133
5.058108 13.973691
5.683763 51.356576
10.532589 85.767600
5.058108 17.571207
7.247900 60.428574
21.012310 21.168724
1.929833 28.676583
7.247900 61.210642
5.527349 49.792439
10.845416 89.834358
9.750520 32.430513
3.963211 43.535889
2.399074 39.625545
3.963211 43.692303
5.214521 4.745280
7.404314 62.774780
7.404314 63.087607
10.219761 33.368996
4.901694 12.409554
4.588866 8.342796
4.901694 11.940313
20.699482 23.045688
5.214521 48.228302
7.404314 62.461952
4.901694 17.258380
2.555488 39.781959
18.822517 14.130105
6.622245 59.490091
4.745280 12.878795
7.560728 64.808159
8.968451 33.838237
2.399074 37.435753
1.929833 24.296998
6.935073 31.179203
2.555488 35.402374
4.901694 8.499210
5.214521 4.432453
10.063348 89.365117
4.745280 9.750520
5.370935 52.295059
7.404314 62.618366
4.901694 13.348036
5.683763 50.730921
2.868315 35.871616
5.058108 16.945552
1.929833 24.453412
7.560728 63.869676
10.845416 90.460013
2.868315 29.145825
5.370935 4.119625
22.420033 2.242660
5.527349 51.200163
4.745280 9.437693
10.689003 88.426634
4.901694 46.507750
2.242660 35.558788
5.058108 14.755760
10.219761 83.577808
6.778659 58.238781
8.655624 33.212582
21.168724 18.353276
6.935073 59.959332
10.689003 88.270220
10.689003 87.644565
4.901694 13.191622
7.404314 61.992711
7.404314 25.704722
21.325137 18.040449
5.370935 49.010370
21.012310 20.230241
8.029969 66.215882
6.622245 57.143885
5.840176 52.920714
5.058108 46.976992
13.973691 7.717141
5.527349 50.574508
4.901694 11.001830
5.996590 53.546369
21.794378 3.493970
5.683763 51.043749
4.901694 10.532589
6.935073 60.115746
21.012310 19.917414
6.309418 54.484851
3.963211 42.753820
9.906934 33.056168
2.242660 42.440993
22.732861 2.086247
6.465831 26.330377
4.901694 11.471071
5.214521 48.853956
22.576447 3.024729
8.968451 33.525409
5.058108 6.622245
21.012310 22.107206
3.181143 39.312718
19.291759 12.722381
10.532589 89.208703
5.370935 50.105266
5.058108 16.007070
7.404314 61.367056
10.845416 90.303599
21.325137 19.135345
6.465831 56.987471
7.247900 60.584987
4.901694 45.725682
10.689003 87.800979
6.622245 26.956032
10.532589 86.393255
6.465831 56.361816
6.778659 56.674644
6.309418 55.110506
4.588866 17.414794
21.168724 21.012310
4.901694 47.289819
8.968451 34.151064
6.778659 57.925954
15.694242 40.251200
21.325137 17.884035
4.901694 8.186383
5.214521 49.479611
4.745280 11.783899
5.058108 13.817277
7.247900 60.741401
6.309418 55.266920
6.778659 58.864436
16.945552 20.073827
8.968451 34.307478
7.717141 64.026090
5.058108 9.594106
16.007070 40.094787
6.622245 57.613126
4.901694 16.789139
6.935073 59.802919
8.029969 66.685123
13.035209 6.465831
4.588866 47.446233
4.901694 13.660864
6.778659 59.020850
5.996590 53.702783
5.683763 51.825818
10.532589 85.924014
2.711902 35.715202
10.689003 89.052289
6.622245 59.177264
7.560728 25.861136
2.555488 29.458652
7.873555 65.277400
2.711902 38.530649
5.214521 5.370935
5.996590 53.389955
8.029969 66.372296
21.168724 18.666104
6.309418 56.048989
7.091486 31.804858
7.717141 64.338917
9.124865 33.994651
10.532589 86.080428
7.560728 25.548308
10.689003 88.583048
2.868315 38.217822
4.745280 46.820578
4.901694 10.376175
5.058108 16.476311
2.711902 30.084307
5.996590 53.859196
14.130105 7.247900
20.855896 22.732861
1.929833 40.720442
7.717141 65.746641
5.214521 14.442932
7.247900 63.244021
2.555488 29.771480
21.168724 19.761000
21.325137 21.325137
2.086247 27.425273
5.370935 49.323198
7.404314 61.523470
2.868315 30.240721
2.868315 36.810098
6.778659 32.117686
21.325137 21.637965
7.247900 66.997951
4.745280 12.253140
10.689003 88.113807
4.588866 15.850656
9.594106 32.274099
2.555488 29.927893
4.745280 47.133405
5.840176 52.607886
5.683763 50.887335
7.091486 60.272160
8.029969 66.528710
5.058108 47.602647
21.168724 20.855896
2.399074 28.363756
7.247900 26.017550
7.091486 27.894515
4.588866 46.194923
21.012310 23.358516
13.348036 8.029969
6.778659 57.456712
4.588866 11.627485
4.588866 17.727621
21.325137 20.543069
8.342796 30.397135
7.717141 64.651745
20.855896 22.576447
4.588866 45.412854
6.309418 55.736161
6.309418 54.172024
2.711902 36.028029
1.773419 26.643205
6.935073 59.646505
14.755760 40.876855
2.711902 28.832997
7.717141 63.400435
2.086247 40.564028
14.912174 41.033269
7.873555 67.154365
5.058108 47.759060
7.717141 63.713262
9.906934 32.899754
7.873555 64.964572
6.778659 58.395195
2.555488 38.843477
2.399074 38.999891
2.555488 37.279339
7.404314 62.305539
7.873555 65.120986
5.996590 53.233541
21.168724 23.514930
7.091486 60.897815
4.901694 45.882095
7.717141 34.776719
4.588866 46.038509
7.560728 64.495331
4.432453 45.569268
2.711902 37.122926
8.186383 30.866376
5.214521 48.384715
6.309418 54.797679
9.594106 32.743341
6.153004 59.333677
4.901694 48.071888
5.058108 48.541129
2.242660 28.989411
7.717141 66.841537
20.543069 22.263620
4.276039 44.005130
7.717141 34.463892
7.717141 25.391895
21.168724 21.794378
4.588866 46.664164
2.555488 36.966512
6.309418 57.300299
8.186383 67.310778
11.314658 25.235481
6.778659 58.551609
3.963211 43.066648
1.929833 23.984171
9.594106 35.089547
4.745280 46.351337
9.750520 32.586927
6.465831 56.205403
4.901694 48.697543
21.168724 21.950792
11.783899 26.486791
7.247900 25.079067
2.086247 27.268860
4.432453 44.943613
2.555488 29.615066
8.029969 33.681823
21.012310 22.420033
2.711902 38.061408
9.124865 31.961272
2.868315 36.340857
7.091486 27.738101
5.996590 53.077128
7.873555 65.590227
6.309418 54.641265
2.399074 28.050928
6.309418 55.579748
2.399074 36.497271
2.086247 28.520170
6.778659 31.492031
3.337557 41.346097
2.242660 41.971752
4.119625 43.848717
2.555488 29.302238
2.242660 41.502510
4.432453 45.256440
5.527349 50.261680
5.370935 49.166784
21.012310 22.889275
2.399074 38.374236
1.929833 24.609826
1.773419 40.407614
7.873555 31.335617
2.242660 42.284579
21.168724 23.671343
2.086247 36.184443
1.773419 24.766240
2.242660 28.207342
6.935073 30.709962
1.929833 23.827757
4.276039 43.379475
7.873555 26.173963
1.773419 24.140585
1.773419 24.922653
