1.876965 116.371827
2.189792 128.884926
1.720551 124.036100
1.720551 116.841068
1.720551 123.254032
1.876965 109.333208
1.876965 117.153895
1.720551 114.964103
2.502620 106.830588
2.033379 119.656515
1.876965 123.097618
1.876965 117.466723
1.720551 127.790030
1.720551 132.013201
1.876965 128.102858
1.720551 122.628377
2.033379 119.969343
1.876965 113.243552
2.189792 109.489622
2.346206 106.674175
1.876965 113.399966
1.876965 111.210173
1.720551 120.907825
1.720551 125.130997
2.033379 111.835828
2.033379 117.935964
1.876965 108.238312
1.720551 126.225893
2.033379 110.428104
1.720551 116.215413
1.720551 118.248792
1.720551 117.779550
1.720551 128.259271
2.189792 107.299830
1.876965 120.282170
1.876965 114.338448
1.720551 115.746172
2.189792 110.897346
1.720551 123.879687
1.720551 122.159135
1.876965 131.543960
1.720551 129.666995
2.033379 112.617897
1.876965 116.997482
2.189792 106.987002
2.189792 119.500102
1.876965 119.030860
1.720551 127.007961
1.876965 118.405205
2.033379 107.143416
2.033379 129.979823
1.720551 113.712793
1.720551 108.863967
1.720551 126.538720
1.876965 123.410445
2.033379 111.366587
2.189792 106.517761
2.033379 121.064239
1.876965 128.572099
2.033379 111.679414
2.033379 112.774311
1.876965 108.394726
1.876965 132.795270
2.033379 116.058999
2.033379 128.728513
2.033379 107.456243
1.876965 123.566859
1.720551 121.533480
2.189792 109.646036
1.720551 125.600238
1.876965 122.941204
1.876965 119.343688
2.189792 106.361347
1.876965 121.220653
1.876965 129.197754
1.876965 127.946444
1.876965 108.081898
1.720551 108.551139
1.720551 121.846308
1.876965 127.320789
1.720551 130.292650
1.876965 106.204933
1.720551 122.784790
1.720551 124.818169
1.720551 126.069479
1.720551 131.700374
1.876965 122.002722
1.876965 118.874447
2.033379 110.740932
1.876965 108.707553
1.720551 112.930724
1.720551 127.164375
1.720551 130.136236
1.720551 110.115277
1.720551 106.048520
1.720551 107.925484
1.876965 119.812929
1.876965 110.271691
1.720551 128.415685
1.876965 111.523001
1.876965 114.025621
1.720551 120.438584
2.033379 118.561619
1.876965 132.638856
1.876965 127.633616
2.033379 109.802449
2.033379 123.723273
1.720551 118.718033
1.720551 111.992242
1.720551 112.461483
1.720551 132.326029
2.346206 129.041340
1.876965 112.148656
1.876965 110.584518
1.720551 120.125757
1.720551 107.612657
1.720551 107.769071
1.720551 116.528241
1.720551 117.310309
2.033379 117.623137
1.720551 112.305069
1.720551 114.494862
1.720551 130.449064
1.720551 132.482443
