15.068587 39.781959
14.755760 13.973691
14.755760 41.502510
38.999891 3.337557
14.599346 45.882095
14.755760 62.931194
14.912174 30.397135
13.504450 83.108567
14.755760 54.797679
15.381415 18.353276
14.286519 65.903055
14.599346 54.172024
14.442932 68.874916
14.912174 10.219761
14.442932 65.120986
15.225001 36.184443
13.348036 75.600707
14.286519 63.244021
14.912174 38.374236
13.348036 81.700843
14.755760 52.764300
15.068587 32.743341
13.973691 61.523470
14.912174 35.715202
23.671343 5.840176
14.286519 71.221122
14.599346 14.755760
14.755760 49.010370
15.225001 23.202102
14.912174 19.448172
15.381415 24.609826
14.912174 43.848717
15.225001 25.548308
15.225001 11.314658
15.537829 22.420033
14.286519 64.026090
14.442932 38.217822
14.755760 54.484851
14.442932 29.771480
14.599346 51.356576
14.912174 29.145825
14.442932 54.328438
15.068587 14.912174
12.409554 6.935073
13.817277 84.047049
14.130105 49.948853
14.599346 58.708022
14.755760 37.279339
14.442932 41.971752
14.599346 53.077128
14.755760 13.504450
14.286519 9.594106
14.912174 32.117686
15.537829 17.414794
14.442932 62.618366
14.442932 46.194923
15.068587 16.632725
15.068587 27.738101
14.286519 55.110506
14.286519 56.831058
15.068587 19.604586
13.817277 73.567328
14.130105 51.512990
30.866376 4.588866
15.381415 24.296998
15.225001 12.253140
14.912174 29.458652
14.912174 15.225001
2.868315 6.309418
13.973691 8.499210
14.599346 49.479611
14.599346 61.367056
14.130105 67.154365
13.973691 75.913534
14.130105 57.613126
15.068587 21.168724
15.225001 11.627485
15.225001 19.291759
13.817277 79.667464
15.225001 35.558788
14.912174 27.268860
14.912174 39.938373
14.442932 63.400435
14.599346 56.205403
14.286519 58.395195
14.442932 56.048989
13.660864 83.577808
14.912174 40.720442
15.225001 12.409554
14.912174 11.783899
13.348036 79.198223
13.973691 64.495331
14.599346 17.884035
15.225001 25.861136
15.068587 14.130105
14.286519 8.029969
14.912174 28.207342
15.225001 10.376175
14.130105 48.853956
14.755760 48.228302
14.755760 43.223062
14.755760 40.094787
14.599346 14.286519
13.973691 70.595467
14.599346 42.284579
15.225001 22.107206
15.225001 12.565967
14.286519 63.713262
15.068587 26.017550
14.286519 63.087607
15.068587 16.476311
13.817277 81.544429
14.912174 47.446233
13.973691 54.954093
15.068587 21.637965
13.504450 83.734222
13.817277 77.164844
13.817277 76.382776
13.504450 87.488152
14.286519 41.658924
14.442932 53.546369
14.286519 61.836297
14.912174 33.525409
13.973691 62.305539
14.912174 33.368996
15.381415 13.348036
15.068587 18.822517
14.599346 8.968451
15.225001 38.061408
15.068587 33.681823
15.225001 13.660864
38.687063 3.493970
15.537829 18.196862
15.381415 23.984171
13.817277 7.560728
14.599346 52.920714
15.225001 29.927893
12.878795 7.717141
15.225001 28.363756
14.599346 42.753820
14.130105 77.321258
14.599346 53.702783
14.599346 32.274099
14.599346 62.774780
14.286519 71.533950
14.755760 37.435753
15.225001 16.789139
14.912174 41.346097
15.068587 31.804858
15.225001 22.889275
14.912174 28.832997
14.912174 13.817277
14.912174 15.537829
15.068587 24.453412
13.817277 76.226362
14.442932 50.887335
3.024729 6.465831
15.381415 23.514930
13.817277 82.170084
13.817277 66.841537
14.286519 66.685123
14.599346 58.551609
15.068587 38.530649
13.660864 79.511051
14.130105 79.980292
14.130105 65.277400
14.599346 51.043749
14.130105 72.003191
13.504450 51.982231
14.755760 28.989411
14.286519 38.687063
14.130105 75.757121
14.755760 39.469132
15.068587 11.158244
14.599346 60.897815
15.068587 40.876855
14.912174 15.068587
14.599346 45.569268
15.225001 25.391895
14.599346 27.581687
14.442932 29.302238
14.130105 49.792439
15.537829 17.258380
14.912174 40.251200
14.755760 47.759060
15.381415 21.950792
14.286519 78.259741
14.286519 44.161544
14.755760 21.794378
15.381415 25.704722
13.504450 87.800979
14.912174 52.138645
14.442932 48.541129
14.599346 27.894515
14.442932 9.750520
14.286519 60.584987
19.291759 5.996590
14.286519 57.300299
14.912174 31.492031
14.599346 13.035209
13.973691 44.943613
14.599346 44.317958
15.225001 18.978931
15.225001 24.766240
14.599346 48.697543
15.068587 39.156304
14.755760 39.625545
14.755760 55.892575
14.286519 68.718502
14.599346 33.994651
13.817277 87.175324
14.912174 24.922653
14.755760 17.727621
14.130105 79.823878
13.817277 63.556849
15.068587 21.325137
12.722381 82.795739
31.492031 4.432453
15.225001 15.694242
14.912174 23.671343
14.912174 11.940313
15.225001 32.430513
13.973691 81.388016
14.599346 43.692303
14.286519 52.451473
14.912174 16.163484
15.381415 20.073827
15.381415 22.263620
15.225001 34.776719
14.599346 49.166784
14.442932 57.143885
14.755760 37.122926
14.755760 50.730921
14.286519 67.623606
14.442932 53.389955
14.912174 30.553548
15.225001 18.509690
14.286519 60.115746
14.442932 31.179203
14.442932 61.679884
13.348036 65.590227
13.973691 72.785260
15.225001 18.040449
35.715202 3.806798
39.312718 1.773419
14.599346 14.442932
14.286519 30.084307
15.381415 20.543069
14.912174 44.005130
14.442932 45.725682
15.850656 10.689003
14.130105 66.372296
39.156304 2.555488
14.130105 75.131466
15.225001 41.033269
15.225001 20.386655
15.068587 16.007070
14.912174 58.864436
14.912174 46.507750
14.130105 64.964572
14.599346 53.233541
13.660864 73.723742
39.156304 3.181143
14.755760 28.676583
14.442932 10.063348
14.442932 31.648444
15.068587 25.079067
14.286519 45.100027
15.381415 11.001830
13.973691 70.282640
14.286519 44.474372
12.878795 7.247900
13.817277 80.762361
14.912174 46.664164
15.225001 12.722381
39.312718 2.086247
14.755760 18.666104
15.225001 20.855896
14.912174 35.089547
14.442932 58.238781
14.912174 24.140585
14.599346 49.323198
15.068587 11.471071
35.871616 4.119625
13.348036 88.426634
15.225001 36.653684
13.817277 80.918774
14.286519 9.906934
14.286519 56.674644
14.599346 26.330377
14.755760 19.135345
14.599346 44.787199
15.537829 20.699482
14.755760 42.910234
14.755760 35.245961
14.286519 8.342796
14.130105 59.646505
13.660864 67.936433
15.225001 13.191622
14.130105 54.015610
14.286519 26.643205
14.442932 43.535889
14.599346 27.112446
12.722381 74.036570
14.912174 17.571207
3.650384 4.745280
13.817277 84.359877
15.381415 34.620306
15.381415 19.917414
14.442932 49.636025
14.442932 43.066648
15.068587 31.022789
15.225001 37.904994
15.225001 30.709962
13.973691 82.326498
15.225001 20.230241
14.755760 56.518230
14.130105 44.630785
15.068587 32.899754
14.442932 47.915474
14.286519 64.651745
14.912174 40.564028
15.068587 33.056168
13.817277 86.393255
14.912174 12.096726
14.286519 68.405675
14.286519 42.597407
15.225001 35.402374
14.912174 36.966512
12.878795 84.985532
14.912174 28.520170
13.191622 70.126226
14.130105 69.500571
14.286519 55.266920
14.599346 57.456712
14.442932 51.825818
13.973691 80.605947
14.442932 51.669404
14.442932 9.437693
15.225001 19.761000
14.599346 21.481551
12.878795 82.952153
14.599346 27.425273
13.348036 88.895875
14.599346 26.799618
38.374236 3.650384
14.286519 8.812038
15.225001 10.532589
38.999891 2.242660
14.755760 12.878795
14.286519 69.656985
14.599346 46.038509
15.068587 26.173963
13.973691 76.539189
14.286519 42.440993
2.399074 89.990772
13.973691 64.182504
14.599346 41.815338
14.599346 46.351337
15.068587 36.810098
13.817277 85.611187
13.817277 82.482912
13.035209 89.521530
13.660864 76.852017
15.068587 10.845416
14.912174 38.999891
14.442932 15.381415
14.599346 53.859196
14.130105 64.338917
14.442932 57.769540
15.068587 37.748581
14.755760 47.133405
13.504450 86.549669
15.381415 36.028029
14.442932 8.655624
14.912174 37.592167
14.130105 70.908295
15.068587 29.615066
15.381415 23.827757
39.156304 2.868315
15.225001 23.045688
11.940313 6.778659
14.599346 26.956032
12.878795 74.192983
14.755760 36.497271
12.409554 89.834358
14.755760 31.335617
14.286519 59.490091
13.817277 80.136706
14.286519 9.124865
23.202102 5.527349
14.912174 35.871616
14.755760 38.843477
14.442932 48.384715
13.973691 83.421394
13.348036 65.746641
13.348036 9.281279
14.599346 28.050928
13.973691 72.472432
14.599346 33.838237
39.469132 2.399074
15.381415 25.235481
14.286519 62.149125
15.225001 16.319897
13.817277 74.818638
14.286519 50.574508
13.660864 50.418094
14.755760 45.256440
14.755760 46.820578
15.225001 32.586927
14.755760 55.736161
23.202102 5.370935
13.973691 86.236842
14.599346 58.082367
13.817277 74.975052
14.912174 30.240721
14.599346 30.866376
14.442932 59.802919
14.755760 47.289819
13.504450 66.528710
13.973691 71.064708
15.225001 17.101966
14.755760 46.976992
13.973691 87.018910
39.156304 1.929833
13.817277 59.020850
14.599346 26.486791
15.225001 33.212582
14.130105 72.159605
15.068587 22.732861
15.068587 14.599346
14.442932 56.361816
14.599346 51.200163
13.973691 73.410915
15.068587 34.307478
13.973691 73.098087
13.348036 64.808159
13.973691 67.310778
14.912174 52.295059
14.130105 59.959332
13.817277 70.439053
14.130105 78.416154
13.973691 83.890636
14.130105 66.997951
14.286519 67.467192
13.504450 77.946913
12.409554 79.041809
13.973691 75.444293
13.973691 77.634086
3.650384 4.901694
14.286519 43.379475
14.286519 68.249261
14.755760 34.151064
14.442932 36.340857
14.755760 39.312718
13.660864 63.869676
15.225001 21.012310
14.286519 67.780020
12.722381 62.461952
14.130105 68.562088
13.817277 86.706083
23.514930 5.683763
14.599346 31.961272
32.274099 4.276039
14.130105 69.031330
14.130105 65.433814
13.504450 81.857257
13.973691 47.602647
12.878795 74.349397
14.442932 61.054229
15.225001 23.358516
12.722381 7.091486
13.504450 85.454773
15.381415 34.463892
14.442932 68.092847
14.286519 7.873555
14.599346 57.925954
15.068587 15.850656
12.565967 84.516290
13.973691 72.628846
13.660864 87.331738
13.348036 78.572568
13.191622 78.885396
13.973691 82.639326
13.817277 84.672704
39.312718 2.711902
15.068587 22.576447
13.973691 75.287879
13.817277 77.477672
13.660864 85.298359
14.755760 34.933133
2.868315 6.622245
14.286519 55.423334
13.973691 73.880156
12.565967 71.846777
13.348036 50.261680
14.442932 45.412854
14.130105 66.215882
13.191622 66.059469
26.956032 5.058108
14.130105 78.103327
38.687063 3.024729
13.191622 74.505811
13.035209 89.208703
13.817277 76.695603
14.599346 50.105266
14.442932 69.344157
14.442932 16.945552
14.286519 71.690363
14.442932 60.272160
13.973691 69.969812
36.340857 3.963211
14.130105 59.177264
14.912174 48.071888
14.599346 60.741401
14.599346 8.186383
13.973691 70.751881
13.191622 73.254501
14.442932 52.607886
13.973691 74.662225
13.817277 83.264981
13.660864 85.924014
13.191622 7.404314
13.348036 89.052289
13.504450 86.080428
13.191622 89.365117
12.722381 88.270220
14.755760 54.641265
14.286519 56.987471
14.442932 69.813398
13.817277 82.013671
12.409554 72.316018
13.973691 71.377536
12.722381 88.583048
14.442932 61.992711
14.599346 40.407614
3.650384 6.153004
26.017550 5.214521
13.504450 78.728982
13.817277 81.231602
13.817277 85.141945
13.973691 80.293119
13.348036 69.187743
14.599346 41.189683
13.035209 88.113807
13.660864 85.767600
14.755760 42.128165
13.817277 80.449533
14.286519 61.210642
13.191622 86.862497
13.973691 77.008431
13.035209 87.644565
13.973691 81.075188
13.817277 77.790499
14.286519 55.579748
13.660864 79.354637
13.035209 89.677944
14.442932 60.428574
14.286519 59.333677
12.096726 84.829118
1.929833 90.303599
13.348036 84.203463
12.722381 76.069948
12.878795 72.941673
12.565967 87.957393
13.348036 88.739462
1.617005 90.147185
