15.850656 116.424695
5.058108 10.219761
5.370935 48.853956
9.437693 79.667464
4.745280 45.725682
5.996590 52.451473
5.840176 51.200163
8.029969 68.405675
1.773419 38.687063
19.291759 13.035209
10.219761 87.957393
7.717141 65.903055
1.929833 41.658924
9.437693 77.164844
9.594106 77.946913
10.219761 87.175324
4.745280 4.276039
19.604586 16.163484
19.135345 6.309418
5.214521 10.063348
2.242660 41.815338
4.745280 9.906934
10.376175 28.050928
20.230241 7.091486
15.381415 9.124865
10.376175 86.549669
21.950792 15.225001
20.230241 7.247900
20.855896 7.404314
10.063348 29.302238
4.119625 18.509690
6.935073 58.708022
4.432453 44.161544
10.219761 85.454773
3.493970 18.978931
4.745280 10.376175
19.448172 5.996590
20.230241 7.560728
4.276039 5.683763
13.660864 2.242660
19.448172 9.281279
14.912174 115.955453
7.873555 64.182504
2.086247 34.463892
4.901694 11.314658
8.499210 70.282640
9.906934 81.857257
18.353276 14.599346
8.812038 72.628846
6.309418 55.892575
2.711902 31.492031
4.745280 18.196862
21.794378 21.637965
6.309418 54.015610
10.063348 29.458652
10.219761 84.047049
13.504450 2.555488
5.527349 52.138645
9.124865 74.662225
21.794378 21.794378
14.286519 1.773419
4.432453 3.806798
9.594106 78.416154
2.555488 34.151064
5.683763 49.636025
4.745280 10.689003
5.683763 51.982231
10.219761 27.581687
18.196862 14.286519
6.309418 54.954093
6.778659 57.769540
2.399074 36.966512
9.124865 74.349397
8.342796 110.637386
12.096726 23.202102
21.637965 21.325137
8.499210 70.751881
9.281279 75.287879
19.448172 12.878795
4.432453 3.963211
19.291759 8.812038
9.437693 82.482912
10.219761 85.298359
3.806798 41.033269
4.276039 3.181143
4.745280 2.711902
14.912174 6.778659
4.119625 41.502510
9.124865 74.818638
21.481551 20.073827
4.745280 12.096726
7.247900 61.054229
5.996590 52.764300
9.124865 27.738101
21.637965 15.381415
6.309418 56.361816
19.917414 7.873555
7.091486 59.333677
8.342796 69.813398
4.432453 3.650384
9.124865 74.192983
9.437693 77.008431
10.219761 84.985532
4.276039 2.868315
9.594106 79.980292
19.291759 8.968451
8.186383 67.310778
6.935073 62.149125
9.594106 77.790499
6.153004 54.328438
10.219761 85.141945
7.873555 65.433814
8.342796 69.031330
9.906934 81.544429
6.935073 58.082367
9.281279 75.600707
10.219761 84.829118
21.481551 20.699482
4.276039 3.337557
9.594106 76.069948
4.276039 42.753820
7.404314 61.836297
1.929833 25.391895
4.745280 5.058108
10.063348 82.795739
19.917414 8.655624
4.745280 4.588866
9.906934 82.326498
5.683763 50.418094
4.276039 28.832997
18.353276 13.973691
6.622245 56.831058
9.906934 85.767600
4.432453 17.571207
7.091486 60.115746
7.247900 60.428574
16.007070 116.268281
7.717141 66.372296
7.247900 61.210642
5.370935 49.792439
2.086247 37.748581
1.929833 39.625545
4.588866 4.745280
7.560728 62.774780
3.963211 42.128165
2.399074 33.368996
20.073827 8.342796
21.012310 23.045688
17.258380 19.917414
13.973691 115.799040
7.560728 62.461952
4.276039 17.258380
7.247900 59.490091
7.247900 64.808159
9.437693 78.572568
20.073827 8.029969
3.024729 37.435753
9.594106 78.103327
7.404314 59.959332
8.342796 68.562088
1.773419 24.296998
2.399074 31.179203
5.527349 48.697543
2.399074 35.402374
9.124865 75.444293
4.432453 4.432453
9.906934 80.293119
21.794378 15.694242
7.247900 61.679884
4.588866 9.750520
5.996590 52.295059
6.309418 55.110506
7.560728 62.618366
9.906934 83.421394
2.242660 35.871616
21.950792 16.945552
7.560728 63.869676
2.086247 33.525409
10.219761 87.488152
21.481551 15.537829
19.291759 13.348036
9.594106 81.231602
2.242660 111.106627
19.448172 16.007070
4.119625 5.840176
9.594106 83.577808
15.225001 9.437693
10.219761 88.426634
5.214521 46.507750
2.399074 35.558788
8.186383 69.656985
2.555488 33.212582
8.812038 111.575868
4.432453 16.632725
2.086247 26.956032
8.186383 70.126226
9.437693 75.757121
10.219761 88.270220
8.499210 110.793800
9.594106 79.041809
3.963211 5.527349
10.219761 84.516290
7.091486 63.556849
7.404314 61.992711
19.135345 6.622245
7.873555 66.841537
5.996590 52.607886
18.509690 14.912174
9.437693 76.539189
6.153004 53.077128
9.124865 76.852017
10.063348 83.264981
21.794378 20.230241
13.504450 2.399074
8.812038 71.846777
10.219761 83.734222
20.543069 1.617005
5.214521 46.976992
18.978931 7.717141
5.683763 50.574508
10.063348 82.639326
19.291759 15.850656
4.276039 11.001830
6.153004 53.546369
8.186383 67.780020
5.527349 51.043749
7.717141 64.026090
21.950792 14.130105
19.604586 16.319897
4.432453 42.440993
9.281279 74.975052
19.291759 13.191622
4.432453 44.787199
4.432453 3.024729
9.750520 78.885396
8.499210 68.718502
1.929833 39.312718
17.727621 12.722381
10.063348 89.208703
5.370935 50.105266
4.745280 12.409554
10.219761 84.203463
6.935073 61.367056
1.773419 25.548308
9.594106 29.145825
20.073827 8.186383
3.650384 19.135345
6.622245 56.987471
4.745280 3.493970
5.058108 11.471071
19.917414 8.499210
9.594106 82.170084
6.153004 53.389955
8.655624 72.472432
9.437693 77.321258
6.465831 56.674644
4.588866 17.414794
8.968451 71.377536
16.476311 21.012310
5.214521 47.289819
17.414794 20.855896
9.437693 75.913534
10.063348 86.706083
19.135345 6.153004
6.622245 57.925954
4.588866 17.884035
8.499210 70.908295
10.063348 83.108567
5.370935 49.479611
4.901694 11.783899
8.655624 73.410915
19.604586 13.817277
19.291759 6.465831
7.247900 61.523470
4.276039 17.101966
6.465831 55.266920
18.666104 14.755760
10.063348 89.677944
9.906934 81.700843
6.935073 58.864436
2.555488 33.681823
4.745280 45.569268
9.437693 80.136706
8.186383 67.936433
1.929833 40.094787
6.778659 57.613126
8.186383 68.092847
21.950792 16.789139
6.935073 59.802919
19.291759 13.504450
9.594106 77.634086
21.794378 20.386655
5.370935 49.010370
9.906934 81.075188
19.604586 13.660864
6.622245 56.205403
7.091486 59.020850
10.376175 88.583048
6.309418 53.702783
21.325137 22.420033
9.906934 82.952153
9.124865 73.723742
7.247900 62.931194
10.063348 85.924014
7.247900 60.741401
8.029969 66.997951
4.901694 10.532589
7.873555 65.277400
6.622245 57.456712
4.901694 45.100027
2.086247 38.530649
4.432453 43.535889
3.963211 41.971752
21.794378 15.068587
8.029969 69.969812
4.119625 18.666104
7.873555 64.338917
2.555488 33.994651
10.063348 86.080428
2.399074 38.217822
9.437693 28.363756
20.230241 6.935073
9.750520 80.918774
2.242660 36.340857
5.214521 46.820578
6.153004 52.920714
17.258380 16.476311
5.996590 53.859196
10.219761 87.018910
9.750520 79.198223
13.973691 2.086247
2.086247 34.307478
8.968451 71.690363
14.130105 1.929833
3.806798 18.822517
5.683763 50.261680
5.058108 10.845416
5.214521 48.228302
7.560728 65.746641
18.509690 14.442932
7.404314 63.244021
8.968451 74.505811
16.945552 19.761000
8.029969 69.187743
8.968451 113.140006
5.370935 49.323198
10.219761 84.359877
9.124865 75.131466
4.901694 11.940313
2.399074 30.240721
10.219761 84.672704
5.370935 49.166784
2.242660 32.117686
3.963211 18.353276
9.594106 79.511051
16.789139 17.727621
2.399074 32.274099
8.499210 72.159605
5.058108 47.133405
5.058108 47.759060
5.683763 50.887335
4.432453 11.158244
7.560728 65.590227
8.499210 71.064708
7.247900 60.272160
7.717141 66.528710
5.214521 47.602647
5.683763 51.825818
4.276039 18.040449
6.622245 57.300299
9.906934 86.236842
2.086247 26.017550
4.276039 5.214521
8.186383 67.623606
10.845416 115.016971
8.655624 71.221122
4.588866 46.194923
12.096726 23.358516
8.499210 68.874916
4.901694 11.627485
8.499210 69.344157
4.432453 5.370935
16.007070 21.168724
9.750520 81.388016
2.555488 37.122926
2.086247 25.704722
9.594106 79.354637
4.276039 4.901694
7.873555 66.215882
2.399074 30.397135
8.029969 67.467192
9.750520 78.728982
9.124865 77.477672
9.906934 80.762361
4.745280 45.412854
4.901694 9.594106
6.309418 55.736161
8.968451 73.567328
2.399074 36.028029
2.555488 32.899754
9.906934 80.449533
3.337557 19.448172
5.683763 26.643205
14.130105 27.268860
21.637965 22.889275
9.750520 80.605947
7.091486 59.646505
2.086247 38.061408
4.432453 4.119625
9.124865 28.520170
8.968451 72.941673
21.481551 22.263620
9.124865 73.880156
9.906934 85.611187
9.437693 76.695603
7.717141 63.400435
10.219761 86.393255
6.622245 58.551609
7.717141 64.651745
8.968451 71.533950
5.527349 50.730921
7.404314 63.087607
21.637965 22.107206
10.376175 90.616427
21.794378 21.481551
3.024729 32.743341
8.812038 72.785260
4.901694 48.071888
7.404314 67.154365
8.342796 70.439053
2.242660 36.497271
2.868315 32.430513
7.717141 63.713262
18.196862 12.565967
6.465831 58.395195
2.086247 38.843477
6.465831 56.048989
4.588866 12.253140
8.186383 70.595467
7.404314 62.305539
7.560728 65.120986
5.996590 53.233541
8.968451 72.316018
10.219761 87.644565
2.399074 31.022789
8.499210 73.254501
10.219761 87.331738
5.840176 54.641265
9.437693 76.226362
4.745280 45.882095
21.325137 20.543069
21.168724 22.732861
7.404314 66.059469
4.745280 46.038509
7.717141 64.495331
2.399074 30.709962
9.750520 82.013671
5.527349 48.384715
7.717141 64.964572
4.432453 44.005130
1.617005 26.799618
5.840176 54.797679
5.840176 51.669404
8.968451 72.003191
8.968451 73.098087
5.370935 48.541129
9.594106 28.989411
10.219761 86.862497
5.996590 55.423334
4.119625 41.189683
2.555488 33.838237
1.929833 110.950214
6.153004 54.484851
9.437693 78.259741
4.901694 46.664164
5.840176 54.172024
9.437693 76.382776
9.594106 79.823878
3.493970 19.291759
5.527349 49.948853
1.929833 35.245961
5.840176 51.356576
2.242660 35.089547
5.058108 46.351337
3.024729 39.781959
7.717141 66.685123
8.655624 27.894515
2.242660 31.335617
4.588866 44.474372
3.963211 42.597407
2.711902 31.648444
2.242660 25.235481
6.465831 60.584987
10.532589 28.207342
8.968451 74.036570
6.778659 57.143885
2.086247 39.938373
1.773419 26.330377
10.219761 83.890636
2.242660 35.715202
9.437693 28.676583
5.058108 47.915474
16.945552 19.604586
6.622245 60.897815
2.555488 31.961272
9.906934 88.113807
8.655624 111.419455
3.337557 40.407614
2.711902 32.586927
2.086247 36.810098
2.242660 34.933133
2.086247 29.927893
1.929833 34.620306
4.745280 45.256440
4.432453 43.692303
2.242660 30.866376
6.622245 56.518230
2.399074 30.553548
15.381415 22.576447
7.247900 59.177264
4.119625 40.876855
6.935073 58.238781
8.342796 69.500571
6.465831 55.579748
9.906934 27.425273
8.968451 108.760421
8.499210 68.249261
8.655624 110.480972
2.399074 34.776719
4.276039 43.848717
4.588866 44.943613
5.370935 47.446233
10.219761 27.112446
6.935073 29.615066
1.773419 39.469132
8.812038 108.916835
2.711902 37.279339
21.168724 21.950792
5.683763 51.512990
2.086247 43.066648
2.399074 31.804858
2.086247 30.084307
1.929833 24.609826
1.617005 40.720442
3.493970 40.564028
2.086247 39.156304
2.242660 111.263041
8.812038 109.386076
8.655624 108.604007
4.119625 42.284579
2.242660 41.346097
1.929833 23.671343
2.555488 37.592167
1.617005 23.984171
2.242660 36.184443
2.242660 36.653684
4.276039 44.317958
2.242660 43.223062
1.929833 25.079067
2.086247 26.173963
2.242660 25.861136
2.242660 33.056168
1.929833 24.922653
4.276039 44.630785
1.617005 23.514930
1.929833 26.486791
1.929833 38.374236
6.778659 29.771480
3.650384 40.251200
1.773419 24.140585
1.929833 37.904994
1.929833 42.910234
1.617005 24.766240
1.617005 43.379475
1.617005 23.827757
1.617005 38.999891
