15.381415 88.270220
15.694242 37.435753
15.381415 10.532589
15.694242 16.945552
14.130105 26.017550
15.068587 64.495331
14.599346 54.172024
15.850656 12.722381
15.068587 36.184443
15.537829 10.219761
15.381415 35.715202
15.068587 43.223062
14.286519 32.586927
14.912174 66.997951
15.225001 23.202102
15.068587 22.420033
14.599346 24.609826
13.973691 38.217822
14.286519 66.215882
14.599346 21.012310
14.599346 46.038509
15.381415 42.597407
14.755760 84.047049
15.381415 52.607886
3.181143 49.323198
15.225001 86.080428
15.225001 37.122926
15.381415 88.426634
15.537829 8.812038
14.599346 85.611187
14.755760 29.927893
15.225001 29.458652
14.912174 53.702783
14.599346 35.245961
14.599346 67.936433
15.068587 61.367056
15.537829 21.168724
15.850656 15.537829
14.599346 43.535889
14.755760 51.669404
15.068587 67.310778
14.130105 39.312718
15.381415 80.762361
14.755760 8.029969
26.799618 4.276039
14.286519 72.628846
14.912174 34.620306
15.694242 19.917414
15.225001 14.755760
14.442932 70.595467
15.225001 83.734222
15.068587 77.164844
14.755760 25.548308
15.068587 78.103327
14.599346 58.864436
14.912174 67.780020
14.755760 9.594106
14.442932 44.005130
15.381415 14.442932
15.381415 52.920714
14.755760 28.363756
39.625545 1.773419
15.381415 68.405675
15.225001 75.444293
14.286519 32.274099
15.068587 81.075188
3.181143 49.479611
15.068587 62.774780
15.068587 41.346097
14.599346 70.126226
15.225001 23.984171
15.381415 33.994651
14.442932 13.817277
15.068587 9.437693
15.381415 68.249261
14.912174 39.938373
14.599346 7.091486
14.599346 44.474372
15.537829 34.151064
14.599346 23.514930
15.381415 56.361816
15.068587 38.374236
15.225001 88.895875
15.381415 32.743341
15.537829 79.511051
15.381415 18.978931
15.068587 81.544429
15.068587 8.186383
3.181143 35.089547
15.537829 60.115746
14.286519 45.256440
13.973691 6.778659
14.912174 29.302238
3.024729 49.792439
15.225001 47.759060
14.599346 26.173963
15.068587 87.800979
14.599346 73.098087
15.537829 16.632725
15.068587 89.990772
15.225001 89.521530
14.912174 54.641265
15.694242 20.073827
14.912174 31.492031
15.381415 82.013671
14.599346 44.317958
14.755760 44.787199
14.755760 15.225001
15.225001 40.251200
15.068587 39.625545
15.537829 8.342796
15.068587 87.175324
15.068587 90.147185
15.068587 31.961272
15.225001 79.823878
14.755760 84.359877
14.912174 7.873555
15.537829 56.205403
14.755760 60.741401
15.068587 70.908295
14.912174 28.207342
15.068587 23.827757
37.592167 2.868315
14.599346 69.031330
14.130105 14.286519
13.817277 34.776719
15.694242 19.448172
14.599346 30.553548
14.912174 18.509690
15.537829 82.326498
15.381415 76.695603
14.130105 13.660864
26.956032 4.119625
15.068587 41.815338
3.024729 3.806798
15.225001 32.899754
15.225001 84.829118
15.225001 48.384715
15.068587 42.753820
15.068587 73.723742
38.999891 2.555488
15.537829 14.599346
15.381415 82.795739
14.912174 15.850656
34.307478 3.337557
15.225001 40.720442
14.599346 7.247900
15.068587 85.298359
15.537829 22.263620
15.381415 87.331738
14.599346 7.717141
15.381415 52.764300
3.024729 5.840176
15.694242 12.253140
14.912174 53.389955
14.599346 28.989411
15.694242 21.794378
14.912174 82.639326
15.381415 80.918774
15.068587 77.477672
15.225001 88.583048
3.181143 4.588866
14.130105 71.690363
14.755760 6.309418
15.068587 64.808159
14.912174 42.910234
15.068587 59.177264
15.068587 22.107206
15.537829 58.395195
14.755760 23.671343
15.537829 14.130105
14.755760 48.228302
15.225001 89.052289
14.599346 38.687063
15.225001 83.264981
14.755760 65.277400
15.225001 85.924014
15.068587 37.279339
15.381415 31.335617
14.912174 62.305539
15.068587 9.124865
14.130105 33.368996
15.381415 63.556849
14.912174 33.681823
15.068587 35.871616
14.442932 72.941673
15.381415 86.393255
15.381415 89.365117
15.694242 35.402374
14.755760 31.804858
14.442932 71.846777
15.694242 12.409554
15.381415 68.092847
14.755760 24.453412
14.599346 39.781959
15.068587 16.163484
15.068587 26.799618
14.599346 46.976992
13.817277 73.410915
34.776719 3.181143
38.217822 2.242660
15.225001 89.834358
15.068587 29.145825
14.755760 89.208703
15.694242 20.543069
15.381415 60.584987
14.130105 5.996590
14.599346 27.268860
14.912174 84.516290
14.442932 6.465831
1.929833 35.558788
15.068587 76.226362
15.694242 15.694242
14.599346 32.430513
14.912174 36.653684
14.755760 25.235481
14.755760 46.820578
15.537829 19.761000
39.156304 2.086247
15.381415 26.956032
15.068587 41.658924
15.068587 47.446233
14.912174 13.348036
14.755760 51.356576
15.225001 31.648444
14.599346 18.040449
2.242660 49.948853
14.755760 53.077128
15.537829 10.689003
14.442932 69.344157
15.068587 77.321258
15.537829 9.281279
14.599346 51.825818
14.912174 45.100027
15.068587 48.071888
36.966512 3.024729
14.599346 13.973691
14.599346 63.087607
15.381415 18.353276
14.130105 68.874916
15.225001 85.141945
3.024729 15.068587
3.024729 5.370935
14.130105 58.708022
14.912174 69.813398
14.599346 24.296998
2.868315 30.866376
14.755760 59.802919
2.399074 50.887335
15.537829 8.499210
15.537829 17.101966
15.068587 37.904994
15.068587 59.490091
15.537829 19.604586
14.912174 49.166784
39.625545 1.929833
15.225001 26.486791
15.225001 83.421394
15.537829 10.063348
14.912174 58.551609
14.755760 72.472432
15.068587 83.577808
15.694242 20.386655
31.648444 3.650384
15.068587 40.564028
15.068587 89.677944
15.537829 64.026090
15.225001 78.885396
15.225001 52.138645
14.599346 62.461952
15.225001 44.943613
15.381415 21.325137
14.599346 59.959332
15.068587 11.783899
14.912174 78.416154
14.755760 52.451473
2.868315 50.574508
15.850656 57.925954
15.381415 87.488152
14.912174 56.518230
14.912174 84.985532
15.537829 11.158244
14.442932 61.210642
2.868315 4.901694
15.694242 13.191622
38.217822 2.399074
15.537829 77.008431
14.755760 65.120986
15.381415 87.644565
14.599346 69.656985
15.537829 11.940313
2.868315 24.140585
14.599346 45.725682
14.442932 84.672704
14.599346 51.512990
15.381415 87.957393
14.599346 54.015610
14.130105 66.528710
15.225001 52.295059
2.711902 49.636025
15.537829 77.790499
15.381415 16.476311
14.755760 6.622245
15.537829 34.307478
14.912174 47.602647
14.130105 33.056168
14.912174 72.159605
15.068587 16.789139
15.068587 39.469132
14.755760 25.079067
14.912174 28.676583
15.537829 88.739462
14.755760 38.530649
15.850656 11.471071
14.442932 66.059469
14.599346 7.404314
14.912174 65.433814
14.599346 60.272160
15.068587 56.674644
13.660864 6.153004
14.599346 24.766240
15.381415 86.549669
15.068587 86.862497
15.068587 56.831058
14.442932 44.630785
3.337557 5.527349
15.694242 34.463892
14.912174 66.372296
14.442932 46.507750
14.442932 28.520170
14.912174 55.423334
14.912174 29.615066
14.912174 41.502510
15.537829 82.170084
15.537829 79.980292
15.537829 20.855896
14.912174 17.414794
14.130105 48.541129
14.755760 37.592167
14.755760 8.655624
15.537829 11.001830
15.381415 23.045688
2.868315 50.730921
15.537829 18.196862
15.068587 85.454773
15.068587 54.484851
15.068587 61.992711
14.755760 57.300299
14.755760 55.266920
15.068587 28.050928
15.068587 48.853956
15.068587 51.982231
14.912174 9.750520
15.381415 23.358516
14.130105 47.289819
14.599346 54.954093
14.599346 41.033269
3.493970 3.493970
14.442932 46.194923
15.068587 21.637965
13.504450 61.523470
15.068587 10.845416
15.381415 20.230241
15.694242 64.182504
15.537829 32.117686
3.181143 3.963211
15.068587 42.440993
14.755760 45.882095
15.068587 13.035209
14.755760 64.338917
15.068587 11.627485
2.086247 90.460013
14.599346 66.841537
15.068587 18.822517
15.694242 12.096726
2.868315 50.105266
14.755760 53.859196
15.381415 80.605947
14.286519 44.161544
15.225001 78.572568
14.912174 57.143885
15.225001 75.757121
14.599346 17.258380
14.755760 43.848717
14.755760 58.082367
15.068587 68.562088
15.694242 9.906934
14.599346 33.212582
15.068587 22.889275
15.068587 81.388016
3.024729 5.058108
15.068587 30.709962
15.068587 6.935073
15.381415 81.857257
15.225001 21.950792
2.399074 76.539189
15.068587 61.054229
14.755760 83.108567
14.912174 71.221122
14.755760 72.003191
14.755760 22.576447
15.537829 16.007070
15.068587 88.113807
3.493970 26.643205
15.694242 57.769540
15.537829 80.293119
15.225001 62.149125
14.755760 73.254501
15.225001 75.913534
3.650384 5.683763
14.755760 56.987471
15.068587 54.797679
14.755760 53.546369
14.599346 67.623606
15.850656 12.878795
38.687063 2.711902
15.381415 86.706083
15.068587 36.340857
14.912174 63.244021
14.599346 31.179203
14.286519 27.581687
15.225001 65.590227
15.537829 80.136706
13.660864 30.084307
15.068587 79.041809
15.225001 63.400435
15.694242 12.565967
3.337557 5.214521
14.912174 60.897815
14.912174 7.560728
14.755760 55.892575
15.068587 24.922653
14.755760 27.894515
14.286519 40.094787
14.755760 8.968451
14.442932 26.330377
15.068587 10.376175
15.068587 17.571207
14.599346 14.912174
14.755760 78.259741
14.286519 15.381415
15.537829 55.736161
14.755760 60.428574
15.537829 27.112446
14.130105 70.439053
14.912174 79.198223
2.086247 43.066648
15.068587 83.890636
14.599346 74.505811
14.912174 53.233541
15.225001 84.203463
15.537829 21.481551
15.225001 79.354637
14.755760 51.043749
15.381415 18.666104
14.599346 29.771480
14.286519 69.969812
14.599346 25.704722
14.912174 48.697543
14.442932 67.154365
14.755760 72.316018
14.912174 16.319897
14.442932 67.467192
15.068587 41.971752
15.381415 79.667464
2.399074 47.133405
14.599346 27.425273
15.225001 40.876855
15.225001 19.135345
15.537829 20.699482
14.442932 68.718502
14.755760 11.314658
14.912174 73.880156
14.599346 43.379475
3.024729 4.745280
15.225001 65.903055
14.599346 74.662225
14.755760 41.189683
15.537829 82.482912
13.817277 34.933133
14.755760 69.187743
15.068587 61.836297
15.225001 59.020850
14.912174 17.727621
14.599346 82.952153
14.599346 39.156304
14.130105 72.785260
14.912174 64.651745
26.956032 4.432453
13.973691 45.412854
14.755760 63.713262
14.286519 47.915474
14.130105 73.567328
15.537829 61.679884
14.599346 46.351337
14.912174 36.810098
14.755760 56.048989
14.755760 70.282640
14.286519 66.685123
14.755760 45.569268
14.755760 46.664164
14.755760 59.333677
14.755760 51.200163
15.068587 71.064708
15.225001 42.284579
15.537829 63.869676
2.086247 75.287879
2.242660 75.600707
15.068587 55.110506
15.381415 76.069948
15.537829 58.238781
15.381415 76.852017
14.755760 17.884035
15.537829 77.634086
15.537829 80.449533
15.225001 27.738101
15.537829 38.843477
15.537829 33.838237
2.242660 50.261680
1.773419 31.022789
2.711902 36.497271
15.537829 86.236842
15.068587 74.192983
14.912174 76.382776
15.068587 36.966512
14.912174 71.533950
14.912174 74.349397
14.286519 62.618366
14.912174 38.061408
14.912174 37.748581
15.225001 25.861136
13.973691 74.818638
14.599346 28.832997
14.599346 13.504450
14.599346 75.131466
14.912174 49.010370
15.068587 62.931194
15.694242 19.291759
14.442932 74.036570
2.086247 90.772840
14.442932 64.964572
14.912174 81.231602
14.912174 30.397135
2.086247 36.028029
14.912174 81.700843
14.442932 25.391895
14.912174 22.732861
14.755760 30.240721
15.068587 42.128165
14.442932 70.751881
15.381415 77.946913
14.442932 71.377536
14.442932 55.579748
15.381415 78.728982
1.617005 50.418094
14.599346 54.328438
15.225001 87.018910
14.912174 40.407614
2.399074 90.303599
14.755760 69.500571
14.755760 43.692303
14.755760 38.999891
14.912174 59.646505
14.912174 85.767600
14.286519 33.525409
15.068587 57.613126
15.225001 65.746641
2.086247 74.975052
2.086247 90.616427
