35.402374 129.094208
13.817277 52.451473
13.973691 81.388016
14.286519 36.184443
13.660864 52.607886
14.286519 78.416154
5.370935 111.106627
39.312718 89.052289
21.637965 120.804279
14.286519 51.669404
27.894515 124.558209
12.722381 85.141945
14.442932 76.069948
14.442932 76.226362
13.348036 11.001830
13.817277 56.205403
38.999891 94.839598
13.348036 54.015610
23.358516 121.899176
13.504450 82.170084
2.868315 13.817277
17.884035 118.301660
13.504450 59.802919
13.348036 38.999891
13.348036 43.379475
13.348036 63.400435
14.599346 69.187743
14.286519 72.941673
13.504450 67.780020
14.599346 69.969812
13.348036 28.363756
40.251200 132.222483
13.035209 84.985532
14.130105 68.249261
13.973691 43.066648
13.660864 24.609826
5.058108 110.793800
14.442932 70.595467
25.704722 123.306899
38.687063 93.119047
13.504450 55.736161
13.817277 26.017550
13.035209 35.558788
6.153004 108.291180
14.286519 35.715202
14.130105 18.822517
38.999891 131.596828
13.817277 62.461952
13.660864 15.068587
38.843477 88.426634
24.140585 122.212003
14.755760 68.092847
40.407614 132.378897
14.286519 62.931194
39.625545 89.990772
13.660864 27.425273
13.817277 73.254501
14.286519 47.602647
14.130105 42.910234
14.442932 57.143885
13.348036 4.276039
13.504450 31.022789
39.781959 131.909655
12.878795 12.565967
14.599346 56.831058
35.715202 129.563449
14.286519 48.853956
14.755760 74.662225
13.660864 40.720442
14.286519 74.818638
13.191622 84.516290
31.648444 87.800979
7.560728 112.827178
13.035209 79.980292
13.660864 80.605947
14.130105 27.894515
14.286519 78.259741
13.035209 84.359877
13.817277 64.182504
3.493970 96.403735
29.145825 125.340278
14.286519 44.161544
14.442932 72.472432
39.625545 92.180564
22.576447 86.549669
14.442932 78.103327
14.442932 77.634086
13.348036 47.133405
14.286519 29.302238
14.286519 61.679884
14.755760 70.751881
13.660864 23.202102
14.442932 37.435753
13.660864 8.655624
14.286519 81.231602
13.348036 30.709962
14.286519 50.730921
12.878795 10.532589
13.660864 38.843477
13.973691 10.063348
12.565967 83.264981
16.319897 117.519591
14.442932 59.020850
14.130105 71.377536
14.442932 78.728982
39.469132 88.895875
37.592167 130.501932
14.286519 77.946913
14.130105 27.738101
14.286519 39.469132
12.878795 84.672704
14.442932 81.700843
3.650384 95.934494
13.660864 7.560728
13.660864 64.026090
14.286519 80.136706
14.286519 80.293119
39.312718 90.616427
30.709962 87.644565
13.817277 45.882095
14.130105 60.115746
14.286519 29.615066
14.442932 55.423334
14.286519 54.954093
13.660864 78.572568
14.442932 51.043749
13.504450 22.263620
13.504450 34.933133
38.999891 93.588288
13.973691 40.564028
14.442932 77.790499
13.817277 116.268281
14.442932 64.338917
13.348036 82.952153
38.217822 131.284000
13.660864 42.128165
13.660864 67.936433
29.771480 125.809519
13.817277 41.502510
13.817277 85.924014
13.660864 31.648444
12.565967 38.217822
14.599346 58.238781
13.660864 21.325137
13.660864 9.437693
14.755760 68.874916
13.660864 56.048989
13.348036 21.481551
13.973691 45.725682
13.660864 7.247900
13.973691 59.646505
13.817277 79.667464
14.599346 65.590227
13.817277 12.878795
13.348036 10.689003
13.660864 39.625545
39.312718 88.739462
18.978931 119.396556
13.660864 53.702783
34.776719 128.781381
14.286519 81.857257
13.660864 52.920714
14.130105 31.492031
14.442932 77.321258
25.391895 86.862497
14.442932 63.244021
13.817277 77.477672
23.827757 122.055589
13.504450 42.597407
14.286519 54.328438
32.899754 127.842898
13.973691 44.630785
13.504450 21.637965
39.156304 94.370356
13.660864 4.588866
19.291759 119.552970
13.348036 49.948853
14.755760 75.757121
14.442932 55.579748
13.660864 6.778659
38.217822 130.971173
14.286519 31.804858
13.504450 35.089547
14.130105 60.897815
31.648444 127.060829
18.040449 86.080428
14.442932 77.164844
13.660864 53.233541
13.504450 52.764300
12.878795 25.235481
14.130105 36.497271
13.191622 22.889275
13.504450 65.120986
14.599346 65.746641
38.687063 95.465253
12.722381 115.486212
14.599346 77.008431
13.191622 38.374236
13.191622 83.734222
14.599346 54.797679
13.817277 9.594106
39.312718 94.213943
14.442932 50.887335
14.599346 76.695603
13.660864 33.994651
13.973691 60.428574
14.286519 68.718502
13.660864 59.959332
14.912174 74.505811
40.407614 132.066069
14.130105 42.753820
14.599346 52.295059
14.599346 72.316018
13.973691 41.815338
17.258380 117.988832
35.245961 128.937794
14.599346 57.613126
36.810098 130.032690
13.660864 41.346097
13.504450 30.866376
31.022789 126.591588
14.286519 41.658924
19.291759 119.709383
13.660864 61.836297
14.286519 44.943613
14.286519 73.880156
14.599346 58.082367
13.817277 26.799618
13.191622 41.033269
14.442932 73.567328
14.599346 62.618366
13.348036 15.850656
13.035209 68.405675
1.773419 107.821939
14.442932 39.312718
14.442932 76.539189
29.615066 125.496692
31.179203 126.904416
13.973691 7.717141
38.999891 95.152425
13.817277 17.258380
14.599346 72.003191
13.504450 47.446233
20.699482 120.178624
1.773419 106.727042
14.599346 75.444293
14.599346 66.059469
18.196862 118.927315
14.442932 63.869676
33.838237 128.312139
39.625545 89.208703
39.469132 89.834358
7.247900 112.045110
13.191622 26.643205
13.973691 14.755760
3.181143 97.029390
14.130105 67.467192
14.442932 79.198223
12.878795 85.298359
24.140585 122.368417
15.381415 117.050350
1.773419 22.107206
13.817277 9.281279
13.348036 41.971752
13.504450 50.105266
13.035209 21.168724
28.520170 125.027451
38.217822 131.440414
14.599346 71.533950
28.050928 124.714623
13.817277 54.172024
38.843477 95.308839
29.302238 87.488152
14.286519 33.681823
14.755760 74.349397
13.660864 22.576447
13.191622 17.414794
14.130105 55.110506
38.374236 88.270220
13.660864 29.927893
14.599346 51.825818
13.973691 11.471071
13.817277 40.876855
38.843477 93.431874
39.156304 93.275460
13.504450 24.453412
14.130105 16.476311
13.817277 12.722381
14.286519 39.938373
14.286519 66.528710
14.442932 82.013671
14.286519 43.535889
6.309418 108.760421
13.817277 49.323198
13.660864 61.367056
5.058108 108.916835
34.776719 128.624967
24.922653 122.837658
38.217822 94.057529
13.973691 15.225001
14.286519 66.841537
14.286519 46.820578
13.191622 61.054229
35.558788 129.250622
13.817277 5.370935
17.258380 118.145246
14.130105 72.785260
14.130105 37.279339
39.469132 90.460013
13.035209 33.368996
13.191622 115.799040
13.504450 23.984171
13.348036 49.792439
39.625545 91.085668
14.286519 56.987471
13.817277 8.968451
20.386655 86.393255
13.035209 34.776719
14.286519 69.500571
33.212582 128.468553
21.168724 120.335038
24.766240 86.706083
14.286519 45.256440
36.966512 88.113807
18.040449 118.458073
13.817277 25.704722
13.191622 3.493970
13.660864 41.189683
13.504450 27.112446
14.442932 56.674644
13.660864 66.372296
37.592167 130.345518
13.035209 115.329798
13.504450 22.732861
13.504450 32.274099
14.599346 66.215882
13.504450 19.291759
14.286519 50.574508
13.973691 40.251200
14.442932 71.846777
13.817277 9.750520
13.973691 43.848717
14.130105 82.639326
29.771480 125.653106
13.660864 79.354637
6.935073 111.888696
14.130105 53.389955
14.442932 37.122926
39.469132 92.493392
13.504450 32.586927
13.191622 58.395195
14.442932 76.852017
22.576447 121.117107
14.130105 28.832997
14.599346 71.064708
13.660864 32.430513
13.660864 21.950792
13.973691 13.973691
14.130105 47.915474
5.527349 111.263041
30.397135 126.435174
36.184443 129.876277
39.625545 91.242082
39.469132 89.521530
38.530649 90.303599
13.817277 8.499210
14.286519 65.433814
13.660864 43.223062
13.660864 34.463892
13.660864 55.266920
13.973691 18.196862
14.130105 61.210642
13.660864 79.041809
13.504450 12.253140
25.704722 123.463313
14.286519 42.440993
13.504450 47.759060
14.442932 57.925954
14.599346 65.903055
13.817277 49.636025
13.348036 18.666104
3.337557 96.560149
13.817277 83.108567
13.660864 60.741401
30.240721 126.122347
13.660864 47.289819
38.687063 131.753242
14.286519 67.154365
14.442932 70.126226
14.286519 73.723742
14.442932 36.653684
20.073827 119.865797
12.096726 85.454773
13.973691 82.795739
13.660864 60.272160
13.504450 3.963211
14.599346 64.651745
39.625545 89.677944
14.442932 67.623606
38.999891 93.901115
14.442932 73.410915
39.781959 91.867737
13.660864 49.479611
2.399074 108.134766
14.286519 71.221122
13.035209 25.861136
13.817277 5.683763
14.130105 80.449533
13.817277 19.761000
7.560728 112.670765
14.130105 116.111867
14.599346 69.344157
14.755760 75.287879
17.884035 118.614487
14.442932 75.913534
14.442932 45.412854
24.140585 122.524831
3.963211 110.168145
13.817277 81.075188
39.156304 92.962633
13.504450 58.864436
13.660864 15.694242
14.286519 35.871616
14.442932 48.228302
13.973691 59.490091
13.817277 48.384715
14.442932 74.192983
32.586927 127.530071
14.130105 20.230241
23.045688 121.586348
13.035209 20.543069
13.817277 63.556849
27.112446 124.401796
14.286519 24.296998
36.028029 129.719863
14.442932 36.028029
13.191622 53.859196
14.442932 79.823878
38.843477 92.806219
14.130105 18.978931
38.530649 90.147185
14.286519 57.300299
14.286519 48.541129
13.191622 115.955453
37.279339 130.189104
39.625545 90.772840
13.660864 14.130105
6.309418 109.229662
14.286519 46.038509
1.929833 2.868315
14.599346 76.382776
14.599346 81.544429
11.940313 27.581687
13.817277 5.214521
13.035209 115.642626
13.660864 28.050928
4.276039 109.542490
13.973691 20.073827
31.961272 87.957393
16.007070 117.206763
1.773419 2.555488
13.660864 24.922653
13.817277 38.061408
13.660864 44.787199
8.186383 112.983592
13.973691 58.708022
28.207342 124.871037
14.442932 44.005130
21.794378 120.960693
13.817277 7.404314
14.599346 72.628846
21.481551 120.647866
14.599346 116.424695
14.442932 64.964572
11.314658 114.860557
14.599346 74.036570
13.817277 27.268860
13.348036 16.789139
13.660864 45.569268
14.286519 51.512990
39.938373 90.929254
25.704722 87.018910
13.348036 34.151064
13.348036 80.918774
13.817277 6.309418
13.660864 13.504450
13.348036 82.482912
14.286519 62.149125
38.530649 95.621666
14.442932 61.523470
14.599346 69.656985
14.442932 65.277400
13.973691 8.812038
14.286519 62.774780
14.442932 57.769540
13.504450 23.358516
30.240721 125.965933
14.599346 57.456712
20.073827 120.022211
5.840176 109.386076
18.666104 119.083728
14.286519 56.518230
13.504450 59.333677
5.840176 108.447594
13.660864 60.584987
14.755760 69.031330
14.442932 80.762361
37.748581 88.583048
13.817277 37.592167
13.504450 10.219761
14.599346 61.992711
14.286519 17.727621
12.878795 12.409554
12.722381 35.245961
13.973691 16.632725
13.504450 78.885396
24.766240 122.681244
14.286519 74.975052
13.973691 5.996590
30.866376 126.748002
13.660864 84.047049
12.096726 115.016971
23.358516 121.742762
13.817277 5.840176
39.625545 92.649805
1.773419 113.140006
14.442932 68.562088
14.286519 28.676583
13.817277 4.901694
13.817277 6.153004
15.850656 117.363177
12.409554 115.173385
13.817277 13.348036
14.755760 71.690363
14.130105 82.326498
38.999891 94.683184
13.348036 24.140585
35.089547 129.407035
13.504450 33.838237
3.650384 96.716563
14.286519 72.159605
13.973691 34.307478
13.504450 22.420033
25.391895 123.150486
39.469132 91.554909
13.817277 17.101966
13.348036 20.855896
14.130105 33.212582
32.743341 127.686484
14.599346 70.908295
13.817277 8.029969
12.878795 13.191622
13.504450 21.794378
12.722381 16.007070
14.286519 28.520170
13.660864 30.553548
14.286519 66.685123
14.130105 33.525409
14.286519 73.098087
13.973691 67.310778
13.348036 83.577808
14.130105 40.407614
13.348036 6.935073
13.973691 6.465831
13.348036 46.664164
14.130105 9.906934
13.817277 14.912174
14.130105 11.314658
14.130105 48.071888
13.660864 32.743341
13.191622 84.203463
3.650384 96.872976
5.527349 110.950214
32.117686 127.373657
7.717141 112.357937
13.817277 64.808159
2.711902 97.498631
5.214521 110.637386
14.286519 19.135345
13.660864 16.945552
13.035209 20.699482
13.191622 7.873555
13.660864 5.058108
14.286519 46.351337
2.711902 97.342218
2.399074 23.671343
4.276039 109.698904
14.286519 18.353276
14.599346 54.484851
13.504450 85.767600
12.878795 42.284579
13.504450 38.687063
14.912174 116.581108
14.442932 75.600707
26.017550 123.619727
6.622245 111.732282
14.442932 70.282640
37.748581 130.814759
14.755760 75.131466
14.286519 52.138645
13.817277 59.177264
27.738101 87.175324
12.878795 38.530649
14.442932 39.781959
7.873555 112.514351
13.817277 66.997951
39.781959 89.365117
13.973691 17.884035
13.191622 3.181143
14.286519 32.117686
12.565967 23.045688
14.442932 51.356576
19.135345 119.240142
13.191622 30.240721
31.492031 127.217243
29.927893 87.331738
13.504450 25.391895
12.878795 20.386655
14.286519 69.813398
13.973691 10.376175
26.643205 123.932554
13.348036 4.119625
13.504450 30.084307
13.817277 37.904994
38.999891 93.744701
13.973691 9.124865
13.191622 3.337557
13.817277 26.330377
18.196862 118.770901
13.660864 15.537829
13.504450 14.286519
13.348036 83.421394
13.817277 62.305539
26.799618 124.088968
13.973691 11.783899
28.676583 125.183864
13.817277 29.458652
12.878795 23.514930
14.442932 55.892575
13.504450 79.511051
13.504450 63.087607
13.817277 13.660864
13.973691 43.692303
14.442932 44.317958
4.745280 110.324559
13.660864 46.976992
13.817277 31.335617
14.130105 39.156304
14.130105 17.571207
39.469132 92.024150
13.660864 25.079067
13.817277 45.100027
14.599346 70.439053
14.442932 64.495331
22.576447 121.273521
12.722381 24.766240
12.878795 23.827757
13.660864 56.361816
17.101966 117.832418
14.599346 116.737522
13.660864 32.899754
13.973691 6.622245
4.432453 109.855317
16.319897 117.676005
13.660864 49.166784
13.348036 46.194923
13.348036 3.806798
2.086247 97.655045
14.130105 29.145825
14.130105 14.442932
3.181143 95.778080
14.442932 40.094787
14.130105 28.989411
13.504450 7.091486
39.156304 94.526770
5.370935 111.419455
26.643205 123.776141
14.286519 50.418094
13.348036 44.474372
13.817277 83.890636
14.286519 49.010370
39.625545 91.711323
6.778659 111.575868
25.548308 122.994072
33.212582 127.999312
13.035209 30.397135
19.917414 86.236842
14.286519 18.509690
14.286519 51.200163
33.525409 128.155726
12.878795 11.940313
13.504450 11.158244
39.156304 94.996011
2.868315 21.012310
13.660864 4.745280
6.465831 108.604007
13.660864 5.527349
14.286519 14.599346
13.504450 53.546369
13.660864 35.402374
13.973691 46.507750
14.130105 26.486791
13.817277 37.748581
13.504450 26.956032
21.481551 120.491452
40.094787 91.398495
13.973691 13.035209
37.904994 130.658345
14.442932 36.810098
12.722381 15.381415
13.660864 53.077128
13.817277 12.096726
6.778659 112.201523
38.374236 131.127587
13.348036 36.966512
1.773419 107.665525
14.442932 50.261680
5.683763 109.073249
13.973691 26.173963
13.504450 29.771480
30.709962 126.278761
27.112446 124.245382
14.442932 63.713262
14.130105 36.340857
13.660864 25.548308
2.086247 2.711902
13.973691 19.917414
14.755760 54.641265
12.878795 33.056168
39.625545 92.336978
13.035209 84.829118
13.035209 19.448172
13.191622 8.186383
13.817277 58.551609
13.191622 31.961272
15.225001 116.893936
14.442932 51.982231
22.576447 121.429934
13.973691 11.627485
3.337557 96.247321
14.286519 34.620306
14.286519 48.697543
13.035209 10.845416
4.745280 110.480972
3.650384 96.090908
13.191622 8.342796
4.588866 110.011731
13.817277 28.207342
3.024729 97.185804
13.191622 85.611187
13.817277 19.604586
14.286519 31.179203
14.130105 16.163484
13.191622 18.040449
2.242660 107.978352
1.617005 106.414215
1.929833 106.257801
13.035209 3.650384
13.348036 4.432453
1.773419 113.296420
14.130105 16.319897
1.617005 106.101387
1.617005 106.883456
