2.868315 110.168145
3.024729 122.994072
2.868315 130.501932
2.711902 123.619727
2.711902 107.039870
2.868315 126.904416
2.868315 116.268281
3.181143 114.860557
2.868315 112.983592
2.555488 118.770901
2.868315 115.955453
2.868315 111.575868
3.181143 127.530071
3.024729 115.173385
2.868315 128.312139
3.024729 126.748002
3.024729 117.988832
2.868315 129.407035
2.711902 115.642626
2.868315 108.760421
3.337557 120.960693
2.711902 107.978352
3.024729 117.832418
2.711902 114.547730
2.711902 121.429934
3.181143 127.842898
3.181143 116.737522
3.337557 120.335038
3.024729 109.386076
2.868315 126.122347
2.242660 114.078488
2.868315 117.363177
2.711902 116.893936
2.711902 124.871037
2.868315 123.463313
3.024729 119.865797
3.024729 107.821939
3.024729 119.396556
3.024729 129.876277
3.024729 124.245382
3.024729 113.296420
3.024729 107.196284
3.024729 112.357937
3.024729 116.111867
2.555488 115.016971
2.868315 128.468553
2.711902 118.614487
3.024729 116.424695
2.711902 127.373657
3.024729 121.117107
2.868315 120.647866
3.181143 124.558209
3.181143 124.714623
3.181143 129.250622
2.711902 115.799040
2.868315 111.419455
2.399074 108.916835
3.181143 120.491452
3.181143 112.045110
3.024729 114.704143
3.181143 110.637386
3.181143 119.709383
3.181143 130.189104
3.024729 121.586348
3.181143 121.273521
3.024729 120.178624
2.868315 119.240142
3.337557 107.352697
3.181143 130.345518
2.868315 126.278761
2.868315 111.106627
2.868315 115.486212
2.242660 109.073249
2.868315 122.212003
2.868315 108.291180
3.024729 110.793800
3.024729 117.676005
3.024729 123.150486
2.555488 117.050350
2.868315 125.965933
3.024729 119.552970
2.868315 107.509111
2.711902 128.937794
2.555488 106.883456
3.181143 112.670765
3.024729 127.686484
2.868315 113.765661
2.868315 118.301660
2.868315 126.435174
2.868315 111.263041
3.024729 120.804279
2.868315 109.229662
3.024729 125.027451
2.711902 108.447594
3.337557 111.732282
2.711902 125.653106
2.711902 125.809519
2.242660 106.727042
2.868315 121.899176
2.868315 127.217243
3.024729 113.609247
3.024729 126.591588
2.555488 128.155726
3.181143 130.032690
2.868315 110.011731
2.868315 118.927315
3.024729 118.458073
2.711902 128.624967
3.024729 109.855317
2.711902 125.496692
2.868315 112.514351
3.181143 108.134766
2.555488 125.340278
2.868315 117.519591
3.024729 122.055589
3.024729 127.999312
3.024729 113.922075
2.711902 124.088968
3.024729 129.094208
2.868315 122.681244
2.868315 125.183864
2.555488 114.234902
3.181143 120.022211
2.868315 116.581108
2.868315 118.145246
3.337557 129.719863
2.711902 129.563449
3.024729 122.368417
2.868315 122.524831
3.024729 121.742762
3.024729 127.060829
3.024729 113.452833
2.711902 112.827178
2.868315 112.201523
2.868315 110.324559
3.337557 111.888696
2.868315 128.781381
3.024729 109.542490
3.024729 107.665525
2.711902 119.083728
2.868315 124.401796
2.868315 117.206763
2.868315 123.306899
2.868315 108.604007
2.555488 110.480972
2.711902 113.140006
2.399074 123.776141
3.024729 122.837658
2.399074 110.950214
2.399074 109.698904
2.711902 114.391316
2.399074 123.932554
2.399074 115.329798
