35.245961 129.094208
14.599346 52.451473
14.755760 67.154365
14.286519 36.184443
14.286519 78.416154
38.061408 89.052289
21.637965 120.804279
14.130105 51.669404
14.755760 66.528710
27.738101 124.558209
13.660864 29.458652
13.973691 50.261680
14.599346 64.182504
14.755760 64.964572
39.469132 94.683184
14.755760 61.992711
14.755760 76.226362
13.504450 9.281279
15.068587 74.036570
14.755760 82.013671
13.817277 23.514930
14.286519 41.815338
14.599346 82.170084
14.599346 53.859196
39.469132 94.839598
13.817277 16.789139
14.130105 29.145825
13.660864 10.689003
23.202102 121.899176
14.130105 39.625545
14.130105 30.866376
14.912174 56.674644
3.024729 86.549669
28.676583 125.027451
14.599346 38.999891
14.286519 73.723742
14.599346 36.653684
14.442932 43.379475
14.599346 63.400435
14.755760 69.187743
14.130105 51.512990
15.068587 66.841537
15.068587 66.997951
13.817277 28.363756
39.938373 132.222483
13.660864 26.799618
14.442932 41.033269
14.912174 72.159605
12.409554 85.454773
13.973691 34.151064
14.599346 68.249261
14.912174 71.377536
14.755760 55.110506
18.353276 118.927315
13.660864 26.330377
14.442932 50.418094
14.286519 39.312718
13.504450 15.850656
5.527349 110.793800
14.599346 78.885396
14.599346 60.272160
14.286519 46.664164
14.912174 74.975052
14.755760 57.925954
14.286519 29.927893
14.912174 55.736161
38.999891 131.440414
2.086247 114.391316
13.817277 26.017550
14.442932 35.558788
14.442932 82.482912
13.973691 35.715202
5.527349 108.291180
14.442932 82.639326
38.999891 131.596828
39.625545 95.152425
14.442932 62.461952
14.286519 68.092847
38.999891 89.990772
14.442932 82.326498
38.999891 93.901115
13.973691 47.602647
14.599346 73.410915
14.912174 71.690363
14.442932 57.143885
14.130105 49.479611
13.660864 84.047049
14.442932 52.764300
12.409554 5.214521
13.660864 25.235481
13.817277 31.022789
14.442932 51.043749
39.469132 131.909655
15.068587 71.221122
14.755760 69.031330
14.755760 56.831058
14.912174 65.120986
14.755760 76.852017
14.755760 65.746641
35.715202 129.563449
14.130105 48.853956
14.755760 74.662225
14.130105 28.989411
39.156304 96.090908
8.499210 112.827178
13.973691 33.994651
13.035209 8.029969
13.660864 8.812038
14.755760 80.449533
13.973691 20.073827
14.599346 79.980292
38.687063 93.275460
13.973691 41.502510
13.973691 27.894515
15.068587 74.505811
13.817277 84.359877
29.145825 125.340278
14.442932 72.316018
14.755760 72.472432
14.130105 41.971752
14.442932 56.205403
14.130105 42.753820
14.755760 77.634086
13.504450 21.794378
14.286519 47.133405
14.442932 61.367056
2.555488 108.916835
15.068587 65.590227
18.196862 118.614487
38.999891 93.119047
14.912174 75.913534
34.776719 128.624967
14.599346 61.836297
13.191622 10.845416
39.625545 94.057529
40.564028 132.378897
13.817277 15.225001
14.755760 81.075188
13.660864 18.196862
15.225001 69.969812
14.442932 50.730921
14.755760 57.300299
14.599346 38.061408
13.348036 10.532589
13.973691 30.553548
15.068587 58.864436
13.973691 30.084307
16.476311 117.519591
13.660864 17.884035
38.843477 92.336978
23.045688 87.018910
38.530649 91.554909
13.660864 22.420033
14.599346 48.228302
14.912174 59.490091
15.068587 74.192983
14.912174 68.405675
37.435753 130.501932
14.286519 44.474372
14.912174 72.785260
14.130105 51.825818
14.599346 81.700843
39.312718 95.934494
14.912174 64.026090
13.504450 5.996590
14.912174 65.903055
15.381415 75.444293
14.755760 80.293119
39.156304 90.616427
14.130105 38.687063
13.973691 42.910234
15.225001 75.600707
13.817277 22.263620
14.599346 36.497271
13.660864 34.776719
13.973691 34.933133
34.151064 128.468553
14.599346 40.564028
39.625545 95.308839
14.599346 77.790499
13.817277 116.268281
14.442932 64.338917
14.286519 78.572568
13.817277 82.952153
11.314658 85.298359
15.068587 70.908295
29.615066 125.809519
3.963211 109.542490
13.348036 16.163484
13.817277 37.592167
14.442932 38.217822
17.414794 118.458073
13.191622 43.535889
13.504450 10.219761
13.817277 21.481551
14.442932 49.166784
13.035209 3.493970
14.130105 50.105266
13.504450 12.878795
14.130105 41.189683
13.348036 27.112446
14.599346 66.372296
15.068587 71.533950
14.599346 81.231602
14.755760 77.321258
14.286519 48.541129
14.286519 46.820578
14.442932 61.054229
14.599346 77.477672
23.202102 122.055589
14.286519 46.976992
14.286519 116.581108
14.599346 54.172024
13.973691 79.041809
14.130105 52.138645
33.056168 127.842898
15.225001 70.439053
13.660864 35.871616
39.625545 94.370356
15.068587 70.595467
30.240721 126.122347
14.442932 77.946913
14.286519 49.948853
1.773419 2.399074
12.722381 28.207342
14.442932 75.757121
14.442932 43.848717
14.286519 55.579748
14.599346 64.495331
12.878795 2.868315
13.973691 31.804858
13.660864 17.258380
14.599346 86.393255
14.599346 79.354637
31.492031 127.060829
13.035209 20.855896
14.130105 47.446233
13.817277 48.071888
14.755760 76.382776
13.348036 86.080428
14.599346 62.931194
14.442932 43.692303
14.599346 69.500571
14.912174 81.544429
13.973691 24.453412
14.755760 53.389955
38.687063 92.493392
14.442932 58.395195
13.973691 33.212582
14.599346 67.310778
38.843477 97.029390
14.599346 67.467192
39.781959 95.465253
12.722381 11.783899
14.912174 77.008431
13.035209 12.565967
14.599346 40.720442
14.130105 49.010370
14.599346 60.741401
14.286519 45.100027
14.755760 56.361816
14.130105 28.832997
14.286519 45.256440
13.660864 9.594106
14.286519 35.402374
13.817277 21.950792
13.660864 84.516290
5.840176 111.106627
14.442932 50.887335
14.442932 60.428574
14.912174 59.959332
36.028029 129.876277
39.156304 91.242082
13.660864 11.001830
40.251200 132.066069
12.565967 84.203463
14.442932 44.161544
38.999891 89.521530
13.817277 52.295059
14.130105 78.103327
14.599346 69.344157
35.245961 128.937794
14.755760 41.346097
14.130105 37.435753
31.022789 126.591588
14.130105 35.245961
14.755760 55.266920
19.917414 119.709383
14.442932 72.941673
13.660864 14.286519
13.191622 14.442932
15.225001 73.880156
21.481551 86.862497
13.660864 12.253140
13.348036 83.421394
14.755760 62.618366
14.286519 74.349397
14.599346 78.728982
14.130105 42.440993
35.558788 88.583048
39.625545 94.213943
14.599346 62.305539
14.912174 76.539189
14.130105 46.194923
39.156304 96.403735
14.286519 64.651745
14.599346 53.546369
39.156304 89.834358
14.130105 51.356576
14.912174 72.003191
14.130105 35.089547
14.599346 60.897815
14.599346 49.792439
20.699482 120.178624
14.912174 77.164844
14.130105 29.615066
14.442932 49.636025
15.068587 66.059469
21.168724 120.960693
13.504450 27.425273
14.755760 63.869676
34.151064 128.312139
38.374236 89.208703
13.660864 22.889275
14.599346 63.713262
13.973691 26.643205
12.409554 16.319897
1.773419 2.242660
14.286519 63.556849
13.973691 47.289819
14.755760 73.098087
39.625545 131.753242
38.999891 89.365117
15.068587 65.277400
14.755760 81.388016
14.755760 76.695603
14.599346 47.915474
14.442932 58.238781
13.973691 45.725682
14.599346 79.667464
13.660864 13.817277
14.286519 59.646505
17.101966 118.301660
14.286519 40.407614
14.130105 79.511051
14.442932 37.904994
13.660864 33.681823
14.442932 43.066648
13.660864 34.307478
13.817277 17.414794
14.599346 80.918774
13.817277 13.660864
14.130105 82.795739
13.660864 9.750520
14.286519 37.279339
13.035209 18.822517
13.660864 15.068587
22.889275 122.212003
14.912174 67.623606
15.068587 73.254501
28.050928 124.714623
13.348036 83.890636
13.817277 23.671343
14.442932 79.198223
13.660864 12.722381
14.755760 69.656985
13.504450 5.683763
19.917414 86.706083
14.755760 80.605947
14.442932 78.259741
14.912174 62.774780
14.755760 57.769540
38.374236 130.971173
39.156304 96.872976
6.309418 108.760421
14.755760 68.562088
13.660864 116.111867
15.225001 70.282640
14.286519 43.223062
14.286519 54.484851
13.817277 26.956032
13.973691 29.302238
14.755760 57.613126
39.469132 96.247321
14.286519 45.412854
15.225001 70.751881
24.922653 122.837658
13.348036 8.655624
14.599346 52.920714
13.348036 16.007070
39.156304 92.962633
14.442932 38.843477
17.571207 118.145246
13.973691 47.759060
39.312718 90.460013
32.274099 127.530071
14.442932 59.333677
14.442932 80.136706
13.348036 115.799040
13.973691 23.984171
5.996590 108.447594
13.973691 45.882095
13.348036 8.968451
14.442932 60.115746
14.599346 54.954093
14.755760 60.584987
14.442932 37.122926
21.168724 120.335038
13.817277 20.543069
14.286519 42.128165
14.442932 67.936433
35.245961 129.250622
13.504450 9.437693
14.286519 36.028029
14.912174 56.048989
14.599346 68.874916
13.973691 25.704722
13.817277 17.727621
13.973691 33.838237
18.822517 119.396556
34.463892 128.781381
14.755760 81.857257
15.068587 67.780020
13.817277 31.492031
12.565967 115.329798
13.660864 22.732861
14.599346 63.244021
13.973691 32.274099
12.722381 26.173963
14.599346 54.328438
15.225001 75.131466
14.442932 46.351337
14.130105 44.630785
39.312718 90.772840
14.755760 66.685123
12.878795 4.588866
14.442932 40.251200
14.286519 46.038509
15.068587 71.846777
13.504450 15.537829
26.956032 124.088968
14.599346 59.177264
39.156304 96.560149
13.973691 32.586927
12.878795 115.486212
13.817277 24.296998
14.755760 38.530649
13.817277 25.079067
12.878795 5.840176
15.225001 71.064708
13.973691 32.430513
13.504450 13.973691
13.817277 22.107206
16.945552 117.676005
14.442932 76.069948
14.286519 48.697543
2.399074 98.593528
17.414794 117.988832
39.156304 90.303599
14.286519 49.323198
36.497271 130.032690
13.348036 8.499210
14.442932 45.569268
14.599346 57.456712
13.348036 6.935073
14.442932 41.658924
13.973691 25.391895
12.565967 2.555488
13.817277 44.943613
14.442932 32.899754
14.755760 61.210642
13.035209 4.901694
13.660864 30.709962
13.504450 83.264981
25.861136 123.463313
2.399074 107.821939
29.615066 125.496692
13.973691 48.384715
31.335617 126.904416
28.520170 124.871037
14.442932 56.518230
14.599346 44.005130
13.504450 19.135345
14.442932 40.876855
13.348036 18.666104
12.409554 16.476311
23.358516 87.175324
11.940313 30.240721
14.130105 85.924014
13.817277 37.748581
14.912174 70.126226
13.660864 27.268860
14.442932 53.077128
14.912174 54.015610
14.286519 50.574508
25.548308 123.306899
12.878795 3.963211
13.504450 7.717141
13.973691 23.827757
29.615066 125.653106
38.843477 93.431874
14.599346 62.149125
13.817277 83.108567
39.156304 91.867737
39.156304 95.621666
14.442932 38.374236
14.286519 80.762361
13.035209 18.353276
14.755760 74.818638
13.660864 39.938373
15.225001 75.287879
14.599346 61.679884
14.130105 34.463892
14.912174 58.082367
14.130105 44.787199
14.130105 59.020850
13.660864 18.040449
15.225001 73.567328
14.912174 66.215882
14.599346 36.966512
14.286519 56.987471
13.660864 20.230241
22.889275 121.586348
38.999891 93.588288
37.122926 130.345518
39.156304 92.806219
27.425273 124.401796
38.843477 131.284000
13.504450 17.571207
14.130105 79.823878
33.681823 88.739462
14.442932 59.802919
13.817277 20.386655
12.409554 18.978931
13.504450 16.632725
38.999891 90.147185
19.604586 119.552970
13.660864 13.504450
13.817277 17.101966
13.660864 14.912174
31.179203 126.748002
14.442932 61.523470
12.878795 115.642626
13.973691 36.810098
12.565967 83.734222
14.599346 54.797679
11.940313 85.611187
14.130105 53.702783
15.068587 65.433814
12.722381 85.767600
14.912174 55.892575
14.755760 64.808159
13.660864 14.130105
14.599346 63.087607
12.565967 15.694242
22.576447 121.117107
13.035209 84.672704
11.940313 84.829118
12.565967 13.348036
14.912174 69.813398
13.817277 16.945552
13.504450 20.699482
26.956032 87.488152
14.599346 58.551609
13.973691 24.140585
14.599346 72.628846
14.912174 117.050350
21.168724 120.647866
12.565967 85.141945
14.286519 116.424695
11.783899 114.860557
14.130105 19.761000
35.558788 129.407035
13.660864 12.409554
13.191622 83.577808
12.722381 84.985532
13.817277 24.609826
14.130105 29.771480
3.337557 97.342218
14.755760 53.233541
5.840176 108.134766
13.660864 25.861136
14.755760 68.718502
1.773419 113.140006
31.804858 127.217243
14.130105 23.358516
38.999891 95.778080
38.999891 93.744701
13.817277 27.738101
13.973691 33.525409
14.286519 39.156304
13.035209 7.404314
36.184443 129.719863
14.130105 52.607886
13.504450 21.325137
24.766240 122.681244
14.130105 86.236842
3.493970 88.270220
13.817277 27.581687
13.973691 32.743341
5.527349 111.263041
30.553548 126.435174
13.973691 19.604586
3.024729 98.124286
14.912174 58.708022
12.409554 115.173385
7.091486 111.888696
13.348036 7.873555
28.989411 125.183864
15.694242 117.206763
39.156304 96.716563
12.096726 28.520170
13.504450 19.291759
13.504450 11.471071
32.899754 127.686484
13.817277 34.620306
13.973691 31.648444
12.096726 7.091486
3.181143 88.113807
8.342796 112.670765
24.296998 122.524831
29.927893 125.965933
12.722381 28.676583
14.912174 116.737522
20.230241 120.022211
5.996590 109.386076
38.061408 88.895875
14.442932 42.284579
13.348036 9.124865
2.868315 98.280700
37.904994 130.814759
13.504450 33.368996
39.312718 92.024150
13.660864 11.314658
11.940313 115.016971
23.202102 121.742762
14.286519 54.641265
14.286519 40.094787
14.130105 39.781959
32.117686 127.373657
13.035209 3.181143
7.091486 112.045110
13.817277 14.755760
14.599346 46.507750
3.181143 97.811459
12.878795 6.153004
39.156304 89.677944
24.609826 87.644565
13.817277 10.376175
2.399074 87.800979
14.286519 51.200163
13.504450 21.637965
13.348036 11.158244
14.599346 55.423334
26.017550 123.619727
2.399074 114.547730
13.348036 6.465831
13.504450 115.955453
13.348036 9.906934
13.817277 28.050928
12.878795 4.119625
7.404314 112.514351
7.091486 112.357937
13.817277 24.766240
39.156304 90.929254
3.493970 97.498631
13.973691 32.117686
8.499210 112.983592
16.319897 117.363177
14.130105 51.982231
14.442932 44.317958
13.817277 26.486791
2.086247 3.337557
13.191622 6.309418
13.191622 3.024729
5.683763 111.419455
12.409554 11.627485
18.040449 119.083728
13.348036 5.370935
13.035209 18.509690
6.622245 111.732282
2.711902 98.437114
14.442932 42.597407
13.973691 31.961272
13.817277 22.576447
2.711902 6.778659
5.527349 110.950214
3.493970 97.655045
5.840176 109.229662
5.058108 110.637386
18.822517 119.240142
23.984171 122.368417
13.035209 5.058108
4.432453 110.324559
13.191622 11.940313
25.391895 123.150486
13.348036 19.448172
14.130105 31.335617
13.817277 10.063348
22.889275 121.273521
18.353276 118.770901
13.191622 13.191622
13.973691 30.397135
13.348036 6.622245
4.276039 109.698904
16.945552 117.832418
4.432453 110.168145
37.748581 130.658345
4.432453 109.855317
38.530649 91.085668
13.660864 21.168724
36.810098 130.189104
13.973691 39.469132
12.722381 3.806798
14.130105 36.340857
13.504450 25.548308
3.337557 87.957393
13.817277 23.202102
13.817277 23.045688
2.242660 114.704143
14.442932 33.056168
26.799618 123.932554
39.469132 94.996011
12.565967 24.922653
12.878795 2.711902
12.878795 4.276039
33.994651 128.155726
13.660864 19.917414
11.783899 12.096726
38.217822 91.711323
13.660864 21.012310
25.391895 122.994072
38.843477 92.649805
14.130105 31.179203
26.643205 123.776141
13.660864 13.035209
13.504450 15.381415
19.761000 119.865797
5.840176 108.604007
2.868315 88.426634
38.374236 131.127587
39.469132 94.526770
4.745280 109.073249
13.191622 4.745280
6.622245 111.575868
33.212582 127.999312
13.660864 14.599346
6.622245 112.201523
12.565967 7.247900
27.112446 124.245382
21.481551 120.491452
1.929833 107.665525
23.984171 87.331738
13.504450 7.560728
13.035209 8.342796
38.999891 97.185804
13.504450 8.186383
3.337557 97.967873
22.732861 121.429934
4.745280 110.011731
30.084307 126.278761
4.588866 110.480972
12.565967 5.527349
38.374236 91.398495
13.035209 3.650384
13.035209 4.432453
14.912174 116.893936
39.156304 92.180564
2.086247 107.978352
1.617005 113.296420
1.929833 114.234902
1.929833 98.749941
