3.181143 122.055589
2.868315 122.524831
3.181143 124.714623
3.181143 120.022211
2.868315 129.094208
3.181143 124.088968
3.024729 125.496692
2.399074 125.653106
3.024729 127.999312
3.337557 112.514351
3.024729 119.240142
3.181143 125.027451
3.493970 112.357937
2.868315 128.155726
3.181143 118.927315
2.868315 128.468553
3.024729 118.458073
3.337557 126.748002
3.024729 125.183864
3.181143 123.463313
3.181143 117.676005
3.181143 124.558209
3.024729 126.278761
2.711902 128.624967
11.783899 122.681244
1.617005 130.032690
2.555488 123.932554
2.868315 119.396556
3.493970 126.591588
3.337557 121.117107
2.399074 111.263041
3.181143 112.983592
2.868315 127.686484
3.024729 122.368417
3.024729 113.140006
3.337557 118.614487
3.024729 111.419455
3.024729 126.904416
3.181143 124.401796
3.337557 123.306899
3.337557 121.742762
3.024729 117.832418
3.181143 122.212003
2.868315 126.435174
2.868315 128.781381
2.086247 129.876277
3.181143 123.776141
2.711902 125.809519
3.181143 123.619727
2.711902 128.937794
3.493970 118.770901
3.024729 121.273521
2.555488 111.106627
3.337557 119.083728
3.337557 117.050350
1.773419 110.324559
3.024729 123.150486
2.868315 128.312139
2.868315 127.842898
3.493970 111.575868
2.868315 124.245382
3.024729 121.899176
3.337557 126.122347
3.337557 112.670765
3.024729 118.145246
3.337557 125.965933
3.181143 120.804279
3.181143 121.586348
2.868315 119.865797
11.940313 122.837658
3.493970 117.988832
3.337557 120.960693
2.555488 129.407035
3.337557 119.552970
3.024729 113.296420
3.493970 120.335038
3.337557 121.429934
3.024729 125.340278
3.024729 127.217243
3.181143 111.732282
3.493970 119.709383
3.337557 113.452833
2.242660 110.793800
2.086247 110.480972
3.337557 122.994072
3.493970 120.647866
3.337557 120.491452
2.399074 110.950214
2.242660 110.637386
2.399074 129.719863
3.181143 112.045110
2.868315 111.888696
3.024729 118.301660
2.711902 129.563449
2.711902 129.250622
3.024729 127.373657
3.493970 112.201523
3.337557 112.827178
3.024729 127.060829
2.555488 124.871037
2.868315 127.530071
3.181143 120.178624
1.617005 110.168145
