2.711902 110.793800
2.555488 121.899176
3.337557 132.848138
2.868315 130.501932
3.181143 130.032690
3.024729 127.842898
2.711902 120.335038
2.711902 123.776141
3.181143 131.284000
3.024729 115.329798
2.868315 124.714623
3.024729 112.045110
2.242660 123.150486
2.399074 122.681244
2.868315 114.391316
2.242660 115.642626
3.024729 120.647866
3.024729 113.765661
3.181143 121.429934
2.711902 109.698904
2.711902 115.799040
2.711902 124.088968
5.058108 108.604007
3.024729 117.988832
2.711902 120.022211
4.901694 108.447594
2.868315 124.871037
3.024729 133.160965
3.024729 119.709383
2.868315 130.658345
3.024729 120.491452
2.555488 125.496692
2.868315 132.222483
3.024729 125.653106
2.868315 115.016971
2.711902 127.217243
3.181143 132.066069
2.711902 116.268281
2.868315 120.804279
2.399074 128.937794
2.868315 129.563449
2.868315 128.155726
3.024729 116.111867
3.181143 131.596828
2.555488 128.312139
2.711902 117.363177
2.555488 112.827178
2.711902 116.424695
2.868315 118.145246
2.711902 113.609247
3.024729 131.127587
2.868315 118.301660
2.868315 125.965933
2.711902 116.581108
3.024729 132.378897
2.711902 111.263041
3.024729 133.630207
2.868315 126.591588
3.024729 129.250622
2.711902 117.832418
2.711902 122.212003
2.868315 118.614487
3.024729 133.786620
3.024729 111.732282
2.711902 113.452833
3.181143 121.117107
2.868315 126.122347
2.399074 122.055589
2.711902 125.027451
3.024729 132.691724
3.024729 130.189104
2.868315 128.781381
2.868315 123.306899
4.901694 108.291180
2.868315 126.435174
2.555488 112.670765
2.868315 130.971173
2.711902 122.368417
4.901694 107.978352
2.555488 112.983592
2.868315 133.943034
2.711902 112.357937
3.181143 131.753242
2.868315 128.468553
3.181143 110.637386
3.181143 133.004552
2.868315 129.876277
2.399074 110.168145
2.399074 122.837658
3.024729 129.719863
2.868315 123.619727
2.555488 127.999312
2.555488 122.524831
2.868315 113.922075
2.711902 116.893936
3.337557 131.909655
2.868315 124.558209
2.555488 123.932554
3.024729 114.234902
2.868315 117.206763
2.868315 125.183864
2.242660 108.916835
2.711902 115.173385
2.711902 107.821939
2.399074 119.396556
2.868315 119.240142
2.555488 119.083728
2.868315 129.407035
2.868315 121.586348
2.711902 127.373657
3.181143 119.865797
3.024729 131.440414
2.868315 109.855317
4.745280 108.134766
3.024729 133.473793
2.868315 116.737522
2.711902 108.760421
3.024729 118.770901
2.555488 127.686484
3.024729 112.201523
2.711902 127.060829
2.868315 117.050350
2.711902 121.742762
2.711902 122.994072
3.024729 111.106627
2.555488 120.960693
2.711902 126.748002
2.868315 128.624967
2.555488 113.140006
2.555488 109.229662
3.024729 124.401796
2.868315 127.530071
2.868315 124.245382
2.868315 110.324559
2.711902 110.011731
3.181143 132.535310
2.555488 126.904416
3.024729 133.317379
2.868315 114.860557
2.868315 119.552970
2.868315 115.486212
3.024729 110.950214
2.711902 111.419455
3.181143 120.178624
3.024729 118.927315
3.024729 114.078488
2.399074 109.542490
3.024729 118.458073
2.711902 125.340278
3.181143 130.814759
3.024729 129.094208
2.711902 114.704143
2.868315 123.463313
3.024729 110.480972
2.868315 126.278761
2.868315 130.345518
2.868315 114.547730
2.555488 109.073249
2.711902 111.888696
2.711902 125.809519
2.868315 117.676005
2.555488 121.273521
2.555488 109.386076
2.555488 113.296420
2.242660 117.519591
2.868315 111.575868
2.399074 115.955453
2.711902 112.514351
1.617005 107.665525
